0.00854700854700855 1.40770561061075 0.370649556784229 -0.825083555166594 1 1479.15 37.525 421.096877579677
0.00854700854700855 1.36369385439903 0.189753424050286 0.858026425354183 1 2787.125 40.95 476.521696555317
0 1.34014874128625 0.121523191011511 0.382300760131329 0.975 4152.15384615385 76.8205128205128 454.324694312204
0.00854700854700855 1.33209817739874 0.175197010316574 -0.183730021451779 1 2971.175 72.125 433.45313389288
0 1.4325868485853 0.292537787601492 0.664392891765091 0.975 2363.4358974359 34.9487179487179 465.00399213037
0 1.34014874128625 0.121523191011511 0.382300760131329 0.975 4152.15384615385 76.8205128205128 454.324694312204
0.00854700854700855 1.4638324136248 0.378159202210445 -0.524598456604426 1 2057.35 49.1 495.891077905227
0.00854700854700855 1.42875397175613 0.329905721000854 -0.737650142814826 1 2785.775 74 520.448844924182
0 1.53839392399248 0.363716124160353 0.729230018562719 0.975 3619.53846153846 50.3589743589744 478.51290485064
0 1.47330086656435 0.376204796233503 -0.407460282442763 0.975 2508.79487179487 57.4871794871795 501.988732302503
0 1.44696470123848 0.35112330569436 -0.73809473028467 0.975 2274.66666666667 58.8974358974359 526.343013392072
0.00854700854700855 1.46615755902135 0.394247998852477 -0.81343401644221 1 2492.4 65.7 536.179579378307
0.00854700854700855 1.42875397175613 0.329905721000854 -0.737650142814826 1 2785.775 74 520.448844924182
0 1.4072967911844 0.347826755513759 -0.968317916671564 0.975 1874.51282051282 53.5897435897436 433.595578598793
0 1.49995204882451 0.396572213349303 0.434474986939243 1 1667.775 25.625 433.001085490625
0.00854700854700855 1.42875397175613 0.329905721000854 -0.737650142814826 1 2785.775 74 520.448844924182
0 1.42077275663752 0.256849215984889 -0.0516533967336546 0.975 3413.87179487179 74.1025641025641 474.167126819736
0.00854700854700855 1.42875397175613 0.329905721000854 -0.737650142814826 1 2785.775 74 520.448844924182
0 1.38898133541017 0.2381570834008 -0.235282199740883 0.975 3893.53846153846 91.1282051282051 493.642238815279
0 1.42204136475647 0.307241105120942 0.0060625496869765 0.975 1994.64102564103 40.1025641025641 451.326527057252
0 1.34014874128625 0.121523191011511 0.382300760131329 0.975 4152.15384615385 76.8205128205128 454.324694312204
0.00854700854700855 1.35921598328277 0.214940727152862 0.129280627239496 0.975 2713.48717948718 54.4102564102564 467.888399812874
0.00854700854700855 1.45343334518168 0.321550152216477 0.729677725091945 1 2373.625 32.65 471.549985755209
0.00854700854700855 1.36369385439903 0.189753424050286 0.858026425354183 1 2787.125 40.95 476.521696555317
0 1.37454991614692 0.30485192700941 -0.731726215878024 0.975 2247.92307692308 61.7948717948718 523.429511496761
0.00854700854700855 1.40086295506551 0.307206410537935 -0.745069481164916 1 2637.725 71.625 513.511507295465
0.00854700854700855 1.39827336428112 0.210367453074158 0.706206978195833 1 3052.7 45.425 490.969674395414
0 1.39500487614423 0.314930788916536 -0.144660559017211 0.975 1908.23076923077 39.5897435897436 457.51500487852
0 1.37351299265878 0.237296862188868 -0.21718346021675 1 2673.025 60.725 556.013137655416
0 1.34342537102637 0.167319254124619 0.184962890226912 0.975 2704.15384615385 54.2051282051282 420.943112731811
0 1.36679124024736 0.311345807102328 -0.907622352228387 0.975 1709.79487179487 48.1025641025641 426.098544080873
0.00854700854700855 1.35921598328277 0.214940727152862 0.129280627239496 0.975 2713.48717948718 54.4102564102564 467.888399812874
0 1.39500487614423 0.314930788916536 -0.144660559017211 0.975 1908.23076923077 39.5897435897436 457.51500487852
0.00854700854700855 1.40086295506551 0.307206410537935 -0.745069481164916 1 2637.725 71.625 513.511507295465
0.00854700854700855 1.40861647487508 0.371035471191625 -0.859513870668696 1 1808.1 47.175 486.42140451809
0.00854700854700855 1.35921598328277 0.214940727152862 0.129280627239496 0.975 2713.48717948718 54.4102564102564 467.888399812874
0.00854700854700855 1.50586643447503 0.372299166055783 0.329334909111946 1 2733.775 48.25 508.628476098942
0 1.44103203878297 0.389045389244 -0.100777085156571 1 1325.925 26.175 425.701661754266
0.00854700854700855 1.42464556940862 0.314363880466819 0.615637530305721 1 1913.675 28.875 444.192784117327
0.00854700854700855 1.4638324136248 0.378159202210445 -0.524598456604426 1 2057.35 49.1 495.891077905227
0 1.34342537102637 0.167319254124619 0.184962890226912 0.975 2704.15384615385 54.2051282051282 420.943112731811
0 1.43978482226938 0.34403989964206 0.0389677396550879 0.975 2109.46153846154 38.3333333333333 472.208502993787
0 1.36076454560213 0.247728435405911 -0.0231224624904356 0.975 2086.20512820513 42.974358974359 397.815286682235
0.00854700854700855 1.43995867592151 0.293446590058854 0.180948221057118 1 2996.4 54.675 476.224489502225
0.00854700854700855 1.50586643447503 0.372299166055783 0.329334909111946 1 2733.775 48.25 508.628476098942
0.00854700854700855 1.42875397175613 0.329905721000854 -0.737650142814826 1 2785.775 74 520.448844924182
0 1.44103203878297 0.389045389244 -0.100777085156571 1 1325.925 26.175 425.701661754266
0.00854700854700855 1.36369385439903 0.189753424050286 0.858026425354183 1 2787.125 40.95 476.521696555317
0.00854700854700855 1.35921598328277 0.214940727152862 0.129280627239496 0.975 2713.48717948718 54.4102564102564 467.888399812874
0 1.4325868485853 0.292537787601492 0.664392891765091 0.975 2363.4358974359 34.9487179487179 465.00399213037
0 1.36679124024736 0.311345807102328 -0.907622352228387 0.975 1709.79487179487 48.1025641025641 426.098544080873
0.00854700854700855 1.42875397175613 0.329905721000854 -0.737650142814826 1 2785.775 74 520.448844924182
0 1.34014874128625 0.121523191011511 0.382300760131329 0.975 4152.15384615385 76.8205128205128 454.324694312204
0 1.44103203878297 0.389045389244 -0.100777085156571 1 1325.925 26.175 425.701661754266
0.00854700854700855 1.4638324136248 0.378159202210445 -0.524598456604426 1 2057.35 49.1 495.891077905227
0 1.36679124024736 0.311345807102328 -0.907622352228387 0.975 1709.79487179487 48.1025641025641 426.098544080873
0 1.37454991614692 0.30485192700941 -0.731726215878024 0.975 2247.92307692308 61.7948717948718 523.429511496761
0.00854700854700855 1.42875397175613 0.329905721000854 -0.737650142814826 1 2785.775 74 520.448844924182
0.00854700854700855 1.36324803342598 0.245312862522542 0.384256443315391 1 1939.05 34.325 418.080312209063
0 1.44957083623253 0.340472373459156 -0.341200626782891 1 3051.75 67.925 539.048937585933
0 1.39500487614423 0.314930788916536 -0.144660559017211 0.975 1908.23076923077 39.5897435897436 457.51500487852
0.00854700854700855 1.33773212017514 0.185197048905278 0.230794990556714 1 2267.125 43.5 419.75525818825
0 1.39500487614423 0.314930788916536 -0.144660559017211 0.975 1908.23076923077 39.5897435897436 457.51500487852
0 1.44957083623253 0.340472373459156 -0.341200626782891 1 3051.75 67.925 539.048937585933
0 1.41384856625346 0.328450432900242 -0.743332856448603 0.975 2047.74358974359 52.974358974359 506.433676960081
0 1.53839392399248 0.363716124160353 0.729230018562719 0.975 3619.53846153846 50.3589743589744 478.51290485064
0.00854700854700855 1.46615755902135 0.394247998852477 -0.81343401644221 1 2492.4 65.7 536.179579378307
0 1.43498432088157 0.30868382427443 0.0147348787129039 0.975 3216.30769230769 64.3333333333333 513.176723252216
0.00854700854700855 1.4638324136248 0.378159202210445 -0.524598456604426 1 2057.35 49.1 495.891077905227
0.00854700854700855 1.46549698495244 0.331487509867231 0.763362762369615 1 2329.8 30.6 425.587348280565
0.00854700854700855 1.46549698495244 0.331487509867231 0.763362762369615 1 2329.8 30.6 425.587348280565
0.00854700854700855 1.35921598328277 0.214940727152862 0.129280627239496 0.975 2713.48717948718 54.4102564102564 467.888399812874
0.00854700854700855 1.5010192903454 0.399532671615609 0.139212660195533 1 1653.425 29.125 447.694192385031
0 1.46148433816405 0.319174479560943 0.519643914426117 1 2639.5 42.875 534.198252122235
0 1.44957083623253 0.340472373459156 -0.341200626782891 1 3051.75 67.925 539.048937585933
0 1.44103203878297 0.389045389244 -0.100777085156571 1 1325.925 26.175 425.701661754266
0 1.37454991614692 0.30485192700941 -0.731726215878024 0.975 2247.92307692308 61.7948717948718 523.429511496761
0.00854700854700855 1.40199257880447 0.259302350234744 -0.453518159057633 1 3284.175 84.375 516.344104044093
0.00854700854700855 1.4638324136248 0.378159202210445 -0.524598456604426 1 2057.35 49.1 495.891077905227
0.00854700854700855 1.39450052295124 0.265454294998521 0.126791264484384 1 2404.5 45.675 475.949909491528
0.00854700854700855 1.36369385439903 0.189753424050286 0.858026425354183 1 2787.125 40.95 476.521696555317
0.00854700854700855 1.40861647487508 0.371035471191625 -0.859513870668696 1 1808.1 47.175 486.42140451809
0.00854700854700855 1.39827336428112 0.210367453074158 0.706206978195833 1 3052.7 45.425 490.969674395414
0 1.41384856625346 0.328450432900242 -0.743332856448603 0.975 2047.74358974359 52.974358974359 506.433676960081
0 1.37454991614692 0.30485192700941 -0.731726215878024 0.975 2247.92307692308 61.7948717948718 523.429511496761
0.00854700854700855 1.36369385439903 0.189753424050286 0.858026425354183 1 2787.125 40.95 476.521696555317
0.00854700854700855 1.40086295506551 0.307206410537935 -0.745069481164916 1 2637.725 71.625 513.511507295465
0 1.38898133541017 0.2381570834008 -0.235282199740883 0.975 3893.53846153846 91.1282051282051 493.642238815279
0 1.34014874128625 0.121523191011511 0.382300760131329 0.975 4152.15384615385 76.8205128205128 454.324694312204
0 1.41707599584826 0.336157390481729 -0.687009146295608 0.975 1988.51282051282 51.8205128205128 472.123883597777
0 1.37454991614692 0.30485192700941 -0.731726215878024 0.975 2247.92307692308 61.7948717948718 523.429511496761
0 1.4325868485853 0.292537787601492 0.664392891765091 0.975 2363.4358974359 34.9487179487179 465.00399213037
0 1.44696470123848 0.35112330569436 -0.73809473028467 0.975 2274.66666666667 58.8974358974359 526.343013392072
0.00854700854700855 1.46549698495244 0.331487509867231 0.763362762369615 1 2329.8 30.6 425.587348280565
0.00854700854700855 1.46615755902135 0.394247998852477 -0.81343401644221 1 2492.4 65.7 536.179579378307
0 1.44103203878297 0.389045389244 -0.100777085156571 1 1325.925 26.175 425.701661754266
0.00854700854700855 1.35921598328277 0.214940727152862 0.129280627239496 0.975 2713.48717948718 54.4102564102564 467.888399812874
0.00854700854700855 1.35921598328277 0.214940727152862 0.129280627239496 0.975 2713.48717948718 54.4102564102564 467.888399812874
0.00854700854700855 1.46615755902135 0.394247998852477 -0.81343401644221 1 2492.4 65.7 536.179579378307
0.00854700854700855 1.50110477730889 0.375631255507248 -0.314584545636905 1 2551.35 56.95 522.363745822086
0.00854700854700855 1.42875397175613 0.329905721000854 -0.737650142814826 1 2785.775 74 520.448844924182
0.00854700854700855 1.36369385439903 0.189753424050286 0.858026425354183 1 2787.125 40.95 476.521696555317
0 1.44696470123848 0.35112330569436 -0.73809473028467 0.975 2274.66666666667 58.8974358974359 526.343013392072
0 1.49995204882451 0.396572213349303 0.434474986939243 1 1667.775 25.625 433.001085490625
0 1.44103203878297 0.389045389244 -0.100777085156571 1 1325.925 26.175 425.701661754266
0.00854700854700855 1.42875397175613 0.329905721000854 -0.737650142814826 1 2785.775 74 520.448844924182
0.00854700854700855 1.39827336428112 0.210367453074158 0.706206978195833 1 3052.7 45.425 490.969674395414
0 1.44957083623253 0.340472373459156 -0.341200626782891 1 3051.75 67.925 539.048937585933
0.00854700854700855 1.50586643447503 0.372299166055783 0.329334909111946 1 2733.775 48.25 508.628476098942
0 1.43498432088157 0.30868382427443 0.0147348787129039 0.975 3216.30769230769 64.3333333333333 513.176723252216
0 1.49995204882451 0.396572213349303 0.434474986939243 1 1667.775 25.625 433.001085490625
0 1.43498432088157 0.30868382427443 0.0147348787129039 0.975 3216.30769230769 64.3333333333333 513.176723252216
0 1.36854094846781 0.227167728196766 0.523190599460534 0.975 2156.46153846154 36 421.896339764187
0 1.53839392399248 0.363716124160353 0.729230018562719 0.975 3619.53846153846 50.3589743589744 478.51290485064
0 1.53839392399248 0.363716124160353 0.729230018562719 0.975 3619.53846153846 50.3589743589744 478.51290485064
0.00854700854700855 1.43995867592151 0.293446590058854 0.180948221057118 1 2996.4 54.675 476.224489502225
0 1.43439752535071 0.358761290823949 -0.216807560107135 0.975 2014.64102564103 42.7948717948718 437.955552851532
0 1.49995204882451 0.396572213349303 0.434474986939243 1 1667.775 25.625 433.001085490625
0 1.42077275663752 0.256849215984889 -0.0516533967336546 0.975 3413.87179487179 74.1025641025641 474.167126819736
0 1.38898133541017 0.2381570834008 -0.235282199740883 0.975 3893.53846153846 91.1282051282051 493.642238815279
0.00854700854700855 1.40237888501693 0.24890775638449 0.0772927133400336 1 3400.975 69.425 521.811570866875
0.00854700854700855 1.42875397175613 0.329905721000854 -0.737650142814826 1 2785.775 74 520.448844924182
0 1.39500487614423 0.314930788916536 -0.144660559017211 0.975 1908.23076923077 39.5897435897436 457.51500487852
0.00854700854700855 1.36369385439903 0.189753424050286 0.858026425354183 1 2787.125 40.95 476.521696555317
0 1.34014874128625 0.121523191011511 0.382300760131329 0.975 4152.15384615385 76.8205128205128 454.324694312204
0 1.32744078616704 0.149552018305419 -0.156481099440576 0.975 3472.66666666667 79.4615384615385 418.068466347442
0 1.44103203878297 0.389045389244 -0.100777085156571 1 1325.925 26.175 425.701661754266
0.00854700854700855 1.40861647487508 0.371035471191625 -0.859513870668696 1 1808.1 47.175 486.42140451809
0 1.34014874128625 0.121523191011511 0.382300760131329 0.975 4152.15384615385 76.8205128205128 454.324694312204
0 1.34014874128625 0.121523191011511 0.382300760131329 0.975 4152.15384615385 76.8205128205128 454.324694312204
0.00854700854700855 1.4638324136248 0.378159202210445 -0.524598456604426 1 2057.35 49.1 495.891077905227
0 1.46148433816405 0.319174479560943 0.519643914426117 1 2639.5 42.875 534.198252122235
0 1.36679124024736 0.311345807102328 -0.907622352228387 0.975 1709.79487179487 48.1025641025641 426.098544080873
0.00854700854700855 1.4638324136248 0.378159202210445 -0.524598456604426 1 2057.35 49.1 495.891077905227
0.00854700854700855 1.46549698495244 0.331487509867231 0.763362762369615 1 2329.8 30.6 425.587348280565
0.00854700854700855 1.42875397175613 0.329905721000854 -0.737650142814826 1 2785.775 74 520.448844924182
0.00854700854700855 1.4638324136248 0.378159202210445 -0.524598456604426 1 2057.35 49.1 495.891077905227
0.00854700854700855 1.36369385439903 0.189753424050286 0.858026425354183 1 2787.125 40.95 476.521696555317
0 1.46225575194937 0.36356181412977 -0.0390022145547559 0.975 2112.58974358974 42.6923076923077 492.306794272154
0.00854700854700855 1.36369385439903 0.189753424050286 0.858026425354183 1 2787.125 40.95 476.521696555317
0.00854700854700855 1.37050866863973 0.284529566258165 0.117441977022403 1 1829.55 33.75 451.874705868952
0.00854700854700855 1.35921598328277 0.214940727152862 0.129280627239496 0.975 2713.48717948718 54.4102564102564 467.888399812874
0 1.34014874128625 0.121523191011511 0.382300760131329 0.975 4152.15384615385 76.8205128205128 454.324694312204
0.00854700854700855 1.36369385439903 0.189753424050286 0.858026425354183 1 2787.125 40.95 476.521696555317
0 1.43439752535071 0.358761290823949 -0.216807560107135 0.975 2014.64102564103 42.7948717948718 437.955552851532
0 1.38898133541017 0.2381570834008 -0.235282199740883 0.975 3893.53846153846 91.1282051282051 493.642238815279
0 1.39500487614423 0.314930788916536 -0.144660559017211 0.975 1908.23076923077 39.5897435897436 457.51500487852
0.00854700854700855 1.4605511678202 0.362610755860139 0.0414863758606492 1 2364.525 44.25 499.048605723466
0 1.39500487614423 0.314930788916536 -0.144660559017211 0.975 1908.23076923077 39.5897435897436 457.51500487852
0 1.36679124024736 0.311345807102328 -0.907622352228387 0.975 1709.79487179487 48.1025641025641 426.098544080873
0.00854700854700855 1.42875397175613 0.329905721000854 -0.737650142814826 1 2785.775 74 520.448844924182
0.00854700854700855 1.36369385439903 0.189753424050286 0.858026425354183 1 2787.125 40.95 476.521696555317
0.00854700854700855 1.40927923149941 0.216918403288358 0.942730435476451 1 3030.5 41.075 455.778722726405
0 1.35888206636769 0.199564869629404 -0.172932573529423 0.975 3085.46153846154 69.4102564102564 503.121688637961
0 1.42077275663752 0.256849215984889 -0.0516533967336546 0.975 3413.87179487179 74.1025641025641 474.167126819736
0 1.46148433816405 0.319174479560943 0.519643914426117 1 2639.5 42.875 534.198252122235
0 1.34342537102637 0.167319254124619 0.184962890226912 0.975 2704.15384615385 54.2051282051282 420.943112731811
0.00854700854700855 1.35921598328277 0.214940727152862 0.129280627239496 0.975 2713.48717948718 54.4102564102564 467.888399812874
0 1.43978482226938 0.34403989964206 0.0389677396550879 0.975 2109.46153846154 38.3333333333333 472.208502993787
0.00854700854700855 1.4638324136248 0.378159202210445 -0.524598456604426 1 2057.35 49.1 495.891077905227
0 1.42077275663752 0.256849215984889 -0.0516533967336546 0.975 3413.87179487179 74.1025641025641 474.167126819736
0.00854700854700855 1.36369385439903 0.189753424050286 0.858026425354183 1 2787.125 40.95 476.521696555317
0.00854700854700855 1.38326396663983 0.258350139710161 0.345506226074841 1 1907.85 32.525 447.922186843048
0.00854700854700855 1.36369385439903 0.189753424050286 0.858026425354183 1 2787.125 40.95 476.521696555317
0.00854700854700855 1.42875397175613 0.329905721000854 -0.737650142814826 1 2785.775 74 520.448844924182
0.00854700854700855 1.43995867592151 0.293446590058854 0.180948221057118 1 2996.4 54.675 476.224489502225
0.00854700854700855 1.35921598328277 0.214940727152862 0.129280627239496 0.975 2713.48717948718 54.4102564102564 467.888399812874
0 1.37454991614692 0.30485192700941 -0.731726215878024 0.975 2247.92307692308 61.7948717948718 523.429511496761
0.00854700854700855 1.36369385439903 0.189753424050286 0.858026425354183 1 2787.125 40.95 476.521696555317
0.00854700854700855 1.39827336428112 0.210367453074158 0.706206978195833 1 3052.7 45.425 490.969674395414
0.00854700854700855 1.42875397175613 0.329905721000854 -0.737650142814826 1 2785.775 74 520.448844924182
0 1.43835091806341 0.346147811678615 0.341446984758696 0.975 2087.17948717949 36.2820512820513 465.526555372124
0.00854700854700855 1.36369385439903 0.189753424050286 0.858026425354183 1 2787.125 40.95 476.521696555317
0 1.42077275663752 0.256849215984889 -0.0516533967336546 0.975 3413.87179487179 74.1025641025641 474.167126819736
0.00854700854700855 1.48094102993713 0.370993726133161 -0.224257319940598 1 2214.15 47.225 466.981938686238
0.00854700854700855 1.42875397175613 0.329905721000854 -0.737650142814826 1 2785.775 74 520.448844924182
0.00854700854700855 1.46615755902135 0.394247998852477 -0.81343401644221 1 2492.4 65.7 536.179579378307
0.00854700854700855 1.50586643447503 0.372299166055783 0.329334909111946 1 2733.775 48.25 508.628476098942
0.00854700854700855 1.42875397175613 0.329905721000854 -0.737650142814826 1 2785.775 74 520.448844924182
0 1.48726968254006 0.387415474183725 0.114852048112823 1 1648.9 28.675 399.098602924406
0.00854700854700855 1.39827336428112 0.210367453074158 0.706206978195833 1 3052.7 45.425 490.969674395414
0.00854700854700855 1.35921598328277 0.214940727152862 0.129280627239496 0.975 2713.48717948718 54.4102564102564 467.888399812874
0 1.39500487614423 0.314930788916536 -0.144660559017211 0.975 1908.23076923077 39.5897435897436 457.51500487852
0.00854700854700855 1.35921598328277 0.214940727152862 0.129280627239496 0.975 2713.48717948718 54.4102564102564 467.888399812874
0 1.39500487614423 0.314930788916536 -0.144660559017211 0.975 1908.23076923077 39.5897435897436 457.51500487852
0.00854700854700855 1.50586643447503 0.372299166055783 0.329334909111946 1 2733.775 48.25 508.628476098942
0.00854700854700855 1.35921598328277 0.214940727152862 0.129280627239496 0.975 2713.48717948718 54.4102564102564 467.888399812874
0 1.46225575194937 0.36356181412977 -0.0390022145547559 0.975 2112.58974358974 42.6923076923077 492.306794272154
0.00854700854700855 1.44580273479141 0.366364145333103 -0.629373089583596 1 2011.175 46.275 479.284052506046
0.00854700854700855 1.43995867592151 0.293446590058854 0.180948221057118 1 2996.4 54.675 476.224489502225
0.00854700854700855 1.48235972727409 0.365497946620069 -0.631102769771653 0.975 3045.79487179487 77.5897435897436 483.947360796175
0.00854700854700855 1.39827336428112 0.210367453074158 0.706206978195833 1 3052.7 45.425 490.969674395414
0.00854700854700855 1.40086295506551 0.307206410537935 -0.745069481164916 1 2637.725 71.625 513.511507295465
0.00854700854700855 1.40086295506551 0.307206410537935 -0.745069481164916 1 2637.725 71.625 513.511507295465
0 1.38898133541017 0.2381570834008 -0.235282199740883 0.975 3893.53846153846 91.1282051282051 493.642238815279
0 1.37454991614692 0.30485192700941 -0.731726215878024 0.975 2247.92307692308 61.7948717948718 523.429511496761
0.00854700854700855 1.36369385439903 0.189753424050286 0.858026425354183 1 2787.125 40.95 476.521696555317
0.00854700854700855 1.40086295506551 0.307206410537935 -0.745069481164916 1 2637.725 71.625 513.511507295465
0.00854700854700855 1.4638324136248 0.378159202210445 -0.524598456604426 1 2057.35 49.1 495.891077905227
0.00854700854700855 1.36369385439903 0.189753424050286 0.858026425354183 1 2787.125 40.95 476.521696555317
0 1.43439752535071 0.358761290823949 -0.216807560107135 0.975 2014.64102564103 42.7948717948718 437.955552851532
0 1.39500487614423 0.314930788916536 -0.144660559017211 0.975 1908.23076923077 39.5897435897436 457.51500487852
0 1.39500487614423 0.314930788916536 -0.144660559017211 0.975 1908.23076923077 39.5897435897436 457.51500487852
0.00854700854700855 1.36369385439903 0.189753424050286 0.858026425354183 1 2787.125 40.95 476.521696555317
0.00854700854700855 1.40086295506551 0.307206410537935 -0.745069481164916 1 2637.725 71.625 513.511507295465
0.00854700854700855 1.40861647487508 0.371035471191625 -0.859513870668696 1 1808.1 47.175 486.42140451809
0 1.39500487614423 0.314930788916536 -0.144660559017211 0.975 1908.23076923077 39.5897435897436 457.51500487852
0 1.36679124024736 0.311345807102328 -0.907622352228387 0.975 1709.79487179487 48.1025641025641 426.098544080873
0.00854700854700855 1.36369385439903 0.189753424050286 0.858026425354183 1 2787.125 40.95 476.521696555317
0.00854700854700855 1.41840472348417 0.295053372634745 0.233574236192405 1 2194.375 40 444.875782127192
0.00854700854700855 1.35921598328277 0.214940727152862 0.129280627239496 0.975 2713.48717948718 54.4102564102564 467.888399812874
0 1.44103203878297 0.389045389244 -0.100777085156571 1 1325.925 26.175 425.701661754266
0.00854700854700855 1.46615755902135 0.394247998852477 -0.81343401644221 1 2492.4 65.7 536.179579378307
0 1.40939643377112 0.31689061946995 -0.828965699835178 1 2569.125 70.725 542.350634515387
0 1.42077275663752 0.256849215984889 -0.0516533967336546 0.975 3413.87179487179 74.1025641025641 474.167126819736
0 1.34014874128625 0.121523191011511 0.382300760131329 0.975 4152.15384615385 76.8205128205128 454.324694312204
0.00854700854700855 1.35921598328277 0.214940727152862 0.129280627239496 0.975 2713.48717948718 54.4102564102564 467.888399812874
0.00854700854700855 1.36369385439903 0.189753424050286 0.858026425354183 1 2787.125 40.95 476.521696555317
0 1.4325868485853 0.292537787601492 0.664392891765091 0.975 2363.4358974359 34.9487179487179 465.00399213037
0.00854700854700855 1.42875397175613 0.329905721000854 -0.737650142814826 1 2785.775 74 520.448844924182
