0 1.32241967612171 0.297283123725578 -0.478337062298626 1 952.25 22.2 334.27832810434
0.00892857142857143 1.35483130848771 0.219699364655534 -0.26207248284372 0.975 3000.58974358974 72.8974358974359 533.982856600393
0.00892857142857143 1.42730382120765 0.155322164211292 0.964670701606959 1 5307.475 73.625 392.143327079101
0 1.29522183043882 0.142771459720097 0.263847175985575 0.95 1929.44736842105 37.1315789473684 392.325028227177
0.00892857142857143 1.4010789765045 0.364312568958849 -0.939230077899992 0.975 1378.61538461538 38.0512820512821 397.288453706578
0.00892857142857143 1.43870366859077 0.207316621918027 0.559618214164783 1 4894.05 80.6 493.170388392084
0 1.59544203486715 0.367452344874186 0.131924487896846 1 6001.7 113.9 504.07908344636
0 1.47309759665001 0.253259893389174 0.549775833465602 0.95 4465.36842105263 73.3157894736842 431.895418148284
0.00892857142857143 1.36563166216717 0.130939710576266 0.282193994456989 0.975 4897.94871794872 99.6666666666667 443.632169744423
0 1.41686586735351 0.240482357505065 0.367217537198511 0.95 3719.76315789474 68.3157894736842 510.6544086002
0.00892857142857143 1.39785057988341 0.309630621265752 0.539614204911901 1 1359.9 21.35 388.55582741303
0.00892857142857143 1.4010789765045 0.364312568958849 -0.939230077899992 0.975 1378.61538461538 38.0512820512821 397.288453706578
0 1.586115015205 0.372546389116906 0.690453805029392 0.975 5386.23076923077 75.6410256410256 491.553961137015
0.00892857142857143 1.47321017643383 0.31845441192421 0.512392978720363 0.975 4169.46153846154 67.974358974359 528.082037371822
0.00892857142857143 1.35921598328277 0.214940727152862 0.129280627239496 0.975 2713.48717948718 54.4102564102564 467.888399812874
0.00892857142857143 1.40851926333558 0.334946711281869 0.143909533083499 1 1268.575 23.725 375.43040204078
0.00892857142857143 1.31318470679839 0.218463716785436 -0.119849717880925 0.975 1583.74358974359 36.0769230769231 365.08002871988
0.00892857142857143 1.35921598328277 0.214940727152862 0.129280627239496 0.975 2713.48717948718 54.4102564102564 467.888399812874
0 1.39967827656811 0.398872149421028 -0.699490361708697 1 1078.15 24.35 346.705897737742
0.00892857142857143 1.29301665872429 0.113199069462615 0.298741048965808 0.975 2039.58974358974 39.1794871794872 378.298996324439
0 1.51578716907043 0.398050053199339 0.053359147620461 1 2638.275 50.925 597.577966346039
0.00892857142857143 1.39496538528735 0.257280280901315 -0.629197192877025 0.975 3716.38461538462 101.589743589744 528.37004307261
0 1.33136441614479 0.203674888331443 0.019011243712157 0.95 2350.23684210526 48.9473684210526 450.24797134779
0.00892857142857143 1.43498432088157 0.30868382427443 0.0147348787129039 0.975 3216.30769230769 64.3333333333333 513.176723252216
0.00892857142857143 1.34342537102637 0.167319254124619 0.184962890226912 0.975 2704.15384615385 54.2051282051282 420.943112731811
0.00892857142857143 1.36563166216717 0.130939710576266 0.282193994456989 0.975 4897.94871794872 99.6666666666667 443.632169744423
0 1.4132470288644 0.241863953426385 -0.122543149162121 0.975 4823.46153846154 109.025641025641 531.327532223706
0.00892857142857143 1.47330086656435 0.376204796233503 -0.407460282442763 0.975 2508.79487179487 57.4871794871795 501.988732302503
0 1.4033954570597 0.239158723173269 0.827492522931441 0.95 2778.28947368421 40.0526315789474 487.952015937065
0.00892857142857143 1.36369385439903 0.189753424050286 0.858026425354183 1 2787.125 40.95 476.521696555317
0.00892857142857143 1.44103203878297 0.389045389244 -0.100777085156571 1 1325.925 26.175 425.701661754266
0.00892857142857143 1.44654467280692 0.261922473810517 0.612666188393582 1 4079.625 65.65 554.163070233156
0.00892857142857143 1.36369385439903 0.189753424050286 0.858026425354183 1 2787.125 40.95 476.521696555317
0.00892857142857143 1.40188865659275 0.265140322138088 -0.787221206806142 0.975 3809 111.179487179487 496.873717607541
0 1.33136441614479 0.203674888331443 0.019011243712157 0.95 2350.23684210526 48.9473684210526 450.24797134779
0.00892857142857143 1.4325868485853 0.292537787601492 0.664392891765091 0.975 2363.4358974359 34.9487179487179 465.00399213037
0 1.50582240149379 0.243432633648627 0.231720230542123 0.975 5799.5641025641 110.692307692308 393.833477988059
0.00892857142857143 1.43495058313787 0.297562877869685 0.141186957725987 0.975 2867.35897435897 55.2564102564103 531.218933534847
0.00892857142857143 1.43669356739707 0.231805596679855 0.122260944773857 0.975 4927.17948717949 99.7948717948718 433.991783600247
0 1.45050861417947 0.235132273114239 -0.119075676378061 0.975 5553.35897435897 127.410256410256 433.816426639013
0 1.52937018545344 0.29421116663143 0.43534567579627 1 6108.65 103.6 437.148876685846
0 1.49192235167051 0.356654942396507 -0.121342605026474 0.95 3313.23684210526 70.7894736842105 531.287050868006
0 1.40954278220517 0.308367833370511 -0.290671127820534 0.95 2323.02631578947 52.9736842105263 494.765421005609
0 1.59544203486715 0.367452344874186 0.131924487896846 1 6001.7 113.9 504.07908344636
0 1.50210197660639 0.31122311600669 0.172736299085756 1 5459.7 104.7 527.258659642123
0.00892857142857143 1.40086295506551 0.307206410537935 -0.745069481164916 1 2637.725 71.625 513.511507295465
0.00892857142857143 1.42875397175613 0.329905721000854 -0.737650142814826 1 2785.775 74 520.448844924182
0 1.52929825987944 0.378341632276663 0.0815392730567976 1 4009.575 73.475 594.536372364679
0 1.52767301731132 0.260950261293759 0.672644537802774 1 6147.825 95.1 409.857694152403
0.00892857142857143 1.4010789765045 0.364312568958849 -0.939230077899992 0.975 1378.61538461538 38.0512820512821 397.288453706578
0.00892857142857143 1.41989738372908 0.352839202186076 -0.00697299920110414 1 1219.1 24.9 394.966270839699
0.00892857142857143 1.51870541862488 0.377970202909167 0.671873557183488 1 2798.2 41.525 565.853565506573
0 1.50582240149379 0.243432633648627 0.231720230542123 0.975 5799.5641025641 110.692307692308 393.833477988059
0 1.52772986767449 0.250026978126862 0.802469312444435 1 5804.5 84.65 379.304355983443
0 1.51517782958774 0.308642016197018 0.0994250839040355 1 5746.475 113.25 506.51734027675
0 1.51971233765022 0.311498303817244 0.00388463137737893 1 5477.425 111.6 459.693161724831
0.00892857142857143 1.41384856625346 0.328450432900242 -0.743332856448603 0.975 2047.74358974359 52.974358974359 506.433676960081
0 1.39554368074274 0.161241109184616 -0.121784131974035 0.975 4997.30769230769 112.871794871795 459.547062275671
0.00892857142857143 1.42875397175613 0.329905721000854 -0.737650142814826 1 2785.775 74 520.448844924182
0 1.60714403364481 0.388931626947207 -0.147877582612977 1 6155.9 128.625 457.113698406928
0 1.41717544918153 0.230732225887285 0.289237319034344 0.975 4640.82051282051 87.7179487179487 558.704559064617
0 1.53240671145571 0.277642799929399 0.364909618922095 1 6247.725 112.2 416.581418452209
0 1.47030216426963 0.363718076925395 0.214441050388857 0.95 2076.36842105263 39.3421052631579 468.934750596715
0 1.52929825987944 0.378341632276663 0.0815392730567976 1 4009.575 73.475 594.536372364679
0.00892857142857143 1.36679124024736 0.311345807102328 -0.907622352228387 0.975 1709.79487179487 48.1025641025641 426.098544080873
0.00892857142857143 1.36369385439903 0.189753424050286 0.858026425354183 1 2787.125 40.95 476.521696555317
0.00892857142857143 1.52873815775743 0.356231960900091 0.125118024646117 1 3879.85 72.975 543.004829618867
0 1.41575595490778 0.191591551840369 -0.083027900713377 1 5898.9 132.7 442.724074011759
0 1.33922827741022 0.243211982070169 -0.509857255942361 0.95 1611.5 40.0526315789474 391.829967745664
0.00892857142857143 1.36369385439903 0.189753424050286 0.858026425354183 1 2787.125 40.95 476.521696555317
0.00892857142857143 1.42875397175613 0.329905721000854 -0.737650142814826 1 2785.775 74 520.448844924182
0.00892857142857143 1.39827336428112 0.210367453074158 0.706206978195833 1 3052.7 45.425 490.969674395414
0 1.52646243047413 0.324123842262884 0.52150244157671 1 5442.675 88.575 554.755460695243
0.00892857142857143 1.44103203878297 0.389045389244 -0.100777085156571 1 1325.925 26.175 425.701661754266
0.00892857142857143 1.43669356739707 0.231805596679855 0.122260944773857 0.975 4927.17948717949 99.7948717948718 433.991783600247
0.00892857142857143 1.34353579804654 0.173907641394746 0.67526137932974 1 1728.4 26.925 377.72718275148
0 1.60714403364481 0.388931626947207 -0.147877582612977 1 6155.9 128.625 457.113698406928
0.00892857142857143 1.37208695197335 0.237854417822213 -0.659247844765565 0.975 3590.02564102564 99.2820512820513 514.244617733859
0.00892857142857143 1.39724613168637 0.278684029557139 0.409868491712913 0.975 1832 30.7948717948718 368.137520894536
0 1.41993663785441 0.364766270820169 0.591195357164244 1 1095.775 14.075 340.845714730342
0.00892857142857143 1.42276867197661 0.225681603806005 0.228602496096153 0.975 4134.66666666667 80.5641025641026 540.549549675887
0 1.54335480711933 0.298248264804738 0.562902314483229 1 5922.75 95.675 438.566375096554
0 1.46658478748234 0.238714965036768 -0.173688444421623 1 5354.5 121.525 414.415406892781
0 1.50582240149379 0.243432633648627 0.231720230542123 0.975 5799.5641025641 110.692307692308 393.833477988059
0 1.33136441614479 0.203674888331443 0.019011243712157 0.95 2350.23684210526 48.9473684210526 450.24797134779
0.00892857142857143 1.45350605388946 0.372424358867564 0.00860597928876294 0.975 1670.02564102564 32.8974358974359 446.695001540238
0 1.59544203486715 0.367452344874186 0.131924487896846 1 6001.7 113.9 504.07908344636
0.00892857142857143 1.48805066204391 0.372305436628381 0.894623536399745 0.975 2031.53846153846 26.7435897435897 438.172723431668
0.00892857142857143 1.46549698495244 0.331487509867231 0.763362762369615 1 2329.8 30.6 425.587348280565
0.00892857142857143 1.42875397175613 0.329905721000854 -0.737650142814826 1 2785.775 74 520.448844924182
0 1.48050658802374 0.245173776831057 0.345789413718259 0.975 5786.23076923077 105.179487179487 417.373993463571
0 1.514021854795 0.278833698401712 0.57433190519133 0.975 5878.64102564103 94.2051282051282 489.660707822258
0 1.586115015205 0.372546389116906 0.690453805029392 0.975 5386.23076923077 75.6410256410256 491.553961137015
0 1.4033954570597 0.239158723173269 0.827492522931441 0.95 2778.28947368421 40.0526315789474 487.952015937065
0 1.52937018545344 0.29421116663143 0.43534567579627 1 6108.65 103.6 437.148876685846
0.00892857142857143 1.4759048841497 0.375190084135028 -0.423255557297275 0.975 2613.92307692308 58.7435897435897 546.846733270638
0 1.52929825987944 0.378341632276663 0.0815392730567976 1 4009.575 73.475 594.536372364679
0.00892857142857143 1.39500487614423 0.314930788916536 -0.144660559017211 0.975 1908.23076923077 39.5897435897436 457.51500487852
0 1.45967852811142 0.191992948613424 0.476397965862169 0.975 5911.20512820513 104.589743589744 407.388178890756
0.00892857142857143 1.44654467280692 0.261922473810517 0.612666188393582 1 4079.625 65.65 554.163070233156
0.00892857142857143 1.39551209032441 0.237283554146323 -0.253600012719634 1 4073.675 98.65 556.713912908124
0.00892857142857143 1.35921598328277 0.214940727152862 0.129280627239496 0.975 2713.48717948718 54.4102564102564 467.888399812874
0.00892857142857143 1.40861647487508 0.371035471191625 -0.859513870668696 1 1808.1 47.175 486.42140451809
0.00892857142857143 1.46225575194937 0.36356181412977 -0.0390022145547559 0.975 2112.58974358974 42.6923076923077 492.306794272154
0 1.51578716907043 0.398050053199339 0.053359147620461 1 2638.275 50.925 597.577966346039
0 1.51967318207185 0.365587693334631 0.723962543112286 0.975 3012.28205128205 43.2051282051282 590.117063658069
0 1.29522183043882 0.142771459720097 0.263847175985575 0.95 1929.44736842105 37.1315789473684 392.325028227177
0.00892857142857143 1.42904820724699 0.227202620032845 0.930253234199039 0.975 4018.82051282051 53.5384615384615 467.224153908617
0.00892857142857143 1.46148433816405 0.319174479560943 0.519643914426117 1 2639.5 42.875 534.198252122235
0.00892857142857143 1.42904820724699 0.227202620032845 0.930253234199039 0.975 4018.82051282051 53.5384615384615 467.224153908617
0 1.45967852811142 0.191992948613424 0.476397965862169 0.975 5911.20512820513 104.589743589744 407.388178890756
0 1.42375161909217 0.181272332522206 0.55427471201644 0.975 5793.71794871795 97.9487179487179 441.771245316599
0.00892857142857143 1.36369385439903 0.189753424050286 0.858026425354183 1 2787.125 40.95 476.521696555317
0 1.51971233765022 0.311498303817244 0.00388463137737893 1 5477.425 111.6 459.693161724831
0.00892857142857143 1.37454991614692 0.30485192700941 -0.731726215878024 0.975 2247.92307692308 61.7948717948718 523.429511496761
0.00892857142857143 1.50586643447503 0.372299166055783 0.329334909111946 1 2733.775 48.25 508.628476098942
0 1.57488353005141 0.362545382146653 0.679369668054124 1 5819.45 85.975 535.608180743943
0 1.29522183043882 0.142771459720097 0.263847175985575 0.95 1929.44736842105 37.1315789473684 392.325028227177
0.00892857142857143 1.51870541862488 0.377970202909167 0.671873557183488 1 2798.2 41.525 565.853565506573
0.00892857142857143 1.41356509946065 0.25552784126699 0.973957932045118 1 2390.8 31.175 481.438555977708
0 1.4909420719431 0.212930136699096 0.837593648277715 1 6043.9 86.625 413.311637139735
0 1.51578716907043 0.398050053199339 0.053359147620461 1 2638.275 50.925 597.577966346039
0 1.42554727657054 0.391065576145037 0.380071434422902 0.975 989.846153846154 14.8717948717949 331.597183461747
0 1.47030216426963 0.363718076925395 0.214441050388857 0.95 2076.36842105263 39.3421052631579 468.934750596715
0 1.52381889356994 0.335113164175524 -0.0900206908812546 1 5123 109.025 546.690714495202
0.00892857142857143 1.46858869668113 0.288017301037767 0.919341507878795 0.975 3332.94871794872 44.9230769230769 530.17579737671
0.00892857142857143 1.37006745751154 0.227108486334902 -0.410456177348414 0.975 3165.5641025641 82.7692307692308 535.569432440087
0.00892857142857143 1.39500487614423 0.314930788916536 -0.144660559017211 0.975 1908.23076923077 39.5897435897436 457.51500487852
0.00892857142857143 1.45700011309236 0.389572757389396 0.0375703633762896 1 1246.15 21.775 366.604313802231
0 1.51578716907043 0.398050053199339 0.053359147620461 1 2638.275 50.925 597.577966346039
0.00892857142857143 1.34677903679444 0.220124138473995 0.426997018347593 0.975 1665.46153846154 29.2820512820513 416.500088156533
0 1.54668666888259 0.390676541901247 -0.439255856293062 0.975 4568.25641025641 106.358974358974 539.264700527594
0 1.45967852811142 0.191992948613424 0.476397965862169 0.975 5911.20512820513 104.589743589744 407.388178890756
0.00892857142857143 1.5010192903454 0.399532671615609 0.139212660195533 1 1653.425 29.125 447.694192385031
0.00892857142857143 1.39724613168637 0.278684029557139 0.409868491712913 0.975 1832 30.7948717948718 368.137520894536
0.00892857142857143 1.39500487614423 0.314930788916536 -0.144660559017211 0.975 1908.23076923077 39.5897435897436 457.51500487852
0.00892857142857143 1.43978482226938 0.34403989964206 0.0389677396550879 0.975 2109.46153846154 38.3333333333333 472.208502993787
0 1.31367685400627 0.196643087860689 0.335056170491819 0.975 1532.41025641026 26.8461538461538 351.370855694945
0.00892857142857143 1.46615755902135 0.394247998852477 -0.81343401644221 1 2492.4 65.7 536.179579378307
0 1.45967852811142 0.191992948613424 0.476397965862169 0.975 5911.20512820513 104.589743589744 407.388178890756
0.00892857142857143 1.41840472348417 0.295053372634745 0.233574236192405 1 2194.375 40 444.875782127192
0 1.39444124726579 0.252057803887874 -0.90305391792208 0.975 4588.10256410256 140.846153846154 476.218050793549
0 1.52700018304754 0.343577900236719 0.142281679386739 1 4928.4 94.9 589.15859108868
0.00892857142857143 1.34014874128625 0.121523191011511 0.382300760131329 0.975 4152.15384615385 76.8205128205128 454.324694312204
0.00892857142857143 1.36369385439903 0.189753424050286 0.858026425354183 1 2787.125 40.95 476.521696555317
0.00892857142857143 1.37486254444423 0.24988795586858 -0.755764953029141 0.975 2940.46153846154 83.9230769230769 551.016993580366
0.00892857142857143 1.53839392399248 0.363716124160353 0.729230018562719 0.975 3619.53846153846 50.3589743589744 478.51290485064
0 1.45967852811142 0.191992948613424 0.476397965862169 0.975 5911.20512820513 104.589743589744 407.388178890756
0.00892857142857143 1.34014874128625 0.121523191011511 0.382300760131329 0.975 4152.15384615385 76.8205128205128 454.324694312204
0.00892857142857143 1.36563166216717 0.130939710576266 0.282193994456989 0.975 4897.94871794872 99.6666666666667 443.632169744423
0.00892857142857143 1.37454991614692 0.30485192700941 -0.731726215878024 0.975 2247.92307692308 61.7948717948718 523.429511496761
0 1.40724565882984 0.1793632185993 0.101280193000419 0.975 4966.92307692308 104.307692307692 439.167023261792
0.00892857142857143 1.39724613168637 0.278684029557139 0.409868491712913 0.975 1832 30.7948717948718 368.137520894536
0 1.41270242260602 0.220754250520504 0.720976830115582 0.95 3581.89473684211 53.0263157894737 466.407273942538
0.00892857142857143 1.39496538528735 0.257280280901315 -0.629197192877025 0.975 3716.38461538462 101.589743589744 528.37004307261
0 1.49192235167051 0.356654942396507 -0.121342605026474 0.95 3313.23684210526 70.7894736842105 531.287050868006
0.00892857142857143 1.35921598328277 0.214940727152862 0.129280627239496 0.975 2713.48717948718 54.4102564102564 467.888399812874
0 1.62283008080173 0.351945696469978 0.777492669832707 1 6285 85.475 430.220683932117
0 1.45805943115564 0.198452727401704 0.60312782947763 0.975 5902.23076923077 97.7948717948718 423.663007666992
0 1.42554727657054 0.391065576145037 0.380071434422902 0.975 989.846153846154 14.8717948717949 331.597183461747
0.00892857142857143 1.4010789765045 0.364312568958849 -0.939230077899992 0.975 1378.61538461538 38.0512820512821 397.288453706578
0 1.42554727657054 0.391065576145037 0.380071434422902 0.975 989.846153846154 14.8717948717949 331.597183461747
0.00892857142857143 1.49995204882451 0.396572213349303 0.434474986939243 1 1667.775 25.625 433.001085490625
0.00892857142857143 1.39500487614423 0.314930788916536 -0.144660559017211 0.975 1908.23076923077 39.5897435897436 457.51500487852
0.00892857142857143 1.42656492311507 0.378107571485452 0.00656582228839397 0.975 1320.20512820513 24.9230769230769 387.853732303726
0 1.4132470288644 0.241863953426385 -0.122543149162121 0.975 4823.46153846154 109.025641025641 531.327532223706
0.00892857142857143 1.43439752535071 0.358761290823949 -0.216807560107135 0.975 2014.64102564103 42.7948717948718 437.955552851532
0 1.59544203486715 0.367452344874186 0.131924487896846 1 6001.7 113.9 504.07908344636
0 1.38507689912889 0.224026581553097 0.621872306804244 0.95 2627.57894736842 41.2894736842105 463.790505991127
0.00892857142857143 1.47396947333145 0.371157209347399 -0.188313990678232 1 2900.65 61.25 531.191333743191
0 1.45967852811142 0.191992948613424 0.476397965862169 0.975 5911.20512820513 104.589743589744 407.388178890756
0 1.53286258370677 0.326597644695324 0.972400379097133 1 4729.65 62.475 570.642877813573
0 1.47309759665001 0.253259893389174 0.549775833465602 0.95 4465.36842105263 73.3157894736842 431.895418148284
0.00892857142857143 1.47439199586563 0.397135657108367 -0.134167443460731 0.975 1567.69230769231 29.4615384615385 442.332925319153
0 1.36140353685129 0.27191506592505 0.577068002379446 0.975 1273.74358974359 19.1538461538462 341.970671795252
0 1.51578716907043 0.398050053199339 0.053359147620461 1 2638.275 50.925 597.577966346039
0.00892857142857143 1.4638324136248 0.378159202210445 -0.524598456604426 1 2057.35 49.1 495.891077905227
0.00892857142857143 1.49325983759432 0.309953801826844 0.634962474678419 1 4083.15 62.4 543.646674801224
0.00892857142857143 1.40086295506551 0.307206410537935 -0.745069481164916 1 2637.725 71.625 513.511507295465
0.00892857142857143 1.4010789765045 0.364312568958849 -0.939230077899992 0.975 1378.61538461538 38.0512820512821 397.288453706578
0.00892857142857143 1.47937736583641 0.335355113395693 0.588050255919196 1 3145.525 48.425 552.730899097818
0.00892857142857143 1.42077275663752 0.256849215984889 -0.0516533967336546 0.975 3413.87179487179 74.1025641025641 474.167126819736
0 1.586115015205 0.372546389116906 0.690453805029392 0.975 5386.23076923077 75.6410256410256 491.553961137015
0 1.33136441614479 0.203674888331443 0.019011243712157 0.95 2350.23684210526 48.9473684210526 450.24797134779
0.00892857142857143 1.47700223214406 0.367918759922497 -0.238310260616647 0.975 2523.58974358974 54.2307692307692 540.325756308701
0.00892857142857143 1.42730382120765 0.155322164211292 0.964670701606959 1 5307.475 73.625 392.143327079101
0 1.586115015205 0.372546389116906 0.690453805029392 0.975 5386.23076923077 75.6410256410256 491.553961137015
0.00892857142857143 1.44957083623253 0.340472373459156 -0.341200626782891 1 3051.75 67.925 539.048937585933
0 1.52646243047413 0.324123842262884 0.52150244157671 1 5442.675 88.575 554.755460695243
0 1.41342240869999 0.297248065867461 -0.501826157327741 1 3506.825 87.125 606.328566635913
0.00892857142857143 1.34014874128625 0.121523191011511 0.382300760131329 0.975 4152.15384615385 76.8205128205128 454.324694312204
0 1.50703701599404 0.26182800478368 0.597802220177637 1 6391.55 100.6 437.520388581633
0 1.62283008080173 0.351945696469978 0.777492669832707 1 6285 85.475 430.220683932117
0 1.52937018545344 0.29421116663143 0.43534567579627 1 6108.65 103.6 437.148876685846
0.00892857142857143 1.36563166216717 0.130939710576266 0.282193994456989 0.975 4897.94871794872 99.6666666666667 443.632169744423
0.00892857142857143 1.44696470123848 0.35112330569436 -0.73809473028467 0.975 2274.66666666667 58.8974358974359 526.343013392072
0.00892857142857143 1.39127968312615 0.338235788871738 -0.0647013227746667 0.975 1420.05128205128 27.7948717948718 395.884530391011
0 1.34917915628422 0.349962769990062 -0.767214600051673 1 993.8 23.95 346.384976933206
0 1.50096660270222 0.322392610776856 -0.42122145093524 1 5379.95 134 538.450780909829
0 1.40682822395107 0.3335360804158 0.450749441396177 1 1148.925 17.05 338.446031148141
0.00892857142857143 1.44238716616552 0.252850972657865 0.419877134308136 0.975 4508.10256410256 78.4871794871795 482.535974881909
0.00892857142857143 1.43995867592151 0.293446590058854 0.180948221057118 1 2996.4 54.675 476.224489502225
0.00892857142857143 1.39496538528735 0.257280280901315 -0.629197192877025 0.975 3716.38461538462 101.589743589744 528.37004307261
0 1.47030216426963 0.363718076925395 0.214441050388857 0.95 2076.36842105263 39.3421052631579 468.934750596715
0 1.586115015205 0.372546389116906 0.690453805029392 0.975 5386.23076923077 75.6410256410256 491.553961137015
0.00892857142857143 1.38898133541017 0.2381570834008 -0.235282199740883 0.975 3893.53846153846 91.1282051282051 493.642238815279
0 1.29522183043882 0.142771459720097 0.263847175985575 0.95 1929.44736842105 37.1315789473684 392.325028227177
0 1.52652603182573 0.391476733088068 0.9572224258298 0.95 2204.84210526316 25.7631578947368 473.937310011791
0 1.41993663785441 0.364766270820169 0.591195357164244 1 1095.775 14.075 340.845714730342
0 1.33136441614479 0.203674888331443 0.019011243712157 0.95 2350.23684210526 48.9473684210526 450.24797134779
0 1.43906165594957 0.277328141617769 0.974679265291184 0.95 2931.57894736842 36.7105263157895 509.027130032981
0 1.45050861417947 0.235132273114239 -0.119075676378061 0.975 5553.35897435897 127.410256410256 433.816426639013
0 1.33136441614479 0.203674888331443 0.019011243712157 0.95 2350.23684210526 48.9473684210526 450.24797134779
0 1.50096660270222 0.322392610776856 -0.42122145093524 1 5379.95 134 538.450780909829
0 1.6215894102121 0.398538145338345 0.51526988421832 1 5626.175 87.65 522.747861427322
0.00892857142857143 1.42730382120765 0.155322164211292 0.964670701606959 1 5307.475 73.625 392.143327079101
0 1.45553358110261 0.38981156601133 0.945024002971607 0.975 1002.61538461538 11.8205128205128 350.250340326306
0.00892857142857143 1.48726968254006 0.387415474183725 0.114852048112823 1 1648.9 28.675 399.098602924406
0.00892857142857143 1.36369385439903 0.189753424050286 0.858026425354183 1 2787.125 40.95 476.521696555317
0 1.5350310846399 0.376542597500769 0.546821612513532 1 3787.3 58.825 577.978542485216
