0.00454545454545455 1.60265571856871 0.277111779828556 0.422795422840863 1 6980.45 117.35 317.127687719551
0.00454545454545455 1.47295102085918 0.179369553318247 -0.4893589746207 1 7127.95 192.975 339.696934988732
0.00454545454545455 1.261481194105 0.20786013212055 -0.432635337579995 0.925 1040.24324324324 23.8918918918919 302.707546413748
0.00454545454545455 1.43690150026232 0.295492571592331 -0.681281392462552 0.95 4641.42105263158 129.736842105263 589.096679875138
0.00454545454545455 1.40690118968487 0.203304237150587 -0.937065762002021 0.9 6566.5 213.25 418.149113845502
0.00454545454545455 1.64192554149777 0.376875312975608 0.986348623875529 1 6806.875 85.025 462.875868937461
0.00454545454545455 1.527244016435 0.311937038251199 0.0193728976882994 0.975 5294.97435897436 106.025641025641 429.994396763572
0.00454545454545455 1.3165939274244 0.335254266671836 0.250939531251788 1 683.35 11.2 263.502085955548
0.00454545454545455 1.60928787384182 0.210843255510554 0.108842641115189 0.975 7114.46153846154 142.820512820513 242.353469570866
0.00454545454545455 1.40999695369974 0.252390892058611 -0.897580857854337 0.975 4185.53846153846 128.769230769231 484.109618298147
0.00454545454545455 1.32461091373116 0.18821009802632 0.376295943744481 0.975 1784.30769230769 31.7948717948718 404.027109565988
0.00454545454545455 1.63084337105975 0.242912217555568 0.154478763695806 1 7111.45 141.45 253.66284949989
0.00454545454545455 1.38297137208283 0.179393359110691 0.644747439771891 0.95 4049.21052631579 65.3157894736842 570.310859365617
0.00454545454545455 1.41342240869999 0.297248065867461 -0.501826157327741 1 3506.825 87.125 606.328566635913
0.00454545454545455 1.45700011309236 0.389572757389396 0.0375703633762896 1 1246.15 21.775 366.604313802231
0.00454545454545455 1.46573607567698 0.117624951060861 -0.63068566005677 1 6768.8 198.875 290.52307499693
0.00454545454545455 1.27813977235928 0.31152822447475 -0.365032403729856 0.975 529.25641025641 9.51282051282051 217.654191005255
0.00454545454545455 1.52985870772973 0.273513767146505 -0.0663513550534844 1 6422.425 140.775 399.692899874782
0.00454545454545455 1.26057889796793 0.228412026446313 0.076311815995723 0.9 687.888888888889 13.8055555555556 257.019373173652
0.00454545454545455 1.47083371663466 0.290895037492737 -0.846722853835672 1 5788.85 172.825 486.994680366845
0.00454545454545455 1.63471841225401 0.348838291247375 0.664457991719246 1 6341.375 94.375 327.758151137202
0.00454545454545455 1.46681262189522 0.181289382977411 -0.782082420308143 0.95 6576.47368421053 202.394736842105 289.812543739254
0.00454545454545455 1.47417328841984 0.2797277885722 -0.0821327371522784 0.975 5530.82051282051 117.538461538462 510.558575466881
0.00454545454545455 1.30805548178032 0.234629331063479 0.541321433149278 0.925 1008.86486486486 14.8648648648649 301.643150173096
0.00454545454545455 1.52585132420063 0.387833307613619 -0.744184490293264 0.975 4866.51282051282 129.538461538462 555.516230472744
0.00454545454545455 1.55403656736016 0.199002916226164 0.544169162865728 1 6761.3 111.875 293.049930154327
0.00454545454545455 1.44017550423741 0.287727747275494 0.43598922714591 0.95 3329.78947368421 56.4736842105263 562.583565743362
0.00454545454545455 1.4010789765045 0.364312568958849 -0.939230077899992 0.975 1378.61538461538 38.0512820512821 397.288453706578
0.00454545454545455 1.26769503084943 0.112601810530759 0.987733057700098 0.975 955.205128205128 12.9487179487179 261.779817042149
0.00454545454545455 1.34119814233854 0.393338953657076 -0.158966134767979 1 611.35 11.075 259.80604873463
0.00454545454545455 1.46572696268558 0.348045724118128 -0.237099011428654 1 2048.35 44.2 488.955857161299
0.00454545454545455 1.37286974005401 0.174713428178802 0.731547606643289 0.875 2884.25714285714 43.9142857142857 410.330194354965
0.00454545454545455 1.31769343651831 0.39429280620534 -0.128348025493324 0.9 524.416666666667 8.05555555555556 258.979604889827
0.00454545454545455 1.36927708424628 0.28822614941746 0.760506309568882 0.975 1039.41025641026 13.2307692307692 314.602937562939
0.00454545454545455 1.31624957975 0.152209964999929 0.205864364281297 0.9 1635.47222222222 32.6388888888889 388.423517019208
0.00454545454545455 1.62827191380784 0.380157619109377 -0.817562407348305 1 6637.6 184 421.425318724667
0.00454545454545455 1.3962264594622 0.100448942556977 0.931313356850296 0.975 6471.35897435897 95.3076923076923 413.499403167667
0.00454545454545455 1.49918393390253 0.173546391213313 -0.934803545940667 1 7097.35 234.05 271.160025676875
0.00454545454545455 1.33374621085823 0.32544403153006 -0.522740813437849 0.95 883.263157894737 19.7894736842105 337.39901748621
0.00454545454545455 1.5484943959862 0.355141474190168 0.986095189116895 0.975 3675.58974358974 46.9487179487179 589.786259906247
0.00454545454545455 1.63119736965746 0.315940658980981 0.0331717352382839 1 7122.4 143.2 305.128317256081
0.00454545454545455 1.38285408634692 0.151599822659045 0.252186194527894 0.975 5168.23076923077 103.769230769231 429.378444124574
0.00454545454545455 1.51621720893309 0.145473558362573 -0.0327333617024124 0.95 7110.23684210526 163.631578947368 275.559266994249
0.00454545454545455 1.47539708716795 0.29080457908567 -0.47235256107524 0.975 5640.94871794872 144.25641025641 568.806189156744
0.00454545454545455 1.4337752119638 0.38981981119141 -0.584226172417402 0.975 1117.64102564103 24.3846153846154 362.453843152143
0.00454545454545455 1.35915519474074 0.320455809030682 0.263525797985494 0.925 849.378378378378 13.6756756756757 307.085702832289
0.00454545454545455 1.51428269045427 0.21179328255821 -0.75568526238203 0.925 7127.35135135135 211.594594594595 302.807650798407
0.00454545454545455 1.57156162699684 0.141879225056618 -0.947639788500965 1 6913.75 227.45 206.942282983158
0.00454545454545455 1.60286465818062 0.298380270716734 0.561943011824042 0.975 6970.25641025641 107.820512820513 338.180696011902
0.00454545454545455 1.47779629603028 0.223086763848551 -0.782295701559633 1 6632.85 197.875 332.928234073194
0.00454545454545455 1.5394428265281 0.149200803716667 0.605433438904583 0.95 6916 107.736842105263 239.739745382848
0.00454545454545455 1.6372055945918 0.253440954745747 0.386801371816546 0.95 7096.55263157895 124.947368421053 273.977019462618
0.00454545454545455 1.52691009389237 0.34204653960187 0.866208519320935 0.975 3552.17948717949 46.4615384615385 512.072305144383
0.00454545454545455 1.34173045512289 0.306412384985015 -0.881499219685793 0.95 1019.86842105263 26.6052631578947 314.036149625637
0.00454545454545455 1.38857590220869 0.36674864673987 0.900749118532985 0.925 685.891891891892 8.43243243243243 245.776555973334
0.00454545454545455 1.39938166569918 0.378716166736558 -0.85677328472957 0.975 1469.64102564103 36.8717948717949 423.521732358843
0.00454545454545455 1.50595442773774 0.285693227895536 0.249044874217361 1 6100.55 112.875 493.183543772615
0.00454545454545455 1.4133388640359 0.251270849001594 -0.884034193120897 0.95 5371.15789473684 163.842105263158 605.381667703981
0.00454545454545455 1.58398448480293 0.143721942813136 -0.409185445401818 1 7102.475 191.05 212.392206844308
0.00454545454545455 1.40828098962083 0.257603047508746 0.831170368939638 0.975 2421.53846153846 33.025641025641 478.336555592089
0.00454545454545455 1.55412992853671 0.209260803251527 0.0856524189002812 1 7125.6 148.05 317.367119233256
0.00454545454545455 1.33445967622101 0.168316922034137 -0.618031083606184 0.975 4320.33333333333 122.333333333333 520.533156472273
0.00454545454545455 1.35161575544626 0.128811926371418 0.773552840109915 0.95 4742.8947368421 73.4210526315789 561.496386583342
0.00454545454545455 1.60542079024017 0.278134847409092 0.711184246931225 1 7122.325 107.2 344.516495963524
0.00454545454545455 1.42821935359389 0.23297615677584 -0.526336608454585 0.9 5903.77777777778 157.277777777778 483.426353678487
0.00454545454545455 1.52090323260054 0.12331390415784 -0.338089263997972 0.975 6732.82051282051 178.102564102564 231.699403273598
0.00454545454545455 1.34784895591438 0.114380404073745 0.844878218136728 0.975 4125.71794871795 59.6923076923077 475.721898519781
0.00454545454545455 1.34106910368428 0.256424096366391 0.70274300314486 0.95 1035.10526315789 15.7105263157895 325.627392054125
0.00454545454545455 1.28277935627848 0.332890186295845 0.262928286101669 0.925 451.405405405405 6.97297297297297 223.319756031526
0.00454545454545455 1.26671474426985 0.267099899356253 0.0477361320517957 0.975 550.282051282051 9.8974358974359 244.919449851899
0.00454545454545455 1.48146506603807 0.209274026541971 -0.463919006288052 0.95 6942.5 181.631578947368 342.791442790471
0.00454545454545455 1.49593151491135 0.211939367465675 -0.60386124625802 0.975 6443.87179487179 179.794871794872 320.458261806144
0.00454545454545455 1.52476637624204 0.285184963536449 0.235842160414904 1 6026.8 110.55 443.891292289419
0.00454545454545455 1.33246054397896 0.133481271727942 -0.93863373529166 0.95 5437.3947368421 179.973684210526 395.734249095894
0.00454545454545455 1.41598222898319 0.289110524021089 -0.0672404244542122 1 2322.55 47.35 517.722850059037
0.00454545454545455 1.39256016183645 0.39791161774192 0.40225583827123 1 721.575 9.875 282.704700674619
0.00454545454545455 1.33269770918414 0.290058902348392 -0.309340164996684 0.95 923.710526315789 20.0526315789474 313.601489303297
0.00454545454545455 1.49425736544654 0.195267207315192 0.720076516736299 1 6518.3 100.625 354.420632345278
0.00454545454545455 1.26856440212578 0.169715397525579 0.912313432432711 0.875 874.714285714286 11.3142857142857 272.577180567772
0.00454545454545455 1.62083035418764 0.312977544520982 0.740112126339227 0.975 7137.53846153846 103.179487179487 344.009055171504
0.00454545454545455 1.60625006770715 0.293996297661215 0.105294052511454 0.975 6953.89743589744 133.923076923077 293.678939486809
0.00454545454545455 1.55693103373051 0.292754317470826 0.238611636217684 0.975 5923.38461538462 111.076923076923 342.732262051165
0.00454545454545455 1.30252233017236 0.250037049828097 -0.181103317067027 0.925 977.054054054054 20.2972972972973 308.190397783857
0.00454545454545455 1.60076914578676 0.195779675478116 0.527237526141107 1 7106.675 115.675 229.249449059406
0.00454545454545455 1.28480940079316 0.177538755256683 0.457344655413181 0.875 722.914285714286 11.5142857142857 256.959357271272
0.00454545454545455 1.60773804569617 0.29625074127689 -0.930107783991843 0.975 7126.48717948718 214.461538461538 297.430814025291
0.00454545454545455 1.285983875487 0.333494963869453 0.493922629393637 0.975 566.153846153846 8.05128205128205 225.985374763501
0.00454545454545455 1.42907001171261 0.378758343844675 -0.268438898492604 1 1383.45 29.3 423.073042079119
0.00454545454545455 1.61488117463887 0.20801341785118 0.739895206410438 0.975 6792.17948717949 99.5384615384615 242.15952157027
0.00454545454545455 1.54485299428925 0.394542799261399 0.468911838717759 0.975 2808.51282051282 41.3846153846154 491.271081948312
0.00454545454545455 1.2726295016706 0.387432407960296 -0.188434673473239 0.875 401.6 6.65714285714286 199.616407112015
0.00454545454545455 1.27615129975602 0.116060881991871 0.529741350095719 0.875 1366.17142857143 23.1142857142857 330.949538746961
0.00454545454545455 1.57142830975354 0.279250752809458 0.39497480308637 1 6829.5 120.7 348.609060926593
0.00454545454545455 1.39444124726579 0.252057803887874 -0.90305391792208 0.975 4588.10256410256 140.846153846154 476.218050793549
0.00454545454545455 1.4840570345521 0.186418962711468 0.373394431080669 1 6478.75 119.65 339.140313028395
0.00454545454545455 1.4914554326795 0.264388762577437 0.100310178939253 0.975 5454.82051282051 106.384615384615 428.627766160677
0.00454545454545455 1.54185022059828 0.325258871796541 -0.878394111059606 1 6965.975 199.65 400.10443941679
0.00454545454545455 1.27545190593228 0.301656120410189 0.0440594558604062 0.925 481.648648648649 9.27027027027027 210.879197941284
0.00454545454545455 1.59761857911944 0.322418083599769 0.111873301211745 0.975 5968.92307692308 115.153846153846 343.636211803946
0.00454545454545455 1.32594683617353 0.132249236386269 -0.820406172424555 0.925 4599.83783783784 148.189189189189 437.426587614556
0.00454545454545455 1.47726981844753 0.330566386203282 -0.5963573330082 0.975 3847.82051282051 100.871794871795 560.949849935675
0.00454545454545455 1.64814348602667 0.120292822271585 0.278760191984475 1 7122.375 133.275 194.353918359454
0.00454545454545455 1.42343904944137 0.199726725416258 -0.996573709882796 1 6646 217.45 373.236380946547
0.00454545454545455 1.52075296230614 0.147667556931265 -0.521184336859733 0.975 6923.02564102564 196.461538461538 271.97214694857
0.00454545454545455 1.55645837523043 0.14679413496051 0.311460542026907 0.975 7108.84615384615 134.897435897436 245.589342767928
0.00454545454545455 1.36792464721948 0.173082778998651 0.330468949396163 0.925 4236.24324324324 80.3783783783784 552.567030744613
0.00454545454545455 1.28289643414319 0.297509797499515 0.0960984397679567 0.925 614 11.1891891891892 242.044021285756
0.00454545454545455 1.27763771284372 0.365075926622376 -0.6947085512802 0.95 502.447368421053 11.0789473684211 221.341121739347
0.00454545454545455 1.52770044161007 0.348719005729072 0.378560823854059 1 4532.1 77.625 573.650013498149
0.00454545454545455 1.43019326943904 0.234739286964759 -0.156153739895672 0.975 6500.41025641026 148.307692307692 497.696015561075
0.00454545454545455 1.35084782093763 0.298388314829208 -0.766645518131554 0.9 1033.5 25.75 316.901816925315
0.00454545454545455 1.31181620378047 0.269916785578244 -0.464072601869702 0.95 1062.26315789474 24.8684210526316 317.897513340167
0.00454545454545455 1.36645972225815 0.1074356012512 0.126434702891856 0.925 5711.35135135135 120.243243243243 399.985713026617
0.00454545454545455 1.58325499724597 0.332823398592882 -0.216233837418258 0.95 6969.52631578947 156.342105263158 394.508846456006
0.00454545454545455 1.35476390440017 0.258544345712289 0.94376009888947 0.95 1162.23684210526 15.6052631578947 311.790171261705
0.00454545454545455 1.41298688966781 0.314651629072614 0.644433043897152 0.95 1441.92105263158 21.3947368421053 409.947251297279
0.00454545454545455 1.33644871944562 0.11991018706467 -0.941310298629105 0.925 5361.45945945946 182.459459459459 395.641439971111
0.00454545454545455 1.32529646418989 0.349736735923216 0.306146413087845 0.975 484.641025641026 7 244.392084950814
0.00454545454545455 1.44275545654818 0.142422462906688 0.675295038614422 0.925 6594.91891891892 105.405405405405 344.989207153467
0.00454545454545455 1.55826926073059 0.149930364289321 -0.912838994525373 1 6757.625 223.6 237.521300397684
0.00454545454545455 1.2880143458955 0.357798761990853 -0.625337379984558 0.925 637.189189189189 13.7297297297297 267.199917200728
0.00454545454545455 1.29930097814649 0.29066428586375 -0.749234852846712 0.95 744.315789473684 18.7105263157895 311.248318707926
0.00454545454545455 1.35583528848365 0.375966366822831 0.230671720579267 0.9 650.111111111111 8.86111111111111 260.007009485242
0.00454545454545455 1.35921598328277 0.214940727152862 0.129280627239496 0.975 2713.48717948718 54.4102564102564 467.888399812874
0.00454545454545455 1.56475044693798 0.262359853414819 -0.0785211627371609 1 6777.225 151.25 338.266739123707
0.00454545454545455 1.29522183043882 0.142771459720097 0.263847175985575 0.95 1929.44736842105 37.1315789473684 392.325028227177
0.00454545454545455 1.57201419305056 0.113245796621777 0.00436446629464626 0.975 7075.58974358974 152.230769230769 210.487780438758
0.00454545454545455 1.39521146686748 0.343326688813977 -0.187986074481159 0.95 1594.07894736842 32.6578947368421 437.098141204294
0.00454545454545455 1.34213886922225 0.370358492364176 0.130260623991489 0.875 607.885714285714 10.4 267.295803183507
0.00454545454545455 1.56773499622941 0.189769336464815 -0.538262648042291 0.95 7101.71052631579 199.131578947368 229.245375482169
0.00454545454545455 1.2577233822085 0.295504733663984 -0.829510207753628 0.9 555.111111111111 12.5277777777778 253.956623223755
0.00454545454545455 1.25369748882949 0.219608002877794 -0.225870515219867 0.85 753.382352941176 15.0882352941176 273.098953100189
0.00454545454545455 1.63737856764346 0.287739705876447 -0.00139422994107008 0.975 7122.41025641026 148.717948717949 279.705156627239
0.00454545454545455 1.39345065448433 0.190661412291229 0.287497775163502 0.975 4671.89743589744 86.3333333333333 505.04525662943
0.00454545454545455 1.57061180993915 0.363374868757091 0.744247927330434 1 4909.225 70.35 528.351582362225
0.00454545454545455 1.59313339367509 0.266106593608856 0.432197174057364 1 6870.6 118.7 314.914736543445
0.00454545454545455 1.47536111632362 0.211884881113656 -0.976404221728444 1 6300.65 199.075 315.787920002332
0.00454545454545455 1.46512638097629 0.115668172785081 0.127563901245594 0.975 6423.53846153846 135.153846153846 279.460737476473
0.00454545454545455 1.44857827182859 0.250011889799498 0.204245266038924 0.975 5822.82051282051 115.410256410256 549.628108624501
0.00454545454545455 1.49162120921537 0.163433063239791 -0.03852828592062 0.95 6814.44736842105 154 316.877208523651
0.00454545454545455 1.37903537712991 0.119106678618118 0.304790217895061 0.95 5093.34210526316 102.157894736842 414.286083656521
0.00454545454545455 1.49041531309485 0.246901053935289 0.119565854780376 0.975 6535.30769230769 126.358974358974 454.097027600729
0.00454545454545455 1.48803456760943 0.324114180775359 0.592465342953801 0.95 3660.34210526316 56.5 581.005495417396
0.00454545454545455 1.41102546434849 0.302284648455679 -0.128155335783958 0.95 2334.26315789474 49.2631578947368 531.020386553818
0.00454545454545455 1.63461933750659 0.248421486467123 0.426184398122132 1 7098.9 120.475 257.358614338813
0.00454545454545455 1.27148441504687 0.340851917024702 -0.135373282246292 0.85 591.029411764706 10.4117647058824 242.283395991899
0.00454545454545455 1.50592020014301 0.372745627933182 -0.957254809327424 0.975 4076.15384615385 117.307692307692 594.224571610472
0.00454545454545455 1.37308005709201 0.140178575390019 -0.509436720516533 0.9 5229.30555555556 145.694444444444 368.128401274448
0.00454545454545455 1.52937018545344 0.29421116663143 0.43534567579627 1 6108.65 103.6 437.148876685846
0.00454545454545455 1.39500487614423 0.314930788916536 -0.144660559017211 0.975 1908.23076923077 39.5897435897436 457.51500487852
0.00454545454545455 1.641487337742 0.383064244501293 -0.0101417526602745 1 6536.525 129.675 438.763967319768
0.00454545454545455 1.42429581908509 0.121680970001034 -0.136965055484325 0.95 6625.57894736842 155.973684210526 300.293144483296
0.00454545454545455 1.43171324403957 0.117589606251568 -0.660747342277318 0.95 6417.57894736842 194.315789473684 291.045651356458
0.00454545454545455 1.32601719237864 0.287590504996479 0.826259035151452 0.9 925.388888888889 11.7222222222222 278.390586643834
0.00454545454545455 1.43513072114438 0.245368306851015 -0.336512922309339 0.95 4945.97368421053 119.605263157895 462.037422928687
0.00454545454545455 1.30676924409345 0.310241409903392 0.794818099588156 0.875 579.514285714286 7.14285714285714 253.282204221883
0.00454545454545455 1.55850501218811 0.350361110665836 -0.431006686761975 1 6440.2 155.525 489.544032433101
0.00454545454545455 1.35050931274891 0.239705667062663 -0.559357831720263 0.975 2818.20512820513 72.3076923076923 478.323299285037
0.00454545454545455 1.44896333804354 0.259906888473779 -0.333867848385125 0.975 5911.10256410256 145.461538461538 503.008362044332
0.00454545454545455 1.36369385439903 0.189753424050286 0.858026425354183 1 2787.125 40.95 476.521696555317
0.00454545454545455 1.50582240149379 0.243432633648627 0.231720230542123 0.975 5799.5641025641 110.692307692308 393.833477988059
0.00454545454545455 1.60234579397365 0.318285272875801 0.560379764996469 1 6974.25 111.175 400.879799920801
0.00454545454545455 1.586115015205 0.372546389116906 0.690453805029392 0.975 5386.23076923077 75.6410256410256 491.553961137015
0.00454545454545455 1.30341596351936 0.366064012958668 0.587900290731341 0.9 488.861111111111 6.11111111111111 231.450992029478
0.00454545454545455 1.44468818223104 0.285531497467309 0.396521859802306 1 3967.775 69.3 598.541044571179
0.00454545454545455 1.37374105146155 0.35777151430957 0.964040684979409 0.925 654.135135135135 7.83783783783784 245.911524799327
0.00454545454545455 1.50167559850961 0.196295308298431 -0.681329402141273 1 6777.6 201.15 278.026273896314
0.00454545454545455 1.2574429249391 0.168742145132273 0.364303598180413 0.925 961.189189189189 16.7027027027027 292.689129749544
0.00454545454545455 1.33136441614479 0.203674888331443 0.019011243712157 0.95 2350.23684210526 48.9473684210526 450.24797134779
0.00454545454545455 1.29687171149999 0.325375866680406 -0.906742369756103 0.9 647.305555555556 16.6111111111111 262.742789236728
0.00454545454545455 1.51406712383032 0.363703391584568 -0.419229558669031 1 5454.75 126.55 650.22082610389
0.00454545454545455 1.2966918066144 0.104559050337411 0.450294566806406 0.975 2099.25641025641 37.4358974358974 394.103849474087
0.00454545454545455 1.37707882011309 0.365154422307387 0.71337385289371 0.975 608.666666666667 8.38461538461539 269.6264775378
0.00454545454545455 1.28406968936324 0.322109659668058 0.102060807403177 0.925 480.540540540541 7.35135135135135 228.689625737103
0.00454545454545455 1.35118792895228 0.153410065011121 -0.199440572410822 0.925 4393.18918918919 105.189189189189 490.364771961822
0.00454545454545455 1.39329781001434 0.357483932957985 -0.559301842004061 1 1301.575 30.025 374.803187455578
0.00454545454545455 1.46504913419485 0.16210211655125 -0.307069424074143 0.95 6210.71052631579 155.973684210526 293.350613151567
0.00454545454545455 1.53930546389893 0.124442147929221 -0.525158246979117 0.95 7103.8947368421 199.157894736842 233.982728021724
0.00454545454545455 1.47742901910096 0.114388926513493 -0.281577447429299 1 6589.025 172.75 277.088985811082
0.00454545454545455 1.36604440482333 0.180740531906486 -0.291285820771009 0.925 5075.02702702703 128.513513513514 500.659852813052
0.00454545454545455 1.37487698169425 0.186076078610495 0.883271930739284 0.9 3715.44444444444 54.5277777777778 518.322473862856
0.00454545454545455 1.6275487812236 0.202922574104741 -0.878895100206137 0.975 7077.79487179487 219.461538461538 214.097483181598
0.00454545454545455 1.45091266073287 0.357858191709965 -0.296675781719387 0.975 2148.87179487179 46.2307692307692 479.115931824713
0.00454545454545455 1.44262157212943 0.141539528453723 0.93606824753806 0.925 6445.64864864865 90.9189189189189 374.775383545047
0.00454545454545455 1.54603823358193 0.158368095406331 -0.0285712378099561 0.95 6776.21052631579 147.763157894737 251.019285765853
0.00454545454545455 1.37203653166071 0.394925615238026 -0.724203502759337 0.9 724.944444444444 17.3888888888889 283.440121748502
0.00454545454545455 1.50150437690318 0.348570418474265 -0.0681163896806538 1 4453.425 90.3 645.620986843678
0.00454545454545455 1.61729179136455 0.340573168313131 -0.211947922594845 1 6995.9 155.75 365.796781937461
0.00454545454545455 1.61154555175453 0.19930171018932 0.146551994141191 1 6945.875 135.4 238.992958755623
0.00454545454545455 1.29758796924725 0.262595957587473 0.765443439595401 0.875 538.742857142857 7.57142857142857 223.22927544719
0.00454545454545455 1.51586914593354 0.166803113580681 0.997576178051531 1 6790.75 91.975 314.148013214172
0.00454545454545455 1.46015202747658 0.143849844299257 0.138335799798369 0.95 6972.31578947368 146.131578947368 350.103911046621
0.00454545454545455 1.64889448294416 0.161020930041559 -0.147652698680758 1 7084.225 165.575 195.157854727386
0.00454545454545455 1.42464725663885 0.312177099101245 -0.833086777944118 0.975 3438.76923076923 99.4871794871795 569.372321641073
0.00454545454545455 1.25055215265602 0.20185414464213 0.550905674695969 0.925 487.243243243243 7.91891891891892 225.635842167139
0.00454545454545455 1.25040013696998 0.220546870469116 -0.371059758588672 0.925 681.486486486486 14.3783783783784 248.657020695597
0.00454545454545455 1.44860237631947 0.171434443513863 0.593886597082019 1 6597.075 107.8 436.860551757755
0.00454545454545455 1.42656492311507 0.378107571485452 0.00656582228839397 0.975 1320.20512820513 24.9230769230769 387.853732303726
0.00454545454545455 1.51607851823792 0.368539452995174 -0.697376288939267 0.975 5707.25641025641 150.179487179487 629.000459620304
0.00454545454545455 1.62362306509167 0.16080924263224 0.831152734346688 1 7092.975 102.7 226.543462638303
0.00454545454545455 1.29727034242824 0.324207738460973 -0.947304252535105 0.95 647.684210526316 16 253.276743600568
0.00454545454545455 1.41731520174071 0.106393202557229 0.915099315810949 0.95 5912.71052631579 87.1578947368421 346.847372553244
0.00454545454545455 1.29309286940843 0.355107986321673 -0.878131714649498 0.925 532.540540540541 12.2432432432432 225.167987538494
0.00454545454545455 1.50371900284663 0.104868788132444 0.849491863045841 0.975 6753.84615384615 99.4358974358974 249.614806253884
0.00454545454545455 1.33162496332079 0.338869101693854 0.654410826973617 0.925 620.027027027027 8 257.460079101312
0.00454545454545455 1.34014874128625 0.121523191011511 0.382300760131329 0.975 4152.15384615385 76.8205128205128 454.324694312204
0.00454545454545455 1.41477710325271 0.162442866968922 0.702691250946373 0.9 5777 91.4722222222222 418.337349024847
0.00454545454545455 1.33282267199829 0.395487682824023 -0.784524575807154 0.95 657.631578947368 14.0263157894737 266.677485366545
0.00454545454545455 1.55680215684697 0.268418671260588 -0.0127238957211375 1 6443.725 136.725 331.542437817865
0.00454545454545455 1.4751663713716 0.332668768754229 -0.272028203122318 0.975 4123.25641025641 92.5897435897436 518.539738422659
0.00454545454545455 1.53406884120777 0.150682208221406 0.733055865392089 1 7122.55 110.25 266.293756385658
0.00454545454545455 1.52187151936814 0.114706319081597 0.986810322850943 1 6791.05 91.75 271.831222531966
0.00454545454545455 1.33133315537125 0.130144243012182 -0.866819645743817 0.95 4912.68421052632 159.710526315789 417.144250008356
0.00454545454545455 1.58093345724046 0.239806910883635 0.251762978266925 0.975 6803.53846153846 132.25641025641 319.306333698496
0.00454545454545455 1.43739623576403 0.343056170502678 0.846104384399951 0.975 1172.46153846154 16.0512820512821 347.662966165489
0.00454545454545455 1.43727398440242 0.143823002162389 0.329862145707011 0.95 6635.5 126.315789473684 391.938859988042
0.00454545454545455 1.46708708414808 0.138221323816106 0.014436783734709 0.95 6791.78947368421 151.342105263158 282.173278636451
0.00454545454545455 1.64016212616116 0.139269784232602 -0.71967283450067 0.975 7104.58974358974 206.205128205128 185.918316828608
0.00454545454545455 1.36219920953736 0.286095847585239 0.455602798610926 1 989.725 15.05 297.733753283836
0.00454545454545455 1.4742619571276 0.243636784749106 0.943569582421333 1 5007.375 66.075 526.822430014127
