0.00454545454545455 1.37471145504934 0.263780414720983 -0.972580557127137 1 2436.68 74.56 474.60341916037
0.00454545454545455 1.37471145504934 0.263780414720983 -0.972580557127137 1 2436.68 74.56 474.60341916037
0.00454545454545455 1.37471145504934 0.263780414720983 -0.972580557127137 1 2436.68 74.56 474.60341916037
0.00454545454545455 1.37471145504934 0.263780414720983 -0.972580557127137 1 2436.68 74.56 474.60341916037
0.00454545454545455 1.37471145504934 0.263780414720983 -0.972580557127137 1 2693.08 84.16 454.184180989002
0.00454545454545455 1.37471145504934 0.263780414720983 -0.972580557127137 1 2436.68 74.56 474.60341916037
0.00454545454545455 1.37471145504934 0.263780414720983 -0.972580557127137 1 2436.68 74.56 474.60341916037
0.00454545454545455 1.37471145504934 0.263780414720983 -0.972580557127137 1 2436.68 74.56 474.60341916037
0.00454545454545455 1.37471145504934 0.263780414720983 -0.972580557127137 1 2436.68 74.56 474.60341916037
0.00454545454545455 1.37471145504934 0.263780414720983 -0.972580557127137 1 2436.68 74.56 474.60341916037
0.00454545454545455 1.37471145504934 0.263780414720983 -0.972580557127137 1 2436.68 74.56 474.60341916037
0.00454545454545455 1.37471145504934 0.263780414720983 -0.972580557127137 1 2436.68 74.56 474.60341916037
0.00454545454545455 1.37471145504934 0.263780414720983 -0.972580557127137 1 2436.68 74.56 474.60341916037
0.00454545454545455 1.37471145504934 0.263780414720983 -0.972580557127137 1 2436.68 74.56 474.60341916037
0.00454545454545455 1.37471145504934 0.263780414720983 -0.972580557127137 1 2436.68 74.56 474.60341916037
0.00454545454545455 1.37471145504934 0.263780414720983 -0.972580557127137 1 2436.68 74.56 474.60341916037
0.00454545454545455 1.37471145504934 0.263780414720983 -0.972580557127137 1 2436.68 74.56 474.60341916037
0.00454545454545455 1.37471145504934 0.263780414720983 -0.972580557127137 1 2436.68 74.56 474.60341916037
0.00454545454545455 1.37471145504934 0.263780414720983 -0.972580557127137 1 2436.68 74.56 474.60341916037
0.00454545454545455 1.37471145504934 0.263780414720983 -0.972580557127137 1 2436.68 74.56 474.60341916037
0.00454545454545455 1.37471145504934 0.263780414720983 -0.972580557127137 1 2436.68 74.56 474.60341916037
0.00454545454545455 1.37471145504934 0.263780414720983 -0.972580557127137 1 2436.68 74.56 474.60341916037
0.00454545454545455 1.37471145504934 0.263780414720983 -0.972580557127137 1 2436.68 74.56 474.60341916037
0.00454545454545455 1.37471145504934 0.263780414720983 -0.972580557127137 1 2436.68 74.56 474.60341916037
0.00454545454545455 1.37471145504934 0.263780414720983 -0.972580557127137 1 2436.68 74.56 474.60341916037
0.00454545454545455 1.37471145504934 0.263780414720983 -0.972580557127137 1 2436.68 74.56 474.60341916037
0.00454545454545455 1.37471145504934 0.263780414720983 -0.972580557127137 1 2436.68 74.56 474.60341916037
0.00454545454545455 1.37471145504934 0.263780414720983 -0.972580557127137 1 2436.68 74.56 474.60341916037
0.00454545454545455 1.37471145504934 0.263780414720983 -0.972580557127137 1 2436.68 74.56 474.60341916037
0.00454545454545455 1.37471145504934 0.263780414720983 -0.972580557127137 1 2436.68 74.56 474.60341916037
0.00454545454545455 1.37471145504934 0.263780414720983 -0.972580557127137 1 2436.68 74.56 474.60341916037
0.00454545454545455 1.37471145504934 0.263780414720983 -0.972580557127137 1 2436.68 74.56 474.60341916037
0.00454545454545455 1.37471145504934 0.263780414720983 -0.972580557127137 1 2436.68 74.56 474.60341916037
0.00454545454545455 1.37471145504934 0.263780414720983 -0.972580557127137 1 2436.68 74.56 474.60341916037
0.00454545454545455 1.37471145504934 0.263780414720983 -0.972580557127137 1 2436.68 74.56 474.60341916037
0.00454545454545455 1.37471145504934 0.263780414720983 -0.972580557127137 1 2436.68 74.56 474.60341916037
0.00454545454545455 1.37471145504934 0.263780414720983 -0.972580557127137 1 2436.68 74.56 474.60341916037
0.00454545454545455 1.37471145504934 0.263780414720983 -0.972580557127137 1 2436.68 74.56 474.60341916037
0.00454545454545455 1.37471145504934 0.263780414720983 -0.972580557127137 1 2436.68 74.56 474.60341916037
0.00454545454545455 1.37471145504934 0.263780414720983 -0.972580557127137 1 2436.68 74.56 474.60341916037
0.00454545454545455 1.37471145504934 0.263780414720983 -0.972580557127137 1 2436.68 74.56 474.60341916037
0.00454545454545455 1.37471145504934 0.263780414720983 -0.972580557127137 1 2436.68 74.56 474.60341916037
0.00454545454545455 1.37471145504934 0.263780414720983 -0.972580557127137 1 2436.68 74.56 474.60341916037
0.00454545454545455 1.37471145504934 0.263780414720983 -0.972580557127137 1 2436.68 74.56 474.60341916037
0.00454545454545455 1.37471145504934 0.263780414720983 -0.972580557127137 1 2436.68 74.56 474.60341916037
0.00454545454545455 1.37471145504934 0.263780414720983 -0.972580557127137 1 2436.68 74.56 474.60341916037
0.00454545454545455 1.37471145504934 0.263780414720983 -0.972580557127137 1 2436.68 74.56 474.60341916037
0.00454545454545455 1.37471145504934 0.263780414720983 -0.972580557127137 1 2436.68 74.56 474.60341916037
0.00454545454545455 1.37471145504934 0.263780414720983 -0.972580557127137 1 2436.68 74.56 474.60341916037
0.00454545454545455 1.37471145504934 0.263780414720983 -0.972580557127137 1 2436.68 74.56 474.60341916037
0.00454545454545455 1.37471145504934 0.263780414720983 -0.972580557127137 1 2436.68 74.56 474.60341916037
0.00454545454545455 1.37471145504934 0.263780414720983 -0.972580557127137 1 2436.68 74.56 474.60341916037
0.00454545454545455 1.37471145504934 0.263780414720983 -0.972580557127137 1 2436.68 74.56 474.60341916037
0.00454545454545455 1.37471145504934 0.263780414720983 -0.972580557127137 1 2436.68 74.56 474.60341916037
0.00454545454545455 1.37471145504934 0.263780414720983 -0.972580557127137 1 2436.68 74.56 474.60341916037
0.00454545454545455 1.37471145504934 0.263780414720983 -0.972580557127137 1 2436.68 74.56 474.60341916037
0.00454545454545455 1.37471145504934 0.263780414720983 -0.972580557127137 1 2436.68 74.56 474.60341916037
0.00454545454545455 1.37471145504934 0.263780414720983 -0.972580557127137 1 2436.68 74.56 474.60341916037
0.00454545454545455 1.37471145504934 0.263780414720983 -0.972580557127137 1 2436.68 74.56 474.60341916037
0.00454545454545455 1.37471145504934 0.263780414720983 -0.972580557127137 1 2436.68 74.56 474.60341916037
0.00454545454545455 1.37471145504934 0.263780414720983 -0.972580557127137 1 2436.68 74.56 474.60341916037
0.00454545454545455 1.37471145504934 0.263780414720983 -0.972580557127137 1 2436.68 74.56 474.60341916037
0.00454545454545455 1.37471145504934 0.263780414720983 -0.972580557127137 1 2436.68 74.56 474.60341916037
0.00454545454545455 1.37471145504934 0.263780414720983 -0.972580557127137 1 2689.22 82.78 467.071052065527
0.00454545454545455 1.37471145504934 0.263780414720983 -0.972580557127137 1 2436.68 74.56 474.60341916037
0.00454545454545455 1.37471145504934 0.263780414720983 -0.972580557127137 1 2436.68 74.56 474.60341916037
0.00454545454545455 1.37471145504934 0.263780414720983 -0.972580557127137 1 2436.68 74.56 474.60341916037
0.00454545454545455 1.37471145504934 0.263780414720983 -0.972580557127137 1 2436.68 74.56 474.60341916037
0.00454545454545455 1.37471145504934 0.263780414720983 -0.972580557127137 1 2436.68 74.56 474.60341916037
0.00454545454545455 1.37471145504934 0.263780414720983 -0.972580557127137 1 2436.68 74.56 474.60341916037
0.00454545454545455 1.37471145504934 0.263780414720983 -0.972580557127137 1 2436.68 74.56 474.60341916037
0.00454545454545455 1.37471145504934 0.263780414720983 -0.972580557127137 1 2436.68 74.56 474.60341916037
0.00454545454545455 1.37471145504934 0.263780414720983 -0.972580557127137 1 2436.68 74.56 474.60341916037
0.00454545454545455 1.37471145504934 0.263780414720983 -0.972580557127137 1 2436.68 74.56 474.60341916037
0.00454545454545455 1.37471145504934 0.263780414720983 -0.972580557127137 1 2436.68 74.56 474.60341916037
0.00454545454545455 1.37471145504934 0.263780414720983 -0.972580557127137 1 2436.68 74.56 474.60341916037
0.00454545454545455 1.37471145504934 0.263780414720983 -0.972580557127137 1 2436.68 74.56 474.60341916037
0.00454545454545455 1.37471145504934 0.263780414720983 -0.972580557127137 1 2436.68 74.56 474.60341916037
0.00454545454545455 1.37471145504934 0.263780414720983 -0.972580557127137 1 2722.94 83.94 441.007313909496
0.00454545454545455 1.37471145504934 0.263780414720983 -0.972580557127137 1 2436.68 74.56 474.60341916037
0.00454545454545455 1.37471145504934 0.263780414720983 -0.972580557127137 1 2436.68 74.56 474.60341916037
0.00454545454545455 1.37471145504934 0.263780414720983 -0.972580557127137 1 2436.68 74.56 474.60341916037
0.00454545454545455 1.37471145504934 0.263780414720983 -0.972580557127137 1 2436.68 74.56 474.60341916037
0.00454545454545455 1.37471145504934 0.263780414720983 -0.972580557127137 1 2436.68 74.56 474.60341916037
0.00454545454545455 1.37471145504934 0.263780414720983 -0.972580557127137 1 2436.68 74.56 474.60341916037
0.00454545454545455 1.37471145504934 0.263780414720983 -0.972580557127137 1 2436.68 74.56 474.60341916037
0.00454545454545455 1.37471145504934 0.263780414720983 -0.972580557127137 1 2436.68 74.56 474.60341916037
0.00454545454545455 1.37471145504934 0.263780414720983 -0.972580557127137 1 2436.68 74.56 474.60341916037
0.00454545454545455 1.37471145504934 0.263780414720983 -0.972580557127137 1 2436.68 74.56 474.60341916037
0.00454545454545455 1.37471145504934 0.263780414720983 -0.972580557127137 1 2436.68 74.56 474.60341916037
0.00454545454545455 1.37471145504934 0.263780414720983 -0.972580557127137 1 2436.68 74.56 474.60341916037
0.00454545454545455 1.37471145504934 0.263780414720983 -0.972580557127137 1 2436.68 74.56 474.60341916037
0.00454545454545455 1.37471145504934 0.263780414720983 -0.972580557127137 1 2436.68 74.56 474.60341916037
0.00454545454545455 1.37471145504934 0.263780414720983 -0.972580557127137 1 2555.88 77.74 457.137089103715
0.00454545454545455 1.37471145504934 0.263780414720983 -0.972580557127137 1 2436.68 74.56 474.60341916037
0.00454545454545455 1.37471145504934 0.263780414720983 -0.972580557127137 1 2436.68 74.56 474.60341916037
0.00454545454545455 1.37471145504934 0.263780414720983 -0.972580557127137 1 2436.68 74.56 474.60341916037
0.00454545454545455 1.37471145504934 0.263780414720983 -0.972580557127137 1 2436.68 74.56 474.60341916037
0.00454545454545455 1.37471145504934 0.263780414720983 -0.972580557127137 1 2436.68 74.56 474.60341916037
0.00454545454545455 1.37471145504934 0.263780414720983 -0.972580557127137 1 2436.68 74.56 474.60341916037
0.00454545454545455 1.37471145504934 0.263780414720983 -0.972580557127137 1 2436.68 74.56 474.60341916037
0.00454545454545455 1.37471145504934 0.263780414720983 -0.972580557127137 1 2436.68 74.56 474.60341916037
0.00454545454545455 1.37471145504934 0.263780414720983 -0.972580557127137 1 2436.68 74.56 474.60341916037
0.00454545454545455 1.37471145504934 0.263780414720983 -0.972580557127137 1 2631.56 82.48 439.129090485474
0.00454545454545455 1.37471145504934 0.263780414720983 -0.972580557127137 1 2436.68 74.56 474.60341916037
0.00454545454545455 1.37471145504934 0.263780414720983 -0.972580557127137 1 2436.68 74.56 474.60341916037
0.00454545454545455 1.37471145504934 0.263780414720983 -0.972580557127137 1 2436.68 74.56 474.60341916037
0.00454545454545455 1.37471145504934 0.263780414720983 -0.972580557127137 1 2436.68 74.56 474.60341916037
0.00454545454545455 1.37471145504934 0.263780414720983 -0.972580557127137 1 2436.68 74.56 474.60341916037
0.00454545454545455 1.37471145504934 0.263780414720983 -0.972580557127137 1 2436.68 74.56 474.60341916037
0.00454545454545455 1.37471145504934 0.263780414720983 -0.972580557127137 1 2436.68 74.56 474.60341916037
0.00454545454545455 1.37471145504934 0.263780414720983 -0.972580557127137 1 2436.68 74.56 474.60341916037
0.00454545454545455 1.37471145504934 0.263780414720983 -0.972580557127137 1 2522.42 76.24 463.528688686876
0.00454545454545455 1.37471145504934 0.263780414720983 -0.972580557127137 1 2436.68 74.56 474.60341916037
0.00454545454545455 1.37471145504934 0.263780414720983 -0.972580557127137 1 2436.68 74.56 474.60341916037
0.00454545454545455 1.37471145504934 0.263780414720983 -0.972580557127137 1 2436.68 74.56 474.60341916037
0.00454545454545455 1.37471145504934 0.263780414720983 -0.972580557127137 1 2436.68 74.56 474.60341916037
0.00454545454545455 1.37471145504934 0.263780414720983 -0.972580557127137 1 2436.68 74.56 474.60341916037
0.00454545454545455 1.37471145504934 0.263780414720983 -0.972580557127137 1 2436.68 74.56 474.60341916037
0.00454545454545455 1.37471145504934 0.263780414720983 -0.972580557127137 1 2436.68 74.56 474.60341916037
0.00454545454545455 1.37471145504934 0.263780414720983 -0.972580557127137 1 2436.68 74.56 474.60341916037
0.00454545454545455 1.37471145504934 0.263780414720983 -0.972580557127137 1 2436.68 74.56 474.60341916037
0.00454545454545455 1.37471145504934 0.263780414720983 -0.972580557127137 1 2436.68 74.56 474.60341916037
0.00454545454545455 1.37471145504934 0.263780414720983 -0.972580557127137 1 2436.68 74.56 474.60341916037
0.00454545454545455 1.37471145504934 0.263780414720983 -0.972580557127137 1 2436.68 74.56 474.60341916037
0.00454545454545455 1.37471145504934 0.263780414720983 -0.972580557127137 1 2436.68 74.56 474.60341916037
0.00454545454545455 1.37471145504934 0.263780414720983 -0.972580557127137 1 2436.68 74.56 474.60341916037
0.00454545454545455 1.37471145504934 0.263780414720983 -0.972580557127137 1 2436.68 74.56 474.60341916037
0.00454545454545455 1.37471145504934 0.263780414720983 -0.972580557127137 1 2436.68 74.56 474.60341916037
0.00454545454545455 1.37471145504934 0.263780414720983 -0.972580557127137 1 2436.68 74.56 474.60341916037
0.00454545454545455 1.37471145504934 0.263780414720983 -0.972580557127137 1 2436.68 74.56 474.60341916037
0.00454545454545455 1.37471145504934 0.263780414720983 -0.972580557127137 1 2436.68 74.56 474.60341916037
0.00454545454545455 1.37471145504934 0.263780414720983 -0.972580557127137 1 2436.68 74.56 474.60341916037
0.00454545454545455 1.37471145504934 0.263780414720983 -0.972580557127137 1 2436.68 74.56 474.60341916037
0.00454545454545455 1.37471145504934 0.263780414720983 -0.972580557127137 1 2436.68 74.56 474.60341916037
0.00454545454545455 1.37471145504934 0.263780414720983 -0.972580557127137 1 2436.68 74.56 474.60341916037
0.00454545454545455 1.37471145504934 0.263780414720983 -0.972580557127137 1 2436.68 74.56 474.60341916037
0.00454545454545455 1.37471145504934 0.263780414720983 -0.972580557127137 1 2436.68 74.56 474.60341916037
0.00454545454545455 1.37471145504934 0.263780414720983 -0.972580557127137 1 2436.68 74.56 474.60341916037
0.00454545454545455 1.37471145504934 0.263780414720983 -0.972580557127137 1 2436.68 74.56 474.60341916037
0.00454545454545455 1.37471145504934 0.263780414720983 -0.972580557127137 1 2436.68 74.56 474.60341916037
0.00454545454545455 1.37471145504934 0.263780414720983 -0.972580557127137 1 2436.68 74.56 474.60341916037
0.00454545454545455 1.37471145504934 0.263780414720983 -0.972580557127137 1 2436.68 74.56 474.60341916037
0.00454545454545455 1.37471145504934 0.263780414720983 -0.972580557127137 1 2436.68 74.56 474.60341916037
0.00454545454545455 1.37471145504934 0.263780414720983 -0.972580557127137 1 2436.68 74.56 474.60341916037
0.00454545454545455 1.37471145504934 0.263780414720983 -0.972580557127137 1 2436.68 74.56 474.60341916037
0.00454545454545455 1.37471145504934 0.263780414720983 -0.972580557127137 1 2436.68 74.56 474.60341916037
0.00454545454545455 1.37471145504934 0.263780414720983 -0.972580557127137 1 2436.68 74.56 474.60341916037
0.00454545454545455 1.37471145504934 0.263780414720983 -0.972580557127137 1 2436.68 74.56 474.60341916037
0.00454545454545455 1.37471145504934 0.263780414720983 -0.972580557127137 1 2436.68 74.56 474.60341916037
0.00454545454545455 1.37471145504934 0.263780414720983 -0.972580557127137 1 2706.62 80.82 441.48796593418
0.00454545454545455 1.37471145504934 0.263780414720983 -0.972580557127137 1 2436.68 74.56 474.60341916037
0.00454545454545455 1.37471145504934 0.263780414720983 -0.972580557127137 1 2436.68 74.56 474.60341916037
0.00454545454545455 1.37471145504934 0.263780414720983 -0.972580557127137 1 2436.68 74.56 474.60341916037
0.00454545454545455 1.37471145504934 0.263780414720983 -0.972580557127137 1 2687.74 80.46 444.702444745446
0.00454545454545455 1.37471145504934 0.263780414720983 -0.972580557127137 1 2436.68 74.56 474.60341916037
0.00454545454545455 1.37471145504934 0.263780414720983 -0.972580557127137 1 2436.68 74.56 474.60341916037
0.00454545454545455 1.37471145504934 0.263780414720983 -0.972580557127137 1 2436.68 74.56 474.60341916037
0.00454545454545455 1.37471145504934 0.263780414720983 -0.972580557127137 1 2436.68 74.56 474.60341916037
0.00454545454545455 1.37471145504934 0.263780414720983 -0.972580557127137 1 2436.68 74.56 474.60341916037
0.00454545454545455 1.37471145504934 0.263780414720983 -0.972580557127137 1 2436.68 74.56 474.60341916037
0.00454545454545455 1.37471145504934 0.263780414720983 -0.972580557127137 1 2436.68 74.56 474.60341916037
0.00454545454545455 1.37471145504934 0.263780414720983 -0.972580557127137 1 2436.68 74.56 474.60341916037
0.00454545454545455 1.37471145504934 0.263780414720983 -0.972580557127137 1 2436.68 74.56 474.60341916037
0.00454545454545455 1.37471145504934 0.263780414720983 -0.972580557127137 1 2436.68 74.56 474.60341916037
0.00454545454545455 1.37471145504934 0.263780414720983 -0.972580557127137 1 2387.62 72.54 434.985340827104
0.00454545454545455 1.37471145504934 0.263780414720983 -0.972580557127137 1 2436.68 74.56 474.60341916037
0.00454545454545455 1.37471145504934 0.263780414720983 -0.972580557127137 1 2436.68 74.56 474.60341916037
0.00454545454545455 1.37471145504934 0.263780414720983 -0.972580557127137 1 2436.68 74.56 474.60341916037
0.00454545454545455 1.37471145504934 0.263780414720983 -0.972580557127137 1 2436.68 74.56 474.60341916037
0.00454545454545455 1.37471145504934 0.263780414720983 -0.972580557127137 1 2436.68 74.56 474.60341916037
0.00454545454545455 1.37471145504934 0.263780414720983 -0.972580557127137 1 2436.68 74.56 474.60341916037
0.00454545454545455 1.37471145504934 0.263780414720983 -0.972580557127137 1 2436.68 74.56 474.60341916037
0.00454545454545455 1.37471145504934 0.263780414720983 -0.972580557127137 1 2436.68 74.56 474.60341916037
0.00454545454545455 1.37471145504934 0.263780414720983 -0.972580557127137 1 2436.68 74.56 474.60341916037
0.00454545454545455 1.37471145504934 0.263780414720983 -0.972580557127137 1 2436.68 74.56 474.60341916037
0.00454545454545455 1.37471145504934 0.263780414720983 -0.972580557127137 1 2436.68 74.56 474.60341916037
0.00454545454545455 1.37471145504934 0.263780414720983 -0.972580557127137 1 2436.68 74.56 474.60341916037
0.00454545454545455 1.37471145504934 0.263780414720983 -0.972580557127137 1 2436.68 74.56 474.60341916037
0.00454545454545455 1.37471145504934 0.263780414720983 -0.972580557127137 1 2436.68 74.56 474.60341916037
0.00454545454545455 1.37471145504934 0.263780414720983 -0.972580557127137 1 2436.68 74.56 474.60341916037
0.00454545454545455 1.37471145504934 0.263780414720983 -0.972580557127137 1 2436.68 74.56 474.60341916037
0.00454545454545455 1.37471145504934 0.263780414720983 -0.972580557127137 1 2436.68 74.56 474.60341916037
0.00454545454545455 1.37471145504934 0.263780414720983 -0.972580557127137 1 2436.68 74.56 474.60341916037
0.00454545454545455 1.37471145504934 0.263780414720983 -0.972580557127137 1 2436.68 74.56 474.60341916037
0.00454545454545455 1.37471145504934 0.263780414720983 -0.972580557127137 1 2436.68 74.56 474.60341916037
0.00454545454545455 1.37471145504934 0.263780414720983 -0.972580557127137 1 2436.68 74.56 474.60341916037
0.00454545454545455 1.37471145504934 0.263780414720983 -0.972580557127137 1 2436.68 74.56 474.60341916037
0.00454545454545455 1.37471145504934 0.263780414720983 -0.972580557127137 1 2436.68 74.56 474.60341916037
0.00454545454545455 1.37471145504934 0.263780414720983 -0.972580557127137 1 2436.68 74.56 474.60341916037
0.00454545454545455 1.37471145504934 0.263780414720983 -0.972580557127137 1 2436.68 74.56 474.60341916037
0.00454545454545455 1.37471145504934 0.263780414720983 -0.972580557127137 1 2436.68 74.56 474.60341916037
0.00454545454545455 1.37471145504934 0.263780414720983 -0.972580557127137 1 2436.68 74.56 474.60341916037
0.00454545454545455 1.37471145504934 0.263780414720983 -0.972580557127137 1 2436.68 74.56 474.60341916037
0.00454545454545455 1.37471145504934 0.263780414720983 -0.972580557127137 1 2436.68 74.56 474.60341916037
0.00454545454545455 1.37471145504934 0.263780414720983 -0.972580557127137 1 2647.56 79.7 434.198999796092
0.00454545454545455 1.37471145504934 0.263780414720983 -0.972580557127137 1 2436.68 74.56 474.60341916037
0.00454545454545455 1.37471145504934 0.263780414720983 -0.972580557127137 1 2436.68 74.56 474.60341916037
0.00454545454545455 1.37471145504934 0.263780414720983 -0.972580557127137 1 2436.68 74.56 474.60341916037
0.00454545454545455 1.37471145504934 0.263780414720983 -0.972580557127137 1 2436.68 74.56 474.60341916037
0.00454545454545455 1.37471145504934 0.263780414720983 -0.972580557127137 1 2436.68 74.56 474.60341916037
0.00454545454545455 1.37471145504934 0.263780414720983 -0.972580557127137 1 2436.68 74.56 474.60341916037
0.00454545454545455 1.37471145504934 0.263780414720983 -0.972580557127137 1 2436.68 74.56 474.60341916037
0.00454545454545455 1.37471145504934 0.263780414720983 -0.972580557127137 1 2436.68 74.56 474.60341916037
0.00454545454545455 1.37471145504934 0.263780414720983 -0.972580557127137 1 2436.68 74.56 474.60341916037
0.00454545454545455 1.37471145504934 0.263780414720983 -0.972580557127137 1 2436.68 74.56 474.60341916037
0.00454545454545455 1.37471145504934 0.263780414720983 -0.972580557127137 1 2436.68 74.56 474.60341916037
0.00454545454545455 1.37471145504934 0.263780414720983 -0.972580557127137 1 2436.68 74.56 474.60341916037
0.00454545454545455 1.37471145504934 0.263780414720983 -0.972580557127137 1 2436.68 74.56 474.60341916037
0.00454545454545455 1.37471145504934 0.263780414720983 -0.972580557127137 1 2436.68 74.56 474.60341916037
0.00454545454545455 1.37471145504934 0.263780414720983 -0.972580557127137 1 2436.68 74.56 474.60341916037
0.00454545454545455 1.37471145504934 0.263780414720983 -0.972580557127137 1 2436.68 74.56 474.60341916037
0.00454545454545455 1.37471145504934 0.263780414720983 -0.972580557127137 1 2436.68 74.56 474.60341916037
0.00454545454545455 1.37471145504934 0.263780414720983 -0.972580557127137 1 2436.68 74.56 474.60341916037
0.00454545454545455 1.37471145504934 0.263780414720983 -0.972580557127137 1 2436.68 74.56 474.60341916037
0.00454545454545455 1.37471145504934 0.263780414720983 -0.972580557127137 1 2436.68 74.56 474.60341916037
0.00454545454545455 1.37471145504934 0.263780414720983 -0.972580557127137 1 2436.68 74.56 474.60341916037
0.00454545454545455 1.37471145504934 0.263780414720983 -0.972580557127137 1 2436.68 74.56 474.60341916037
0.00454545454545455 1.37471145504934 0.263780414720983 -0.972580557127137 1 2436.68 74.56 474.60341916037
0.00454545454545455 1.37471145504934 0.263780414720983 -0.972580557127137 1 2436.68 74.56 474.60341916037
