0.00454545454545455 1.37471145504934 0.263780414720983 -0.972580557127137 1 2436.68 74.56 474.60341916037
0.00454545454545455 1.36411040637856 0.227143204537693 -0.437479132082012 0.98 2602.63265306122 67.2857142857143 410.160260587993
0.00454545454545455 1.37325055502974 0.231314933784234 -0.372278129877831 0.98 2403.20408163265 60.4489795918367 451.625296101284
0.00454545454545455 1.37471145504934 0.263780414720983 -0.972580557127137 1 2436.68 74.56 474.60341916037
0.00454545454545455 1.43011515853968 0.274217115487238 0.237567877716057 1 2687.48 49.96 482.524605658978
0.00454545454545455 1.34459795757808 0.239999280600703 -0.46039549023424 1 2157.48 54.46 459.009425982061
0.00454545454545455 1.43011515853968 0.274217115487238 0.237567877716057 1 2687.48 49.96 482.524605658978
0.00454545454545455 1.43011515853968 0.274217115487238 0.237567877716057 1 2687.48 49.96 482.524605658978
0.00454545454545455 1.4492668140118 0.338038195659147 -0.434114115327835 1 2353.56 55.58 473.431401285771
0.00454545454545455 1.4492668140118 0.338038195659147 -0.434114115327835 1 2353.56 55.58 473.431401285771
0.00454545454545455 1.37325055502974 0.231314933784234 -0.372278129877831 0.98 2403.20408163265 60.4489795918367 451.625296101284
0.00454545454545455 1.48808788743786 0.376327038552794 -0.296157973110953 1 2734.06 60.1 497.225875130206
0.00454545454545455 1.39993969468809 0.319469123274424 -0.727555081731257 0.98 2204.44897959184 57.9183673469388 446.181904672379
0.00454545454545455 1.45936090543521 0.339834328178371 -0.178044758997993 1 2701.54 56.82 497.528235505595
0.00454545454545455 1.37325055502974 0.231314933784234 -0.372278129877831 0.98 2403.20408163265 60.4489795918367 451.625296101284
0.00454545454545455 1.39600366846138 0.295970799782232 -0.508661766335456 1 2415.36 60.42 490.896681096736
0.00454545454545455 1.37325055502974 0.231314933784234 -0.372278129877831 0.98 2403.20408163265 60.4489795918367 451.625296101284
0.00454545454545455 1.36411040637856 0.227143204537693 -0.437479132082012 0.98 2602.63265306122 67.2857142857143 410.160260587993
0.00454545454545455 1.37471145504934 0.263780414720983 -0.972580557127137 1 2436.68 74.56 474.60341916037
0.00454545454545455 1.43011515853968 0.274217115487238 0.237567877716057 1 2687.48 49.96 482.524605658978
0.00454545454545455 1.4492668140118 0.338038195659147 -0.434114115327835 1 2353.56 55.58 473.431401285771
0.00454545454545455 1.45074598260591 0.311685711093685 -0.480856611373758 1 3078.72 76.86 504.016908229487
0.00454545454545455 1.34459795757808 0.239999280600703 -0.46039549023424 1 2157.48 54.46 459.009425982061
0.00454545454545455 1.37325055502974 0.231314933784234 -0.372278129877831 0.98 2403.20408163265 60.4489795918367 451.625296101284
0.00454545454545455 1.43011515853968 0.274217115487238 0.237567877716057 1 2687.48 49.96 482.524605658978
0.00454545454545455 1.43011515853968 0.274217115487238 0.237567877716057 1 2687.48 49.96 482.524605658978
0.00454545454545455 1.4492668140118 0.338038195659147 -0.434114115327835 1 2353.56 55.58 473.431401285771
0.00454545454545455 1.45936090543521 0.339834328178371 -0.178044758997993 1 2701.54 56.82 497.528235505595
0.00454545454545455 1.37325055502974 0.231314933784234 -0.372278129877831 0.98 2403.20408163265 60.4489795918367 451.625296101284
0.00454545454545455 1.37471145504934 0.263780414720983 -0.972580557127137 1 2436.68 74.56 474.60341916037
0.00454545454545455 1.43011515853968 0.274217115487238 0.237567877716057 1 2687.48 49.96 482.524605658978
0.00454545454545455 1.37325055502974 0.231314933784234 -0.372278129877831 0.98 2403.20408163265 60.4489795918367 451.625296101284
0.00454545454545455 1.45185889022563 0.328272120417823 -0.234074931742592 1 2562.74 57.46 474.552869154638
0.00454545454545455 1.43011515853968 0.274217115487238 0.237567877716057 1 2687.48 49.96 482.524605658978
0.00454545454545455 1.45936090543521 0.339834328178371 -0.178044758997993 1 2701.54 56.82 497.528235505595
0.00454545454545455 1.39993969468809 0.319469123274424 -0.727555081731257 0.98 2204.44897959184 57.9183673469388 446.181904672379
0.00454545454545455 1.37471145504934 0.263780414720983 -0.972580557127137 1 2436.68 74.56 474.60341916037
0.00454545454545455 1.39600366846138 0.295970799782232 -0.508661766335456 1 2415.36 60.42 490.896681096736
0.00454545454545455 1.45074598260591 0.311685711093685 -0.480856611373758 1 3078.72 76.86 504.016908229487
0.00454545454545455 1.37325055502974 0.231314933784234 -0.372278129877831 0.98 2403.20408163265 60.4489795918367 451.625296101284
0.00454545454545455 1.37325055502974 0.231314933784234 -0.372278129877831 0.98 2403.20408163265 60.4489795918367 451.625296101284
0.00454545454545455 1.37325055502974 0.231314933784234 -0.372278129877831 0.98 2403.20408163265 60.4489795918367 451.625296101284
0.00454545454545455 1.39600366846138 0.295970799782232 -0.508661766335456 1 2415.36 60.42 490.896681096736
0.00454545454545455 1.45936090543521 0.339834328178371 -0.178044758997993 1 2701.54 56.82 497.528235505595
0.00454545454545455 1.37325055502974 0.231314933784234 -0.372278129877831 0.98 2403.20408163265 60.4489795918367 451.625296101284
0.00454545454545455 1.43011515853968 0.274217115487238 0.237567877716057 1 2687.48 49.96 482.524605658978
0.00454545454545455 1.4492668140118 0.338038195659147 -0.434114115327835 1 2353.56 55.58 473.431401285771
0.00454545454545455 1.37325055502974 0.231314933784234 -0.372278129877831 0.98 2403.20408163265 60.4489795918367 451.625296101284
0.00454545454545455 1.39014335240707 0.329485096180436 -0.84994702484301 1 1818.88 49.24 445.34656639026
0.00454545454545455 1.45074598260591 0.311685711093685 -0.480856611373758 1 3078.72 76.86 504.016908229487
0.00454545454545455 1.37325055502974 0.231314933784234 -0.372278129877831 0.98 2403.20408163265 60.4489795918367 451.625296101284
0.00454545454545455 1.46561943531034 0.383643224374122 -0.891915417371473 1 2307.2 63.26 487.640422405239
0.00454545454545455 1.48808788743786 0.376327038552794 -0.296157973110953 1 2734.06 60.1 497.225875130206
0.00454545454545455 1.43011515853968 0.274217115487238 0.237567877716057 1 2687.48 49.96 482.524605658978
0.00454545454545455 1.37325055502974 0.231314933784234 -0.372278129877831 0.98 2403.20408163265 60.4489795918367 451.625296101284
0.00454545454545455 1.37325055502974 0.231314933784234 -0.372278129877831 0.98 2403.20408163265 60.4489795918367 451.625296101284
0.00454545454545455 1.37471145504934 0.263780414720983 -0.972580557127137 1 2436.68 74.56 474.60341916037
0.00454545454545455 1.43157096528716 0.302464165323348 -0.763627935254963 1 3331.72 95.7 476.816884951758
0.00454545454545455 1.48808788743786 0.376327038552794 -0.296157973110953 1 2734.06 60.1 497.225875130206
0.00454545454545455 1.48808788743786 0.376327038552794 -0.296157973110953 1 2734.06 60.1 497.225875130206
0.00454545454545455 1.36411040637856 0.227143204537693 -0.437479132082012 0.98 2602.63265306122 67.2857142857143 410.160260587993
0.00454545454545455 1.36411040637856 0.227143204537693 -0.437479132082012 0.98 2602.63265306122 67.2857142857143 410.160260587993
0.00454545454545455 1.39600366846138 0.295970799782232 -0.508661766335456 1 2415.36 60.42 490.896681096736
0.00454545454545455 1.4492668140118 0.338038195659147 -0.434114115327835 1 2353.56 55.58 473.431401285771
0.00454545454545455 1.4492668140118 0.338038195659147 -0.434114115327835 1 2353.56 55.58 473.431401285771
0.00454545454545455 1.45936090543521 0.339834328178371 -0.178044758997993 1 2701.54 56.82 497.528235505595
0.00454545454545455 1.37325055502974 0.231314933784234 -0.372278129877831 0.98 2403.20408163265 60.4489795918367 451.625296101284
0.00454545454545455 1.4492668140118 0.338038195659147 -0.434114115327835 1 2353.56 55.58 473.431401285771
0.00454545454545455 1.48808788743786 0.376327038552794 -0.296157973110953 1 2734.06 60.1 497.225875130206
0.00454545454545455 1.4492668140118 0.338038195659147 -0.434114115327835 1 2353.56 55.58 473.431401285771
0.00454545454545455 1.43011515853968 0.274217115487238 0.237567877716057 1 2687.48 49.96 482.524605658978
0.00454545454545455 1.48808788743786 0.376327038552794 -0.296157973110953 1 2734.06 60.1 497.225875130206
0.00454545454545455 1.4492668140118 0.338038195659147 -0.434114115327835 1 2353.56 55.58 473.431401285771
0.00454545454545455 1.37325055502974 0.231314933784234 -0.372278129877831 0.98 2403.20408163265 60.4489795918367 451.625296101284
0.00454545454545455 1.37325055502974 0.231314933784234 -0.372278129877831 0.98 2403.20408163265 60.4489795918367 451.625296101284
0.00454545454545455 1.4492668140118 0.338038195659147 -0.434114115327835 1 2353.56 55.58 473.431401285771
0.00454545454545455 1.37325055502974 0.231314933784234 -0.372278129877831 0.98 2403.20408163265 60.4489795918367 451.625296101284
0.00454545454545455 1.37325055502974 0.231314933784234 -0.372278129877831 0.98 2403.20408163265 60.4489795918367 451.625296101284
0.00454545454545455 1.38631973100095 0.25894221789004 -0.0404297464729296 1 2420.82 51.92 470.986955242097
0.00454545454545455 1.37325055502974 0.231314933784234 -0.372278129877831 0.98 2403.20408163265 60.4489795918367 451.625296101284
0.00454545454545455 1.43011515853968 0.274217115487238 0.237567877716057 1 2687.48 49.96 482.524605658978
0.00454545454545455 1.37325055502974 0.231314933784234 -0.372278129877831 0.98 2403.20408163265 60.4489795918367 451.625296101284
0.00454545454545455 1.39600366846138 0.295970799782232 -0.508661766335456 1 2415.36 60.42 490.896681096736
0.00454545454545455 1.37325055502974 0.231314933784234 -0.372278129877831 0.98 2403.20408163265 60.4489795918367 451.625296101284
0.00454545454545455 1.37325055502974 0.231314933784234 -0.372278129877831 0.98 2403.20408163265 60.4489795918367 451.625296101284
0.00454545454545455 1.4492668140118 0.338038195659147 -0.434114115327835 1 2353.56 55.58 473.431401285771
0.00454545454545455 1.48808788743786 0.376327038552794 -0.296157973110953 1 2734.06 60.1 497.225875130206
0.00454545454545455 1.48808788743786 0.376327038552794 -0.296157973110953 1 2734.06 60.1 497.225875130206
0.00454545454545455 1.48808788743786 0.376327038552794 -0.296157973110953 1 2734.06 60.1 497.225875130206
0.00454545454545455 1.37325055502974 0.231314933784234 -0.372278129877831 0.98 2403.20408163265 60.4489795918367 451.625296101284
0.00454545454545455 1.37325055502974 0.231314933784234 -0.372278129877831 0.98 2403.20408163265 60.4489795918367 451.625296101284
0.00454545454545455 1.4492668140118 0.338038195659147 -0.434114115327835 1 2353.56 55.58 473.431401285771
0.00454545454545455 1.39993969468809 0.319469123274424 -0.727555081731257 0.98 2204.44897959184 57.9183673469388 446.181904672379
0.00454545454545455 1.37325055502974 0.231314933784234 -0.372278129877831 0.98 2403.20408163265 60.4489795918367 451.625296101284
0.00454545454545455 1.48808788743786 0.376327038552794 -0.296157973110953 1 2734.06 60.1 497.225875130206
0.00454545454545455 1.38631973100095 0.25894221789004 -0.0404297464729296 1 2420.82 51.92 470.986955242097
0.00454545454545455 1.48808788743786 0.376327038552794 -0.296157973110953 1 2734.06 60.1 497.225875130206
0.00454545454545455 1.37325055502974 0.231314933784234 -0.372278129877831 0.98 2403.20408163265 60.4489795918367 451.625296101284
0.00454545454545455 1.37325055502974 0.231314933784234 -0.372278129877831 0.98 2403.20408163265 60.4489795918367 451.625296101284
0.00454545454545455 1.37325055502974 0.231314933784234 -0.372278129877831 0.98 2403.20408163265 60.4489795918367 451.625296101284
0.00454545454545455 1.48808788743786 0.376327038552794 -0.296157973110953 1 2734.06 60.1 497.225875130206
0.00454545454545455 1.36411040637856 0.227143204537693 -0.437479132082012 0.98 2602.63265306122 67.2857142857143 410.160260587993
0.00454545454545455 1.45936090543521 0.339834328178371 -0.178044758997993 1 2701.54 56.82 497.528235505595
0.00454545454545455 1.41488137214497 0.292993621564882 -0.833883958517423 1 2753.78 78.02 470.882098438617
0.00454545454545455 1.4492668140118 0.338038195659147 -0.434114115327835 1 2353.56 55.58 473.431401285771
0.00454545454545455 1.39600366846138 0.295970799782232 -0.508661766335456 1 2415.36 60.42 490.896681096736
0.00454545454545455 1.4492668140118 0.338038195659147 -0.434114115327835 1 2353.56 55.58 473.431401285771
0.00454545454545455 1.4492668140118 0.338038195659147 -0.434114115327835 1 2353.56 55.58 473.431401285771
0.00454545454545455 1.37325055502974 0.231314933784234 -0.372278129877831 0.98 2403.20408163265 60.4489795918367 451.625296101284
0.00454545454545455 1.4492668140118 0.338038195659147 -0.434114115327835 1 2353.56 55.58 473.431401285771
0.00454545454545455 1.45936090543521 0.339834328178371 -0.178044758997993 1 2701.54 56.82 497.528235505595
0.00454545454545455 1.48808788743786 0.376327038552794 -0.296157973110953 1 2734.06 60.1 497.225875130206
0.00454545454545455 1.4492668140118 0.338038195659147 -0.434114115327835 1 2353.56 55.58 473.431401285771
0.00454545454545455 1.43011515853968 0.274217115487238 0.237567877716057 1 2687.48 49.96 482.524605658978
0.00454545454545455 1.48808788743786 0.376327038552794 -0.296157973110953 1 2734.06 60.1 497.225875130206
0.00454545454545455 1.43011515853968 0.274217115487238 0.237567877716057 1 2687.48 49.96 482.524605658978
0.00454545454545455 1.37325055502974 0.231314933784234 -0.372278129877831 0.98 2403.20408163265 60.4489795918367 451.625296101284
0.00454545454545455 1.37325055502974 0.231314933784234 -0.372278129877831 0.98 2403.20408163265 60.4489795918367 451.625296101284
0.00454545454545455 1.48808788743786 0.376327038552794 -0.296157973110953 1 2734.06 60.1 497.225875130206
0.00454545454545455 1.43011515853968 0.274217115487238 0.237567877716057 1 2687.48 49.96 482.524605658978
0.00454545454545455 1.37325055502974 0.231314933784234 -0.372278129877831 0.98 2403.20408163265 60.4489795918367 451.625296101284
0.00454545454545455 1.43011515853968 0.274217115487238 0.237567877716057 1 2687.48 49.96 482.524605658978
0.00454545454545455 1.37325055502974 0.231314933784234 -0.372278129877831 0.98 2403.20408163265 60.4489795918367 451.625296101284
0.00454545454545455 1.45074598260591 0.311685711093685 -0.480856611373758 1 3078.72 76.86 504.016908229487
0.00454545454545455 1.43011515853968 0.274217115487238 0.237567877716057 1 2687.48 49.96 482.524605658978
0.00454545454545455 1.48808788743786 0.376327038552794 -0.296157973110953 1 2734.06 60.1 497.225875130206
0.00454545454545455 1.43011515853968 0.274217115487238 0.237567877716057 1 2687.48 49.96 482.524605658978
0.00454545454545455 1.37325055502974 0.231314933784234 -0.372278129877831 0.98 2403.20408163265 60.4489795918367 451.625296101284
0.00454545454545455 1.48808788743786 0.376327038552794 -0.296157973110953 1 2734.06 60.1 497.225875130206
0.00454545454545455 1.45074598260591 0.311685711093685 -0.480856611373758 1 3078.72 76.86 504.016908229487
0.00454545454545455 1.48808788743786 0.376327038552794 -0.296157973110953 1 2734.06 60.1 497.225875130206
0.00454545454545455 1.45936090543521 0.339834328178371 -0.178044758997993 1 2701.54 56.82 497.528235505595
0.00454545454545455 1.37325055502974 0.231314933784234 -0.372278129877831 0.98 2403.20408163265 60.4489795918367 451.625296101284
0.00454545454545455 1.39600366846138 0.295970799782232 -0.508661766335456 1 2415.36 60.42 490.896681096736
0.00454545454545455 1.43011515853968 0.274217115487238 0.237567877716057 1 2687.48 49.96 482.524605658978
0.00454545454545455 1.45936090543521 0.339834328178371 -0.178044758997993 1 2701.54 56.82 497.528235505595
0.00454545454545455 1.43011515853968 0.274217115487238 0.237567877716057 1 2687.48 49.96 482.524605658978
0.00454545454545455 1.4492668140118 0.338038195659147 -0.434114115327835 1 2353.56 55.58 473.431401285771
0.00454545454545455 1.43011515853968 0.274217115487238 0.237567877716057 1 2687.48 49.96 482.524605658978
0.00454545454545455 1.37325055502974 0.231314933784234 -0.372278129877831 0.98 2403.20408163265 60.4489795918367 451.625296101284
0.00454545454545455 1.39600366846138 0.295970799782232 -0.508661766335456 1 2415.36 60.42 490.896681096736
0.00454545454545455 1.4492668140118 0.338038195659147 -0.434114115327835 1 2353.56 55.58 473.431401285771
0.00454545454545455 1.45074598260591 0.311685711093685 -0.480856611373758 1 3078.72 76.86 504.016908229487
0.00454545454545455 1.48808788743786 0.376327038552794 -0.296157973110953 1 2734.06 60.1 497.225875130206
0.00454545454545455 1.37471145504934 0.263780414720983 -0.972580557127137 1 2436.68 74.56 474.60341916037
0.00454545454545455 1.43011515853968 0.274217115487238 0.237567877716057 1 2687.48 49.96 482.524605658978
0.00454545454545455 1.43011515853968 0.274217115487238 0.237567877716057 1 2687.48 49.96 482.524605658978
0.00454545454545455 1.34459795757808 0.239999280600703 -0.46039549023424 1 2157.48 54.46 459.009425982061
0.00454545454545455 1.43011515853968 0.274217115487238 0.237567877716057 1 2687.48 49.96 482.524605658978
0.00454545454545455 1.41488137214497 0.292993621564882 -0.833883958517423 1 2753.78 78.02 470.882098438617
0.00454545454545455 1.4492668140118 0.338038195659147 -0.434114115327835 1 2353.56 55.58 473.431401285771
0.00454545454545455 1.4492668140118 0.338038195659147 -0.434114115327835 1 2353.56 55.58 473.431401285771
0.00454545454545455 1.43157096528716 0.302464165323348 -0.763627935254963 1 3331.72 95.7 476.816884951758
0.00454545454545455 1.43011515853968 0.274217115487238 0.237567877716057 1 2687.48 49.96 482.524605658978
0.00454545454545455 1.37325055502974 0.231314933784234 -0.372278129877831 0.98 2403.20408163265 60.4489795918367 451.625296101284
0.00454545454545455 1.43157096528716 0.302464165323348 -0.763627935254963 1 3331.72 95.7 476.816884951758
0.00454545454545455 1.39600366846138 0.295970799782232 -0.508661766335456 1 2415.36 60.42 490.896681096736
0.00454545454545455 1.39600366846138 0.295970799782232 -0.508661766335456 1 2415.36 60.42 490.896681096736
0.00454545454545455 1.37325055502974 0.231314933784234 -0.372278129877831 0.98 2403.20408163265 60.4489795918367 451.625296101284
0.00454545454545455 1.37325055502974 0.231314933784234 -0.372278129877831 0.98 2403.20408163265 60.4489795918367 451.625296101284
0.00454545454545455 1.37325055502974 0.231314933784234 -0.372278129877831 0.98 2403.20408163265 60.4489795918367 451.625296101284
0.00454545454545455 1.4492668140118 0.338038195659147 -0.434114115327835 1 2353.56 55.58 473.431401285771
0.00454545454545455 1.37471145504934 0.263780414720983 -0.972580557127137 1 2436.68 74.56 474.60341916037
0.00454545454545455 1.37325055502974 0.231314933784234 -0.372278129877831 0.98 2403.20408163265 60.4489795918367 451.625296101284
0.00454545454545455 1.4492668140118 0.338038195659147 -0.434114115327835 1 2353.56 55.58 473.431401285771
0.00454545454545455 1.43011515853968 0.274217115487238 0.237567877716057 1 2687.48 49.96 482.524605658978
0.00454545454545455 1.43011515853968 0.274217115487238 0.237567877716057 1 2687.48 49.96 482.524605658978
0.00454545454545455 1.37325055502974 0.231314933784234 -0.372278129877831 0.98 2403.20408163265 60.4489795918367 451.625296101284
0.00454545454545455 1.43011515853968 0.274217115487238 0.237567877716057 1 2687.48 49.96 482.524605658978
0.00454545454545455 1.48808788743786 0.376327038552794 -0.296157973110953 1 2734.06 60.1 497.225875130206
0.00454545454545455 1.4492668140118 0.338038195659147 -0.434114115327835 1 2353.56 55.58 473.431401285771
0.00454545454545455 1.48808788743786 0.376327038552794 -0.296157973110953 1 2734.06 60.1 497.225875130206
0.00454545454545455 1.43011515853968 0.274217115487238 0.237567877716057 1 2687.48 49.96 482.524605658978
0.00454545454545455 1.43011515853968 0.274217115487238 0.237567877716057 1 2687.48 49.96 482.524605658978
0.00454545454545455 1.45185889022563 0.328272120417823 -0.234074931742592 1 2562.74 57.46 474.552869154638
0.00454545454545455 1.37325055502974 0.231314933784234 -0.372278129877831 0.98 2403.20408163265 60.4489795918367 451.625296101284
0.00454545454545455 1.37868991785159 0.253585414700588 -0.900616238496144 1 2976.64 88.14 492.641791628272
0.00454545454545455 1.37325055502974 0.231314933784234 -0.372278129877831 0.98 2403.20408163265 60.4489795918367 451.625296101284
0.00454545454545455 1.48808788743786 0.376327038552794 -0.296157973110953 1 2734.06 60.1 497.225875130206
0.00454545454545455 1.43011515853968 0.274217115487238 0.237567877716057 1 2687.48 49.96 482.524605658978
0.00454545454545455 1.37471145504934 0.263780414720983 -0.972580557127137 1 2436.68 74.56 474.60341916037
0.00454545454545455 1.43011515853968 0.274217115487238 0.237567877716057 1 2687.48 49.96 482.524605658978
0.00454545454545455 1.37325055502974 0.231314933784234 -0.372278129877831 0.98 2403.20408163265 60.4489795918367 451.625296101284
0.00454545454545455 1.39600366846138 0.295970799782232 -0.508661766335456 1 2415.36 60.42 490.896681096736
0.00454545454545455 1.4492668140118 0.338038195659147 -0.434114115327835 1 2353.56 55.58 473.431401285771
0.00454545454545455 1.37325055502974 0.231314933784234 -0.372278129877831 0.98 2403.20408163265 60.4489795918367 451.625296101284
0.00454545454545455 1.37325055502974 0.231314933784234 -0.372278129877831 0.98 2403.20408163265 60.4489795918367 451.625296101284
0.00454545454545455 1.43011515853968 0.274217115487238 0.237567877716057 1 2687.48 49.96 482.524605658978
0.00454545454545455 1.4400058813647 0.263010759392189 -0.0757709950231115 1 3360.1 72.76 474.555338419475
0.00454545454545455 1.43011515853968 0.274217115487238 0.237567877716057 1 2687.48 49.96 482.524605658978
0.00454545454545455 1.39600366846138 0.295970799782232 -0.508661766335456 1 2415.36 60.42 490.896681096736
0.00454545454545455 1.45936090543521 0.339834328178371 -0.178044758997993 1 2701.54 56.82 497.528235505595
0.00454545454545455 1.37325055502974 0.231314933784234 -0.372278129877831 0.98 2403.20408163265 60.4489795918367 451.625296101284
0.00454545454545455 1.37471145504934 0.263780414720983 -0.972580557127137 1 2436.68 74.56 474.60341916037
0.00454545454545455 1.45936090543521 0.339834328178371 -0.178044758997993 1 2701.54 56.82 497.528235505595
0.00454545454545455 1.34459795757808 0.239999280600703 -0.46039549023424 1 2157.48 54.46 459.009425982061
0.00454545454545455 1.4492668140118 0.338038195659147 -0.434114115327835 1 2353.56 55.58 473.431401285771
0.00454545454545455 1.48808788743786 0.376327038552794 -0.296157973110953 1 2734.06 60.1 497.225875130206
0.00454545454545455 1.48808788743786 0.376327038552794 -0.296157973110953 1 2734.06 60.1 497.225875130206
0.00454545454545455 1.37325055502974 0.231314933784234 -0.372278129877831 0.98 2403.20408163265 60.4489795918367 451.625296101284
0.00454545454545455 1.37325055502974 0.231314933784234 -0.372278129877831 0.98 2403.20408163265 60.4489795918367 451.625296101284
0.00454545454545455 1.37471145504934 0.263780414720983 -0.972580557127137 1 2436.68 74.56 474.60341916037
0.00454545454545455 1.39600366846138 0.295970799782232 -0.508661766335456 1 2415.36 60.42 490.896681096736
0.00454545454545455 1.4492668140118 0.338038195659147 -0.434114115327835 1 2353.56 55.58 473.431401285771
0.00454545454545455 1.43011515853968 0.274217115487238 0.237567877716057 1 2687.48 49.96 482.524605658978
0.00454545454545455 1.37325055502974 0.231314933784234 -0.372278129877831 0.98 2403.20408163265 60.4489795918367 451.625296101284
0.00454545454545455 1.37471145504934 0.263780414720983 -0.972580557127137 1 2436.68 74.56 474.60341916037
0.00454545454545455 1.43011515853968 0.274217115487238 0.237567877716057 1 2687.48 49.96 482.524605658978
0.00454545454545455 1.37325055502974 0.231314933784234 -0.372278129877831 0.98 2403.20408163265 60.4489795918367 451.625296101284
0.00454545454545455 1.37325055502974 0.231314933784234 -0.372278129877831 0.98 2403.20408163265 60.4489795918367 451.625296101284
0.00454545454545455 1.43011515853968 0.274217115487238 0.237567877716057 1 2687.48 49.96 482.524605658978
0.00454545454545455 1.48808788743786 0.376327038552794 -0.296157973110953 1 2734.06 60.1 497.225875130206
0.00454545454545455 1.4492668140118 0.338038195659147 -0.434114115327835 1 2353.56 55.58 473.431401285771
0.00454545454545455 1.38631973100095 0.25894221789004 -0.0404297464729296 1 2420.82 51.92 470.986955242097
0.00454545454545455 1.4400058813647 0.263010759392189 -0.0757709950231115 1 3360.1 72.76 474.555338419475
0.00454545454545455 1.45936090543521 0.339834328178371 -0.178044758997993 1 2701.54 56.82 497.528235505595
0.00454545454545455 1.48808788743786 0.376327038552794 -0.296157973110953 1 2734.06 60.1 497.225875130206
0.00454545454545455 1.43011515853968 0.274217115487238 0.237567877716057 1 2687.48 49.96 482.524605658978
0.00454545454545455 1.37471145504934 0.263780414720983 -0.972580557127137 1 2436.68 74.56 474.60341916037
0.00454545454545455 1.34459795757808 0.239999280600703 -0.46039549023424 1 2157.48 54.46 459.009425982061
