0.00454545454545455 1.37471145504934 0.263780414720983 -0.972580557127137 1 2436.68 74.56 474.60341916037
0.00454545454545455 1.47614831124818 0.379243600610762 -0.490335884629103 1 2477.5 57.78 476.799159516003
0.00454545454545455 1.41488137214497 0.292993621564882 -0.833883958517423 1 2753.78 78.02 470.882098438617
0.00454545454545455 1.37471145504934 0.263780414720983 -0.972580557127137 1 2436.68 74.56 474.60341916037
0.00454545454545455 1.37471145504934 0.263780414720983 -0.972580557127137 1 2436.68 74.56 474.60341916037
0.00454545454545455 1.37471145504934 0.263780414720983 -0.972580557127137 1 2436.68 74.56 474.60341916037
0.00454545454545455 1.37471145504934 0.263780414720983 -0.972580557127137 1 2436.68 74.56 474.60341916037
0.00454545454545455 1.41488137214497 0.292993621564882 -0.833883958517423 1 2753.78 78.02 470.882098438617
0.00454545454545455 1.34459795757808 0.239999280600703 -0.46039549023424 1 2157.48 54.46 459.009425982061
0.00454545454545455 1.37471145504934 0.263780414720983 -0.972580557127137 1 2436.68 74.56 474.60341916037
0.00454545454545455 1.37471145504934 0.263780414720983 -0.972580557127137 1 2436.68 74.56 474.60341916037
0.00454545454545455 1.34459795757808 0.239999280600703 -0.46039549023424 1 2157.48 54.46 459.009425982061
0.00454545454545455 1.41488137214497 0.292993621564882 -0.833883958517423 1 2753.78 78.02 470.882098438617
0.00454545454545455 1.45185889022563 0.328272120417823 -0.234074931742592 1 2562.74 57.46 474.552869154638
0.00454545454545455 1.37471145504934 0.263780414720983 -0.972580557127137 1 2436.68 74.56 474.60341916037
0.00454545454545455 1.45185889022563 0.328272120417823 -0.234074931742592 1 2562.74 57.46 474.552869154638
0.00454545454545455 1.45185889022563 0.328272120417823 -0.234074931742592 1 2562.74 57.46 474.552869154638
0.00454545454545455 1.37471145504934 0.263780414720983 -0.972580557127137 1 2436.68 74.56 474.60341916037
0.00454545454545455 1.37471145504934 0.263780414720983 -0.972580557127137 1 2436.68 74.56 474.60341916037
0.00454545454545455 1.47614831124818 0.379243600610762 -0.490335884629103 1 2477.5 57.78 476.799159516003
0.00454545454545455 1.41718087915451 0.270067172499449 -0.152978718960581 1 2979.54 66.32 462.049154669002
0.00454545454545455 1.37471145504934 0.263780414720983 -0.972580557127137 1 2436.68 74.56 474.60341916037
0.00454545454545455 1.37471145504934 0.263780414720983 -0.972580557127137 1 2436.68 74.56 474.60341916037
0.00454545454545455 1.37471145504934 0.263780414720983 -0.972580557127137 1 2436.68 74.56 474.60341916037
0.00454545454545455 1.45185889022563 0.328272120417823 -0.234074931742592 1 2562.74 57.46 474.552869154638
0.00454545454545455 1.37471145504934 0.263780414720983 -0.972580557127137 1 2436.68 74.56 474.60341916037
0.00454545454545455 1.45185889022563 0.328272120417823 -0.234074931742592 1 2562.74 57.46 474.552869154638
0.00454545454545455 1.37471145504934 0.263780414720983 -0.972580557127137 1 2436.68 74.56 474.60341916037
0.00454545454545455 1.41488137214497 0.292993621564882 -0.833883958517423 1 2753.78 78.02 470.882098438617
0.00454545454545455 1.45185889022563 0.328272120417823 -0.234074931742592 1 2562.74 57.46 474.552869154638
0.00454545454545455 1.37471145504934 0.263780414720983 -0.972580557127137 1 2436.68 74.56 474.60341916037
0.00454545454545455 1.34459795757808 0.239999280600703 -0.46039549023424 1 2157.48 54.46 459.009425982061
0.00454545454545455 1.37471145504934 0.263780414720983 -0.972580557127137 1 2436.68 74.56 474.60341916037
0.00454545454545455 1.37471145504934 0.263780414720983 -0.972580557127137 1 2436.68 74.56 474.60341916037
0.00454545454545455 1.37471145504934 0.263780414720983 -0.972580557127137 1 2436.68 74.56 474.60341916037
0.00454545454545455 1.37471145504934 0.263780414720983 -0.972580557127137 1 2436.68 74.56 474.60341916037
0.00454545454545455 1.37471145504934 0.263780414720983 -0.972580557127137 1 2436.68 74.56 474.60341916037
0.00454545454545455 1.4390683330774 0.28801097989178 -0.405421970345801 1 3240.74 78.88 453.359032855335
0.00454545454545455 1.45075483271184 0.33715439824908 -0.383557919980275 1 2920.76 68.42 483.978277508359
0.00454545454545455 1.37471145504934 0.263780414720983 -0.972580557127137 1 2436.68 74.56 474.60341916037
0.00454545454545455 1.41736996855947 0.301202340277249 -0.418573734569439 1 2346.48 55.56 466.741357953019
0.00454545454545455 1.34459795757808 0.239999280600703 -0.46039549023424 1 2157.48 54.46 459.009425982061
0.00454545454545455 1.37471145504934 0.263780414720983 -0.972580557127137 1 2436.68 74.56 474.60341916037
0.00454545454545455 1.34459795757808 0.239999280600703 -0.46039549023424 1 2157.48 54.46 459.009425982061
0.00454545454545455 1.46561943531034 0.383643224374122 -0.891915417371473 1 2307.2 63.26 487.640422405239
0.00454545454545455 1.34459795757808 0.239999280600703 -0.46039549023424 1 2157.48 54.46 459.009425982061
0.00454545454545455 1.37471145504934 0.263780414720983 -0.972580557127137 1 2436.68 74.56 474.60341916037
0.00454545454545455 1.34459795757808 0.239999280600703 -0.46039549023424 1 2157.48 54.46 459.009425982061
0.00454545454545455 1.37471145504934 0.263780414720983 -0.972580557127137 1 2436.68 74.56 474.60341916037
0.00454545454545455 1.37471145504934 0.263780414720983 -0.972580557127137 1 2436.68 74.56 474.60341916037
0.00454545454545455 1.45075483271184 0.33715439824908 -0.383557919980275 1 2920.76 68.42 483.978277508359
0.00454545454545455 1.46561943531034 0.383643224374122 -0.891915417371473 1 2307.2 63.26 487.640422405239
0.00454545454545455 1.34459795757808 0.239999280600703 -0.46039549023424 1 2157.48 54.46 459.009425982061
0.00454545454545455 1.37471145504934 0.263780414720983 -0.972580557127137 1 2436.68 74.56 474.60341916037
0.00454545454545455 1.34459795757808 0.239999280600703 -0.46039549023424 1 2157.48 54.46 459.009425982061
0.00454545454545455 1.34459795757808 0.239999280600703 -0.46039549023424 1 2157.48 54.46 459.009425982061
0.00454545454545455 1.37471145504934 0.263780414720983 -0.972580557127137 1 2436.68 74.56 474.60341916037
0.00454545454545455 1.46561943531034 0.383643224374122 -0.891915417371473 1 2307.2 63.26 487.640422405239
0.00454545454545455 1.37471145504934 0.263780414720983 -0.972580557127137 1 2436.68 74.56 474.60341916037
0.00454545454545455 1.45185889022563 0.328272120417823 -0.234074931742592 1 2562.74 57.46 474.552869154638
0.00454545454545455 1.37471145504934 0.263780414720983 -0.972580557127137 1 2436.68 74.56 474.60341916037
0.00454545454545455 1.37471145504934 0.263780414720983 -0.972580557127137 1 2436.68 74.56 474.60341916037
0.00454545454545455 1.47614831124818 0.379243600610762 -0.490335884629103 1 2477.5 57.78 476.799159516003
0.00454545454545455 1.45185889022563 0.328272120417823 -0.234074931742592 1 2562.74 57.46 474.552869154638
0.00454545454545455 1.37471145504934 0.263780414720983 -0.972580557127137 1 2436.68 74.56 474.60341916037
0.00454545454545455 1.37471145504934 0.263780414720983 -0.972580557127137 1 2436.68 74.56 474.60341916037
0.00454545454545455 1.34459795757808 0.239999280600703 -0.46039549023424 1 2157.48 54.46 459.009425982061
0.00454545454545455 1.34459795757808 0.239999280600703 -0.46039549023424 1 2157.48 54.46 459.009425982061
0.00454545454545455 1.37471145504934 0.263780414720983 -0.972580557127137 1 2436.68 74.56 474.60341916037
0.00454545454545455 1.47614831124818 0.379243600610762 -0.490335884629103 1 2477.5 57.78 476.799159516003
0.00454545454545455 1.37471145504934 0.263780414720983 -0.972580557127137 1 2436.68 74.56 474.60341916037
0.00454545454545455 1.37471145504934 0.263780414720983 -0.972580557127137 1 2436.68 74.56 474.60341916037
0.00454545454545455 1.45185889022563 0.328272120417823 -0.234074931742592 1 2562.74 57.46 474.552869154638
0.00454545454545455 1.37471145504934 0.263780414720983 -0.972580557127137 1 2436.68 74.56 474.60341916037
0.00454545454545455 1.46561943531034 0.383643224374122 -0.891915417371473 1 2307.2 63.26 487.640422405239
0.00454545454545455 1.34459795757808 0.239999280600703 -0.46039549023424 1 2157.48 54.46 459.009425982061
0.00454545454545455 1.41488137214497 0.292993621564882 -0.833883958517423 1 2753.78 78.02 470.882098438617
0.00454545454545455 1.45185889022563 0.328272120417823 -0.234074931742592 1 2562.74 57.46 474.552869154638
0.00454545454545455 1.4390683330774 0.28801097989178 -0.405421970345801 1 3240.74 78.88 453.359032855335
0.00454545454545455 1.47614831124818 0.379243600610762 -0.490335884629103 1 2477.5 57.78 476.799159516003
0.00454545454545455 1.45185889022563 0.328272120417823 -0.234074931742592 1 2562.74 57.46 474.552869154638
0.00454545454545455 1.47614831124818 0.379243600610762 -0.490335884629103 1 2477.5 57.78 476.799159516003
0.00454545454545455 1.45075483271184 0.33715439824908 -0.383557919980275 1 2920.76 68.42 483.978277508359
0.00454545454545455 1.45185889022563 0.328272120417823 -0.234074931742592 1 2562.74 57.46 474.552869154638
0.00454545454545455 1.34459795757808 0.239999280600703 -0.46039549023424 1 2157.48 54.46 459.009425982061
0.00454545454545455 1.41718087915451 0.270067172499449 -0.152978718960581 1 2979.54 66.32 462.049154669002
0.00454545454545455 1.34459795757808 0.239999280600703 -0.46039549023424 1 2157.48 54.46 459.009425982061
0.00454545454545455 1.37471145504934 0.263780414720983 -0.972580557127137 1 2436.68 74.56 474.60341916037
0.00454545454545455 1.37471145504934 0.263780414720983 -0.972580557127137 1 2436.68 74.56 474.60341916037
0.00454545454545455 1.34459795757808 0.239999280600703 -0.46039549023424 1 2157.48 54.46 459.009425982061
0.00454545454545455 1.47614831124818 0.379243600610762 -0.490335884629103 1 2477.5 57.78 476.799159516003
0.00454545454545455 1.37471145504934 0.263780414720983 -0.972580557127137 1 2436.68 74.56 474.60341916037
0.00454545454545455 1.37471145504934 0.263780414720983 -0.972580557127137 1 2436.68 74.56 474.60341916037
0.00454545454545455 1.37471145504934 0.263780414720983 -0.972580557127137 1 2436.68 74.56 474.60341916037
0.00454545454545455 1.46561943531034 0.383643224374122 -0.891915417371473 1 2307.2 63.26 487.640422405239
0.00454545454545455 1.34459795757808 0.239999280600703 -0.46039549023424 1 2157.48 54.46 459.009425982061
0.00454545454545455 1.34459795757808 0.239999280600703 -0.46039549023424 1 2157.48 54.46 459.009425982061
0.00454545454545455 1.45185889022563 0.328272120417823 -0.234074931742592 1 2562.74 57.46 474.552869154638
0.00454545454545455 1.37471145504934 0.263780414720983 -0.972580557127137 1 2436.68 74.56 474.60341916037
0.00454545454545455 1.37471145504934 0.263780414720983 -0.972580557127137 1 2436.68 74.56 474.60341916037
0.00454545454545455 1.47614831124818 0.379243600610762 -0.490335884629103 1 2477.5 57.78 476.799159516003
0.00454545454545455 1.4390683330774 0.28801097989178 -0.405421970345801 1 3240.74 78.88 453.359032855335
0.00454545454545455 1.34459795757808 0.239999280600703 -0.46039549023424 1 2157.48 54.46 459.009425982061
0.00454545454545455 1.34459795757808 0.239999280600703 -0.46039549023424 1 2157.48 54.46 459.009425982061
0.00454545454545455 1.41736996855947 0.301202340277249 -0.418573734569439 1 2346.48 55.56 466.741357953019
0.00454545454545455 1.41488137214497 0.292993621564882 -0.833883958517423 1 2753.78 78.02 470.882098438617
0.00454545454545455 1.37471145504934 0.263780414720983 -0.972580557127137 1 2436.68 74.56 474.60341916037
0.00454545454545455 1.47614831124818 0.379243600610762 -0.490335884629103 1 2477.5 57.78 476.799159516003
0.00454545454545455 1.41488137214497 0.292993621564882 -0.833883958517423 1 2753.78 78.02 470.882098438617
0.00454545454545455 1.34459795757808 0.239999280600703 -0.46039549023424 1 2157.48 54.46 459.009425982061
0.00454545454545455 1.46561943531034 0.383643224374122 -0.891915417371473 1 2307.2 63.26 487.640422405239
0.00454545454545455 1.47614831124818 0.379243600610762 -0.490335884629103 1 2477.5 57.78 476.799159516003
0.00454545454545455 1.37471145504934 0.263780414720983 -0.972580557127137 1 2436.68 74.56 474.60341916037
0.00454545454545455 1.37471145504934 0.263780414720983 -0.972580557127137 1 2436.68 74.56 474.60341916037
0.00454545454545455 1.46561943531034 0.383643224374122 -0.891915417371473 1 2307.2 63.26 487.640422405239
0.00454545454545455 1.37471145504934 0.263780414720983 -0.972580557127137 1 2436.68 74.56 474.60341916037
0.00454545454545455 1.4134257507493 0.297362968124489 -0.413826567415887 1 2830.5 67.84 486.40462471356
0.00454545454545455 1.47614831124818 0.379243600610762 -0.490335884629103 1 2477.5 57.78 476.799159516003
0.00454545454545455 1.47614831124818 0.379243600610762 -0.490335884629103 1 2477.5 57.78 476.799159516003
0.00454545454545455 1.45185889022563 0.328272120417823 -0.234074931742592 1 2562.74 57.46 474.552869154638
0.00454545454545455 1.37471145504934 0.263780414720983 -0.972580557127137 1 2436.68 74.56 474.60341916037
0.00454545454545455 1.46561943531034 0.383643224374122 -0.891915417371473 1 2307.2 63.26 487.640422405239
0.00454545454545455 1.46561943531034 0.383643224374122 -0.891915417371473 1 2307.2 63.26 487.640422405239
0.00454545454545455 1.45185889022563 0.328272120417823 -0.234074931742592 1 2562.74 57.46 474.552869154638
0.00454545454545455 1.4462787867763 0.332972296889881 -0.793714749184836 1 2870.3 76.76 466.384955938625
0.00454545454545455 1.34459795757808 0.239999280600703 -0.46039549023424 1 2157.48 54.46 459.009425982061
0.00454545454545455 1.34459795757808 0.239999280600703 -0.46039549023424 1 2157.48 54.46 459.009425982061
0.00454545454545455 1.37471145504934 0.263780414720983 -0.972580557127137 1 2436.68 74.56 474.60341916037
0.00454545454545455 1.47614831124818 0.379243600610762 -0.490335884629103 1 2477.5 57.78 476.799159516003
0.00454545454545455 1.45185889022563 0.328272120417823 -0.234074931742592 1 2562.74 57.46 474.552869154638
0.00454545454545455 1.37471145504934 0.263780414720983 -0.972580557127137 1 2436.68 74.56 474.60341916037
0.00454545454545455 1.47614831124818 0.379243600610762 -0.490335884629103 1 2477.5 57.78 476.799159516003
0.00454545454545455 1.37471145504934 0.263780414720983 -0.972580557127137 1 2436.68 74.56 474.60341916037
0.00454545454545455 1.37471145504934 0.263780414720983 -0.972580557127137 1 2436.68 74.56 474.60341916037
0.00454545454545455 1.34459795757808 0.239999280600703 -0.46039549023424 1 2157.48 54.46 459.009425982061
0.00454545454545455 1.37471145504934 0.263780414720983 -0.972580557127137 1 2436.68 74.56 474.60341916037
0.00454545454545455 1.45075483271184 0.33715439824908 -0.383557919980275 1 2920.76 68.42 483.978277508359
0.00454545454545455 1.34459795757808 0.239999280600703 -0.46039549023424 1 2157.48 54.46 459.009425982061
0.00454545454545455 1.4134257507493 0.297362968124489 -0.413826567415887 1 2830.5 67.84 486.40462471356
0.00454545454545455 1.37471145504934 0.263780414720983 -0.972580557127137 1 2436.68 74.56 474.60341916037
0.00454545454545455 1.37471145504934 0.263780414720983 -0.972580557127137 1 2436.68 74.56 474.60341916037
0.00454545454545455 1.34459795757808 0.239999280600703 -0.46039549023424 1 2157.48 54.46 459.009425982061
0.00454545454545455 1.37471145504934 0.263780414720983 -0.972580557127137 1 2436.68 74.56 474.60341916037
0.00454545454545455 1.47614831124818 0.379243600610762 -0.490335884629103 1 2477.5 57.78 476.799159516003
0.00454545454545455 1.34459795757808 0.239999280600703 -0.46039549023424 1 2157.48 54.46 459.009425982061
0.00454545454545455 1.41343177933308 0.35609242800927 -0.915464935046902 1 1936.46 55.56 459.342346098006
0.00454545454545455 1.4390683330774 0.28801097989178 -0.405421970345801 1 3240.74 78.88 453.359032855335
0.00454545454545455 1.37471145504934 0.263780414720983 -0.972580557127137 1 2436.68 74.56 474.60341916037
0.00454545454545455 1.37471145504934 0.263780414720983 -0.972580557127137 1 2436.68 74.56 474.60341916037
0.00454545454545455 1.34459795757808 0.239999280600703 -0.46039549023424 1 2157.48 54.46 459.009425982061
0.00454545454545455 1.37471145504934 0.263780414720983 -0.972580557127137 1 2436.68 74.56 474.60341916037
0.00454545454545455 1.37471145504934 0.263780414720983 -0.972580557127137 1 2436.68 74.56 474.60341916037
0.00454545454545455 1.47614831124818 0.379243600610762 -0.490335884629103 1 2477.5 57.78 476.799159516003
0.00454545454545455 1.45185889022563 0.328272120417823 -0.234074931742592 1 2562.74 57.46 474.552869154638
0.00454545454545455 1.46561943531034 0.383643224374122 -0.891915417371473 1 2307.2 63.26 487.640422405239
0.00454545454545455 1.46561943531034 0.383643224374122 -0.891915417371473 1 2307.2 63.26 487.640422405239
0.00454545454545455 1.45185889022563 0.328272120417823 -0.234074931742592 1 2562.74 57.46 474.552869154638
0.00454545454545455 1.37471145504934 0.263780414720983 -0.972580557127137 1 2436.68 74.56 474.60341916037
0.00454545454545455 1.37471145504934 0.263780414720983 -0.972580557127137 1 2436.68 74.56 474.60341916037
0.00454545454545455 1.34459795757808 0.239999280600703 -0.46039549023424 1 2157.48 54.46 459.009425982061
0.00454545454545455 1.37471145504934 0.263780414720983 -0.972580557127137 1 2436.68 74.56 474.60341916037
0.00454545454545455 1.41718087915451 0.270067172499449 -0.152978718960581 1 2979.54 66.32 462.049154669002
0.00454545454545455 1.34459795757808 0.239999280600703 -0.46039549023424 1 2157.48 54.46 459.009425982061
0.00454545454545455 1.37471145504934 0.263780414720983 -0.972580557127137 1 2436.68 74.56 474.60341916037
0.00454545454545455 1.37471145504934 0.263780414720983 -0.972580557127137 1 2436.68 74.56 474.60341916037
0.00454545454545455 1.45185889022563 0.328272120417823 -0.234074931742592 1 2562.74 57.46 474.552869154638
0.00454545454545455 1.34459795757808 0.239999280600703 -0.46039549023424 1 2157.48 54.46 459.009425982061
0.00454545454545455 1.41488137214497 0.292993621564882 -0.833883958517423 1 2753.78 78.02 470.882098438617
0.00454545454545455 1.45185889022563 0.328272120417823 -0.234074931742592 1 2562.74 57.46 474.552869154638
0.00454545454545455 1.37471145504934 0.263780414720983 -0.972580557127137 1 2436.68 74.56 474.60341916037
0.00454545454545455 1.34459795757808 0.239999280600703 -0.46039549023424 1 2157.48 54.46 459.009425982061
0.00454545454545455 1.47614831124818 0.379243600610762 -0.490335884629103 1 2477.5 57.78 476.799159516003
0.00454545454545455 1.47614831124818 0.379243600610762 -0.490335884629103 1 2477.5 57.78 476.799159516003
0.00454545454545455 1.4134257507493 0.297362968124489 -0.413826567415887 1 2830.5 67.84 486.40462471356
0.00454545454545455 1.34459795757808 0.239999280600703 -0.46039549023424 1 2157.48 54.46 459.009425982061
0.00454545454545455 1.41488137214497 0.292993621564882 -0.833883958517423 1 2753.78 78.02 470.882098438617
0.00454545454545455 1.37471145504934 0.263780414720983 -0.972580557127137 1 2436.68 74.56 474.60341916037
0.00454545454545455 1.38216916010708 0.238172988132681 -0.351430128807181 1 3005.96 72.48 471.196370659785
0.00454545454545455 1.37471145504934 0.263780414720983 -0.972580557127137 1 2436.68 74.56 474.60341916037
0.00454545454545455 1.34459795757808 0.239999280600703 -0.46039549023424 1 2157.48 54.46 459.009425982061
0.00454545454545455 1.37471145504934 0.263780414720983 -0.972580557127137 1 2436.68 74.56 474.60341916037
0.00454545454545455 1.34459795757808 0.239999280600703 -0.46039549023424 1 2157.48 54.46 459.009425982061
0.00454545454545455 1.34459795757808 0.239999280600703 -0.46039549023424 1 2157.48 54.46 459.009425982061
0.00454545454545455 1.45185889022563 0.328272120417823 -0.234074931742592 1 2562.74 57.46 474.552869154638
0.00454545454545455 1.37471145504934 0.263780414720983 -0.972580557127137 1 2436.68 74.56 474.60341916037
0.00454545454545455 1.41736996855947 0.301202340277249 -0.418573734569439 1 2346.48 55.56 466.741357953019
0.00454545454545455 1.34459795757808 0.239999280600703 -0.46039549023424 1 2157.48 54.46 459.009425982061
0.00454545454545455 1.34459795757808 0.239999280600703 -0.46039549023424 1 2157.48 54.46 459.009425982061
0.00454545454545455 1.41488137214497 0.292993621564882 -0.833883958517423 1 2753.78 78.02 470.882098438617
0.00454545454545455 1.37471145504934 0.263780414720983 -0.972580557127137 1 2436.68 74.56 474.60341916037
0.00454545454545455 1.37471145504934 0.263780414720983 -0.972580557127137 1 2436.68 74.56 474.60341916037
0.00454545454545455 1.37471145504934 0.263780414720983 -0.972580557127137 1 2436.68 74.56 474.60341916037
0.00454545454545455 1.45185889022563 0.328272120417823 -0.234074931742592 1 2562.74 57.46 474.552869154638
0.00454545454545455 1.37471145504934 0.263780414720983 -0.972580557127137 1 2436.68 74.56 474.60341916037
0.00454545454545455 1.34459795757808 0.239999280600703 -0.46039549023424 1 2157.48 54.46 459.009425982061
0.00454545454545455 1.48582564939184 0.378074322817523 -0.731368189348216 1 2937.3 75.42 483.687442586338
0.00454545454545455 1.34459795757808 0.239999280600703 -0.46039549023424 1 2157.48 54.46 459.009425982061
0.00454545454545455 1.4134257507493 0.297362968124489 -0.413826567415887 1 2830.5 67.84 486.40462471356
0.00454545454545455 1.47614831124818 0.379243600610762 -0.490335884629103 1 2477.5 57.78 476.799159516003
0.00454545454545455 1.37471145504934 0.263780414720983 -0.972580557127137 1 2436.68 74.56 474.60341916037
0.00454545454545455 1.41718087915451 0.270067172499449 -0.152978718960581 1 2979.54 66.32 462.049154669002
0.00454545454545455 1.34459795757808 0.239999280600703 -0.46039549023424 1 2157.48 54.46 459.009425982061
0.00454545454545455 1.37471145504934 0.263780414720983 -0.972580557127137 1 2436.68 74.56 474.60341916037
0.00454545454545455 1.45185889022563 0.328272120417823 -0.234074931742592 1 2562.74 57.46 474.552869154638
0.00454545454545455 1.45185889022563 0.328272120417823 -0.234074931742592 1 2562.74 57.46 474.552869154638
0.00454545454545455 1.34459795757808 0.239999280600703 -0.46039549023424 1 2157.48 54.46 459.009425982061
0.00454545454545455 1.34459795757808 0.239999280600703 -0.46039549023424 1 2157.48 54.46 459.009425982061
0.00454545454545455 1.34459795757808 0.239999280600703 -0.46039549023424 1 2157.48 54.46 459.009425982061
0.00454545454545455 1.45185889022563 0.328272120417823 -0.234074931742592 1 2562.74 57.46 474.552869154638
0.00454545454545455 1.41488137214497 0.292993621564882 -0.833883958517423 1 2753.78 78.02 470.882098438617
0.00454545454545455 1.37471145504934 0.263780414720983 -0.972580557127137 1 2436.68 74.56 474.60341916037
0.00454545454545455 1.34459795757808 0.239999280600703 -0.46039549023424 1 2157.48 54.46 459.009425982061
0.00454545454545455 1.45185889022563 0.328272120417823 -0.234074931742592 1 2562.74 57.46 474.552869154638
0.00454545454545455 1.37471145504934 0.263780414720983 -0.972580557127137 1 2436.68 74.56 474.60341916037
0.00454545454545455 1.37471145504934 0.263780414720983 -0.972580557127137 1 2436.68 74.56 474.60341916037
0.00454545454545455 1.41488137214497 0.292993621564882 -0.833883958517423 1 2753.78 78.02 470.882098438617
0.00454545454545455 1.37471145504934 0.263780414720983 -0.972580557127137 1 2436.68 74.56 474.60341916037
0.00454545454545455 1.37471145504934 0.263780414720983 -0.972580557127137 1 2436.68 74.56 474.60341916037
0.00454545454545455 1.34459795757808 0.239999280600703 -0.46039549023424 1 2157.48 54.46 459.009425982061
0.00454545454545455 1.37471145504934 0.263780414720983 -0.972580557127137 1 2436.68 74.56 474.60341916037
