0.00833333333333333 1.37471145504934 0.263780414720983 -0.972580557127137 1 2436.68 74.56 474.60341916037
0 1.47614831124818 0.379243600610762 -0.490335884629103 1 2477.5 57.78 476.799159516003
0.00833333333333333 1.41488137214497 0.292993621564882 -0.833883958517423 1 2753.78 78.02 470.882098438617
0.00833333333333333 1.37471145504934 0.263780414720983 -0.972580557127137 1 2436.68 74.56 474.60341916037
0.00833333333333333 1.37471145504934 0.263780414720983 -0.972580557127137 1 2436.68 74.56 474.60341916037
0.00833333333333333 1.37471145504934 0.263780414720983 -0.972580557127137 1 2436.68 74.56 474.60341916037
0.00833333333333333 1.37471145504934 0.263780414720983 -0.972580557127137 1 2436.68 74.56 474.60341916037
0.00833333333333333 1.41488137214497 0.292993621564882 -0.833883958517423 1 2753.78 78.02 470.882098438617
0 1.34459795757808 0.239999280600703 -0.46039549023424 1 2157.48 54.46 459.009425982061
0.00833333333333333 1.37471145504934 0.263780414720983 -0.972580557127137 1 2436.68 74.56 474.60341916037
0.00833333333333333 1.37471145504934 0.263780414720983 -0.972580557127137 1 2436.68 74.56 474.60341916037
0 1.34459795757808 0.239999280600703 -0.46039549023424 1 2157.48 54.46 459.009425982061
0.00833333333333333 1.41488137214497 0.292993621564882 -0.833883958517423 1 2753.78 78.02 470.882098438617
0 1.45185889022563 0.328272120417823 -0.234074931742592 1 2562.74 57.46 474.552869154638
0.00833333333333333 1.37471145504934 0.263780414720983 -0.972580557127137 1 2436.68 74.56 474.60341916037
0 1.45185889022563 0.328272120417823 -0.234074931742592 1 2562.74 57.46 474.552869154638
0 1.45185889022563 0.328272120417823 -0.234074931742592 1 2562.74 57.46 474.552869154638
0.00833333333333333 1.37471145504934 0.263780414720983 -0.972580557127137 1 2436.68 74.56 474.60341916037
0.00833333333333333 1.37471145504934 0.263780414720983 -0.972580557127137 1 2436.68 74.56 474.60341916037
0 1.47614831124818 0.379243600610762 -0.490335884629103 1 2477.5 57.78 476.799159516003
0.00833333333333333 1.41718087915451 0.270067172499449 -0.152978718960581 1 2979.54 66.32 462.049154669002
0.00833333333333333 1.37471145504934 0.263780414720983 -0.972580557127137 1 2436.68 74.56 474.60341916037
0.00833333333333333 1.37471145504934 0.263780414720983 -0.972580557127137 1 2436.68 74.56 474.60341916037
0.00833333333333333 1.37471145504934 0.263780414720983 -0.972580557127137 1 2436.68 74.56 474.60341916037
0 1.45185889022563 0.328272120417823 -0.234074931742592 1 2562.74 57.46 474.552869154638
0.00833333333333333 1.37471145504934 0.263780414720983 -0.972580557127137 1 2436.68 74.56 474.60341916037
0 1.45185889022563 0.328272120417823 -0.234074931742592 1 2562.74 57.46 474.552869154638
0.00833333333333333 1.37471145504934 0.263780414720983 -0.972580557127137 1 2436.68 74.56 474.60341916037
0.00833333333333333 1.41488137214497 0.292993621564882 -0.833883958517423 1 2753.78 78.02 470.882098438617
0 1.45185889022563 0.328272120417823 -0.234074931742592 1 2562.74 57.46 474.552869154638
0.00833333333333333 1.37471145504934 0.263780414720983 -0.972580557127137 1 2436.68 74.56 474.60341916037
0 1.34459795757808 0.239999280600703 -0.46039549023424 1 2157.48 54.46 459.009425982061
0.00833333333333333 1.37471145504934 0.263780414720983 -0.972580557127137 1 2436.68 74.56 474.60341916037
0.00833333333333333 1.37471145504934 0.263780414720983 -0.972580557127137 1 2436.68 74.56 474.60341916037
0.00833333333333333 1.37471145504934 0.263780414720983 -0.972580557127137 1 2436.68 74.56 474.60341916037
0.00833333333333333 1.37471145504934 0.263780414720983 -0.972580557127137 1 2436.68 74.56 474.60341916037
0.00833333333333333 1.37471145504934 0.263780414720983 -0.972580557127137 1 2436.68 74.56 474.60341916037
0.00833333333333333 1.4390683330774 0.28801097989178 -0.405421970345801 1 3240.74 78.88 453.359032855335
0 1.45075483271184 0.33715439824908 -0.383557919980275 1 2920.76 68.42 483.978277508359
0.00833333333333333 1.37471145504934 0.263780414720983 -0.972580557127137 1 2436.68 74.56 474.60341916037
0.00833333333333333 1.41736996855947 0.301202340277249 -0.418573734569439 1 2346.48 55.56 466.741357953019
0 1.34459795757808 0.239999280600703 -0.46039549023424 1 2157.48 54.46 459.009425982061
0.00833333333333333 1.37471145504934 0.263780414720983 -0.972580557127137 1 2436.68 74.56 474.60341916037
0 1.34459795757808 0.239999280600703 -0.46039549023424 1 2157.48 54.46 459.009425982061
0.00833333333333333 1.46561943531034 0.383643224374122 -0.891915417371473 1 2307.2 63.26 487.640422405239
0 1.34459795757808 0.239999280600703 -0.46039549023424 1 2157.48 54.46 459.009425982061
0.00833333333333333 1.37471145504934 0.263780414720983 -0.972580557127137 1 2436.68 74.56 474.60341916037
0 1.34459795757808 0.239999280600703 -0.46039549023424 1 2157.48 54.46 459.009425982061
0.00833333333333333 1.37471145504934 0.263780414720983 -0.972580557127137 1 2436.68 74.56 474.60341916037
0.00833333333333333 1.37471145504934 0.263780414720983 -0.972580557127137 1 2436.68 74.56 474.60341916037
0 1.45075483271184 0.33715439824908 -0.383557919980275 1 2920.76 68.42 483.978277508359
0.00833333333333333 1.46561943531034 0.383643224374122 -0.891915417371473 1 2307.2 63.26 487.640422405239
0 1.34459795757808 0.239999280600703 -0.46039549023424 1 2157.48 54.46 459.009425982061
0.00833333333333333 1.37471145504934 0.263780414720983 -0.972580557127137 1 2436.68 74.56 474.60341916037
0 1.34459795757808 0.239999280600703 -0.46039549023424 1 2157.48 54.46 459.009425982061
0 1.34459795757808 0.239999280600703 -0.46039549023424 1 2157.48 54.46 459.009425982061
0.00833333333333333 1.37471145504934 0.263780414720983 -0.972580557127137 1 2436.68 74.56 474.60341916037
0.00833333333333333 1.46561943531034 0.383643224374122 -0.891915417371473 1 2307.2 63.26 487.640422405239
0.00833333333333333 1.37471145504934 0.263780414720983 -0.972580557127137 1 2436.68 74.56 474.60341916037
0 1.45185889022563 0.328272120417823 -0.234074931742592 1 2562.74 57.46 474.552869154638
0.00833333333333333 1.37471145504934 0.263780414720983 -0.972580557127137 1 2436.68 74.56 474.60341916037
0.00833333333333333 1.37471145504934 0.263780414720983 -0.972580557127137 1 2436.68 74.56 474.60341916037
0 1.47614831124818 0.379243600610762 -0.490335884629103 1 2477.5 57.78 476.799159516003
0 1.45185889022563 0.328272120417823 -0.234074931742592 1 2562.74 57.46 474.552869154638
0.00833333333333333 1.34032067297728 0.211565112410926 -0.641365688203475 1 2818.34 79.12 476.752933217568
0.00833333333333333 1.37471145504934 0.263780414720983 -0.972580557127137 1 2436.68 74.56 474.60341916037
0 1.34459795757808 0.239999280600703 -0.46039549023424 1 2157.48 54.46 459.009425982061
0 1.34459795757808 0.239999280600703 -0.46039549023424 1 2157.48 54.46 459.009425982061
0.00833333333333333 1.42275837410717 0.289371521292142 -0.543220053558953 1 2779.42 70.3 450.453200915587
0 1.47614831124818 0.379243600610762 -0.490335884629103 1 2477.5 57.78 476.799159516003
0.00833333333333333 1.37471145504934 0.263780414720983 -0.972580557127137 1 2436.68 74.56 474.60341916037
0.00833333333333333 1.37471145504934 0.263780414720983 -0.972580557127137 1 2436.68 74.56 474.60341916037
0 1.45185889022563 0.328272120417823 -0.234074931742592 1 2562.74 57.46 474.552869154638
0.00833333333333333 1.37471145504934 0.263780414720983 -0.972580557127137 1 2436.68 74.56 474.60341916037
0.00833333333333333 1.46561943531034 0.383643224374122 -0.891915417371473 1 2307.2 63.26 487.640422405239
0 1.34459795757808 0.239999280600703 -0.46039549023424 1 2157.48 54.46 459.009425982061
0.00833333333333333 1.41488137214497 0.292993621564882 -0.833883958517423 1 2753.78 78.02 470.882098438617
0 1.45185889022563 0.328272120417823 -0.234074931742592 1 2562.74 57.46 474.552869154638
0.00833333333333333 1.4390683330774 0.28801097989178 -0.405421970345801 1 3240.74 78.88 453.359032855335
0 1.47614831124818 0.379243600610762 -0.490335884629103 1 2477.5 57.78 476.799159516003
0 1.45185889022563 0.328272120417823 -0.234074931742592 1 2562.74 57.46 474.552869154638
0 1.47614831124818 0.379243600610762 -0.490335884629103 1 2477.5 57.78 476.799159516003
0 1.45075483271184 0.33715439824908 -0.383557919980275 1 2920.76 68.42 483.978277508359
0 1.45185889022563 0.328272120417823 -0.234074931742592 1 2562.74 57.46 474.552869154638
0 1.34459795757808 0.239999280600703 -0.46039549023424 1 2157.48 54.46 459.009425982061
0.00833333333333333 1.41718087915451 0.270067172499449 -0.152978718960581 1 2979.54 66.32 462.049154669002
0 1.34459795757808 0.239999280600703 -0.46039549023424 1 2157.48 54.46 459.009425982061
0.00833333333333333 1.37471145504934 0.263780414720983 -0.972580557127137 1 2436.68 74.56 474.60341916037
0.00833333333333333 1.37471145504934 0.263780414720983 -0.972580557127137 1 2436.68 74.56 474.60341916037
0 1.34459795757808 0.239999280600703 -0.46039549023424 1 2157.48 54.46 459.009425982061
0 1.47614831124818 0.379243600610762 -0.490335884629103 1 2477.5 57.78 476.799159516003
0.00833333333333333 1.37471145504934 0.263780414720983 -0.972580557127137 1 2436.68 74.56 474.60341916037
0.00833333333333333 1.37471145504934 0.263780414720983 -0.972580557127137 1 2436.68 74.56 474.60341916037
0.00833333333333333 1.37471145504934 0.263780414720983 -0.972580557127137 1 2436.68 74.56 474.60341916037
0.00833333333333333 1.46561943531034 0.383643224374122 -0.891915417371473 1 2307.2 63.26 487.640422405239
0 1.34459795757808 0.239999280600703 -0.46039549023424 1 2157.48 54.46 459.009425982061
0 1.34459795757808 0.239999280600703 -0.46039549023424 1 2157.48 54.46 459.009425982061
0 1.45185889022563 0.328272120417823 -0.234074931742592 1 2562.74 57.46 474.552869154638
0.00833333333333333 1.37471145504934 0.263780414720983 -0.972580557127137 1 2436.68 74.56 474.60341916037
0.00833333333333333 1.37471145504934 0.263780414720983 -0.972580557127137 1 2436.68 74.56 474.60341916037
0 1.47614831124818 0.379243600610762 -0.490335884629103 1 2477.5 57.78 476.799159516003
0.00833333333333333 1.4390683330774 0.28801097989178 -0.405421970345801 1 3240.74 78.88 453.359032855335
0 1.34459795757808 0.239999280600703 -0.46039549023424 1 2157.48 54.46 459.009425982061
0 1.34459795757808 0.239999280600703 -0.46039549023424 1 2157.48 54.46 459.009425982061
0.00833333333333333 1.41736996855947 0.301202340277249 -0.418573734569439 1 2346.48 55.56 466.741357953019
0.00833333333333333 1.41488137214497 0.292993621564882 -0.833883958517423 1 2753.78 78.02 470.882098438617
0.00833333333333333 1.37471145504934 0.263780414720983 -0.972580557127137 1 2436.68 74.56 474.60341916037
0 1.47614831124818 0.379243600610762 -0.490335884629103 1 2477.5 57.78 476.799159516003
0.00833333333333333 1.41488137214497 0.292993621564882 -0.833883958517423 1 2753.78 78.02 470.882098438617
0 1.34459795757808 0.239999280600703 -0.46039549023424 1 2157.48 54.46 459.009425982061
0.00833333333333333 1.46561943531034 0.383643224374122 -0.891915417371473 1 2307.2 63.26 487.640422405239
0 1.47614831124818 0.379243600610762 -0.490335884629103 1 2477.5 57.78 476.799159516003
0.00833333333333333 1.37471145504934 0.263780414720983 -0.972580557127137 1 2436.68 74.56 474.60341916037
0.00833333333333333 1.37471145504934 0.263780414720983 -0.972580557127137 1 2436.68 74.56 474.60341916037
0.00833333333333333 1.46561943531034 0.383643224374122 -0.891915417371473 1 2307.2 63.26 487.640422405239
0.00833333333333333 1.37471145504934 0.263780414720983 -0.972580557127137 1 2436.68 74.56 474.60341916037
0 1.4134257507493 0.297362968124489 -0.413826567415887 1 2830.5 67.84 486.40462471356
0 1.47614831124818 0.379243600610762 -0.490335884629103 1 2477.5 57.78 476.799159516003
0 1.47614831124818 0.379243600610762 -0.490335884629103 1 2477.5 57.78 476.799159516003
0 1.45185889022563 0.328272120417823 -0.234074931742592 1 2562.74 57.46 474.552869154638
0.00833333333333333 1.37471145504934 0.263780414720983 -0.972580557127137 1 2436.68 74.56 474.60341916037
0.00833333333333333 1.46561943531034 0.383643224374122 -0.891915417371473 1 2307.2 63.26 487.640422405239
0.00833333333333333 1.46561943531034 0.383643224374122 -0.891915417371473 1 2307.2 63.26 487.640422405239
0 1.45185889022563 0.328272120417823 -0.234074931742592 1 2562.74 57.46 474.552869154638
0.00833333333333333 1.49616112417364 0.393600176096537 -0.578589549850912 1 2437.88 57.24 444.527117881658
0 1.34459795757808 0.239999280600703 -0.46039549023424 1 2157.48 54.46 459.009425982061
0 1.34459795757808 0.239999280600703 -0.46039549023424 1 2157.48 54.46 459.009425982061
0.00833333333333333 1.37471145504934 0.263780414720983 -0.972580557127137 1 2436.68 74.56 474.60341916037
0 1.47614831124818 0.379243600610762 -0.490335884629103 1 2477.5 57.78 476.799159516003
0 1.45185889022563 0.328272120417823 -0.234074931742592 1 2562.74 57.46 474.552869154638
0.00833333333333333 1.37471145504934 0.263780414720983 -0.972580557127137 1 2436.68 74.56 474.60341916037
0 1.47614831124818 0.379243600610762 -0.490335884629103 1 2477.5 57.78 476.799159516003
0.00833333333333333 1.37471145504934 0.263780414720983 -0.972580557127137 1 2436.68 74.56 474.60341916037
0.00833333333333333 1.37471145504934 0.263780414720983 -0.972580557127137 1 2436.68 74.56 474.60341916037
0 1.34459795757808 0.239999280600703 -0.46039549023424 1 2157.48 54.46 459.009425982061
0.00833333333333333 1.37471145504934 0.263780414720983 -0.972580557127137 1 2436.68 74.56 474.60341916037
0 1.45075483271184 0.33715439824908 -0.383557919980275 1 2920.76 68.42 483.978277508359
0 1.34459795757808 0.239999280600703 -0.46039549023424 1 2157.48 54.46 459.009425982061
0 1.4134257507493 0.297362968124489 -0.413826567415887 1 2830.5 67.84 486.40462471356
0.00833333333333333 1.37471145504934 0.263780414720983 -0.972580557127137 1 2436.68 74.56 474.60341916037
0.00833333333333333 1.37471145504934 0.263780414720983 -0.972580557127137 1 2436.68 74.56 474.60341916037
0 1.34459795757808 0.239999280600703 -0.46039549023424 1 2157.48 54.46 459.009425982061
0.00833333333333333 1.37471145504934 0.263780414720983 -0.972580557127137 1 2436.68 74.56 474.60341916037
0 1.47614831124818 0.379243600610762 -0.490335884629103 1 2477.5 57.78 476.799159516003
0 1.34459795757808 0.239999280600703 -0.46039549023424 1 2157.48 54.46 459.009425982061
0 1.41343177933308 0.35609242800927 -0.915464935046902 1 1936.46 55.56 459.342346098006
0.00833333333333333 1.4390683330774 0.28801097989178 -0.405421970345801 1 3240.74 78.88 453.359032855335
0.00833333333333333 1.37471145504934 0.263780414720983 -0.972580557127137 1 2436.68 74.56 474.60341916037
0.00833333333333333 1.37471145504934 0.263780414720983 -0.972580557127137 1 2436.68 74.56 474.60341916037
0 1.34459795757808 0.239999280600703 -0.46039549023424 1 2157.48 54.46 459.009425982061
0.00833333333333333 1.37471145504934 0.263780414720983 -0.972580557127137 1 2436.68 74.56 474.60341916037
0.00833333333333333 1.37471145504934 0.263780414720983 -0.972580557127137 1 2436.68 74.56 474.60341916037
0 1.47614831124818 0.379243600610762 -0.490335884629103 1 2477.5 57.78 476.799159516003
0 1.45185889022563 0.328272120417823 -0.234074931742592 1 2562.74 57.46 474.552869154638
0.00833333333333333 1.46561943531034 0.383643224374122 -0.891915417371473 1 2307.2 63.26 487.640422405239
0.00833333333333333 1.46561943531034 0.383643224374122 -0.891915417371473 1 2307.2 63.26 487.640422405239
0 1.45185889022563 0.328272120417823 -0.234074931742592 1 2562.74 57.46 474.552869154638
0.00833333333333333 1.37471145504934 0.263780414720983 -0.972580557127137 1 2436.68 74.56 474.60341916037
0.00833333333333333 1.37471145504934 0.263780414720983 -0.972580557127137 1 2436.68 74.56 474.60341916037
0 1.34459795757808 0.239999280600703 -0.46039549023424 1 2157.48 54.46 459.009425982061
0.00833333333333333 1.37471145504934 0.263780414720983 -0.972580557127137 1 2436.68 74.56 474.60341916037
0.00833333333333333 1.41718087915451 0.270067172499449 -0.152978718960581 1 2979.54 66.32 462.049154669002
0 1.34459795757808 0.239999280600703 -0.46039549023424 1 2157.48 54.46 459.009425982061
0.00833333333333333 1.37471145504934 0.263780414720983 -0.972580557127137 1 2436.68 74.56 474.60341916037
0.00833333333333333 1.37471145504934 0.263780414720983 -0.972580557127137 1 2436.68 74.56 474.60341916037
0 1.45185889022563 0.328272120417823 -0.234074931742592 1 2562.74 57.46 474.552869154638
0 1.34459795757808 0.239999280600703 -0.46039549023424 1 2157.48 54.46 459.009425982061
0.00833333333333333 1.41488137214497 0.292993621564882 -0.833883958517423 1 2753.78 78.02 470.882098438617
0 1.45185889022563 0.328272120417823 -0.234074931742592 1 2562.74 57.46 474.552869154638
0.00833333333333333 1.37471145504934 0.263780414720983 -0.972580557127137 1 2436.68 74.56 474.60341916037
0 1.34459795757808 0.239999280600703 -0.46039549023424 1 2157.48 54.46 459.009425982061
0 1.47614831124818 0.379243600610762 -0.490335884629103 1 2477.5 57.78 476.799159516003
0 1.47614831124818 0.379243600610762 -0.490335884629103 1 2477.5 57.78 476.799159516003
0 1.4134257507493 0.297362968124489 -0.413826567415887 1 2830.5 67.84 486.40462471356
0 1.34459795757808 0.239999280600703 -0.46039549023424 1 2157.48 54.46 459.009425982061
0.00833333333333333 1.41488137214497 0.292993621564882 -0.833883958517423 1 2753.78 78.02 470.882098438617
0.00833333333333333 1.37471145504934 0.263780414720983 -0.972580557127137 1 2436.68 74.56 474.60341916037
0.00833333333333333 1.38216916010708 0.238172988132681 -0.351430128807181 1 3005.96 72.48 471.196370659785
0.00833333333333333 1.37471145504934 0.263780414720983 -0.972580557127137 1 2436.68 74.56 474.60341916037
0 1.34459795757808 0.239999280600703 -0.46039549023424 1 2157.48 54.46 459.009425982061
0.00833333333333333 1.37471145504934 0.263780414720983 -0.972580557127137 1 2436.68 74.56 474.60341916037
0 1.34459795757808 0.239999280600703 -0.46039549023424 1 2157.48 54.46 459.009425982061
0 1.34459795757808 0.239999280600703 -0.46039549023424 1 2157.48 54.46 459.009425982061
0 1.45185889022563 0.328272120417823 -0.234074931742592 1 2562.74 57.46 474.552869154638
0.00833333333333333 1.37471145504934 0.263780414720983 -0.972580557127137 1 2436.68 74.56 474.60341916037
0.00833333333333333 1.41736996855947 0.301202340277249 -0.418573734569439 1 2346.48 55.56 466.741357953019
0 1.34459795757808 0.239999280600703 -0.46039549023424 1 2157.48 54.46 459.009425982061
0 1.34459795757808 0.239999280600703 -0.46039549023424 1 2157.48 54.46 459.009425982061
0.00833333333333333 1.41488137214497 0.292993621564882 -0.833883958517423 1 2753.78 78.02 470.882098438617
0.00833333333333333 1.37471145504934 0.263780414720983 -0.972580557127137 1 2436.68 74.56 474.60341916037
0.00833333333333333 1.37471145504934 0.263780414720983 -0.972580557127137 1 2436.68 74.56 474.60341916037
0.00833333333333333 1.40406083960171 0.304114320390868 -0.617999566518026 1 2203.92 57.6 463.275423841014
0 1.45185889022563 0.328272120417823 -0.234074931742592 1 2562.74 57.46 474.552869154638
0.00833333333333333 1.37471145504934 0.263780414720983 -0.972580557127137 1 2436.68 74.56 474.60341916037
0 1.34459795757808 0.239999280600703 -0.46039549023424 1 2157.48 54.46 459.009425982061
0.00833333333333333 1.48582564939184 0.378074322817523 -0.731368189348216 1 2937.3 75.42 483.687442586338
0 1.34459795757808 0.239999280600703 -0.46039549023424 1 2157.48 54.46 459.009425982061
0 1.4134257507493 0.297362968124489 -0.413826567415887 1 2830.5 67.84 486.40462471356
0 1.47614831124818 0.379243600610762 -0.490335884629103 1 2477.5 57.78 476.799159516003
0.00833333333333333 1.37471145504934 0.263780414720983 -0.972580557127137 1 2436.68 74.56 474.60341916037
0.00833333333333333 1.41718087915451 0.270067172499449 -0.152978718960581 1 2979.54 66.32 462.049154669002
0 1.34459795757808 0.239999280600703 -0.46039549023424 1 2157.48 54.46 459.009425982061
0.00833333333333333 1.37471145504934 0.263780414720983 -0.972580557127137 1 2436.68 74.56 474.60341916037
0 1.45185889022563 0.328272120417823 -0.234074931742592 1 2562.74 57.46 474.552869154638
0 1.45185889022563 0.328272120417823 -0.234074931742592 1 2562.74 57.46 474.552869154638
0 1.34459795757808 0.239999280600703 -0.46039549023424 1 2157.48 54.46 459.009425982061
0 1.34459795757808 0.239999280600703 -0.46039549023424 1 2157.48 54.46 459.009425982061
0 1.34459795757808 0.239999280600703 -0.46039549023424 1 2157.48 54.46 459.009425982061
0 1.45185889022563 0.328272120417823 -0.234074931742592 1 2562.74 57.46 474.552869154638
0.00833333333333333 1.41488137214497 0.292993621564882 -0.833883958517423 1 2753.78 78.02 470.882098438617
0.00833333333333333 1.37471145504934 0.263780414720983 -0.972580557127137 1 2436.68 74.56 474.60341916037
0 1.34459795757808 0.239999280600703 -0.46039549023424 1 2157.48 54.46 459.009425982061
0 1.45185889022563 0.328272120417823 -0.234074931742592 1 2562.74 57.46 474.552869154638
0.00833333333333333 1.37471145504934 0.263780414720983 -0.972580557127137 1 2436.68 74.56 474.60341916037
0.00833333333333333 1.37471145504934 0.263780414720983 -0.972580557127137 1 2436.68 74.56 474.60341916037
0.00833333333333333 1.41488137214497 0.292993621564882 -0.833883958517423 1 2753.78 78.02 470.882098438617
0.00833333333333333 1.37471145504934 0.263780414720983 -0.972580557127137 1 2436.68 74.56 474.60341916037
0.00833333333333333 1.37471145504934 0.263780414720983 -0.972580557127137 1 2436.68 74.56 474.60341916037
0 1.34459795757808 0.239999280600703 -0.46039549023424 1 2157.48 54.46 459.009425982061
0.00833333333333333 1.37471145504934 0.263780414720983 -0.972580557127137 1 2436.68 74.56 474.60341916037
