0.00454545454545455 1.39600366846138 0.295970799782232 -0.508661766335456 1 2415.36 60.42 490.896681096736
0.00454545454545455 1.39600366846138 0.295970799782232 -0.508661766335456 1 2415.36 60.42 490.896681096736
0.00454545454545455 1.41718087915451 0.270067172499449 -0.152978718960581 1 2979.54 66.32 462.049154669002
0.00454545454545455 1.34459795757808 0.239999280600703 -0.46039549023424 1 2157.48 54.46 459.009425982061
0.00454545454545455 1.37471145504934 0.263780414720983 -0.972580557127137 1 2436.68 74.56 474.60341916037
0.00454545454545455 1.37471145504934 0.263780414720983 -0.972580557127137 1 2436.68 74.56 474.60341916037
0.00454545454545455 1.4492668140118 0.338038195659147 -0.434114115327835 1 2353.56 55.58 473.431401285771
0.00454545454545455 1.34459795757808 0.239999280600703 -0.46039549023424 1 2157.48 54.46 459.009425982061
0.00454545454545455 1.4492668140118 0.338038195659147 -0.434114115327835 1 2353.56 55.58 473.431401285771
0.00454545454545455 1.4492668140118 0.338038195659147 -0.434114115327835 1 2353.56 55.58 473.431401285771
0.00454545454545455 1.37471145504934 0.263780414720983 -0.972580557127137 1 2436.68 74.56 474.60341916037
0.00454545454545455 1.47614831124818 0.379243600610762 -0.490335884629103 1 2477.5 57.78 476.799159516003
0.00454545454545455 1.41488137214497 0.292993621564882 -0.833883958517423 1 2753.78 78.02 470.882098438617
0.00454545454545455 1.39600366846138 0.295970799782232 -0.508661766335456 1 2415.36 60.42 490.896681096736
0.00454545454545455 1.4492668140118 0.338038195659147 -0.434114115327835 1 2353.56 55.58 473.431401285771
0.00454545454545455 1.4492668140118 0.338038195659147 -0.434114115327835 1 2353.56 55.58 473.431401285771
0.00454545454545455 1.4492668140118 0.338038195659147 -0.434114115327835 1 2353.56 55.58 473.431401285771
0.00454545454545455 1.4492668140118 0.338038195659147 -0.434114115327835 1 2353.56 55.58 473.431401285771
0.00454545454545455 1.4492668140118 0.338038195659147 -0.434114115327835 1 2353.56 55.58 473.431401285771
0.00454545454545455 1.4492668140118 0.338038195659147 -0.434114115327835 1 2353.56 55.58 473.431401285771
0.00454545454545455 1.37471145504934 0.263780414720983 -0.972580557127137 1 2436.68 74.56 474.60341916037
0.00454545454545455 1.37471145504934 0.263780414720983 -0.972580557127137 1 2436.68 74.56 474.60341916037
0.00454545454545455 1.4492668140118 0.338038195659147 -0.434114115327835 1 2353.56 55.58 473.431401285771
0.00454545454545455 1.41488137214497 0.292993621564882 -0.833883958517423 1 2753.78 78.02 470.882098438617
0.00454545454545455 1.37471145504934 0.263780414720983 -0.972580557127137 1 2436.68 74.56 474.60341916037
0.00454545454545455 1.34459795757808 0.239999280600703 -0.46039549023424 1 2157.48 54.46 459.009425982061
0.00454545454545455 1.39600366846138 0.295970799782232 -0.508661766335456 1 2415.36 60.42 490.896681096736
0.00454545454545455 1.4492668140118 0.338038195659147 -0.434114115327835 1 2353.56 55.58 473.431401285771
0.00454545454545455 1.4492668140118 0.338038195659147 -0.434114115327835 1 2353.56 55.58 473.431401285771
0.00454545454545455 1.34459795757808 0.239999280600703 -0.46039549023424 1 2157.48 54.46 459.009425982061
0.00454545454545455 1.4492668140118 0.338038195659147 -0.434114115327835 1 2353.56 55.58 473.431401285771
0.00454545454545455 1.34459795757808 0.239999280600703 -0.46039549023424 1 2157.48 54.46 459.009425982061
0.00454545454545455 1.37471145504934 0.263780414720983 -0.972580557127137 1 2436.68 74.56 474.60341916037
0.00454545454545455 1.4492668140118 0.338038195659147 -0.434114115327835 1 2353.56 55.58 473.431401285771
0.00454545454545455 1.37471145504934 0.263780414720983 -0.972580557127137 1 2436.68 74.56 474.60341916037
0.00454545454545455 1.4492668140118 0.338038195659147 -0.434114115327835 1 2353.56 55.58 473.431401285771
0.00454545454545455 1.37471145504934 0.263780414720983 -0.972580557127137 1 2436.68 74.56 474.60341916037
0.00454545454545455 1.34459795757808 0.239999280600703 -0.46039549023424 1 2157.48 54.46 459.009425982061
0.00454545454545455 1.4492668140118 0.338038195659147 -0.434114115327835 1 2353.56 55.58 473.431401285771
0.00454545454545455 1.40418423817974 0.246404219926405 -0.193414901898527 1 3043.38 68.86 481.490481709206
0.00454545454545455 1.47614831124818 0.379243600610762 -0.490335884629103 1 2477.5 57.78 476.799159516003
0.00454545454545455 1.47614831124818 0.379243600610762 -0.490335884629103 1 2477.5 57.78 476.799159516003
0.00454545454545455 1.4492668140118 0.338038195659147 -0.434114115327835 1 2353.56 55.58 473.431401285771
0.00454545454545455 1.37471145504934 0.263780414720983 -0.972580557127137 1 2436.68 74.56 474.60341916037
0.00454545454545455 1.37471145504934 0.263780414720983 -0.972580557127137 1 2436.68 74.56 474.60341916037
0.00454545454545455 1.4492668140118 0.338038195659147 -0.434114115327835 1 2353.56 55.58 473.431401285771
0.00454545454545455 1.47614831124818 0.379243600610762 -0.490335884629103 1 2477.5 57.78 476.799159516003
0.00454545454545455 1.38216916010708 0.238172988132681 -0.351430128807181 1 3005.96 72.48 471.196370659785
0.00454545454545455 1.34459795757808 0.239999280600703 -0.46039549023424 1 2157.48 54.46 459.009425982061
0.00454545454545455 1.37471145504934 0.263780414720983 -0.972580557127137 1 2436.68 74.56 474.60341916037
0.00454545454545455 1.37471145504934 0.263780414720983 -0.972580557127137 1 2436.68 74.56 474.60341916037
0.00454545454545455 1.4492668140118 0.338038195659147 -0.434114115327835 1 2353.56 55.58 473.431401285771
0.00454545454545455 1.47614831124818 0.379243600610762 -0.490335884629103 1 2477.5 57.78 476.799159516003
0.00454545454545455 1.4492668140118 0.338038195659147 -0.434114115327835 1 2353.56 55.58 473.431401285771
0.00454545454545455 1.4492668140118 0.338038195659147 -0.434114115327835 1 2353.56 55.58 473.431401285771
0.00454545454545455 1.4492668140118 0.338038195659147 -0.434114115327835 1 2353.56 55.58 473.431401285771
0.00454545454545455 1.39600366846138 0.295970799782232 -0.508661766335456 1 2415.36 60.42 490.896681096736
0.00454545454545455 1.39600366846138 0.295970799782232 -0.508661766335456 1 2415.36 60.42 490.896681096736
0.00454545454545455 1.4492668140118 0.338038195659147 -0.434114115327835 1 2353.56 55.58 473.431401285771
0.00454545454545455 1.39600366846138 0.295970799782232 -0.508661766335456 1 2415.36 60.42 490.896681096736
0.00454545454545455 1.4492668140118 0.338038195659147 -0.434114115327835 1 2353.56 55.58 473.431401285771
0.00454545454545455 1.34459795757808 0.239999280600703 -0.46039549023424 1 2157.48 54.46 459.009425982061
0.00454545454545455 1.4492668140118 0.338038195659147 -0.434114115327835 1 2353.56 55.58 473.431401285771
0.00454545454545455 1.4492668140118 0.338038195659147 -0.434114115327835 1 2353.56 55.58 473.431401285771
0.00454545454545455 1.4492668140118 0.338038195659147 -0.434114115327835 1 2353.56 55.58 473.431401285771
0.00454545454545455 1.4492668140118 0.338038195659147 -0.434114115327835 1 2353.56 55.58 473.431401285771
0.00454545454545455 1.4492668140118 0.338038195659147 -0.434114115327835 1 2353.56 55.58 473.431401285771
0.00454545454545455 1.4492668140118 0.338038195659147 -0.434114115327835 1 2353.56 55.58 473.431401285771
0.00454545454545455 1.4492668140118 0.338038195659147 -0.434114115327835 1 2353.56 55.58 473.431401285771
0.00454545454545455 1.46561943531034 0.383643224374122 -0.891915417371473 1 2307.2 63.26 487.640422405239
0.00454545454545455 1.37471145504934 0.263780414720983 -0.972580557127137 1 2436.68 74.56 474.60341916037
0.00454545454545455 1.39600366846138 0.295970799782232 -0.508661766335456 1 2415.36 60.42 490.896681096736
0.00454545454545455 1.4492668140118 0.338038195659147 -0.434114115327835 1 2353.56 55.58 473.431401285771
0.00454545454545455 1.39600366846138 0.295970799782232 -0.508661766335456 1 2415.36 60.42 490.896681096736
0.00454545454545455 1.45075483271184 0.33715439824908 -0.383557919980275 1 2920.76 68.42 483.978277508359
0.00454545454545455 1.41488137214497 0.292993621564882 -0.833883958517423 1 2753.78 78.02 470.882098438617
0.00454545454545455 1.4492668140118 0.338038195659147 -0.434114115327835 1 2353.56 55.58 473.431401285771
0.00454545454545455 1.4492668140118 0.338038195659147 -0.434114115327835 1 2353.56 55.58 473.431401285771
0.00454545454545455 1.37471145504934 0.263780414720983 -0.972580557127137 1 2436.68 74.56 474.60341916037
0.00454545454545455 1.45185889022563 0.328272120417823 -0.234074931742592 1 2562.74 57.46 474.552869154638
0.00454545454545455 1.37471145504934 0.263780414720983 -0.972580557127137 1 2436.68 74.56 474.60341916037
0.00454545454545455 1.4492668140118 0.338038195659147 -0.434114115327835 1 2353.56 55.58 473.431401285771
0.00454545454545455 1.4492668140118 0.338038195659147 -0.434114115327835 1 2353.56 55.58 473.431401285771
0.00454545454545455 1.4492668140118 0.338038195659147 -0.434114115327835 1 2353.56 55.58 473.431401285771
0.00454545454545455 1.37471145504934 0.263780414720983 -0.972580557127137 1 2436.68 74.56 474.60341916037
0.00454545454545455 1.41488137214497 0.292993621564882 -0.833883958517423 1 2753.78 78.02 470.882098438617
0.00454545454545455 1.4492668140118 0.338038195659147 -0.434114115327835 1 2353.56 55.58 473.431401285771
0.00454545454545455 1.34459795757808 0.239999280600703 -0.46039549023424 1 2157.48 54.46 459.009425982061
0.00454545454545455 1.4492668140118 0.338038195659147 -0.434114115327835 1 2353.56 55.58 473.431401285771
0.00454545454545455 1.41488137214497 0.292993621564882 -0.833883958517423 1 2753.78 78.02 470.882098438617
0.00454545454545455 1.4492668140118 0.338038195659147 -0.434114115327835 1 2353.56 55.58 473.431401285771
0.00454545454545455 1.37471145504934 0.263780414720983 -0.972580557127137 1 2436.68 74.56 474.60341916037
0.00454545454545455 1.46561943531034 0.383643224374122 -0.891915417371473 1 2307.2 63.26 487.640422405239
0.00454545454545455 1.4492668140118 0.338038195659147 -0.434114115327835 1 2353.56 55.58 473.431401285771
0.00454545454545455 1.37471145504934 0.263780414720983 -0.972580557127137 1 2436.68 74.56 474.60341916037
0.00454545454545455 1.41736996855947 0.301202340277249 -0.418573734569439 1 2346.48 55.56 466.741357953019
0.00454545454545455 1.4492668140118 0.338038195659147 -0.434114115327835 1 2353.56 55.58 473.431401285771
0.00454545454545455 1.39600366846138 0.295970799782232 -0.508661766335456 1 2415.36 60.42 490.896681096736
0.00454545454545455 1.40418423817974 0.246404219926405 -0.193414901898527 1 3043.38 68.86 481.490481709206
0.00454545454545455 1.39600366846138 0.295970799782232 -0.508661766335456 1 2415.36 60.42 490.896681096736
0.00454545454545455 1.40418423817974 0.246404219926405 -0.193414901898527 1 3043.38 68.86 481.490481709206
0.00454545454545455 1.47614831124818 0.379243600610762 -0.490335884629103 1 2477.5 57.78 476.799159516003
0.00454545454545455 1.34459795757808 0.239999280600703 -0.46039549023424 1 2157.48 54.46 459.009425982061
0.00454545454545455 1.4492668140118 0.338038195659147 -0.434114115327835 1 2353.56 55.58 473.431401285771
0.00454545454545455 1.4492668140118 0.338038195659147 -0.434114115327835 1 2353.56 55.58 473.431401285771
0.00454545454545455 1.37471145504934 0.263780414720983 -0.972580557127137 1 2436.68 74.56 474.60341916037
0.00454545454545455 1.37471145504934 0.263780414720983 -0.972580557127137 1 2436.68 74.56 474.60341916037
0.00454545454545455 1.37471145504934 0.263780414720983 -0.972580557127137 1 2436.68 74.56 474.60341916037
0.00454545454545455 1.4492668140118 0.338038195659147 -0.434114115327835 1 2353.56 55.58 473.431401285771
0.00454545454545455 1.37471145504934 0.263780414720983 -0.972580557127137 1 2436.68 74.56 474.60341916037
0.00454545454545455 1.4492668140118 0.338038195659147 -0.434114115327835 1 2353.56 55.58 473.431401285771
0.00454545454545455 1.45185889022563 0.328272120417823 -0.234074931742592 1 2562.74 57.46 474.552869154638
0.00454545454545455 1.34459795757808 0.239999280600703 -0.46039549023424 1 2157.48 54.46 459.009425982061
0.00454545454545455 1.37471145504934 0.263780414720983 -0.972580557127137 1 2436.68 74.56 474.60341916037
0.00454545454545455 1.34459795757808 0.239999280600703 -0.46039549023424 1 2157.48 54.46 459.009425982061
0.00454545454545455 1.41488137214497 0.292993621564882 -0.833883958517423 1 2753.78 78.02 470.882098438617
0.00454545454545455 1.45185889022563 0.328272120417823 -0.234074931742592 1 2562.74 57.46 474.552869154638
0.00454545454545455 1.4492668140118 0.338038195659147 -0.434114115327835 1 2353.56 55.58 473.431401285771
0.00454545454545455 1.47614831124818 0.379243600610762 -0.490335884629103 1 2477.5 57.78 476.799159516003
0.00454545454545455 1.39600366846138 0.295970799782232 -0.508661766335456 1 2415.36 60.42 490.896681096736
0.00454545454545455 1.37471145504934 0.263780414720983 -0.972580557127137 1 2436.68 74.56 474.60341916037
0.00454545454545455 1.4492668140118 0.338038195659147 -0.434114115327835 1 2353.56 55.58 473.431401285771
0.00454545454545455 1.4492668140118 0.338038195659147 -0.434114115327835 1 2353.56 55.58 473.431401285771
0.00454545454545455 1.37471145504934 0.263780414720983 -0.972580557127137 1 2436.68 74.56 474.60341916037
0.00454545454545455 1.39600366846138 0.295970799782232 -0.508661766335456 1 2415.36 60.42 490.896681096736
0.00454545454545455 1.39600366846138 0.295970799782232 -0.508661766335456 1 2415.36 60.42 490.896681096736
0.00454545454545455 1.39600366846138 0.295970799782232 -0.508661766335456 1 2415.36 60.42 490.896681096736
0.00454545454545455 1.37471145504934 0.263780414720983 -0.972580557127137 1 2436.68 74.56 474.60341916037
0.00454545454545455 1.4492668140118 0.338038195659147 -0.434114115327835 1 2353.56 55.58 473.431401285771
0.00454545454545455 1.37471145504934 0.263780414720983 -0.972580557127137 1 2436.68 74.56 474.60341916037
0.00454545454545455 1.4492668140118 0.338038195659147 -0.434114115327835 1 2353.56 55.58 473.431401285771
0.00454545454545455 1.39600366846138 0.295970799782232 -0.508661766335456 1 2415.36 60.42 490.896681096736
0.00454545454545455 1.37471145504934 0.263780414720983 -0.972580557127137 1 2436.68 74.56 474.60341916037
0.00454545454545455 1.4492668140118 0.338038195659147 -0.434114115327835 1 2353.56 55.58 473.431401285771
0.00454545454545455 1.4492668140118 0.338038195659147 -0.434114115327835 1 2353.56 55.58 473.431401285771
0.00454545454545455 1.39600366846138 0.295970799782232 -0.508661766335456 1 2415.36 60.42 490.896681096736
0.00454545454545455 1.4492668140118 0.338038195659147 -0.434114115327835 1 2353.56 55.58 473.431401285771
0.00454545454545455 1.4492668140118 0.338038195659147 -0.434114115327835 1 2353.56 55.58 473.431401285771
0.00454545454545455 1.4492668140118 0.338038195659147 -0.434114115327835 1 2353.56 55.58 473.431401285771
0.00454545454545455 1.4492668140118 0.338038195659147 -0.434114115327835 1 2353.56 55.58 473.431401285771
0.00454545454545455 1.34459795757808 0.239999280600703 -0.46039549023424 1 2157.48 54.46 459.009425982061
0.00454545454545455 1.39600366846138 0.295970799782232 -0.508661766335456 1 2415.36 60.42 490.896681096736
0.00454545454545455 1.45185889022563 0.328272120417823 -0.234074931742592 1 2562.74 57.46 474.552869154638
0.00454545454545455 1.46561943531034 0.383643224374122 -0.891915417371473 1 2307.2 63.26 487.640422405239
0.00454545454545455 1.37471145504934 0.263780414720983 -0.972580557127137 1 2436.68 74.56 474.60341916037
0.00454545454545455 1.4492668140118 0.338038195659147 -0.434114115327835 1 2353.56 55.58 473.431401285771
0.00454545454545455 1.39600366846138 0.295970799782232 -0.508661766335456 1 2415.36 60.42 490.896681096736
0.00454545454545455 1.4390683330774 0.28801097989178 -0.405421970345801 1 3240.74 78.88 453.359032855335
0.00454545454545455 1.37471145504934 0.263780414720983 -0.972580557127137 1 2436.68 74.56 474.60341916037
0.00454545454545455 1.37471145504934 0.263780414720983 -0.972580557127137 1 2436.68 74.56 474.60341916037
0.00454545454545455 1.37471145504934 0.263780414720983 -0.972580557127137 1 2436.68 74.56 474.60341916037
0.00454545454545455 1.39600366846138 0.295970799782232 -0.508661766335456 1 2415.36 60.42 490.896681096736
0.00454545454545455 1.45185889022563 0.328272120417823 -0.234074931742592 1 2562.74 57.46 474.552869154638
0.00454545454545455 1.45185889022563 0.328272120417823 -0.234074931742592 1 2562.74 57.46 474.552869154638
0.00454545454545455 1.39600366846138 0.295970799782232 -0.508661766335456 1 2415.36 60.42 490.896681096736
0.00454545454545455 1.4492668140118 0.338038195659147 -0.434114115327835 1 2353.56 55.58 473.431401285771
0.00454545454545455 1.4492668140118 0.338038195659147 -0.434114115327835 1 2353.56 55.58 473.431401285771
0.00454545454545455 1.4492668140118 0.338038195659147 -0.434114115327835 1 2353.56 55.58 473.431401285771
0.00454545454545455 1.39600366846138 0.295970799782232 -0.508661766335456 1 2415.36 60.42 490.896681096736
0.00454545454545455 1.37471145504934 0.263780414720983 -0.972580557127137 1 2436.68 74.56 474.60341916037
0.00454545454545455 1.4492668140118 0.338038195659147 -0.434114115327835 1 2353.56 55.58 473.431401285771
0.00454545454545455 1.4492668140118 0.338038195659147 -0.434114115327835 1 2353.56 55.58 473.431401285771
0.00454545454545455 1.37471145504934 0.263780414720983 -0.972580557127137 1 2436.68 74.56 474.60341916037
0.00454545454545455 1.4492668140118 0.338038195659147 -0.434114115327835 1 2353.56 55.58 473.431401285771
0.00454545454545455 1.37471145504934 0.263780414720983 -0.972580557127137 1 2436.68 74.56 474.60341916037
0.00454545454545455 1.45185889022563 0.328272120417823 -0.234074931742592 1 2562.74 57.46 474.552869154638
0.00454545454545455 1.4492668140118 0.338038195659147 -0.434114115327835 1 2353.56 55.58 473.431401285771
0.00454545454545455 1.34459795757808 0.239999280600703 -0.46039549023424 1 2157.48 54.46 459.009425982061
0.00454545454545455 1.47139527526148 0.325284156144155 -0.0806402705387768 1 2558.94 53.52 465.552958941456
0.00454545454545455 1.4492668140118 0.338038195659147 -0.434114115327835 1 2353.56 55.58 473.431401285771
0.00454545454545455 1.37471145504934 0.263780414720983 -0.972580557127137 1 2436.68 74.56 474.60341916037
0.00454545454545455 1.39600366846138 0.295970799782232 -0.508661766335456 1 2415.36 60.42 490.896681096736
0.00454545454545455 1.37471145504934 0.263780414720983 -0.972580557127137 1 2436.68 74.56 474.60341916037
0.00454545454545455 1.37471145504934 0.263780414720983 -0.972580557127137 1 2436.68 74.56 474.60341916037
0.00454545454545455 1.34459795757808 0.239999280600703 -0.46039549023424 1 2157.48 54.46 459.009425982061
0.00454545454545455 1.4492668140118 0.338038195659147 -0.434114115327835 1 2353.56 55.58 473.431401285771
0.00454545454545455 1.37471145504934 0.263780414720983 -0.972580557127137 1 2436.68 74.56 474.60341916037
0.00454545454545455 1.41736996855947 0.301202340277249 -0.418573734569439 1 2346.48 55.56 466.741357953019
0.00454545454545455 1.4462787867763 0.332972296889881 -0.793714749184836 1 2870.3 76.76 466.384955938625
0.00454545454545455 1.37471145504934 0.263780414720983 -0.972580557127137 1 2436.68 74.56 474.60341916037
0.00454545454545455 1.4492668140118 0.338038195659147 -0.434114115327835 1 2353.56 55.58 473.431401285771
0.00454545454545455 1.37471145504934 0.263780414720983 -0.972580557127137 1 2436.68 74.56 474.60341916037
0.00454545454545455 1.34459795757808 0.239999280600703 -0.46039549023424 1 2157.48 54.46 459.009425982061
0.00454545454545455 1.34459795757808 0.239999280600703 -0.46039549023424 1 2157.48 54.46 459.009425982061
0.00454545454545455 1.37471145504934 0.263780414720983 -0.972580557127137 1 2436.68 74.56 474.60341916037
0.00454545454545455 1.4492668140118 0.338038195659147 -0.434114115327835 1 2353.56 55.58 473.431401285771
0.00454545454545455 1.34459795757808 0.239999280600703 -0.46039549023424 1 2157.48 54.46 459.009425982061
0.00454545454545455 1.4492668140118 0.338038195659147 -0.434114115327835 1 2353.56 55.58 473.431401285771
0.00454545454545455 1.4492668140118 0.338038195659147 -0.434114115327835 1 2353.56 55.58 473.431401285771
0.00454545454545455 1.4492668140118 0.338038195659147 -0.434114115327835 1 2353.56 55.58 473.431401285771
0.00454545454545455 1.41482642290743 0.327355766170345 -0.682248317043752 1 2096.7 53.46 459.180181100293
0.00454545454545455 1.4492668140118 0.338038195659147 -0.434114115327835 1 2353.56 55.58 473.431401285771
0.00454545454545455 1.4492668140118 0.338038195659147 -0.434114115327835 1 2353.56 55.58 473.431401285771
0.00454545454545455 1.39600366846138 0.295970799782232 -0.508661766335456 1 2415.36 60.42 490.896681096736
0.00454545454545455 1.39600366846138 0.295970799782232 -0.508661766335456 1 2415.36 60.42 490.896681096736
0.00454545454545455 1.4492668140118 0.338038195659147 -0.434114115327835 1 2353.56 55.58 473.431401285771
0.00454545454545455 1.45185889022563 0.328272120417823 -0.234074931742592 1 2562.74 57.46 474.552869154638
0.00454545454545455 1.4492668140118 0.338038195659147 -0.434114115327835 1 2353.56 55.58 473.431401285771
0.00454545454545455 1.4492668140118 0.338038195659147 -0.434114115327835 1 2353.56 55.58 473.431401285771
0.00454545454545455 1.39600366846138 0.295970799782232 -0.508661766335456 1 2415.36 60.42 490.896681096736
0.00454545454545455 1.39600366846138 0.295970799782232 -0.508661766335456 1 2415.36 60.42 490.896681096736
0.00454545454545455 1.4492668140118 0.338038195659147 -0.434114115327835 1 2353.56 55.58 473.431401285771
0.00454545454545455 1.44880086877151 0.330225116393175 -0.556302161348541 1 2937.74 73.74 484.098969200475
0.00454545454545455 1.39600366846138 0.295970799782232 -0.508661766335456 1 2415.36 60.42 490.896681096736
0.00454545454545455 1.37471145504934 0.263780414720983 -0.972580557127137 1 2436.68 74.56 474.60341916037
0.00454545454545455 1.4492668140118 0.338038195659147 -0.434114115327835 1 2353.56 55.58 473.431401285771
0.00454545454545455 1.4492668140118 0.338038195659147 -0.434114115327835 1 2353.56 55.58 473.431401285771
0.00454545454545455 1.45185889022563 0.328272120417823 -0.234074931742592 1 2562.74 57.46 474.552869154638
0.00454545454545455 1.39600366846138 0.295970799782232 -0.508661766335456 1 2415.36 60.42 490.896681096736
0.00454545454545455 1.34459795757808 0.239999280600703 -0.46039549023424 1 2157.48 54.46 459.009425982061
0.00454545454545455 1.34459795757808 0.239999280600703 -0.46039549023424 1 2157.48 54.46 459.009425982061
0.00454545454545455 1.39600366846138 0.295970799782232 -0.508661766335456 1 2415.36 60.42 490.896681096736
0.00454545454545455 1.4492668140118 0.338038195659147 -0.434114115327835 1 2353.56 55.58 473.431401285771
0.00454545454545455 1.4492668140118 0.338038195659147 -0.434114115327835 1 2353.56 55.58 473.431401285771
0.00454545454545455 1.4492668140118 0.338038195659147 -0.434114115327835 1 2353.56 55.58 473.431401285771
0.00454545454545455 1.4492668140118 0.338038195659147 -0.434114115327835 1 2353.56 55.58 473.431401285771
0.00454545454545455 1.39600366846138 0.295970799782232 -0.508661766335456 1 2415.36 60.42 490.896681096736
0.00454545454545455 1.4492668140118 0.338038195659147 -0.434114115327835 1 2353.56 55.58 473.431401285771
0.00454545454545455 1.41488137214497 0.292993621564882 -0.833883958517423 1 2753.78 78.02 470.882098438617
0.00454545454545455 1.39600366846138 0.295970799782232 -0.508661766335456 1 2415.36 60.42 490.896681096736
