0.00454545454545455 1.31378156793846 0.237118309915594 -0.445041605452029 0.98 1269.20408163265 29.8163265306122 357.685688982803
0.00454545454545455 1.39519371614336 0.222995652592046 0.74273943360432 0.94 2686.93617021277 38.5744680851064 474.051873529557
0.00454545454545455 1.30252233017236 0.250037049828097 -0.181103317067027 0.96 1256 28.0833333333333 364.36645853602
0.00454545454545455 1.58459024787847 0.372362561367963 0.751693010157971 1 4391.76 61.34 468.95081135049
0.00454545454545455 1.50910959061213 0.285764426292407 0.503640839116653 1 4538.22 74.98 421.393173613775
0.00454545454545455 1.42884976734044 0.36779731558452 0.570921645016853 1 1163.52 16.16 378.518426354197
0.00454545454545455 1.4853499682421 0.373615418447808 -0.359893266571789 0.94 2137.42553191489 46.7234042553191 480.962786971698
0.00454545454545455 1.34685448185698 0.127076475119422 0.0862374522523548 0.96 3385.16666666667 71.0416666666667 383.841736924924
0.00454545454545455 1.55173389451879 0.314798185378822 0.436815651511937 1 4854.14 81.12 446.261601819135
0.00454545454545455 1.50150437690318 0.348570418474265 -0.0681163896806538 1 3544.26 72.94 574.286273833616
0.00454545454545455 1.62359099230351 0.389921662472738 0.744333305555539 1 5032.26 69.02 473.478601918209
0.00454545454545455 1.53061613597285 0.39055265714324 0.89535141377 1 2437.1 30.14 466.001497501034
0.00454545454545455 1.48365895882837 0.29820912071032 -0.21019167469999 1 4348.98 99.18 484.477488220064
0.00454545454545455 1.44857827182859 0.250011889799498 0.204245266038924 0.96 3978.52083333333 76.4166666666667 449.419128693879
0.00454545454545455 1.41037864378416 0.153090752827618 0.772663857233684 1 4422.28 66.4 343.75400767834
0.00454545454545455 1.31378156793846 0.237118309915594 -0.445041605452029 0.98 1269.20408163265 29.8163265306122 357.685688982803
0.00454545454545455 1.59459597571669 0.363300373580513 0.890097888838976 1 4854.08 62.68 504.790778134573
0.00454545454545455 1.47741061748751 0.35365188935723 -0.19920378780832 0.98 2909.14285714286 61.265306122449 540.451487798002
0.00454545454545455 1.46047874469786 0.262498723390845 0.517936677949089 0.98 4180.36734693878 70.1428571428571 523.208639284694
0.00454545454545455 1.40444212043017 0.386848258188862 -0.581576913328022 0.96 1254.27083333333 28.3125 415.31515046767
0.00454545454545455 1.43832982630665 0.160415786527385 0.822257421236681 1 5046.98 73.2 371.177801662453
0.00454545454545455 1.50537675713167 0.299456106364119 -0.0467914838318879 0.98 4993.95918367347 107.204081632653 478.919510531531
0.00454545454545455 1.30252233017236 0.250037049828097 -0.181103317067027 0.96 1256 28.0833333333333 364.36645853602
0.00454545454545455 1.43832982630665 0.160415786527385 0.822257421236681 1 5046.98 73.2 371.177801662453
0.00454545454545455 1.42656492311507 0.378107571485452 0.00656582228839397 1 1173.04 20.22 350.686359827034
0.00454545454545455 1.44528295481168 0.370903067046648 -0.669290932224897 0.94 1939.87234042553 45.3829787234043 461.336669232451
0.00454545454545455 1.43924179299095 0.360900999751357 -0.346753810254788 0.98 1415.48979591837 29.530612244898 400.066763030083
0.00454545454545455 1.40999695369974 0.252390892058611 -0.897580857854337 1 3866.32 120.9 503.044997564102
0.00454545454545455 1.40576154190353 0.321751491371883 0.641669058321008 1 1406.02 21.1 370.545252036136
0.00454545454545455 1.45328999514761 0.35087415763993 0.773695660931951 0.98 1449.73469387755 19.6326530612245 374.100830997586
0.00454545454545455 1.46468557353749 0.399286054238527 -0.0930807693648807 0.96 1368.33333333333 24.5625 394.102793863288
0.00454545454545455 1.41505348001176 0.310356697800163 -0.463350313648887 0.96 2771.85416666667 68.125 532.703925247805
0.00454545454545455 1.52204251046545 0.299723622312189 0.235585522684496 0.98 4871.87755102041 89.6530612244898 436.085848983749
0.00454545454545455 1.42755486138904 0.390167312016704 -0.855221386302222 0.96 1471.1875 36.4791666666667 416.459315461348
0.00454545454545455 1.49041531309485 0.246901053935289 0.119565854780376 0.98 4955.9387755102 99.6122448979592 428.7754089645
0.00454545454545455 1.42464725663885 0.312177099101245 -0.833086777944118 0.96 2911.9375 81.9791666666667 514.044740831213
0.00454545454545455 1.45553928002483 0.327867260269721 -0.64734685792016 0.98 3571.20408163265 94.6122448979592 572.374223698473
0.00454545454545455 1.36089912048889 0.167767426699011 -0.131028146052235 0.96 3112.91666666667 72.2291666666667 399.24402956702
0.00454545454545455 1.41612243568357 0.259707353389488 -0.73205334780791 0.98 3994.16326530612 117.714285714286 476.796519317285
0.00454545454545455 1.54446944397288 0.369987240514919 0.46614769070228 0.98 3481.40816326531 55.8367346938776 544.712695847291
0.00454545454545455 1.46637504541934 0.207755053628953 -0.0327832165054094 1 5124.32 112.26 396.360276352593
0.00454545454545455 1.40565761260881 0.145033194371064 0.73231974322607 1 4310.94 67.26 375.392409590807
0.00454545454545455 1.28726298977907 0.181596380365457 -0.969542816938615 0.98 1656.02040816327 50.4285714285714 355.127699261861
0.00454545454545455 1.4679336574153 0.282884268757296 -0.545995487631977 1 4949 129.46 470.499844227847
0.00454545454545455 1.51283339917302 0.32114065116673 -0.611745964370419 1 4906.42 127.8 428.976788643586
0.00454545454545455 1.49290774211323 0.322585511222012 -0.590002864837238 0.98 4439.36734693878 113.367346938776 473.652344953684
0.00454545454545455 1.43832982630665 0.160415786527385 0.822257421236681 1 5046.98 73.2 371.177801662453
0.00454545454545455 1.40788444706634 0.346111057156198 -0.129693824679579 0.98 1197.44897959184 23.8571428571429 355.210795810821
0.00454545454545455 1.44004058824117 0.257769491235144 0.966709413655846 0.98 3206.42857142857 41.5918367346939 446.546696419056
0.00454545454545455 1.4995130624 0.285185853246722 -0.268372839448446 0.98 5085.18367346939 115.530612244898 456.845138536076
0.00454545454545455 1.63189815576116 0.369509674538437 0.595360036458237 1 5195.36 76.74 387.239497907484
0.00454545454545455 1.43196717884204 0.214238910805961 0.627667446574485 0.98 4760.48979591837 75.9795918367347 502.489731629515
0.00454545454545455 1.37286974005401 0.174713428178802 0.731547606643289 0.98 3772.48979591837 55.4285714285714 463.82456443357
0.00454545454545455 1.53851279309392 0.385756725228786 -0.126174803802013 1 3495.2 70.2 481.179055646019
0.00454545454545455 1.35666978174785 0.246198964304286 -0.182364492221731 0.96 2723.60416666667 59.625 461.180899579436
0.00454545454545455 1.44504304777002 0.24784745076093 0.996965675750663 0.94 3304.59574468085 42.2553191489362 461.638919786525
0.00454545454545455 1.50847613720905 0.395643539007424 0.418965043206 1 2309.38 36.14 543.402841177362
0.00454545454545455 1.45299654892269 0.366157164585955 0.218207125517226 0.98 1768.40816326531 28.6938775510204 422.143313436307
0.00454545454545455 1.40285453898804 0.154664219573831 0.928094277636662 1 3313.36 48 373.016131139577
0.00454545454545455 1.46503248107322 0.239361085248798 -0.131718833986073 0.98 5013.16326530612 112.938775510204 399.224917380921
0.00454545454545455 1.5516951023396 0.349295593356335 0.709747579088228 1 3696.4 52.56 541.081999286163
0.00454545454545455 1.51876374139931 0.292124256992781 -0.00934293507390349 1 4948.38 104.74 388.595816599592
0.00454545454545455 1.33133315537125 0.130144243012182 -0.866819645743817 1 4163.44 136.04 389.293779587951
0.00454545454545455 1.47218680368248 0.274308426843222 0.00799746901981846 0.98 4418.69387755102 92.7755102040816 413.164244606654
0.00454545454545455 1.33133315537125 0.130144243012182 -0.866819645743817 1 4163.44 136.04 389.293779587951
0.00454545454545455 1.34889124046131 0.212424196754876 0.107746469991152 0.94 2632.10638297872 51.0212765957447 418.101233081612
0.00454545454545455 1.47344744565853 0.350050679687433 0.299088744873642 1 2293.54 39.24 466.332205229899
0.00454545454545455 1.46468557353749 0.399286054238527 -0.0930807693648807 0.96 1368.33333333333 24.5625 394.102793863288
0.00454545454545455 1.45384821079764 0.226480294095047 0.610867425768513 0.98 4570.10204081633 73.9387755102041 466.629496974459
0.00454545454545455 1.44857827182859 0.250011889799498 0.204245266038924 0.96 3978.52083333333 76.4166666666667 449.419128693879
0.00454545454545455 1.49041531309485 0.246901053935289 0.119565854780376 0.98 4955.9387755102 99.6122448979592 428.7754089645
0.00454545454545455 1.50150437690318 0.348570418474265 -0.0681163896806538 1 3544.26 72.94 574.286273833616
0.00454545454545455 1.5484943959862 0.355141474190168 0.986095189116895 0.98 3311.77551020408 41.5714285714286 516.913426387629
0.00454545454545455 1.54691134137464 0.375427632849615 -0.671613309705629 0.98 4789.48979591837 120.510204081633 486.737333693915
0.00454545454545455 1.48280870885743 0.306081480365531 -0.30215124191104 0.98 4154.57142857143 94.265306122449 368.021353120647
0.00454545454545455 1.41249203834555 0.245889186770446 -0.0337645469475432 0.98 3450.97959183673 73.8367346938775 467.989335974437
0.00454545454545455 1.39607489608325 0.27686606318164 0.896621798290087 1 1594.76 21.52 378.733088220251
0.00454545454545455 1.44860237631947 0.171434443513863 0.593886597082019 1 5137.78 85.16 375.812324065802
0.00454545454545455 1.59107310402143 0.391642744679871 -0.0300543846810567 0.98 4645.77551020408 90.7551020408163 496.908205915636
0.00454545454545455 1.43011515853968 0.274217115487238 0.237567877716057 1 2687.48 49.96 482.524605658978
0.00454545454545455 1.44857827182859 0.250011889799498 0.204245266038924 0.96 3978.52083333333 76.4166666666667 449.419128693879
0.00454545454545455 1.31378156793846 0.237118309915594 -0.445041605452029 0.98 1269.20408163265 29.8163265306122 357.685688982803
0.00454545454545455 1.31378156793846 0.237118309915594 -0.445041605452029 0.98 1269.20408163265 29.8163265306122 357.685688982803
0.00454545454545455 1.43832982630665 0.160415786527385 0.822257421236681 1 5046.98 73.2 371.177801662453
0.00454545454545455 1.57237111631739 0.369286987868227 -0.891265646674503 1 4687.14 132.42 405.089882156699
0.00454545454545455 1.46555891669982 0.30878341624929 0.170301237506653 0.98 4023.10204081633 74.530612244898 547.260220069984
0.00454545454545455 1.42389582238712 0.243027851920395 0.690550479126576 0.98 3647.83673469388 56.9387755102041 482.565404987172
0.00454545454545455 1.41477710325271 0.162442866968922 0.702691250946373 0.96 4283 66.2083333333333 378.318826051349
0.00454545454545455 1.47726981844753 0.330566386203282 -0.5963573330082 0.98 4395.73469387755 113.857142857143 499.792156630486
0.00454545454545455 1.41477710325271 0.162442866968922 0.702691250946373 0.96 4283 66.2083333333333 378.318826051349
0.00454545454545455 1.4003798476218 0.297429564304766 -0.1184424809512 1 1909.34 41.3 445.784654890395
0.00454545454545455 1.40332723330526 0.172431771544651 0.499465398952889 1 3732.6 63.94 407.645700781972
0.00454545454545455 1.45899854346757 0.315188889512223 -0.324327548733661 0.98 3266.5306122449 74.5102040816327 520.917550893975
0.00454545454545455 1.40179913638444 0.259912273427541 0.335814238928991 0.96 2910.08333333333 52.0833333333333 546.798097199538
0.00454545454545455 1.31378156793846 0.237118309915594 -0.445041605452029 0.98 1269.20408163265 29.8163265306122 357.685688982803
0.00454545454545455 1.46503248107322 0.239361085248798 -0.131718833986073 0.98 5013.16326530612 112.938775510204 399.224917380921
0.00454545454545455 1.35666978174785 0.246198964304286 -0.182364492221731 0.96 2723.60416666667 59.625 461.180899579436
0.00454545454545455 1.45530507197447 0.323263675002181 0.22499039574249 0.98 2531.67346938776 45.1224489795918 556.305922559742
0.00454545454545455 1.49105858549698 0.32017708833016 0.144012195876826 0.96 3535.27083333333 67.7916666666667 463.642821230735
0.00454545454545455 1.44860237631947 0.171434443513863 0.593886597082019 1 5137.78 85.16 375.812324065802
0.00454545454545455 1.4127641007355 0.323895192369014 0.865846586324081 0.98 1436.26530612245 18.9183673469388 393.22285008008
0.00454545454545455 1.34702721438165 0.140072575874639 0.846789604644232 0.94 2810.42553191489 41.5531914893617 391.77129698722
0.00454545454545455 1.43690150026232 0.295492571592331 -0.681281392462552 0.96 3495.14583333333 95.9375 533.511599104439
0.00454545454545455 1.41612243568357 0.259707353389488 -0.73205334780791 0.98 3994.16326530612 117.714285714286 476.796519317285
0.00454545454545455 1.51723753453346 0.309007624969176 0.55159928363777 1 4632.4 73.24 513.770133710913
0.00454545454545455 1.59056609130491 0.379357771644768 0.519910797076424 1 4427.62 68.5 454.1974611287
0.00454545454545455 1.59107310402143 0.391642744679871 -0.0300543846810567 0.98 4645.77551020408 90.7551020408163 496.908205915636
0.00454545454545455 1.51723753453346 0.309007624969176 0.55159928363777 1 4632.4 73.24 513.770133710913
0.00454545454545455 1.36427512517874 0.206959828232833 -0.453125244424978 0.96 3538.39583333333 94.3541666666667 470.198726699537
0.00454545454545455 1.48365895882837 0.29820912071032 -0.21019167469999 1 4348.98 99.18 484.477488220064
0.00454545454545455 1.33968511359441 0.256384985216436 0.376877035409945 0.98 1200.20408163265 19.6326530612245 349.447259219899
0.00454545454545455 1.55879418715388 0.399330039796026 -0.20716076225173 1 3917 80.98 536.221951036965
0.00454545454545455 1.44860237631947 0.171434443513863 0.593886597082019 1 5137.78 85.16 375.812324065802
0.00454545454545455 1.41477710325271 0.162442866968922 0.702691250946373 0.96 4283 66.2083333333333 378.318826051349
0.00454545454545455 1.34014874128625 0.121523191011511 0.382300760131329 0.98 3056.71428571429 57.6530612244898 422.458168042952
0.00454545454545455 1.46468557353749 0.399286054238527 -0.0930807693648807 0.96 1368.33333333333 24.5625 394.102793863288
0.00454545454545455 1.45362157266188 0.255352317494933 0.0643709913024603 1 4541.18 93 413.897848420237
0.00454545454545455 1.5484943959862 0.355141474190168 0.986095189116895 0.98 3311.77551020408 41.5714285714286 516.913426387629
0.00454545454545455 1.47479992416351 0.329933547886716 0.745557398670212 0.98 2697.69387755102 37.8775510204082 493.908264034011
0.00454545454545455 1.59107310402143 0.391642744679871 -0.0300543846810567 0.98 4645.77551020408 90.7551020408163 496.908205915636
0.00454545454545455 1.43389612450605 0.323565345495191 0.596660846574119 0.98 1721.16326530612 27.0408163265306 394.632671928267
0.00454545454545455 1.51723753453346 0.309007624969176 0.55159928363777 1 4632.4 73.24 513.770133710913
0.00454545454545455 1.34812797005944 0.222529888385373 0.237487513674724 0.94 2217.76595744681 43.3829787234043 452.406792091095
0.00454545454545455 1.45384821079764 0.226480294095047 0.610867425768513 0.98 4570.10204081633 73.9387755102041 466.629496974459
0.00454545454545455 1.38302240822232 0.194475615685575 0.116198090880433 0.98 3405.04081632653 70.6530612244898 442.430381707043
0.00454545454545455 1.33968511359441 0.256384985216436 0.376877035409945 0.98 1200.20408163265 19.6326530612245 349.447259219899
0.00454545454545455 1.36429958990008 0.286885649594037 -0.0691002493124573 1 1281.44 24.7 431.430347233954
0.00454545454545455 1.40070933334465 0.279132261991256 -0.0804447798952092 0.96 2130.16666666667 45.7916666666667 450.632345138223
0.00454545454545455 1.44038388074127 0.3648444343236 -0.447586810013977 0.96 1659.625 35.8333333333333 444.041736485925
0.00454545454545455 1.43187284103785 0.249747232765456 0.715905064415107 1 3284.26 49.1 455.362158239013
0.00454545454545455 1.36992916781216 0.259555253814933 -0.284159829147763 0.96 1995.125 45.5625 499.944501752086
0.00454545454545455 1.46321373088587 0.333504918082807 0.452628355577114 1 2261.12 36.42 459.760696124014
0.00454545454545455 1.36402040831312 0.266304906850472 0.299196525338531 1 1368.98 23.66 360.14968746565
0.00454545454545455 1.45154321652521 0.175759493149969 0.68025236951602 0.98 5010.12244897959 79.8979591836735 379.148533333275
0.00454545454545455 1.43290758134774 0.208982179739321 0.253660685575715 0.98 4263.32653061224 81.2040816326531 400.56240032307
0.00454545454545455 1.45899854346757 0.315188889512223 -0.324327548733661 0.98 3266.5306122449 74.5102040816327 520.917550893975
0.00454545454545455 1.41612243568357 0.259707353389488 -0.73205334780791 0.98 3994.16326530612 117.714285714286 476.796519317285
0.00454545454545455 1.5025347015358 0.284923641615778 0.236611510556746 0.98 4867.9387755102 90.6530612244898 438.490934732356
0.00454545454545455 1.51723753453346 0.309007624969176 0.55159928363777 1 4632.4 73.24 513.770133710913
0.00454545454545455 1.4868036931923 0.228832076612926 0.398220857941553 1 4616.94 83.1 336.672959250138
0.00454545454545455 1.47601800505334 0.20882654414274 0.311779896592147 1 5064.12 94.2 360.373452534825
0.00454545454545455 1.48387754833392 0.389212735124545 -0.689231863753012 0.96 2576.29166666667 65.4583333333333 542.953633312484
0.00454545454545455 1.36089912048889 0.167767426699011 -0.131028146052235 0.96 3112.91666666667 72.2291666666667 399.24402956702
0.00454545454545455 1.42464725663885 0.312177099101245 -0.833086777944118 0.96 2911.9375 81.9791666666667 514.044740831213
0.00454545454545455 1.47344744565853 0.350050679687433 0.299088744873642 1 2293.54 39.24 466.332205229899
0.00454545454545455 1.59107310402143 0.391642744679871 -0.0300543846810567 0.98 4645.77551020408 90.7551020408163 496.908205915636
0.00454545454545455 1.46654955409694 0.363977844583219 -0.339567359466923 0.96 2148.10416666667 46.4375 543.300899089384
0.00454545454545455 1.45899854346757 0.315188889512223 -0.324327548733661 0.98 3266.5306122449 74.5102040816327 520.917550893975
0.00454545454545455 1.57237111631739 0.369286987868227 -0.891265646674503 1 4687.14 132.42 405.089882156699
0.00454545454545455 1.59952628792722 0.38763832958995 -0.151224302929682 1 4966.82 104.94 472.565090792319
0.00454545454545455 1.44240462120163 0.243558881650026 -0.435324383126464 1 5001.68 126.44 444.319002095389
0.00454545454545455 1.34733776827771 0.219232205098045 -0.362112315363143 0.94 2703.89361702128 65.8723404255319 461.36880082213
0.00454545454545455 1.47726981844753 0.330566386203282 -0.5963573330082 0.98 4395.73469387755 113.857142857143 499.792156630486
0.00454545454545455 1.42453585605186 0.295408590358178 0.564983251677566 1 2194.54 34.54 432.984040158339
0.00454545454545455 1.42907054259568 0.242351548163997 0.358330317362381 1 4418.5 75.52 482.474874464199
0.00454545454545455 1.50219021395294 0.294015359390051 0.151780529767214 1 4780.24 92.48 503.439814536793
0.00454545454545455 1.54557322090761 0.369788859232713 0.606664937774796 1 3449.64 50.7 555.302728469468
0.00454545454545455 1.57237111631739 0.369286987868227 -0.891265646674503 1 4687.14 132.42 405.089882156699
0.00454545454545455 1.4261775826413 0.356245635868903 0.206518130741334 1 1452.12 24.26 396.388514105121
0.00454545454545455 1.48289225792708 0.353858238119451 0.665166481320093 0.96 2127.25 29.5833333333333 447.059666898126
0.00454545454545455 1.59061510051381 0.377798897328268 0.742473581157695 1 4684.12 66.08 495.438328284628
0.00454545454545455 1.47344744565853 0.350050679687433 0.299088744873642 1 2293.54 39.24 466.332205229899
0.00454545454545455 1.39162981100777 0.143381272337713 0.73319726035075 0.98 3578.5306122449 57.530612244898 366.414305067382
0.00454545454545455 1.54116695876941 0.370053479385114 0.784774171775686 0.98 2893.71428571429 38.9387755102041 539.781543274107
0.00454545454545455 1.527244016435 0.311937038251199 0.0193728976882994 0.96 4786.25 94.5 417.678599776027
0.00454545454545455 1.36089912048889 0.167767426699011 -0.131028146052235 0.96 3112.91666666667 72.2291666666667 399.24402956702
0.00454545454545455 1.50150437690318 0.348570418474265 -0.0681163896806538 1 3544.26 72.94 574.286273833616
0.00454545454545455 1.33133315537125 0.130144243012182 -0.866819645743817 1 4163.44 136.04 389.293779587951
0.00454545454545455 1.52847657751461 0.361101304432115 -0.831739561317846 1 4598.06 127.5 535.89702289458
0.00454545454545455 1.59459597571669 0.363300373580513 0.890097888838976 1 4854.08 62.68 504.790778134573
0.00454545454545455 1.49279705232253 0.293441767163635 0.483000609740418 0.96 4403.1875 72.4166666666667 501.505692139784
0.00454545454545455 1.41612243568357 0.259707353389488 -0.73205334780791 0.98 3994.16326530612 117.714285714286 476.796519317285
0.00454545454545455 1.32307825370364 0.23712822842702 0.242112961276018 0.98 1155.51020408163 20.734693877551 353.68530652665
0.00454545454545455 1.44591373646924 0.227591588364297 0.804554863098154 1 3567.9 52.1 409.859168877847
0.00454545454545455 1.45936090543521 0.339834328178371 -0.178044758997993 1 2701.54 56.82 497.528235505595
0.00454545454545455 1.55443487449362 0.367151810721658 -0.213203395787622 1 4617.74 101.02 520.715990372491
0.00454545454545455 1.48365895882837 0.29820912071032 -0.21019167469999 1 4348.98 99.18 484.477488220064
0.00454545454545455 1.50851571243595 0.329473366128623 -0.710362295686988 0.98 4454.36734693878 121.897959183673 464.69555874185
0.00454545454545455 1.37325055502974 0.231314933784234 -0.372278129877831 0.98 2403.20408163265 60.4489795918367 451.625296101284
0.00454545454545455 1.49041531309485 0.246901053935289 0.119565854780376 0.98 4955.9387755102 99.6122448979592 428.7754089645
0.00454545454545455 1.51723753453346 0.309007624969176 0.55159928363777 1 4632.4 73.24 513.770133710913
0.00454545454545455 1.33147254710066 0.124998902737109 0.18094283514256 0.94 2618.59574468085 54.1276595744681 396.018120973861
0.00454545454545455 1.50870491692914 0.293132243551978 0.211182195137797 0.98 4720.9387755102 87.7142857142857 455.464513954012
0.00454545454545455 1.36468217358516 0.24535182360688 0.303254959609764 0.94 1843.65957446809 33.8297872340426 429.759130521058
0.00454545454545455 1.54700329922446 0.387159749771167 0.139041912280686 1 3791.2 67.46 582.299426729977
0.00454545454545455 1.45631825861731 0.295850246370079 -0.149432436060239 1 4038.64 85.82 489.048082452777
0.00454545454545455 1.42464725663885 0.312177099101245 -0.833086777944118 0.96 2911.9375 81.9791666666667 514.044740831213
0.00454545454545455 1.31378156793846 0.237118309915594 -0.445041605452029 0.98 1269.20408163265 29.8163265306122 357.685688982803
0.00454545454545455 1.46468557353749 0.399286054238527 -0.0930807693648807 0.96 1368.33333333333 24.5625 394.102793863288
0.00454545454545455 1.39607489608325 0.27686606318164 0.896621798290087 1 1594.76 21.52 378.733088220251
0.00454545454545455 1.50537675713167 0.299456106364119 -0.0467914838318879 0.98 4993.95918367347 107.204081632653 478.919510531531
0.00454545454545455 1.38898216924245 0.29876330293652 -0.157778077706907 0.94 1843.40425531915 40.2553191489362 424.006408292317
0.00454545454545455 1.41612243568357 0.259707353389488 -0.73205334780791 0.98 3994.16326530612 117.714285714286 476.796519317285
0.00454545454545455 1.48365895882837 0.29820912071032 -0.21019167469999 1 4348.98 99.18 484.477488220064
0.00454545454545455 1.48760886395405 0.288538047424863 0.397791091327259 1 4429.38 76.34 469.314222804418
0.00454545454545455 1.44857827182859 0.250011889799498 0.204245266038924 0.96 3978.52083333333 76.4166666666667 449.419128693879
0.00454545454545455 1.37350347042442 0.161921158183571 0.799019341023018 0.96 3317.4375 47.8958333333333 463.565967799988
0.00454545454545455 1.45899854346757 0.315188889512223 -0.324327548733661 0.98 3266.5306122449 74.5102040816327 520.917550893975
0.00454545454545455 1.53107699159502 0.357295202137074 0.292470168808199 0.98 3430.0612244898 58.7142857142857 545.890087933344
0.00454545454545455 1.44753921025204 0.35467827197971 -0.124010889968701 1 1980.98 39.28 441.800325099686
0.00454545454545455 1.43832982630665 0.160415786527385 0.822257421236681 1 5046.98 73.2 371.177801662453
0.00454545454545455 1.46503248107322 0.239361085248798 -0.131718833986073 0.98 5013.16326530612 112.938775510204 399.224917380921
0.00454545454545455 1.51286387619444 0.252870906994315 0.806755987719698 1 4731.36 68.08 376.35682644327
0.00454545454545455 1.47344744565853 0.350050679687433 0.299088744873642 1 2293.54 39.24 466.332205229899
0.00454545454545455 1.59459597571669 0.363300373580513 0.890097888838976 1 4854.08 62.68 504.790778134573
0.00454545454545455 1.45384821079764 0.226480294095047 0.610867425768513 0.98 4570.10204081633 73.9387755102041 466.629496974459
0.00454545454545455 1.45890361506995 0.246701380715248 0.501771629510499 1 3587.88 61.08 461.291188356192
0.00454545454545455 1.40788444706634 0.346111057156198 -0.129693824679579 0.98 1197.44897959184 23.8571428571429 355.210795810821
0.00454545454545455 1.48365895882837 0.29820912071032 -0.21019167469999 1 4348.98 99.18 484.477488220064
0.00454545454545455 1.48365895882837 0.29820912071032 -0.21019167469999 1 4348.98 99.18 484.477488220064
0.00454545454545455 1.36808406394081 0.193721702771776 0.0202790038366371 0.96 2954.64583333333 63.875 449.367802596331
0.00454545454545455 1.4742619571276 0.243636784749106 0.943569582421333 1 4539.14 62.02 473.830894678959
0.00454545454545455 1.47344744565853 0.350050679687433 0.299088744873642 1 2293.54 39.24 466.332205229899
0.00454545454545455 1.36089912048889 0.167767426699011 -0.131028146052235 0.96 3112.91666666667 72.2291666666667 399.24402956702
0.00454545454545455 1.48808788743786 0.376327038552794 -0.296157973110953 1 2734.06 60.1 497.225875130206
0.00454545454545455 1.50224591278985 0.307528164918708 -0.260540071191708 0.98 4469.4693877551 100.959183673469 436.382190708479
0.00454545454545455 1.41477710325271 0.162442866968922 0.702691250946373 0.96 4283 66.2083333333333 378.318826051349
0.00454545454545455 1.49041531309485 0.246901053935289 0.119565854780376 0.98 4955.9387755102 99.6122448979592 428.7754089645
0.00454545454545455 1.59459597571669 0.363300373580513 0.890097888838976 1 4854.08 62.68 504.790778134573
0.00454545454545455 1.44857827182859 0.250011889799498 0.204245266038924 0.96 3978.52083333333 76.4166666666667 449.419128693879
