0 1.48365895882837 0.29820912071032 -0.21019167469999 1 4348.98 99.18 484.477488220064
0.0087719298245614 1.50015151173217 0.306520194611019 0.442644158909668 1 3972.44 67.36 480.825776223122
0.0087719298245614 1.41249203834555 0.245889186770446 -0.0337645469475432 0.98 3450.97959183673 73.8367346938775 467.989335974437
0.0087719298245614 1.4492668140118 0.338038195659147 -0.434114115327835 1 2353.56 55.58 473.431401285771
0 1.37940026839767 0.272018151127836 -0.401531037150609 0.96 2531.625 61.5208333333333 438.952235214727
0.0087719298245614 1.34894711088889 0.196616554901134 0.631766729534699 1 2096.88 33.86 409.226543470469
0 1.42389582238712 0.243027851920395 0.690550479126576 0.98 3647.83673469388 56.9387755102041 482.565404987172
0.0087719298245614 1.37325055502974 0.231314933784234 -0.372278129877831 0.98 2403.20408163265 60.4489795918367 451.625296101284
0.0087719298245614 1.50512586114731 0.363645686223013 0.996555144930797 1 2542.12 31.06 459.66639183631
0.0087719298245614 1.45631825861731 0.295850246370079 -0.149432436060239 1 4038.64 85.82 489.048082452777
0 1.48365895882837 0.29820912071032 -0.21019167469999 1 4348.98 99.18 484.477488220064
0 1.46863517425986 0.34819132903244 -0.0135690809672869 1 2533.04 49.92 549.379818727302
0 1.48365895882837 0.29820912071032 -0.21019167469999 1 4348.98 99.18 484.477488220064
0 1.48365895882837 0.29820912071032 -0.21019167469999 1 4348.98 99.18 484.477488220064
0 1.37940026839767 0.272018151127836 -0.401531037150609 0.96 2531.625 61.5208333333333 438.952235214727
0.0087719298245614 1.51008927405984 0.38142264749107 0.507502471196439 0.98 2473.14285714286 37.530612244898 466.814112142541
0 1.40285453898804 0.154664219573831 0.928094277636662 1 3313.36 48 373.016131139577
0.0087719298245614 1.45631825861731 0.295850246370079 -0.149432436060239 1 4038.64 85.82 489.048082452777
0.0087719298245614 1.44753921025204 0.35467827197971 -0.124010889968701 1 1980.98 39.28 441.800325099686
0 1.51804676484803 0.29400884739749 0.234530882727364 1 4324.14 79.28 403.019064115779
0 1.44920917541979 0.370976651030731 0.0156409358008855 1 1572.76 28.2 425.41091931035
0 1.35666978174785 0.246198964304286 -0.182364492221731 0.96 2723.60416666667 59.625 461.180899579436
0 1.53164409251926 0.345728846838509 0.708767106533975 0.98 3429.08163265306 48.5714285714286 513.93336550105
0 1.37940026839767 0.272018151127836 -0.401531037150609 0.96 2531.625 61.5208333333333 438.952235214727
0.0087719298245614 1.4492668140118 0.338038195659147 -0.434114115327835 1 2353.56 55.58 473.431401285771
0.0087719298245614 1.37325055502974 0.231314933784234 -0.372278129877831 0.98 2403.20408163265 60.4489795918367 451.625296101284
0 1.4494512243685 0.268924840394932 -0.139729316756595 0.98 4240.73469387755 92.8979591836735 478.274065500174
0.0087719298245614 1.37471145504934 0.263780414720983 -0.972580557127137 1 2436.68 74.56 474.60341916037
0 1.44004058824117 0.257769491235144 0.966709413655846 0.98 3206.42857142857 41.5918367346939 446.546696419056
0.0087719298245614 1.34233530626459 0.265509144764423 -0.885573074780509 0.98 1908.67346938776 55.2244897959184 392.616348251905
0.0087719298245614 1.46502059894327 0.348071097295646 -0.279270263996777 1 2342.96 49.98 500.862977210359
0 1.48063421765861 0.343056705616656 0.0870045849767704 0.98 2824.75510204082 52.2040816326531 531.937951405918
0.0087719298245614 1.43011515853968 0.274217115487238 0.237567877716057 1 2687.48 49.96 482.524605658978
0.0087719298245614 1.4492668140118 0.338038195659147 -0.434114115327835 1 2353.56 55.58 473.431401285771
0 1.37940026839767 0.272018151127836 -0.401531037150609 0.96 2531.625 61.5208333333333 438.952235214727
0 1.58459024787847 0.372362561367963 0.751693010157971 1 4391.76 61.34 468.95081135049
0 1.47479992416351 0.329933547886716 0.745557398670212 0.98 2697.69387755102 37.8775510204082 493.908264034011
0.0087719298245614 1.4003798476218 0.297429564304766 -0.1184424809512 1 1909.34 41.3 445.784654890395
0 1.48365895882837 0.29820912071032 -0.21019167469999 1 4348.98 99.18 484.477488220064
0.0087719298245614 1.34233530626459 0.265509144764423 -0.885573074780509 0.98 1908.67346938776 55.2244897959184 392.616348251905
0.0087719298245614 1.34894711088889 0.196616554901134 0.631766729534699 1 2096.88 33.86 409.226543470469
0 1.40194347836709 0.26804298514879 -0.331454769593932 0.98 3284.04081632653 76.6326530612245 541.846812829179
0.0087719298245614 1.45899854346757 0.315188889512223 -0.324327548733661 0.98 3266.5306122449 74.5102040816327 520.917550893975
0.0087719298245614 1.44591373646924 0.227591588364297 0.804554863098154 1 3567.9 52.1 409.859168877847
0.0087719298245614 1.49910891706758 0.314474122224937 0.335062077113654 0.98 3336.73469387755 59.8775510204082 469.444174196472
0.0087719298245614 1.45936090543521 0.339834328178371 -0.178044758997993 1 2701.54 56.82 497.528235505595
0.0087719298245614 1.45899854346757 0.315188889512223 -0.324327548733661 0.98 3266.5306122449 74.5102040816327 520.917550893975
0.0087719298245614 1.43011515853968 0.274217115487238 0.237567877716057 1 2687.48 49.96 482.524605658978
0 1.45480504338585 0.238547334228358 0.669243906951946 1 4115.06 62.6 498.69475436693
0 1.48365895882837 0.29820912071032 -0.21019167469999 1 4348.98 99.18 484.477488220064
0 1.58459024787847 0.372362561367963 0.751693010157971 1 4391.76 61.34 468.95081135049
0.0087719298245614 1.51704602959179 0.357057186429785 0.162480897788826 1 3926.02 70.58 444.189138205426
0.0087719298245614 1.41249203834555 0.245889186770446 -0.0337645469475432 0.98 3450.97959183673 73.8367346938775 467.989335974437
0 1.48365895882837 0.29820912071032 -0.21019167469999 1 4348.98 99.18 484.477488220064
0 1.48365895882837 0.29820912071032 -0.21019167469999 1 4348.98 99.18 484.477488220064
0 1.44004058824117 0.257769491235144 0.966709413655846 0.98 3206.42857142857 41.5918367346939 446.546696419056
0.0087719298245614 1.36690034814947 0.286588496485002 -0.828386446564732 0.98 1912.26530612245 51.9387755102041 455.582758876459
0 1.35666978174785 0.246198964304286 -0.182364492221731 0.96 2723.60416666667 59.625 461.180899579436
0.0087719298245614 1.37471145504934 0.263780414720983 -0.972580557127137 1 2436.68 74.56 474.60341916037
0.0087719298245614 1.34233530626459 0.265509144764423 -0.885573074780509 0.98 1908.67346938776 55.2244897959184 392.616348251905
0 1.54954830869093 0.365131183325468 0.579627505000107 0.98 3484.14285714286 52.6734693877551 490.8677227269
0.0087719298245614 1.44591373646924 0.227591588364297 0.804554863098154 1 3567.9 52.1 409.859168877847
0.0087719298245614 1.36411040637856 0.227143204537693 -0.437479132082012 0.98 2602.63265306122 67.2857142857143 410.160260587993
0.0087719298245614 1.45596997096514 0.324527337689597 0.171875890889342 1 2192.1 40.22 466.862070485377
0.0087719298245614 1.51704602959179 0.357057186429785 0.162480897788826 1 3926.02 70.58 444.189138205426
0.0087719298245614 1.45113439752724 0.274722236337897 0.24542545886013 0.98 3585.97959183673 68.0612244897959 479.953713077531
0.0087719298245614 1.47344744565853 0.350050679687433 0.299088744873642 1 2293.54 39.24 466.332205229899
0 1.48365895882837 0.29820912071032 -0.21019167469999 1 4348.98 99.18 484.477488220064
0.0087719298245614 1.40083776004945 0.182580888142641 0.684369842163578 0.98 3314.71428571429 54.5102040816327 421.731095940497
0.0087719298245614 1.45631825861731 0.295850246370079 -0.149432436060239 1 4038.64 85.82 489.048082452777
0 1.37134132073167 0.289180054120517 -0.50921818995447 0.98 1714.79591836735 42.6122448979592 406.666975194037
0 1.48365895882837 0.29820912071032 -0.21019167469999 1 4348.98 99.18 484.477488220064
0 1.33563595707883 0.156400635862309 0.124327950737255 0.96 2919.10416666667 59.6666666666667 458.728616169645
0.0087719298245614 1.39847760056025 0.200319344962822 0.71719553568938 1 3387.9 53.16 503.037384844963
0 1.40194347836709 0.26804298514879 -0.331454769593932 0.98 3284.04081632653 76.6326530612245 541.846812829179
0.0087719298245614 1.46016245865247 0.331202435097296 0.39723442072042 0.98 2648.81632653061 44.1836734693878 485.109118816552
0.0087719298245614 1.45631825861731 0.295850246370079 -0.149432436060239 1 4038.64 85.82 489.048082452777
0 1.58459024787847 0.372362561367963 0.751693010157971 1 4391.76 61.34 468.95081135049
0.0087719298245614 1.44828852003318 0.303375714022506 0.320983806906833 0.98 3027.24489795918 54.1020408163265 491.450276712376
0 1.48365895882837 0.29820912071032 -0.21019167469999 1 4348.98 99.18 484.477488220064
0 1.43296459633208 0.324201176825366 0.357888955589397 0.98 1814.91836734694 30.4081632653061 455.435959751788
0 1.40438302675807 0.314561183675602 -0.948137436470214 0.96 2033.0625 59.2291666666667 483.365673738937
0 1.48365895882837 0.29820912071032 -0.21019167469999 1 4348.98 99.18 484.477488220064
0.0087719298245614 1.46321373088587 0.333504918082807 0.452628355577114 1 2261.12 36.42 459.760696124014
0 1.48365895882837 0.29820912071032 -0.21019167469999 1 4348.98 99.18 484.477488220064
0.0087719298245614 1.38302240822232 0.194475615685575 0.116198090880433 0.98 3405.04081632653 70.6530612244898 442.430381707043
0 1.35666978174785 0.246198964304286 -0.182364492221731 0.96 2723.60416666667 59.625 461.180899579436
0.0087719298245614 1.47344744565853 0.350050679687433 0.299088744873642 1 2293.54 39.24 466.332205229899
0 1.35666978174785 0.246198964304286 -0.182364492221731 0.96 2723.60416666667 59.625 461.180899579436
0 1.33563595707883 0.156400635862309 0.124327950737255 0.96 2919.10416666667 59.6666666666667 458.728616169645
0.0087719298245614 1.41565479655321 0.31258241804028 -0.0496607760051526 0.98 2108.08163265306 41.9795918367347 442.070797603883
0 1.48365895882837 0.29820912071032 -0.21019167469999 1 4348.98 99.18 484.477488220064
0 1.48365895882837 0.29820912071032 -0.21019167469999 1 4348.98 99.18 484.477488220064
0 1.56423304662339 0.392469138295921 0.0489761559256041 0.98 3683.5306122449 67.7142857142857 519.344294167966
0.0087719298245614 1.38302240822232 0.194475615685575 0.116198090880433 0.98 3405.04081632653 70.6530612244898 442.430381707043
0.0087719298245614 1.45631825861731 0.295850246370079 -0.149432436060239 1 4038.64 85.82 489.048082452777
0 1.4185832698253 0.354540459386327 -0.634969304837199 0.98 1517.69387755102 37.4489795918367 416.437120958017
0 1.45538548574152 0.375061299349894 -0.144940799276978 0.98 2069.51020408163 41.1020408163265 495.746906998575
0 1.43165091213055 0.28859270953095 0.34356047301606 0.98 2266.40816326531 39.4285714285714 495.161939304478
0.0087719298245614 1.34894711088889 0.196616554901134 0.631766729534699 1 2096.88 33.86 409.226543470469
0.0087719298245614 1.47344744565853 0.350050679687433 0.299088744873642 1 2293.54 39.24 466.332205229899
0 1.44004058824117 0.257769491235144 0.966709413655846 0.98 3206.42857142857 41.5918367346939 446.546696419056
0.0087719298245614 1.39600366846138 0.295970799782232 -0.508661766335456 1 2415.36 60.42 490.896681096736
0 1.33563595707883 0.156400635862309 0.124327950737255 0.96 2919.10416666667 59.6666666666667 458.728616169645
0.0087719298245614 1.47344744565853 0.350050679687433 0.299088744873642 1 2293.54 39.24 466.332205229899
0 1.54954830869093 0.365131183325468 0.579627505000107 0.98 3484.14285714286 52.6734693877551 490.8677227269
0 1.54954830869093 0.365131183325468 0.579627505000107 0.98 3484.14285714286 52.6734693877551 490.8677227269
0.0087719298245614 1.44753921025204 0.35467827197971 -0.124010889968701 1 1980.98 39.28 441.800325099686
0.0087719298245614 1.45899854346757 0.315188889512223 -0.324327548733661 0.98 3266.5306122449 74.5102040816327 520.917550893975
0.0087719298245614 1.46431634633813 0.378340065478574 -0.63751844826285 0.98 2253.18367346939 56.8163265306122 493.835861189417
0.0087719298245614 1.48261467037229 0.370290274361412 0.0959372116580133 1 2173.76 41.24 490.322122146178
0 1.47479992416351 0.329933547886716 0.745557398670212 0.98 2697.69387755102 37.8775510204082 493.908264034011
0 1.35666978174785 0.246198964304286 -0.182364492221731 0.96 2723.60416666667 59.625 461.180899579436
0.0087719298245614 1.43144695353263 0.311073991911962 -0.169804103352741 0.98 2630.63265306122 56.9795918367347 484.748990750108
0.0087719298245614 1.45899854346757 0.315188889512223 -0.324327548733661 0.98 3266.5306122449 74.5102040816327 520.917550893975
0.0087719298245614 1.4492668140118 0.338038195659147 -0.434114115327835 1 2353.56 55.58 473.431401285771
0 1.58459024787847 0.372362561367963 0.751693010157971 1 4391.76 61.34 468.95081135049
0 1.37887534543768 0.239012317888294 -0.640511095727402 0.98 3228.0612244898 90.8979591836735 529.350102755151
0.0087719298245614 1.38302240822232 0.194475615685575 0.116198090880433 0.98 3405.04081632653 70.6530612244898 442.430381707043
0.0087719298245614 1.5154528629064 0.362271256028951 0.498215711282126 0.98 2374.24489795918 36.3061224489796 465.916073902141
0.0087719298245614 1.35300530496649 0.167173098864049 0.874457970883514 0.98 2853.97959183673 41.0612244897959 437.025615614077
0 1.35666978174785 0.246198964304286 -0.182364492221731 0.96 2723.60416666667 59.625 461.180899579436
0.0087719298245614 1.45074598260591 0.311685711093685 -0.480856611373758 1 3078.72 76.86 504.016908229487
0 1.36089912048889 0.167767426699011 -0.131028146052235 0.96 3112.91666666667 72.2291666666667 399.24402956702
0.0087719298245614 1.51704602959179 0.357057186429785 0.162480897788826 1 3926.02 70.58 444.189138205426
0.0087719298245614 1.41915015026257 0.340765398009932 -0.237916540466582 1 1768.8 37.24 440.764090050308
0 1.43296459633208 0.324201176825366 0.357888955589397 0.98 1814.91836734694 30.4081632653061 455.435959751788
0.0087719298245614 1.35283351109195 0.240529201503549 -0.336983435108121 0.98 2067.08163265306 46.3469387755102 438.865085162669
0 1.52940116043843 0.374713035874042 0.168053481458527 0.98 2981.16326530612 52.9591836734694 510.733393204356
0 1.48379646235422 0.306950851018986 0.0327036533475271 1 3957.52 79.96 507.439042468046
0 1.40194347836709 0.26804298514879 -0.331454769593932 0.98 3284.04081632653 76.6326530612245 541.846812829179
0.0087719298245614 1.44913650200847 0.258216853240876 0.597082358204746 1 3485.62 55.3 457.651037520249
0.0087719298245614 1.38302240822232 0.194475615685575 0.116198090880433 0.98 3405.04081632653 70.6530612244898 442.430381707043
0.0087719298245614 1.44591373646924 0.227591588364297 0.804554863098154 1 3567.9 52.1 409.859168877847
0.0087719298245614 1.47612814791874 0.383623565504917 0.0565487799829945 1 2307.98 43.66 490.453231835079
0 1.48365895882837 0.29820912071032 -0.21019167469999 1 4348.98 99.18 484.477488220064
0 1.35666978174785 0.246198964304286 -0.182364492221731 0.96 2723.60416666667 59.625 461.180899579436
0 1.44806728657973 0.394234856803156 -0.289816626191472 1 1537.72 33.44 413.54719006355
0 1.43165091213055 0.28859270953095 0.34356047301606 0.98 2266.40816326531 39.4285714285714 495.161939304478
0 1.42389582238712 0.243027851920395 0.690550479126576 0.98 3647.83673469388 56.9387755102041 482.565404987172
0 1.48365895882837 0.29820912071032 -0.21019167469999 1 4348.98 99.18 484.477488220064
0.0087719298245614 1.43011515853968 0.274217115487238 0.237567877716057 1 2687.48 49.96 482.524605658978
0 1.42389582238712 0.243027851920395 0.690550479126576 0.98 3647.83673469388 56.9387755102041 482.565404987172
0.0087719298245614 1.44390531537055 0.335409773417376 -0.188172817083081 1 2173.18 46.24 474.76115488315
0.0087719298245614 1.38302240822232 0.194475615685575 0.116198090880433 0.98 3405.04081632653 70.6530612244898 442.430381707043
0 1.44004058824117 0.257769491235144 0.966709413655846 0.98 3206.42857142857 41.5918367346939 446.546696419056
0 1.54954830869093 0.365131183325468 0.579627505000107 0.98 3484.14285714286 52.6734693877551 490.8677227269
0.0087719298245614 1.37325055502974 0.231314933784234 -0.372278129877831 0.98 2403.20408163265 60.4489795918367 451.625296101284
0 1.36089912048889 0.167767426699011 -0.131028146052235 0.96 3112.91666666667 72.2291666666667 399.24402956702
0.0087719298245614 1.48808788743786 0.376327038552794 -0.296157973110953 1 2734.06 60.1 497.225875130206
0.0087719298245614 1.34894711088889 0.196616554901134 0.631766729534699 1 2096.88 33.86 409.226543470469
0.0087719298245614 1.4003798476218 0.297429564304766 -0.1184424809512 1 1909.34 41.3 445.784654890395
0 1.59056609130491 0.379357771644768 0.519910797076424 1 4427.62 68.5 454.1974611287
0 1.49974324965445 0.355145723203598 0.366883295575887 0.98 2800.65306122449 45.7959183673469 509.328210823619
0.0087719298245614 1.51468728808238 0.397152557651643 -0.27431011272634 1 2784.3 55.38 504.727167426172
0 1.35666978174785 0.246198964304286 -0.182364492221731 0.96 2723.60416666667 59.625 461.180899579436
0.0087719298245614 1.47711947648839 0.376472211857018 -0.0282765546219089 1 2553.04 49.22 517.793207730258
0 1.525313762989 0.366362208079816 0.0522211596789386 1 3719.98 69.3 526.004708928427
0.0087719298245614 1.40122873424387 0.332191764453351 -0.453881667514359 0.98 1669.59183673469 38.734693877551 436.734859574886
0.0087719298245614 1.46321373088587 0.333504918082807 0.452628355577114 1 2261.12 36.42 459.760696124014
0.0087719298245614 1.4003798476218 0.297429564304766 -0.1184424809512 1 1909.34 41.3 445.784654890395
0 1.48760886395405 0.288538047424863 0.397791091327259 1 4429.38 76.34 469.314222804418
0.0087719298245614 1.51850244733348 0.365882828223196 0.710768079306927 1 2783.96 39.02 502.963550238716
0 1.59056609130491 0.379357771644768 0.519910797076424 1 4427.62 68.5 454.1974611287
0.0087719298245614 1.37325055502974 0.231314933784234 -0.372278129877831 0.98 2403.20408163265 60.4489795918367 451.625296101284
0.0087719298245614 1.47344744565853 0.350050679687433 0.299088744873642 1 2293.54 39.24 466.332205229899
0 1.48365895882837 0.29820912071032 -0.21019167469999 1 4348.98 99.18 484.477488220064
0 1.42907054259568 0.242351548163997 0.358330317362381 1 4418.5 75.52 482.474874464199
0.0087719298245614 1.34233530626459 0.265509144764423 -0.885573074780509 0.98 1908.67346938776 55.2244897959184 392.616348251905
0.0087719298245614 1.36945939189779 0.234921349471291 -0.699439654940661 1 3371.68 95.5 508.945579460829
0 1.59056609130491 0.379357771644768 0.519910797076424 1 4427.62 68.5 454.1974611287
0.0087719298245614 1.45899854346757 0.315188889512223 -0.324327548733661 0.98 3266.5306122449 74.5102040816327 520.917550893975
0 1.44004058824117 0.257769491235144 0.966709413655846 0.98 3206.42857142857 41.5918367346939 446.546696419056
0 1.58459024787847 0.372362561367963 0.751693010157971 1 4391.76 61.34 468.95081135049
0.0087719298245614 1.47612814791874 0.383623565504917 0.0565487799829945 1 2307.98 43.66 490.453231835079
0.0087719298245614 1.41915015026257 0.340765398009932 -0.237916540466582 1 1768.8 37.24 440.764090050308
0 1.47741061748751 0.35365188935723 -0.19920378780832 0.98 2909.14285714286 61.265306122449 540.451487798002
0.0087719298245614 1.47344744565853 0.350050679687433 0.299088744873642 1 2293.54 39.24 466.332205229899
0.0087719298245614 1.47612814791874 0.383623565504917 0.0565487799829945 1 2307.98 43.66 490.453231835079
0.0087719298245614 1.44591373646924 0.227591588364297 0.804554863098154 1 3567.9 52.1 409.859168877847
0 1.36089912048889 0.167767426699011 -0.131028146052235 0.96 3112.91666666667 72.2291666666667 399.24402956702
0.0087719298245614 1.45899854346757 0.315188889512223 -0.324327548733661 0.98 3266.5306122449 74.5102040816327 520.917550893975
0.0087719298245614 1.46321373088587 0.333504918082807 0.452628355577114 1 2261.12 36.42 459.760696124014
0.0087719298245614 1.48808788743786 0.376327038552794 -0.296157973110953 1 2734.06 60.1 497.225875130206
0 1.36089912048889 0.167767426699011 -0.131028146052235 0.96 3112.91666666667 72.2291666666667 399.24402956702
0 1.43296459633208 0.324201176825366 0.357888955589397 0.98 1814.91836734694 30.4081632653061 455.435959751788
0.0087719298245614 1.41249203834555 0.245889186770446 -0.0337645469475432 0.98 3450.97959183673 73.8367346938775 467.989335974437
0 1.48365895882837 0.29820912071032 -0.21019167469999 1 4348.98 99.18 484.477488220064
0.0087719298245614 1.45631825861731 0.295850246370079 -0.149432436060239 1 4038.64 85.82 489.048082452777
0.0087719298245614 1.47612814791874 0.383623565504917 0.0565487799829945 1 2307.98 43.66 490.453231835079
0 1.37286974005401 0.174713428178802 0.731547606643289 0.98 3772.48979591837 55.4285714285714 463.82456443357
0.0087719298245614 1.45631825861731 0.295850246370079 -0.149432436060239 1 4038.64 85.82 489.048082452777
0.0087719298245614 1.38302240822232 0.194475615685575 0.116198090880433 0.98 3405.04081632653 70.6530612244898 442.430381707043
0.0087719298245614 1.48808788743786 0.376327038552794 -0.296157973110953 1 2734.06 60.1 497.225875130206
0 1.42847404525629 0.304486374883926 -0.369919457471093 0.98 3044.48979591837 69.4897959183673 530.447851963985
0 1.51804676484803 0.29400884739749 0.234530882727364 1 4324.14 79.28 403.019064115779
0.0087719298245614 1.41915015026257 0.340765398009932 -0.237916540466582 1 1768.8 37.24 440.764090050308
0 1.48365895882837 0.29820912071032 -0.21019167469999 1 4348.98 99.18 484.477488220064
0 1.42538562455053 0.224591053191908 0.020339309571798 0.98 4186.77551020408 88.8571428571429 475.571653119399
0.0087719298245614 1.47344744565853 0.350050679687433 0.299088744873642 1 2293.54 39.24 466.332205229899
0 1.35666978174785 0.246198964304286 -0.182364492221731 0.96 2723.60416666667 59.625 461.180899579436
0.0087719298245614 1.45936090543521 0.339834328178371 -0.178044758997993 1 2701.54 56.82 497.528235505595
0 1.46282138011848 0.238701487479078 0.583796482806943 1 4575.46 72.56 438.198118947658
0 1.59056609130491 0.379357771644768 0.519910797076424 1 4427.62 68.5 454.1974611287
0 1.47741061748751 0.35365188935723 -0.19920378780832 0.98 2909.14285714286 61.265306122449 540.451487798002
0 1.43718527385824 0.226139363956849 0.881490544465292 0.98 3638 49.3265306122449 486.455590402053
0.0087719298245614 1.34586672438717 0.280560467943859 -0.908768204503221 0.98 1840.40816326531 50.5714285714286 452.643861427291
0.0087719298245614 1.44753921025204 0.35467827197971 -0.124010889968701 1 1980.98 39.28 441.800325099686
0.0087719298245614 1.48261467037229 0.370290274361412 0.0959372116580133 1 2173.76 41.24 490.322122146178
0 1.43165091213055 0.28859270953095 0.34356047301606 0.98 2266.40816326531 39.4285714285714 495.161939304478
0.0087719298245614 1.38302240822232 0.194475615685575 0.116198090880433 0.98 3405.04081632653 70.6530612244898 442.430381707043
0 1.35666978174785 0.246198964304286 -0.182364492221731 0.96 2723.60416666667 59.625 461.180899579436
0 1.45516709019951 0.284407970816777 0.868397485974073 0.98 2778.65306122449 37.8775510204082 504.686763388541
0.0087719298245614 1.45890361506995 0.246701380715248 0.501771629510499 1 3587.88 61.08 461.291188356192
0.0087719298245614 1.34014874128625 0.121523191011511 0.382300760131329 0.98 3056.71428571429 57.6530612244898 422.458168042952
0 1.45538548574152 0.375061299349894 -0.144940799276978 0.98 2069.51020408163 41.1020408163265 495.746906998575
0.0087719298245614 1.34233530626459 0.265509144764423 -0.885573074780509 0.98 1908.67346938776 55.2244897959184 392.616348251905
0 1.35666978174785 0.246198964304286 -0.182364492221731 0.96 2723.60416666667 59.625 461.180899579436
0 1.45185881600936 0.327687471765414 0.164435799711938 0.98 2027.67346938776 36.0204081632653 419.886161424388
0.0087719298245614 1.54450431785644 0.389401347910309 0.456088775786211 1 3360.02 52.42 484.385785650448
