0.00211864406779661 1.22676858187187 0.27266409934964 0.682167564425617 0.836107511585579 1.81735310377553 7.45929916775073 4.00167457220832 0.0315045091573636 4.47459009899815
0.00211864406779661 1.25372485674452 0.331310334801674 0.856010644021444 0.729032299714163 1.49902637163177 7.36480904015403 3.63121381226413 0.0239067310001528 4.41384267985854
0.00211864406779661 1.59635191210546 0.318802205310203 0.710185165796429 0.588153053401038 2.90293969446793 9.99009856203307 7.06177787178887 0.0534867836464424 7.63181621887486
0.00211864406779661 1.47577610970475 0.215336757549085 0.811741191335022 0.412222352670506 2.23732862435281 9.96946576957265 6.9433553872934 0.04850393344933 7.4621951332776
0.00211864406779661 1.21746505736373 0.144351121853106 0.869716801599134 0.86807577428408 2.17235574126244 7.72386254729898 4.37710382321066 0.035198256667772 4.70112950570486
0.00211864406779661 1.49911597287282 0.106317439093255 0.827854083443526 0.745506019564345 1.66520499158651 10.065111665138 6.62984750428885 0.0322168986644471 7.99553128890556
0.00211864406779661 1.41854234794155 0.378328891657293 0.894926086789928 0.673757089767605 2.98303882032633 8.68251552104661 5.52903218335856 0.0427031181130839 5.65820381474874
0.00211864406779661 1.17027298079338 0.325422719423659 0.674025550868828 0.492361189797521 2.88607646524906 6.69194587802719 3.61591043424735 0.0461418263706972 3.85014760171006
0.00211864406779661 1.40321741087828 0.32281833938323 0.698471350921318 0.317749164719135 1.32438098546118 8.852684651667 5.47747299754322 0.0342108766722058 5.74763435718505
0.00211864406779661 1.53872502371669 0.125716263917275 0.944375636370387 0.590225414698944 2.64734846446663 10.0121057561618 6.96768946642517 0.0476241025533684 7.94736038707021
0.00211864406779661 1.61166795655154 0.390753676812165 0.891565699467901 0.686253002285957 2.2667832095176 9.91846647293886 6.54941227794271 0.0344221786209784 7.41621811355894
0.00211864406779661 1.22578935928177 0.248717850935645 0.749401792581193 0.434883778262883 1.56420649169013 7.5548973025264 4.14724150834419 0.0331187466066858 4.51289244074007
0.00211864406779661 1.17916797960643 0.348991196369752 0.718508001894224 0.756427720701322 2.20937159843743 6.51975741608623 3.05269909816067 0.0312087018399919 3.6723645198756
0.00211864406779661 1.61448716381565 0.111549922614358 0.924979101237841 0.458497494226322 2.22141492087394 10.1029133825656 6.92086891812752 0.0415007215795287 8.25929427575616
0.00211864406779661 1.57602962581441 0.289668510737829 0.850156899727881 0.87346122614108 1.3388161836192 9.96789794046499 6.13296410938168 0.0216027678546314 7.70201396091049
0.00211864406779661 1.43520286118146 0.198141685524024 0.60196730728494 0.672551242914051 2.39529639901593 9.75978625393318 6.8349925554218 0.0536757641606294 7.10032179554627
0.00211864406779661 1.60959556335583 0.28272146366071 0.911030476482119 0.738809465803206 1.5413778196089 10.0445978608196 6.3463963059153 0.0247680303821945 7.92727625910485
0.00211864406779661 1.20498530797195 0.145355724659748 0.886185986315831 0.436376336077228 2.59831485757604 7.79263942844589 4.81308728997101 0.0508155871157109 4.76249044057663
0.00211864406779661 1.31427920607384 0.234888278716244 0.891389314911794 0.730883316183463 1.24711010884494 8.66117410744969 4.82858956132832 0.0216535785733481 5.5806402767222
0.00211864406779661 1.31643719316926 0.341362708178349 0.612016383581795 0.541150443954393 1.99890481773764 7.96753114846267 4.74912124280773 0.040018641110819 4.9032292650686
0.00211864406779661 1.5946026032092 0.231501434394158 0.838262703665532 0.587508736085147 2.54395131999627 10.0531582120417 6.95145313424786 0.0449724554472779 7.97506034893014
0.00211864406779661 1.19657618759666 0.393293534987606 0.773439308616798 0.364274535980076 1.58701426070184 6.3644957361301 2.58189891577531 0.0227635018810177 3.54470966328436
0.00211864406779661 1.31148765617982 0.10933371738065 0.777200382086448 0.615239450382069 2.08875111816451 9.01379310791825 5.9104578332631 0.0448992012171928 6.00860841427366
0.00211864406779661 1.51033816519193 0.110373916034587 0.823042191716377 0.59015061208047 1.93211330194026 10.0023414459638 6.74252679961436 0.0383955141067393 7.93934893654384
0.00211864406779661 1.59008400326129 0.160525300493464 0.841695562726818 0.55101453945972 1.20077634369954 10.0954905409399 6.37349630689088 0.0241856877987282 8.18913921470926
0.00211864406779661 1.39867235834245 0.341776982415468 0.818628622253891 0.557778843864799 1.36393241304904 8.84713181512643 5.18391224001704 0.0256497981931594 5.79961498406237
0.00211864406779661 1.261519699567 0.308688191557303 0.685715255327523 0.546566438907757 2.71785456873477 7.52299883145327 4.52295249570614 0.0497847615002992 4.53643238400896
0.00211864406779661 1.34607226736844 0.224192523164675 0.756822102924343 0.690397043712437 1.42028605332598 9.08028666901518 5.50910908502047 0.0281227173119065 5.98298038228723
0.00211864406779661 1.16154696766753 0.284357443032786 0.835567905940115 0.46326027601026 2.89478374598548 6.59253704872175 3.43637384046288 0.0425888324873096 3.82298938305775
0.00211864406779661 1.37721210040618 0.135639345319942 0.690263858751859 0.810493229515851 2.66164262732491 9.47474562912346 6.5069791603601 0.051418025940847 6.52585043528299
0.00211864406779661 1.15149559183046 0.234466501767747 0.88632196491817 0.717783092753962 1.32795313326642 6.53983724346922 2.63282677986462 0.0201005025125628 3.67904868133081
0.00211864406779661 1.6333254077239 0.313488397980109 0.739545928675216 0.697654188098386 2.3743764529936 10.0767094998442 6.86199053361439 0.0401666204143646 7.93403579489778
0.00211864406779661 1.53294929335825 0.247045181458816 0.615989689948037 0.419007337186486 2.84847015701234 10.0451607108523 7.28632869162199 0.0633657351154314 7.78740968861939
0.00211864406779661 1.54885832648724 0.302872675913386 0.727331146388315 0.570195151353255 2.40573393832892 10.0135295927373 6.93433229383259 0.0459961630050986 7.57884429042287
0.00211864406779661 1.48877793699503 0.127476022625342 0.697007625270635 0.806293087732047 2.88344244845212 9.90320417905632 6.98789029008789 0.0541870196555691 7.6714230523572
0.00211864406779661 1.43756190882996 0.242358878534287 0.857942409941461 0.596631068643183 2.02903557103127 9.63874045136684 6.35662835844262 0.0375488663017983 6.86960332783256
0.00211864406779661 1.47567533862311 0.160672061261721 0.691538069490343 0.540155172441155 2.98547917092219 9.95709782731699 7.23741867367402 0.0658958934923955 7.53283772862795
0.00211864406779661 1.21468814820983 0.194046095549129 0.622905193769839 0.809046410908923 1.07627554889768 7.64683139143048 3.80323782888896 0.0214165013591948 4.58378939096314
0.00211864406779661 1.45735976377036 0.275158052286133 0.682879037538078 0.586832660017535 1.30613671522588 9.78745735476145 6.27432250219427 0.0298033387675497 7.01496408549758
0.00211864406779661 1.44306869953871 0.238324238685891 0.943746182206087 0.542239069892094 1.33406897587702 9.73921021519996 6.04595273239205 0.0248907885225808 6.97867961731884
0.00211864406779661 1.38171820235439 0.209396763867699 0.896520428953227 0.644839297793806 1.66067213425413 9.44253880384263 5.93330563293445 0.0299198490530138 6.48356596187569
0.00211864406779661 1.38678111797199 0.151603302336298 0.664506027300376 0.601500555686653 1.46918996283785 9.91325179574489 6.54747779456662 0.0345352754268036 7.33096997302192
0.00211864406779661 1.29095178653952 0.20178711945191 0.879282172909006 0.792997577413917 2.45587696414441 8.1040318766736 4.86867340274271 0.0393460978613817 5.08507830711928
0.00211864406779661 1.60268536848016 0.169541507400572 0.949904366233386 0.897230314509943 1.52254833700135 10.0762987511192 6.39609597446757 0.0252178607233747 8.15639547480323
0.00211864406779661 1.26462696129456 0.103484158148058 0.672802028991282 0.475316705089062 2.02699888451025 8.65710896811214 5.73234501280538 0.0536773606736087 5.520229390613
0.00211864406779661 1.60915995864198 0.231078233011067 0.727352293068543 0.500183378253132 2.96095694368705 10.0840714894315 7.22397621624034 0.0572633043478261 8.02107006539824
0.00211864406779661 1.54542044035625 0.350999539345503 0.734417914540972 0.463361604278907 1.35808141995221 9.87856282967692 6.32214624132779 0.028540915537481 7.32470968713806
0.00211864406779661 1.51253231728915 0.199511142657138 0.923682458791882 0.339284291490912 1.80930229928344 9.95948186314483 6.65646942172165 0.0367722262057662 7.6313670003459
0.00211864406779661 1.189271589485 0.279865154763684 0.822977489221375 0.386278421524912 2.86755219008774 6.55789380524191 3.54199398527809 0.0490017229147664 3.6959969218828
0.00211864406779661 1.23509857405443 0.294122914131731 0.699132434651256 0.4859531623777 2.40228217234835 7.28162295653329 4.13433862789694 0.0429686573184331 4.29892609567625
0.00211864406779661 1.53507470546756 0.261652476177551 0.901094078470487 0.69615651271306 2.21324471337721 9.95102296157552 6.62826181043591 0.0360531460084868 7.55228977962139
0.00211864406779661 1.33362193170469 0.185594396060333 0.64553263715934 0.485697750281543 1.90439573349431 8.90894995320539 5.8867211249594 0.0486925699523888 5.80580408904851
0.00211864406779661 1.32825324914884 0.131690884148702 0.947239099035505 0.733124219672755 2.04543378204107 9.04366997992736 5.64632989990812 0.033462158353515 6.00538506271644
0.00211864406779661 1.61989512373693 0.236066282284446 0.627570551563986 0.831408666400239 1.05820641713217 10.0534795972145 6.18531659378679 0.0208967213937842 8.08875623934579
0.00211864406779661 1.29758216124028 0.197775524109602 0.611768176930491 0.425920602260157 1.96388040063903 8.19630883013668 5.24796348040242 0.0524263815459137 5.06259503302697
0.00211864406779661 1.19014252778143 0.291167917614803 0.705194234137889 0.554714712454006 1.73930880334228 6.94463350706857 3.42967685298402 0.0297490924277958 4.01638302075239
0.00211864406779661 1.47504847063683 0.331065557524562 0.931635080080014 0.705828430037946 2.87232748325914 9.14495882892881 5.96751332628547 0.0416920213655596 6.1782207009698
0.00211864406779661 1.40831388845108 0.370678197289817 0.699874721688684 0.442705890163779 2.00701091950759 8.5802910200822 5.39613224396737 0.0414130688145865 5.53011303528448
0.00211864406779661 1.1543948860839 0.223785498156212 0.733115687291138 0.740697812335566 2.24586153449491 6.67054587444101 3.39100064364164 0.0376453728710798 3.78418963391826
0.00211864406779661 1.3955380706815 0.160595757514238 0.731478865153622 0.794024039944634 2.89067386463284 9.26892718903066 6.33950976928685 0.0534281552685903 6.21542258145563
0.00211864406779661 1.19912097146735 0.152995302178897 0.697311001468915 0.704699665680528 2.12119922507554 7.43714326543571 4.24645234041956 0.041143434088471 4.47123054677696
0.00211864406779661 1.31088911821134 0.108506618067622 0.748550281487405 0.652616763487458 1.44097577221692 9.33909160783396 5.87473006866615 0.0312929783907007 6.37981982764969
0.00211864406779661 1.15873966387007 0.336991459759884 0.813460125157144 0.378481572959572 2.38753336435184 6.38977770409412 3.12190910133884 0.0380875202593193 3.56612719574424
0.00211864406779661 1.58274639011361 0.342839196207933 0.633938620577101 0.86065266863443 1.96503941901028 10.0199007615193 6.59728211822954 0.0326268848023072 7.61934795720397
0.00211864406779661 1.31784885048401 0.244675503927283 0.789274578529876 0.739153549214825 1.65946644172072 8.40141848254846 4.88775307276582 0.0297875305850652 5.32485856381743
0.00211864406779661 1.22362376572564 0.191599534731358 0.880775816412643 0.829090936621651 1.4473387687467 7.56644519793268 3.86578513693486 0.0247072128193824 4.57776092368121
0.00211864406779661 1.54659028861206 0.292197899776511 0.844417010201141 0.875991130247712 1.3876618091017 10.0591856059916 6.26922253836207 0.0225964363756697 7.77811375896238
0.00211864406779661 1.39489128915593 0.149046409479342 0.741588436253369 0.791176623757929 1.5519603821449 9.89913810739829 6.39798465406466 0.0301625722301455 7.29188324970217
0.00211864406779661 1.44707457334734 0.125635808543302 0.705385259399191 0.745099645480514 2.23569259559736 9.93355509712404 6.82482334403702 0.0446575562485779 7.57111845953163
0.00211864406779661 1.59242172047961 0.190699544851668 0.914022409927566 0.652018981100991 2.40015584276989 10.0898868949607 6.88479366734479 0.0405551206044192 8.08393542052366
0.00211864406779661 1.16591286389157 0.393141169799492 0.933159202011302 0.700739861140028 1.93008515471593 6.19973948572844 2.52985803765027 0.0254794904101918 3.34322727946595
0.00211864406779661 1.45771510407794 0.339012677059509 0.725000650179572 0.749950908031315 2.71168683329597 9.15297605458661 6.06579868416069 0.0456305709999117 6.15209419303295
0.00211864406779661 1.47507470005658 0.293079121806659 0.92438762615202 0.631194923724979 2.80860573193058 9.68742718944343 6.5889723270097 0.0451188634125756 6.8745086851885
0.00211864406779661 1.28750526006334 0.120701865293086 0.667415434843861 0.767806996498257 2.74961918359622 8.73133079339485 5.84124292004308 0.055571329157968 5.63133536830116
0.00211864406779661 1.44681407497264 0.162378696305677 0.719122614315711 0.5733386318665 2.33896904438734 9.88103060564843 6.9039145795962 0.0509395305074692 7.41938058291869
0.00211864406779661 1.19698031535372 0.107784675736912 0.761895851651207 0.55232346248813 1.66072025103495 7.6231530684769 4.34758614469359 0.0377954360228199 4.54683460897513
0.00211864406779661 1.32035267211031 0.258012271579355 0.734651377808768 0.424271146114916 2.54032875550911 8.457624030923 5.54691205029177 0.0544369580086954 5.38771786262713
0.00211864406779661 1.33574024818372 0.388240259070881 0.721565979579464 0.497640187991783 1.56526742037386 7.92630601059271 4.39533060030024 0.0292763454866709 4.89543819772923
0.00211864406779661 1.52206782738212 0.11733582415618 0.737163825123571 0.498654214432463 2.17076617712155 10.0831822052467 7.0035030734569 0.0459740058796225 8.07334524126496
0.00211864406779661 1.411930197943 0.132168760267086 0.664742266875692 0.453605659352615 1.41867143055424 9.95433003103575 6.68968810673955 0.0382106149271565 7.44854184326132
0.00211864406779661 1.18162285930011 0.350461139739491 0.824639574706089 0.728479894855991 2.3024856899865 6.61127269057708 3.17507320220981 0.0321867794004612 3.75118333745009
0.00211864406779661 1.43178842074703 0.258484016754664 0.920212284557056 0.752592172566801 2.51803541230038 9.5199111296856 6.25241755981774 0.0381018070108499 6.54860107373722
0.00211864406779661 1.49027984749991 0.188143981504254 0.918294289836194 0.735002107545734 1.7488689692691 9.9803961231599 6.46079086369594 0.0296111215711936 7.59145800071408
0.00211864406779661 1.58169857049361 0.29089956022799 0.866213928314391 0.458240903075784 1.62278888979927 10.0155639659827 6.51248799585042 0.0301046398841407 7.85405778492426
0.00211864406779661 1.19146051546559 0.273678476223722 0.780297957092989 0.800997425615787 2.09361323947087 6.94154818278054 3.52308719927119 0.032762818676597 4.04499868811895
0.00211864406779661 1.51571192892734 0.267833151738159 0.725568355398718 0.482932770391926 2.62954865768552 9.88763252321203 7.01646019589035 0.0566324958260098 7.32863431314266
0.00211864406779661 1.27279822584242 0.208568703359924 0.617471842688974 0.4528427075129 2.32064989674836 8.09659694140644 5.19925879096749 0.0551698786955837 5.03336354517381
0.00211864406779661 1.63516419879161 0.136417487543076 0.673784090427216 0.869953113561496 2.26678379066288 10.0929612494687 6.89874816982216 0.0409987754561702 8.22594030675171
0.00211864406779661 1.53255680236034 0.268238058988936 0.608032941480633 0.766967196576297 1.90302281500772 9.99433475776557 6.7028199473166 0.0371974595965976 7.59753011290122
0.00211864406779661 1.24360201237723 0.288688418851234 0.748023667314555 0.575972599256784 2.05196389043704 7.40581004622538 4.11256830117855 0.0371332774518022 4.37162792745298
0.00211864406779661 1.20899875285104 0.108139314688742 0.931298551498912 0.373205275833607 2.96431692969054 7.43779512167193 4.59667264547765 0.0583601213383438 4.48256786389576
0.00211864406779661 1.20707035691012 0.108388291019946 0.893977516086306 0.79076846530661 1.66336059058085 8.00225656494372 4.43857054350498 0.0283341915550978 4.95988166512925
0.00211864406779661 1.21936038809363 0.228757464233786 0.694151609065011 0.547929126676172 2.82286024279892 7.25838506463802 4.32515098628188 0.0532246268858853 4.28146229127955
0.00211864406779661 1.21883983232547 0.194446384091862 0.722884284949396 0.569263077992946 1.09249626193196 7.46707472671684 3.78503103068645 0.0251714793801338 4.41347146738154
0.00211864406779661 1.1656659897184 0.28095983362291 0.837732630048413 0.629913240484893 1.04687011614442 7.00351990096652 3.02909796739779 0.0187901603167391 4.06228859704383
0.00211864406779661 1.37899278160185 0.119285118649714 0.847987495036796 0.399248923547566 1.6767636295408 9.72243277923994 6.49885323689429 0.0398122931070822 7.01251906490805
0.00211864406779661 1.27864385708235 0.290189444832504 0.714016824413557 0.770795007236302 1.65143958386034 7.55192227732036 3.99120380330259 0.0284183994959042 4.53087758140624
0.00211864406779661 1.54972077484708 0.350247058249079 0.793413848092314 0.837558411480859 1.60320825641975 9.87939634240037 6.21627337774125 0.0256522763514183 7.32525874551675
0.00211864406779661 1.57093742394354 0.29232193720527 0.887281466787681 0.469285287056118 2.31795753957704 10.0014109814953 6.84658884374465 0.0426459854290364 7.62268025908364
0.00211864406779661 1.33012545024976 0.286377430707216 0.880820542678703 0.691431337036192 1.52685587434098 8.37298032387056 4.72402544354394 0.0260183068184534 5.31811999384422
0.00211864406779661 1.36703748148866 0.283270124671981 0.936894124455284 0.575987764913589 2.33120202645659 8.6791008996736 5.4279835402081 0.0387309072992187 5.64166248245701
0.00211864406779661 1.45547897215001 0.291935711400583 0.624319376482163 0.799804301653057 1.63644685735926 9.69542553434995 6.22844525521021 0.0312111374242244 6.83507705348415
0.00211864406779661 1.48466649148613 0.341821576305665 0.774907215230633 0.540749555267394 1.82034051744267 9.40604694838026 6.06657201959479 0.0354555695338645 6.53857388295122
0.00211864406779661 1.54330882462673 0.343617307348177 0.868522167531773 0.344359047571197 1.70328604988754 9.93690943363271 6.58294807389143 0.0349456472681788 7.26227790835273
0.00211864406779661 1.52908026122022 0.381147007294931 0.767773451376706 0.47852113279514 2.9421167075634 9.66360679571582 6.77912613638496 0.0558838047339911 6.74272339072514
0.00211864406779661 1.17969218057115 0.379283068166114 0.80290529965423 0.805406125355512 2.03194661112502 6.58015891957703 2.99573227355399 0.027752575118749 3.73399988939441
0.00211864406779661 1.32255907622166 0.160952360695228 0.850311000726651 0.668717798776925 1.75653794873506 8.8408910604335 5.44737573747158 0.0335903880472238 5.8052465200349
0.00211864406779661 1.3782665851526 0.189306504605338 0.946247580193449 0.855012453580275 1.46700928732753 9.51786673752278 5.71450258615991 0.0222956396424659 6.62773268656449
0.00211864406779661 1.3617274136981 0.187040400784463 0.755110028258059 0.515614526672289 1.73864263575524 9.23554992410102 6.03116591395953 0.0405838932064396 6.19698708966479
0.00211864406779661 1.40882098439615 0.197247936041094 0.937214157031849 0.480193201638758 1.61724129505455 9.74746874954252 6.29577484256499 0.0316919077416039 6.97689526608384
0.00211864406779661 1.1691574889468 0.320819535781629 0.643549577065278 0.671905392408371 1.76245385687798 6.745033489153 3.26470594740916 0.0307973219720024 3.82111690651048
0.00211864406779661 1.53305035582744 0.332854903792031 0.896405830990989 0.588986049313098 1.46472928626463 9.92865484919416 6.27833378930274 0.0259827854092041 7.25967895349538
0.00211864406779661 1.42997698145919 0.143340094876476 0.729193619277794 0.554690463747829 2.56705551128834 9.92436803011548 7.07685086809987 0.0579881173897431 7.34678410392844
0.00211864406779661 1.37422048205044 0.234198620193638 0.768593858357053 0.523285649344325 2.52000872464851 9.17680944126724 6.23978839695249 0.0530234482045449 6.14303537135552
0.00211864406779661 1.407600878831 0.360012332093902 0.727401438087691 0.426683938410133 1.57720926776528 9.12082680756385 5.74465964006831 0.0341782033344773 6.04614863796619
0.00211864406779661 1.58979688349646 0.350141297769733 0.70455436904449 0.840026156650856 1.6284344936721 10.031352923534 6.40709998387022 0.0266690132582424 7.7593439207865
0.00211864406779661 1.53235708943102 0.270446081319824 0.846266073547304 0.385871668718755 1.63467874517664 9.94446070804478 6.54495322821823 0.0333897110174793 7.57143813559594
0.00211864406779661 1.52862040405162 0.268103052792139 0.633135610970203 0.522868224279955 1.18782134586945 10.0368026717752 6.47830480812346 0.028481575807435 7.65599021252426
0.00211864406779661 1.36341998467688 0.258200277597643 0.822723490779754 0.747196359280497 1.12973619904369 9.07530242635117 5.20362768385073 0.0208234662625114 5.95913726097656
0.00211864406779661 1.3971431735903 0.157232662755996 0.711814544000663 0.459032550081611 2.23066150629893 9.73598958149119 6.8406534754414 0.0552804418809499 6.93799346204275
0.00211864406779661 1.26020514345728 0.307418597117066 0.654686876351479 0.371542418422177 2.83410239731893 7.56247714426174 4.71177992104635 0.0578040045278257 4.53643238400896
0.00211864406779661 1.4314599070698 0.247413264354691 0.924698136048391 0.491647644666955 1.42340575251728 9.41704826139926 5.8146279205446 0.027257669692887 6.55207983537649
0.00211864406779661 1.2946569878608 0.36139028344769 0.612845476984512 0.35022516134195 1.11937592690811 7.8551182304107 4.24467844352266 0.0270399524345005 4.80155899999348
0.00211864406779661 1.34441972509958 0.239906331431121 0.694307692325674 0.431663926877081 1.09940286027268 9.03204669238264 5.48838661013282 0.0289073300160552 5.92166778115587
0.00211864406779661 1.61312523353845 0.100075461925007 0.676853810600005 0.50557231111452 2.68606345402077 10.095989061783 7.2060805115324 0.0555812952746 8.24526197592947
0.00211864406779661 1.2895685786847 0.259553956217133 0.856413121090736 0.552098075766116 1.52672106958926 8.01280237535178 4.45589648324034 0.0285269537761782 4.93471371253479
0.00211864406779661 1.59077050453052 0.384292859886773 0.758122953714337 0.716885037627071 2.36383940605447 9.77844573555516 6.52546944382138 0.03865897604424 7.18227612115609
0.00211864406779661 1.51220073641744 0.385578397405334 0.724314195045736 0.722929996624589 1.39719240460545 9.74466374843022 6.07457945381849 0.0254743225080486 6.87333635211168
0.00211864406779661 1.34067877298221 0.283918047323823 0.66703762387624 0.448896276438609 2.43031282350421 8.60580386356397 5.68064325263088 0.0536560734686149 5.53038648346775
0.00211864406779661 1.31756369802169 0.165930112171918 0.631840676162392 0.588344991859049 1.78464712481946 9.01129304948884 5.90858603220782 0.0449274183343276 5.8459034144796
0.00211864406779661 1.4723256804049 0.180338038713671 0.735703013907187 0.613833932345733 1.69186939438805 10.0376506421498 6.69822553439689 0.0354573360109517 7.72873445174067
0.00211864406779661 1.62476034902502 0.101369530544616 0.655635894928127 0.822579458355904 1.31249115196988 10.1099324542273 6.44830905700746 0.02569077252637 8.33589511069192
0.00211864406779661 1.63783100105356 0.215038636303507 0.701407636224758 0.370022365171462 2.2127081877552 10.094527934116 7.00027368662667 0.0453087890073729 8.15471094147993
0.00211864406779661 1.30744089602958 0.399547703424469 0.83917300371686 0.401984318392351 1.68196896184236 7.4129450511295 3.81477762098931 0.0273738409863433 4.42644216470427
0.00211864406779661 1.39299000331666 0.232379440637305 0.788071990967728 0.833351159887388 2.22668181313202 9.45160030760067 6.13363903588852 0.0362266127389647 6.45961460770439
0.00211864406779661 1.34783987279516 0.323453162098303 0.758618195750751 0.300497966911644 2.15566889289767 8.46864024048883 5.40190044142453 0.0465727441213947 5.42038240905302
0.00211864406779661 1.41846978603862 0.381452966737561 0.68516197380377 0.891985163837671 1.03281147312373 8.86624605753324 4.85418311728072 0.0180960256846816 5.77090386421203
0.00211864406779661 1.4002960228594 0.269725687615573 0.639946011803113 0.671578576415777 2.36295284051448 9.31262282191316 6.29622222035002 0.04897718989695 6.19114990880337
0.00211864406779661 1.43878080041613 0.393752444116399 0.653981502656825 0.535760480258614 1.36920474655926 9.15337220373008 5.62910847142641 0.0294734997681983 6.06434639842455
0.00211864406779661 1.64304544040933 0.235103557980619 0.864018686988857 0.781882609147579 2.70021826634184 10.0906225063256 6.92287375011384 0.0420982647614151 8.11165808085796
0.00211864406779661 1.18721066168509 0.137466748571023 0.821703540231101 0.379511583829299 1.78011183394119 7.66468949646303 4.3752731116581 0.0372755976544881 4.62119494706079
0.00211864406779661 1.31159550158773 0.274340832582675 0.765775535278954 0.341339428676292 2.5972617934458 8.0512665731882 5.1624976434055 0.0556446729627229 5.02146532590785
0.00211864406779661 1.57959990608506 0.275490927416831 0.822068302577827 0.409133976465091 2.167351545766 10.0378149644601 6.86455978027285 0.0418670907542377 7.82943834261947
0.00211864406779661 1.47223032217007 0.311086000991054 0.674668467382435 0.509360738564283 1.46626488631591 9.58704408396795 6.20183724189944 0.03387063574871 6.75901522265294
0.00211864406779661 1.22670400082134 0.212489820178598 0.715944030194078 0.821391566516832 2.58203954109922 7.73070492559497 4.59651212324498 0.0435348809037084 4.72157295917552
0.00211864406779661 1.59993045600131 0.235396685427986 0.624999981559813 0.374739508749917 2.578710926231 10.0422751073064 7.11885323925115 0.0537494487384815 8.00533370005995
0.00211864406779661 1.49469367552083 0.167844278737903 0.903103169554379 0.414820063440129 2.39389402186498 10.050220642152 7.00528869090259 0.0475995509672962 7.8072155141252
0.00211864406779661 1.54345775754191 0.201099111465737 0.747396907152142 0.480374135635793 1.59447506675497 10.0793413996345 6.68848353289191 0.0336797717468797 8.00000252609737
0.00211864406779661 1.30786661661696 0.240457940497436 0.72424098883057 0.732471052184701 2.75367938680574 8.26886857490477 5.25575775212924 0.0491385793395775 5.2131225204848
0.00211864406779661 1.2155768122524 0.339930247003213 0.601518098544329 0.654870573291555 1.91933923680335 7.04940983916368 3.68709214353984 0.0346548464089768 4.13516655674236
0.00211864406779661 1.16680592796765 0.168069858872332 0.613126961269882 0.46656302944757 2.84427232248709 6.95403146323968 4.132253226204 0.0595000433990105 4.03020999988623
0.00211864406779661 1.33942560895812 0.133367767487653 0.749044521595351 0.891204001754522 1.30077925371006 9.45311137184498 5.71834262598753 0.0238786924768522 6.56695368419969
0.00211864406779661 1.23039788971655 0.385001148516312 0.74520611326443 0.343834577221423 1.90389707125723 6.91942763198762 3.52089901459064 0.0334224109528865 3.97029191355212
0.00211864406779661 1.18230860910844 0.274358878959902 0.915197112096939 0.41199123300612 2.09692454105243 6.8533382022809 3.40735124723653 0.0318732890105592 3.93255158556927
0.00211864406779661 1.26415618390311 0.225668823509477 0.643221467942931 0.628495885943994 2.12921656714752 8.18151064290927 5.05987887019819 0.0440851727135563 5.11991668449732
0.00211864406779661 1.64189908790868 0.368876677914523 0.633784498798195 0.575666173780337 2.49046411830932 10.00947087421 6.87798312064847 0.0436528043029193 7.8270149325767
0.00211864406779661 1.43837686823681 0.338840089482255 0.641559270652942 0.856261780578643 2.87858107220381 8.86371476389045 5.82344029501485 0.0478217621074764 5.79969853148603
0.00211864406779661 1.57717134219129 0.39624838642776 0.802832908998243 0.620736660249531 1.63798310048878 9.86855336323636 6.33755784026339 0.0292757566668095 7.18279745867368
0.00211864406779661 1.59912409514654 0.393216298054904 0.704196651163511 0.558281266316772 2.54050046904013 9.95481576298077 6.84637620597229 0.0446706069179751 7.52153452415851
0.00211864406779661 1.56321114148013 0.388034006278031 0.861624986655079 0.313230056734756 1.26402432564646 9.89241986433835 6.22085521118266 0.0254366392763012 7.29081571073215
0.00211864406779661 1.50591562336776 0.257585293240845 0.835191910341382 0.741775868134573 1.83865505317226 10.0274161101738 6.57679449304208 0.0317259088787489 7.45464278589315
0.00211864406779661 1.29691536838654 0.251340588601306 0.682655131095089 0.840958694647998 1.23471486382186 8.53782553975817 4.77940356593229 0.0233205117320917 5.39165590697854
0.00211864406779661 1.47405119948089 0.386226426716894 0.762473078002222 0.646573232905939 2.01537826610729 9.45821816103069 6.11963786083096 0.035487303292741 6.414878713863
0.00211864406779661 1.28101009069942 0.170465772389434 0.948356440290809 0.781968961609528 1.93587987171486 8.32261280122634 4.83257132755494 0.030499607214299 5.23715093131055
0.00211864406779661 1.34595297810156 0.321358177065849 0.938509616232477 0.756838407414034 2.59147709608078 8.11668474425997 4.80345559377106 0.0363984477132593 5.0909962535096
0.00211864406779661 1.28483254541643 0.394396131043322 0.637195595027879 0.80175748122856 2.9193937946111 7.17656029566423 4.01518109753077 0.0423672679099154 4.25324584480796
0.00211864406779661 1.31631940985098 0.270511742774397 0.808378920680843 0.644312027329579 1.73712210403755 7.93072703357112 4.46907393055865 0.0313778483052739 4.87940011373208
0.00211864406779661 1.44450098110829 0.137420707405545 0.667724017077126 0.668196941027418 2.96784353954718 9.90200196684131 7.14110860171519 0.0632352509501173 7.44410748204162
0.00211864406779661 1.29564581599552 0.392300892667845 0.935505598119926 0.779834766173735 1.91558827878907 7.32451270997919 3.64661964482405 0.0252761740237305 4.37032045287143
0.00211864406779661 1.58896678660531 0.189631323958747 0.608121837186627 0.337624196335673 2.48617208283395 10.0713213331574 7.26028832375353 0.0601428321806427 7.99592433756443
0.00211864406779661 1.33184049637057 0.315409529069439 0.939299671910703 0.494134137360379 2.68291436182335 8.04646396565568 4.89833718867044 0.0429324736875814 5.00058495824275
0.00211864406779661 1.21582025589887 0.21603039028123 0.733411608962342 0.611940680723637 2.24972651340067 7.29106879624154 4.06103736420433 0.0395562554351658 4.31840723124807
0.00211864406779661 1.18458263212815 0.282633794471622 0.618370602920186 0.743602414196357 1.25688400538638 6.83059421784334 3.0977538879463 0.0239247849569914 3.91350339059858
0.00211864406779661 1.63910400550812 0.318151484709233 0.81419056262821 0.51941299228929 1.34305833373219 10.0801137548786 6.39119099835525 0.0249989174632042 7.97681287651136
0.00211864406779661 1.24079036407638 0.376082254876383 0.86043487744173 0.377784237731248 2.06556595722213 6.97598118976324 3.47903986842609 0.0302898889148347 4.0468036174531
0.00211864406779661 1.60749226689804 0.105858375248499 0.821724823815748 0.663107616780326 1.2497340766713 10.103739069246 6.39141447452804 0.0244206890342225 8.28989937297894
0.00211864406779661 1.3760901076952 0.283071120339446 0.63525837387424 0.335924320528284 1.61026714835316 8.93312334937217 5.81978615041251 0.0444523611605906 5.79331843996706
0.00211864406779661 1.19799913184252 0.334467251226306 0.733355143957306 0.654137241700664 1.27123139705509 6.86384358034073 3.08226276570627 0.0227866414821364 3.90739693703936
0.00211864406779661 1.47189656444825 0.103220810764469 0.875109813630115 0.337805392546579 1.3087152922526 10.072728392857 6.55824846009046 0.0297632778353212 7.97698779700064
0.00211864406779661 1.34035005196929 0.358948385273106 0.619953288324177 0.80011164941825 1.44430244620889 8.26092067931849 4.6140957515936 0.02607378363928 5.18834854780402
0.00211864406779661 1.23472741418518 0.158603812754154 0.772112342168111 0.569832848478109 2.71422248380259 7.7885339676327 4.86182014919214 0.0535727991403792 4.76691103508203
0.00211864406779661 1.28351182814222 0.288858225871809 0.777894820377696 0.73910274063237 1.19355257833377 8.05469785597805 4.21595169431689 0.0215205677487186 5.00856418531312
0.00211864406779661 1.17107745467219 0.180780085059814 0.712886938964948 0.557695863721892 2.37372560426593 7.23409392620112 4.17261054452449 0.046818194432881 4.2346637629009
0.00211864406779661 1.43732096706517 0.394987390842289 0.641771682584658 0.697750624828041 2.47315262723714 8.96776352170741 5.84843001426605 0.0441866086536137 5.90780178920499
0.00211864406779661 1.44170230589807 0.141455521038733 0.914885701891035 0.367493229964748 1.95799256442115 9.97298407494744 6.78863384807427 0.0414051410100734 7.52238220346187
0.00211864406779661 1.27623742397409 0.134747458714992 0.82026958289789 0.852050001779571 1.59430748410523 8.82504819296439 5.21332415371464 0.0270052486007361 5.70427617992419
0.00211864406779661 1.27537631532177 0.292600450455211 0.818864944460802 0.552043055417016 2.30140362307429 7.40976282720365 4.13819644475095 0.0379469410757895 4.42340020118826
0.00211864406779661 1.59284615200013 0.15152268554084 0.733378251385875 0.803615280333907 1.59416155563667 10.0912425970262 6.56098189135687 0.0292972769051375 8.16506945137398
0.00211864406779661 1.44405166208744 0.331136743910611 0.844048986269627 0.409297386836261 1.47271684883162 9.40795275921398 5.91602235194112 0.0304420498595256 6.39107924153797
0.00211864406779661 1.61847078751307 0.14270739578642 0.935980954300612 0.650598953571171 2.25879243714735 10.0941024024877 6.85519802824346 0.0392068275858269 8.19784155730343
0.00211864406779661 1.21258281052578 0.237824569060467 0.615071576891933 0.534910086030141 2.37823253730312 7.34081239283968 4.37350831371922 0.0514418066010423 4.33542158140979
0.00211864406779661 1.26149556422606 0.375179593195207 0.899355610506609 0.526819252129644 1.54382205661386 7.16725071079618 3.41489622602032 0.0234624388167695 4.23010049022632
0.00211864406779661 1.31379310702905 0.279779750644229 0.781018441531341 0.637421187199652 1.28084570076317 8.05448731313576 4.34572757525664 0.0245079006506418 5.03019581995075
0.00211864406779661 1.46787339830771 0.390138903539628 0.753616862697527 0.695081452606246 1.03131427941844 9.29190807010662 5.3645731623251 0.019696094575663 6.18935866416874
0.00211864406779661 1.37735774563625 0.167587782721967 0.799404786014929 0.376318830857053 1.76020947704092 9.49486245692231 6.34931380127448 0.0430433016166004 6.55055638828346
0.00211864406779661 1.42399807935581 0.144958987319842 0.875833431794308 0.768820893438533 2.22778565715998 9.95142513661365 6.68323146519897 0.0380751412122975 7.44971863860108
0.00211864406779661 1.42372018864844 0.192452438990586 0.910386213986203 0.62469911291264 2.08664723625407 9.80567440959805 6.51870471214207 0.037366911049806 6.98567265280981
0.00211864406779661 1.45394849134609 0.299604720366187 0.736225692403968 0.70508061312139 2.89246300049126 9.5458621570614 6.594595841658 0.0522734693196632 6.58100892558536
0.00211864406779661 1.49772958524991 0.390475677931681 0.708209985611029 0.86875797919929 2.88760642148554 9.31563088518389 6.16576793300272 0.0428580000600042 6.33156116011583
0.00211864406779661 1.23023606077768 0.100968380831182 0.701123519462999 0.578820558032021 2.99713787902147 8.26658906981401 5.54109302763734 0.0655136970997006 5.17811292338841
0.00211864406779661 1.53549375790171 0.388261002674699 0.793207194376737 0.477731437236071 1.57643395522609 9.68548078532707 6.21959563993323 0.0312453365169378 6.87160983234578
0.00211864406779661 1.18041411750019 0.281268504541367 0.87923684483394 0.823258035443723 1.26093765115365 6.84230205391617 2.88440159090966 0.0191031800503317 3.89545798855345
0.00211864406779661 1.30497897181194 0.222922541340813 0.609029494330753 0.399719927832484 2.4388672709465 8.26805639038311 5.46693433184088 0.0607418684410841 5.16154262471005
0.00211864406779661 1.49669441822916 0.347595777828246 0.781580019462854 0.645595237053931 1.38640154851601 9.75850416879749 6.10106605702306 0.0257985210646177 7.02132203118706
0.00211864406779661 1.35434467517771 0.110526692355052 0.845584003429394 0.632738502603024 2.0668814224191 9.63675626649527 6.44486475306585 0.0410940673986898 6.88774878475266
0.00211864406779661 1.40175372452941 0.157773154904135 0.670839296269696 0.841703938879073 2.27394297998399 9.76353750913775 6.61024731237907 0.0427113666295402 7.00397413672268
0.00211864406779661 1.61168738452252 0.260971270594746 0.687878698646091 0.762536242324859 1.499259498436 10.0876436324596 6.46764518001454 0.0267827179403337 8.06591520675396
0.00211864406779661 1.39677852168679 0.255331814242527 0.946614680753555 0.412533123185858 2.54807395394892 9.29182501039002 6.22551393030356 0.0465927150212955 6.25647781974705
0.00211864406779661 1.4405915309675 0.248067115875892 0.814615799894091 0.47435403498821 1.29094219021499 9.93901377137941 6.36869528417025 0.0281468878288704 7.32690411417622
0.00211864406779661 1.56926003305707 0.230261357314885 0.854778752312995 0.623994742054492 1.92227927222848 10.0824242203851 6.71506010176062 0.0344804039204701 7.97929323211933
0.00211864406779661 1.24390200057533 0.342966816201806 0.601359435450286 0.774838784756139 2.23257132200524 7.30872755077867 4.00733318523247 0.0368317746218681 4.30732166737789
0.00211864406779661 1.51181859998032 0.324542010645382 0.70682365585817 0.731101275561377 2.21325286943465 9.88610230103126 6.66355831847009 0.0398535424711571 7.15320811721618
0.00211864406779661 1.53606208225247 0.160018321149983 0.749605556635652 0.83601970653981 1.4120035241358 10.0771929297678 6.45025976277959 0.0265976299446782 8.03807077881919
0.00211864406779661 1.22615466509014 0.35781656424515 0.666960300260689 0.570180573407561 1.98094717180356 6.93000588791696 3.54095932403731 0.0337408312958435 3.94504321645628
0.00211864406779661 1.22469194859732 0.101556759700179 0.634426913736388 0.445103449886665 2.91910079307854 8.12834481313135 5.47909452149062 0.0707042007256196 5.05907266235446
0.00211864406779661 1.49275974030606 0.229337236844003 0.93917139043333 0.350556133501232 1.04133680230007 9.93067136844422 6.13375951055887 0.0224399627595558 7.5053639203324
0.00211864406779661 1.52083924107719 0.26655690765474 0.902941072604153 0.803891320712864 1.23239914467558 10.0190147122834 6.14511510189356 0.0207771883013427 7.62756061885406
0.00211864406779661 1.62396192722954 0.38382742300164 0.803831514844205 0.658861209126189 2.96899358509108 9.94892925973266 6.903512959724 0.0475765017662217 7.47157175546788
0.00211864406779661 1.26197001032997 0.17600913727656 0.796791198523715 0.892683561472222 1.6930021205917 8.25227853460412 4.68576219331839 0.0282541101118993 5.1743321010525
0.00211864406779661 1.54848482247908 0.204450380196795 0.913678556797095 0.395555316656828 2.52288614865392 9.96546028485097 6.93973832483519 0.0485227771163607 7.78407087986809
0.00211864406779661 1.38779142159037 0.343207601597533 0.653860165493097 0.325994765153155 1.35861164843664 8.81328480435272 5.44371556923739 0.0344044543827378 5.67595439607028
0.00211864406779661 1.59280388543848 0.14265894733835 0.713538147730287 0.408520695660263 2.03456795262173 10.0940594641202 6.94222333682956 0.042773517098292 8.18552319864543
0.00211864406779661 1.47487863698043 0.272520078485832 0.772642235120293 0.353072721278295 1.4695782745257 9.72889008798784 6.34294267763984 0.0338455615160049 7.17411156471917
0.00211864406779661 1.30275881928392 0.347966039180756 0.708293624431826 0.578789137070999 1.88218699255958 8.15028876436448 4.77825380179711 0.0343197268754915 5.11011649141792
0.00211864406779661 1.54423050836194 0.279335322719999 0.634510837611742 0.435926989093423 1.26036144187674 10.0536345138826 6.50234016962401 0.0286874841330287 7.85040227945367
0.00211864406779661 1.28206935441121 0.378762138192542 0.650493605900556 0.818711923342198 1.67706227209419 7.50198936846939 3.87045668634803 0.026475574655995 4.51984569709069
0.00211864406779661 1.29321856515016 0.275560359819792 0.918205208983272 0.70752992508933 2.36791911069304 7.70567947166149 4.39353424152536 0.0364379221212374 4.73944204514034
0.00211864406779661 1.1825504518114 0.138654714589939 0.756822852231562 0.393543701246381 1.46570479031652 7.38637905518195 3.98623679208914 0.0333685225134254 4.39718888241356
0.00211864406779661 1.27394702271558 0.267863723891787 0.641762482363265 0.425642054574564 2.56601447751746 7.70845711803117 4.85686768265139 0.0577524540922181 4.64538509972036
0.00211864406779661 1.19189094144385 0.166194929322228 0.67005284500774 0.757915029348806 1.08236601063982 7.47321638358098 3.62186874383098 0.0212510783344204 4.39399180273216
0.00211864406779661 1.57481660225894 0.179391758237034 0.847052488708869 0.696193320304155 1.40482142055407 10.0845827829866 6.44001116407568 0.0261326021690376 8.08915451705574
0.00211864406779661 1.39445636069868 0.322321781958453 0.912441519112326 0.413327908655629 1.99169227015227 8.77389530225771 5.49072675849238 0.0375092187169609 5.706777983636
0.00211864406779661 1.40389012880623 0.174897357728332 0.655255127884448 0.564141349168494 2.84031203621998 9.57140188772217 6.88176527341721 0.0679056108164486 6.64113715207115
0.00211864406779661 1.40043573672883 0.145280300313607 0.744158974231686 0.592221671249717 2.41741788340732 9.60998859476278 6.66463676409413 0.0525835560536828 6.82507218378952
0.00211864406779661 1.2981321254978 0.297314439364709 0.754179031273816 0.694647405529395 1.36873340280727 8.35327833007561 4.6607400371429 0.0249086961643974 5.24495426240847
0.00211864406779661 1.40859354750719 0.129391701635905 0.876155178202316 0.337624155683443 1.93025157507509 9.85293808307561 6.73672149899228 0.044324549790537 7.29205545296506
0.00211864406779661 1.49534419025294 0.226483991323039 0.738387275696732 0.407545319851488 2.82455965410918 9.93532208050057 7.17722246301301 0.0634121612894893 7.46244466639452
0.00211864406779661 1.27474076275248 0.331854296219535 0.723441689170431 0.588371583586559 1.52298142760992 7.61358831934927 4.10813788435444 0.0300332422736399 4.53474772169155
0.00211864406779661 1.4624513104558 0.253912598290481 0.864915080077481 0.599463145108894 2.72593545448035 9.61324665352268 6.58722856739016 0.0485084103820876 6.7751377543673
0.00211864406779661 1.41695214025676 0.186748645594344 0.815540239319671 0.67639716854319 2.1850703144446 9.90580383340244 6.70153665513649 0.0405886349757889 7.19756439801041
0.00211864406779661 1.60334941253532 0.15146988814231 0.648167275905143 0.772672647982836 2.80961610889062 10.0933610768589 7.14474913710639 0.0524124070587133 8.17313357663556
0.00211864406779661 1.20192753882147 0.233920825412497 0.606488381267991 0.651608746591955 1.59757256461307 7.32780681928522 3.85439389259151 0.0310110115371475 4.31106754573339
0.00211864406779661 1.42678390359506 0.265189474611543 0.823338344902731 0.571633348194882 1.41279798699543 9.66143934562844 6.08472717756767 0.0279674996974593 6.78750670638596
0.00211864406779661 1.56291390743572 0.24752042517066 0.933252533909399 0.527268853364512 1.56221705209464 10.0598191037652 6.48647613030372 0.0280618865609664 7.84917587014485
0.00211864406779661 1.63914078995585 0.37912893097382 0.6668920216267 0.448564065853134 1.39012275496498 10.0344514853881 6.4875825420017 0.0288147190754961 7.78326568213467
0.00211864406779661 1.35921317115426 0.188580960710533 0.801603042986244 0.518218218209222 1.0436927638948 9.25666400469285 5.55657062830901 0.0247212179846224 6.16541785423142
0.00211864406779661 1.36789686381817 0.349036438949406 0.76309129622532 0.638689283234999 1.31413694517687 8.39328069464959 4.69918082045033 0.0248698295656673 5.32822284932694
0.00211864406779661 1.52862506392412 0.371470586583018 0.655442866054364 0.626240684185177 2.57043245341629 9.82142753368018 6.8193975415104 0.0496861035225155 6.96205405238952
0.00211864406779661 1.30582101850305 0.152063059085049 0.798422070615925 0.80189303085208 2.69980098074302 8.42658748376465 5.35273540346829 0.0462426808103418 5.37870189613569
0.00211864406779661 1.38365834983997 0.118053982197307 0.718137450364884 0.328180769551545 2.96538327727467 9.71870096003654 7.17930796950403 0.0789142869745313 7.02150054417436
0.00211864406779661 1.18383452398702 0.226895609055646 0.687132319959346 0.714510319149122 1.4654639121145 6.95597385125261 3.35340671782581 0.0272536687631027 3.95661388875602
0.00211864406779661 1.22407871680334 0.2902872110717 0.807615714566782 0.505180192412809 1.80058530764654 7.03404174035753 3.56347818757266 0.031099499512103 4.12019794104843
0.00211864406779661 1.60017214911059 0.30558685909491 0.692739197146147 0.635815343912691 2.24169040517882 10.0379936782873 6.85111437826799 0.0413005566862816 7.83251669972418
0.00211864406779661 1.47104031555355 0.233154860488139 0.657168503140565 0.514746759273112 2.97253205021843 9.82932239926042 7.16860557746845 0.0698980993015755 7.05554290027986
0.00211864406779661 1.47543122570496 0.299214476905763 0.72239665145753 0.652919172216207 2.7866005836986 9.6889640690399 6.74960811810528 0.0528997878282199 6.85195091757333
0.00211864406779661 1.28378777471371 0.140864704712294 0.619492666726001 0.41696420093067 2.56502171885222 8.59291669463132 5.91514258743007 0.0687159383629224 5.41514756744915
0.00211864406779661 1.15281822611578 0.392490405123681 0.67528994246386 0.718536248942837 2.90454411692917 6.17460422153338 2.89433215911226 0.037618020964984 3.41303183930916
0.00211864406779661 1.18138955566101 0.204154323623516 0.799899302620906 0.662939679762349 1.74793243920431 6.87393035272314 3.39872519251677 0.0309554823385181 3.93400191214692
0.00211864406779661 1.29174619631376 0.215435269637965 0.855432212748565 0.352877163514495 2.38143033673987 8.26687826346842 5.28901497388572 0.050901479472908 5.23170261746605
0.00211864406779661 1.319081997592 0.244300430943258 0.67245806112187 0.771742557641119 2.35089330701157 8.65631144840953 5.5185232738749 0.0433786378481226 5.55425074068524
0.00211864406779661 1.47073638029397 0.274466584180482 0.925475112546701 0.417461251839995 2.61268518865108 9.62469253959421 6.60136597906466 0.0486391478733175 6.77109518755606
0.00211864406779661 1.54052266860381 0.315151168499142 0.607142925204244 0.782095811935142 1.09289289265871 10.0313411905073 6.21427470952095 0.0219922209576553 7.60504387204263
0.00211864406779661 1.39922819924541 0.391925659170374 0.895865045825485 0.624096645321697 1.65616901172325 8.46163114975474 4.8194747886351 0.0261957954233119 5.46029448262476
0.00211864406779661 1.25382504318841 0.208023002906702 0.696941734966822 0.343009067326784 2.55982580780983 7.89918096870714 5.07609931275477 0.0594225404372861 4.81368879374854
0.00211864406779661 1.50875885863788 0.38649067459628 0.819814336916897 0.877055820822716 1.43817638931796 9.66568711187828 5.82825910750626 0.0215489539465895 6.77829179167636
0.00211864406779661 1.4348035848001 0.253191007021815 0.869126264716033 0.708036222215742 1.47305904515088 9.55808382448924 5.9113571821718 0.0260763464376696 6.84976081595328
0.00211864406779661 1.2627943204483 0.242641197657213 0.728957123251166 0.801312465872616 1.17953147692606 8.07120776741618 4.23560463221828 0.0215883138708148 4.97602005141847
0.00211864406779661 1.36958893747069 0.305665380484425 0.809387752308976 0.758844468835741 2.3804355962202 8.44404168478043 5.17483059547497 0.0380364225822879 5.41224111286635
0.00211864406779661 1.5874955148669 0.340814673574641 0.828958488046192 0.742758542206138 2.06772397272289 10.0256270111134 6.61869447874408 0.0331427087958203 7.67311458810043
0.00211864406779661 1.57025891854428 0.248416914488189 0.833864078542683 0.326683286391199 2.50535795511678 10.0566643592881 7.07128059845132 0.0505201121880214 7.88050456299192
0.00211864406779661 1.49770175046287 0.18014552204404 0.804321945179254 0.489702158700675 1.67372731491923 10.0189063140162 6.67720939790117 0.0353768751689174 7.77601755651226
0.00211864406779661 1.21076150306035 0.310585432196967 0.707934655586723 0.433617136627436 1.04258966026828 7.17322014471902 3.37619607945674 0.0224374449714562 4.22277035081092
0.00211864406779661 1.64901162122842 0.182931880117394 0.786075966758653 0.409848765190691 1.12386137107387 10.0898813619981 6.36715749688248 0.0241680476057421 8.22331417976009
0.00211864406779661 1.15531133671757 0.366368126426823 0.616832140414044 0.562034074310213 1.17409536987543 6.25240329458425 2.29887451359751 0.0191868758915835 3.45760105259345
0.00211864406779661 1.43396768344101 0.176671606791206 0.75051579271676 0.431473595369607 2.40445108478889 9.81560826655489 6.94112097282594 0.0564450718285474 7.17069630017041
0.00211864406779661 1.21823796336539 0.230500458157621 0.762530914251693 0.488568129809573 2.52909581642598 7.23796455792017 4.21841778681208 0.0488233414971781 4.27923483350323
0.00211864406779661 1.39470023310278 0.35255839494057 0.685938971978612 0.723602802492678 1.49184180190787 8.63249652680309 5.00948520771302 0.0267021466190596 5.55988555826551
0.00211864406779661 1.4117247744929 0.117882050853223 0.939974156382959 0.434933167090639 2.8205539197661 9.75955347060214 6.87001760351567 0.0556020133479875 7.15086371623315
0.00211864406779661 1.30610748587642 0.118331424728967 0.945486498379614 0.62621750109829 2.64083848893642 8.77753832479272 5.6756115976895 0.0449624884382173 5.6937321388027
0.00211864406779661 1.18221579664387 0.340481298044324 0.644094570248853 0.504059848375618 1.54162046220154 6.90929255830102 3.34584728657899 0.0283410138248848 4.0232891255488
0.00211864406779661 1.4222166182939 0.283774886094034 0.893644231487997 0.4837529535871 1.58215617388487 9.39195334445022 5.88508499388918 0.029990687848337 6.46785399355285
0.00211864406779661 1.47375101349317 0.355352289532311 0.603643658699002 0.553679009154439 2.36853600014001 9.46371305097544 6.49612118172844 0.0514270042870929 6.47558678803942
0.00211864406779661 1.22093999069184 0.111211520596407 0.772000851447228 0.442233621329069 2.50612320983782 7.93579377683894 5.04069185642772 0.0552933892825205 4.90242170945602
0.00211864406779661 1.44346083395649 0.105806015385315 0.616221283900086 0.604659124463797 2.43203734327108 10.014688976827 7.17760428328213 0.0585962432072917 7.6253674039416
0.00211864406779661 1.3879592130892 0.271633875090629 0.803497608879115 0.740382415289059 1.5270686079748 9.23502625620077 5.63626634476176 0.0273576273011088 6.21667492657785
0.00211864406779661 1.16510704611428 0.347274976200424 0.731667206517886 0.593422867264599 2.17780169472098 6.23962586139748 2.75153531304195 0.0305591677503251 3.46182200347859
0.00211864406779661 1.28629310391843 0.299190226104111 0.668866607092787 0.70146295633167 2.31485896371305 7.59803836192743 4.377516479196 0.0399342118458792 4.58822746525778
0.00211864406779661 1.37579991084058 0.168049071123824 0.607857511669863 0.595681338105351 2.386676593218 9.50623116054035 6.6776710299886 0.0590978856773048 6.49001513999836
0.00211864406779661 1.3824056813959 0.107104403758422 0.792473354260437 0.436715035373345 1.27421834506094 9.99265350331549 6.52224491641703 0.0311043192470493 7.47308868031676
0.00211864406779661 1.41012301270384 0.242631997470744 0.781861326261423 0.359774736827239 1.85238685179502 9.63556671218825 6.49586960307105 0.0432959098524776 6.73831046000186
0.00211864406779661 1.53663537078537 0.339124761265703 0.854606608697213 0.321677861642092 2.43549557588995 9.63555146089597 6.61619904498176 0.0488328314893654 6.94575730111514
0.00211864406779661 1.59461311865598 0.105569360801019 0.713218288158532 0.597988886805251 1.85239825071767 10.1002474288863 6.81786704051927 0.0375387934633955 8.26749174729097
0.00211864406779661 1.40638154358603 0.311214094841853 0.890189894079231 0.583305011596531 1.85951992636546 9.04444712842769 5.61907148006001 0.0325370562010852 6.01183890635913
0.00211864406779661 1.23040976396296 0.100910625257529 0.635428327915724 0.781868675211445 1.57418177183717 8.22790983759748 4.81162350286192 0.0328341438255231 5.05756275022697
0.00211864406779661 1.35747764746193 0.186526108090766 0.838175700989086 0.552615463687107 1.92526328191161 9.30990124502955 6.06245542125761 0.0388733705772812 6.20021936097009
0.00211864406779661 1.51404434905853 0.228712163050659 0.755900263541844 0.789945577690378 2.37304102815688 10.0278503753194 6.85157285929315 0.0417407455376066 7.68114514721829
0.00211864406779661 1.3816590679111 0.219730132515542 0.702687699301168 0.535974013851956 2.53486275859177 9.32856479168977 6.48565252972095 0.0582557626410859 6.26770642941721
0.00211864406779661 1.21899332546163 0.375915242033079 0.686996488529257 0.344671311741695 1.89354654215276 6.79290543730319 3.3770998300831 0.0328499318964827 3.91701054693918
0.00211864406779661 1.38517691774759 0.227104869205505 0.80198866459541 0.807374291634187 1.79134492902085 9.27595331571502 5.7885320364099 0.0305796269010813 6.23858500780364
0.00211864406779661 1.23356445457321 0.332049974333495 0.680848026426975 0.752633148338646 2.95519208721817 7.23136185556082 4.08568649947899 0.0430378483570769 4.26558967540866
0.00211864406779661 1.35082080829889 0.242506302311085 0.816625990858301 0.723206656984985 2.68026215257123 8.68598687615577 5.60071817125873 0.0457177476669269 5.63896805339272
0.00211864406779661 1.18831910062581 0.142293034447357 0.734522903279867 0.651887510810047 2.06693046865985 7.37137697983257 4.15328709785555 0.0400314500730091 4.33729074083249
0.00211864406779661 1.26708939156961 0.353541336674243 0.916802084562369 0.470349678536877 2.77628582995385 7.23362968452676 4.02781171657601 0.04052573932092 4.2689737733929
0.00211864406779661 1.54365212270059 0.155845075496472 0.700696916982997 0.774987099319697 1.09926005359739 10.0820304273711 6.30192402673251 0.0228202632053362 8.10358814718374
0.00211864406779661 1.42755102317315 0.103659349982627 0.725477601541206 0.624422341352329 1.16344123473391 9.94771494211114 6.33882962172094 0.0270820178208097 7.64178845201443
0.00211864406779661 1.43608725895174 0.240886784717441 0.672278021951206 0.431938850646839 2.74722270248458 9.53317820924941 6.84950499137445 0.0683117687302435 6.60706948318309
0.00211864406779661 1.41573992718477 0.190223649097607 0.901083511812612 0.58412559167482 2.6958002820611 9.59552340453789 6.56835877084368 0.0484528250541426 6.70236978258963
0.00211864406779661 1.64987247725949 0.250770123815164 0.672295171185397 0.395299870893359 2.95944215916097 10.0704317593681 7.21719884321543 0.0576576169971496 8.0831434064523
0.00211864406779661 1.51315740621649 0.148282400891185 0.751777155708987 0.442659577773884 1.54891225742176 10.0303601868237 6.69503139186304 0.0356028782397662 7.8883991699878
0.00211864406779661 1.32354671179783 0.122034440864809 0.641650915285572 0.45101934154518 1.21537537686527 9.71514514814044 6.36528477057095 0.0350892530056283 6.77086850967754
0.00211864406779661 1.40119016494136 0.108662541932426 0.665493978641462 0.793816121388227 2.73509660968557 9.88043067037453 6.98014009247351 0.0550072338473482 7.30555892902101
0.00211864406779661 1.25890292120166 0.276238088239916 0.807200278271921 0.589851287333295 2.05309084476903 7.41798786979598 4.07024701064304 0.0351637041960591 4.43124187855216
0.00211864406779661 1.34768799154554 0.278527856688015 0.633746231975965 0.405919575830922 2.33562467154115 8.68323856237054 5.79240366630973 0.0555298316148486 5.62184909189352
0.00211864406779661 1.39895779904909 0.277088121697307 0.880685916088987 0.534790022391826 1.34808827005327 9.25676265556273 5.60543435163842 0.0259566275795135 6.33588133254007
0.00211864406779661 1.3048529798165 0.294634978636168 0.675852116092574 0.706599357398227 1.74339435482398 7.89177942289038 4.49980967033027 0.0336423444976077 4.83071086190202
0.00211864406779661 1.53120777881704 0.186997460643761 0.734454916301183 0.761214783042669 2.89284131815657 10.0525152802069 7.10156234816744 0.0522898535224574 7.85443473309835
0.00211864406779661 1.4969249184709 0.179237480438314 0.616927265352569 0.633192425128073 1.481019068975 9.98441909584744 6.56488931263049 0.0327278204919318 7.82203064804293
0.00211864406779661 1.37570721560623 0.101939561986364 0.695504452078603 0.828642538608983 2.19082608819008 9.84308333053701 6.6863512851886 0.0425646132688386 7.23469240465691
0.00211864406779661 1.48133094722871 0.156258665630594 0.604646516323555 0.821809903811664 1.36978329531848 10.0450753632306 6.48218949916697 0.0283568724403662 7.84044415666593
0.00211864406779661 1.33916593387257 0.13493402430322 0.749973061308265 0.538416177593172 1.78639041492715 9.36366826442713 6.19571648459862 0.0420897186870018 6.37338073359995
0.00211864406779661 1.32709402297623 0.216854448360391 0.651647010631859 0.794148534536362 1.35994299454615 8.89628694530213 5.29146057908482 0.0271921658817946 5.72391184595137
0.00211864406779661 1.29116569573525 0.204554183641449 0.874930701579433 0.834450754662976 1.85181196872145 8.13657244590144 4.61107862267426 0.0294372669730339 5.08278367554797
0.00211864406779661 1.63999204731081 0.15865311245434 0.908251388580538 0.388305470393971 1.17929621180519 10.1041332476858 6.36020803893952 0.0236610460716063 8.27403399011813
0.00211864406779661 1.48554270025343 0.239134066388942 0.771528113889508 0.724965493334457 1.86607605963945 9.8540292341669 6.4921875870516 0.0346713477243248 7.24717882123793
0.00211864406779661 1.57183721798938 0.396313848602586 0.850164066592697 0.450164914643392 1.30425154557452 9.86061832497474 6.16527778840025 0.0248389936362909 7.19736050099577
0.00211864406779661 1.4931636209134 0.31218206747435 0.940101349144243 0.780776648456231 2.0309600699693 9.61102741663125 6.07817726839333 0.0292215114266894 6.78419307606171
0.00211864406779661 1.53188567932229 0.121881957980804 0.768164581269957 0.370146033167839 2.34027321310714 9.98816412265091 7.06549949431953 0.0537901653703797 7.89202859439642
0.00211864406779661 1.36835275378544 0.394871408073232 0.624758985289372 0.46495783100836 2.0509943771176 8.15475784581063 4.99066713585921 0.0422525441699615 5.12867372497814
0.00211864406779661 1.18905333043076 0.286095636500977 0.877609295933507 0.640162755874917 2.10605618776754 6.73621978732651 3.28480227128062 0.0317006683081252 3.8302504072948
0.00211864406779661 1.22056294369977 0.332508516404778 0.932879281206988 0.44169990378432 1.01877914555371 7.22858381040654 3.2356573018302 0.018445653690526 4.24574420867747
0.00211864406779661 1.21445789895952 0.331254753423855 0.793362281576265 0.624214852787554 1.98595560062677 6.84050833146214 3.36975585582734 0.0310936246609878 3.90052862600241
0.00211864406779661 1.42304670354351 0.241628065914847 0.678802940319292 0.733720474736765 1.70314986072481 9.5990240773929 6.23312524805413 0.034530964720954 6.64522548357378
0.00211864406779661 1.56211234778166 0.33488491398748 0.882050377805717 0.791065968526527 2.78749227337539 9.83656574919192 6.62931921900251 0.0404678871126112 7.21256483509451
0.00211864406779661 1.20785686697345 0.379988694144413 0.702170424780343 0.623750896286219 2.75115756457672 6.59260412406461 3.3722098447889 0.0399393079144437 3.73936885403633
0.00211864406779661 1.17031106199138 0.133002511039376 0.748000301152933 0.775280825514346 2.95866904966533 6.94543634594983 3.95661388875602 0.050346687211094 4.02677924272633
0.00211864406779661 1.39926191335544 0.263204726134427 0.627826795889996 0.828559698583558 1.24001847393811 9.41374838339897 5.69233792456501 0.0241998109257884 6.30040609588638
0.00211864406779661 1.16017063728068 0.111853582272306 0.923615954618435 0.367031206190586 2.24245019163936 7.1254659168947 4.01801968232886 0.0447150012796607 4.19925042908828
0.00211864406779661 1.4382861001417 0.305606075795367 0.764330976002384 0.520824071997777 1.25929541653022 9.61424203632061 6.02312469983585 0.0275675110227756 6.55857598188456
0.00211864406779661 1.34104624330066 0.159642177517526 0.815057241264731 0.828635768266395 1.08065448375419 9.48215707381127 5.56232862562335 0.0198444988121059 6.41591495512723
0.00211864406779661 1.51013052042108 0.113447992433794 0.863047546369489 0.890153707517311 1.72128147259355 10.0635003270078 6.53714127158524 0.02941180791749 8.03564734424752
0.00211864406779661 1.63370531527326 0.346706398040988 0.869940119679086 0.334804815100506 1.5144658042118 10.0661037273054 6.53141198444599 0.02916774676996 7.85016849500186
0.00211864406779661 1.5751275700517 0.124139812751673 0.926536439114716 0.838519097585231 2.86721209669486 10.0561198388078 6.9637770317419 0.0453954768811793 8.04390693887388
0.00211864406779661 1.54872859558091 0.375802790839225 0.871588848263491 0.840999947860837 1.41833209106699 9.72213152946443 5.87455612886226 0.0213313938735182 6.95851176264592
0.00211864406779661 1.38807621968444 0.300011374265887 0.653919862909243 0.560985608864576 1.80832788487896 8.83090356938914 5.60027209828654 0.0395325272562526 5.7125219517096
0.00211864406779661 1.57966659914237 0.28712243263144 0.686212913074996 0.808374619390815 2.88106825295836 10.0550491693447 7.04315991598834 0.0491986422034117 7.73248612324019
0.00211864406779661 1.28020491006318 0.255799799994566 0.692834945814684 0.737846649158746 2.46215514605865 7.79421988717327 4.64198415911081 0.042756428182447 4.77280102737204
0.00211864406779661 1.25989660059568 0.288914503296837 0.609264615608845 0.736730330809951 2.46246870933101 7.58434013235419 4.45175997268856 0.0436051437501177 4.61804984885175
0.00211864406779661 1.19235290724318 0.232381674693897 0.844587780616712 0.887629802757874 2.77043579053134 7.06118120644392 3.858471524157 0.0406519008669546 4.14029623456235
0.00211864406779661 1.33444970238488 0.209625012311153 0.772576697589829 0.746714593749493 1.27922896388918 8.81165756909321 5.10767557813836 0.0246252733628822 5.68285063861517
0.00211864406779661 1.51442584672477 0.362110518245026 0.941573002864607 0.608329167449847 1.59741728007793 9.68803724882423 6.01972801238084 0.0255195810687048 6.90388111743354
0.00211864406779661 1.32273916944396 0.1558634680463 0.887868428183719 0.805869431002066 2.80819584196433 8.74227771496737 5.63031532277433 0.0445135165963271 5.7249846823068
0.00211864406779661 1.52467287445907 0.134817146626301 0.627823150076438 0.372346241399646 2.99860669719055 10.0574124926004 7.43163532182184 0.0723834808428188 7.94813799208607
0.00211864406779661 1.41633513066918 0.15276435050182 0.659105501824524 0.345664619794115 2.80184639664367 9.73461174685045 7.16865959229775 0.0768459773493701 7.0080374041747
0.00211864406779661 1.56606860491447 0.356117933010683 0.861416067660321 0.46465242463164 1.48592678690329 9.95293781625223 6.38474460701893 0.0282067714017411 7.31676963660144
0.00211864406779661 1.62544497356284 0.301217499817722 0.665425590972882 0.892529507540166 1.6950276773423 10.072297402633 6.50832194310569 0.028325991747579 7.9189682366283
0.00211864406779661 1.23407036529388 0.149794586119242 0.898524353199173 0.468087067175657 1.87112649809569 8.02404981733074 4.70317034723963 0.0361210503972345 5.04843049025832
0.00211864406779661 1.57891404614784 0.337889279145747 0.75795871616574 0.597550335852429 1.23519048281014 10.0521244881463 6.31938844581495 0.0239272801446813 7.72744700086704
0.00211864406779661 1.37035038273316 0.332422173093073 0.736110267310869 0.483971307612956 1.37926634820178 8.7415718417505 5.22426244338507 0.0296791826928375 5.65442318304723
0.00211864406779661 1.39225084087811 0.147024984308518 0.836977440665942 0.578641228470951 2.50989648792893 9.58306187841536 6.58515964869627 0.0498916198243874 6.76764994432126
0.00211864406779661 1.15613289931789 0.157420019106939 0.711290245305281 0.300808380637318 1.70791393565014 6.97009271880225 3.70920715361961 0.038354417636992 4.03107507678783
0.00211864406779661 1.39380041146651 0.296262053842656 0.645782786712516 0.344848123798147 2.70827504200861 8.96521958060848 6.29421994405724 0.0691830328430934 5.87239943994904
0.00211864406779661 1.60885766204447 0.148394142976031 0.689247370744124 0.534652286628261 2.39931449107826 10.0886245865961 7.06995915885699 0.0488663905931886 8.16567635013513
0.00211864406779661 1.18585795674007 0.118646304332651 0.663336752413306 0.807677308749408 1.44694269774482 7.80634018373736 4.27260696586359 0.0291957181875244 4.71140531905658
0.00211864406779661 1.3029827225022 0.126871293107979 0.633456262061372 0.714006527932361 1.8831465151161 8.95248935574042 5.77733199862433 0.0417875280026418 5.85061580748603
0.00211864406779661 1.32984269803856 0.166320360661484 0.759922331187408 0.89436856568791 2.00161610124633 9.16668450471784 5.76110754127547 0.0331876664867594 6.16162917363131
0.00211864406779661 1.46920206628274 0.103103267354891 0.650080412148964 0.549725835816935 2.84434404782951 9.96375289413288 7.27800763133456 0.0681703702192631 7.63795736749309
0.00211864406779661 1.19354304890148 0.252220145426691 0.760389529820532 0.656166382692754 1.28798996424302 7.17401116550008 3.45490156063402 0.0242555552619758 4.19226366602123
0.00211864406779661 1.28122299453244 0.242127517680638 0.90540175717324 0.41473531848751 1.88359331013635 8.21197361664232 4.87607773411642 0.0355826940138824 5.15351389081969
0.00211864406779661 1.59943253183737 0.147595757688396 0.826896176917944 0.685760254506022 1.781172697898 10.0988841764132 6.66765848529196 0.0323472687049748 8.22162724921022
0.00211864406779661 1.21269840861205 0.295797568443231 0.702356182073709 0.543797510443255 1.16379694873467 7.24662464020307 3.43913522100255 0.0222038536084825 4.29374171980631
0.00211864406779661 1.19613991640508 0.371036700578407 0.912785862653982 0.306507629435509 1.11913368152454 6.64244023667725 2.69607401005549 0.0193247962747381 3.73596749021284
0.00211864406779661 1.51992388858926 0.181627099355683 0.658121627382934 0.56939955772832 2.02678939374164 10.0387902920657 6.92182253619357 0.0442912669413186 7.81404954560562
0.00211864406779661 1.45005252931733 0.283136665006168 0.65901790271746 0.387585093593225 2.91898560523987 9.60119932769499 6.96740687854631 0.07180562602176 6.69851463283692
0.00211864406779661 1.44231271939352 0.142358117131516 0.781139326421544 0.740359958773479 2.48120394907892 9.87934170710801 6.81131779734513 0.0465129779438129 7.52362536846743
0.00211864406779661 1.25618350713048 0.392780001135543 0.774323365231976 0.59976892573759 2.46292312536389 7.05792662317368 3.78797035675817 0.0380080892688104 4.12874598893943
0.00211864406779661 1.15113055459224 0.199323752848431 0.867153893923387 0.42722445060499 1.3966963076964 6.9013889026998 3.31976481969956 0.0278304625508032 4.03628076126734
0.00211864406779661 1.54112285291776 0.221097032190301 0.713067475473508 0.665816137008369 2.40971674304456 10.015587805057 6.96382050291509 0.0472753007784855 7.76765906406498
0.00211864406779661 1.46711995322257 0.147858165181242 0.942692964943126 0.703383344085887 1.60710921790451 9.95911460926188 6.40995555967118 0.0287488058115594 7.6937550765567
0.00211864406779661 1.6226482864935 0.10125280066859 0.695745713275392 0.832278619380668 2.12518250849098 10.0645933544096 6.82646487968478 0.0392372599492116 8.25411459780235
0.00211864406779661 1.18783767123241 0.262424779497087 0.941281753545627 0.443233416695148 2.53837836161256 6.90657601249209 3.68081127946443 0.0397253906389674 4.01057467915664
0.00211864406779661 1.24031244099606 0.331123175215907 0.86167923087487 0.416284960415214 1.56359126232564 7.27273358542879 3.67586408600187 0.0274093934025949 4.32527381808143
0.00211864406779661 1.24484575688839 0.234153082640842 0.855215890239924 0.31862629596144 1.94194417633116 7.567844784758 4.3361632178807 0.0394910361050718 4.57790530242629
0.00211864406779661 1.31564277291764 0.184629005403258 0.919893283734564 0.61934137288481 1.65880957292393 8.80338795147053 5.27741068172872 0.0294230390684086 5.73946022573314
0.00211864406779661 1.52521003570873 0.268223901535384 0.720925901306327 0.446919416310266 1.5051039531827 10.0168254742537 6.58498188671909 0.0323272876174173 7.74556989153414
0.00211864406779661 1.1839419497177 0.199773205444217 0.739573542622384 0.556136824004352 1.43193093175068 7.4650166490982 4.03219634442511 0.0322957284162756 4.44626462988883
0.00211864406779661 1.47598625170067 0.203377597453073 0.817181158566382 0.363106014160439 2.26009820774198 9.95807516469536 6.97836905831013 0.0508077637482384 7.44629334131466
0.00211864406779661 1.31997619124595 0.231615211535245 0.753543596342206 0.411186297610402 2.22105880454183 8.79173936447488 5.80161472389324 0.0502811692588277 5.71593060859185
0.00211864406779661 1.49509890840854 0.207763458392583 0.925062550266739 0.7919861856848 2.86205225111917 9.93176235928712 6.79099671837194 0.0432496715040497 7.43861879648464
0.00211864406779661 1.18681129170582 0.146601323946379 0.712553757207934 0.451038742018864 2.90301167638972 7.28765834904008 4.49304078125657 0.0611382510991695 4.29339056195725
0.00211864406779661 1.48756361948326 0.186614207201637 0.617249002878088 0.444860031176358 2.20866971230134 9.96751813219326 7.09553413978938 0.0565865478563333 7.55992420281352
0.00211864406779661 1.32999731434975 0.232274660421535 0.88719502313761 0.692088815197349 1.64934216998518 8.75783787303835 5.2121207046099 0.0288479262672811 5.68228876311031
0.00211864406779661 1.32864936159458 0.257095951656811 0.716482787870336 0.404865777818486 2.98132866900414 8.55845597766243 5.82545368913834 0.0650237761840113 5.46524323786402
0.00211864406779661 1.58913481163327 0.311223538522609 0.821795427624602 0.344234772445634 1.73690156312659 10.0595849077892 6.71275366903081 0.0351957043703412 7.79205986499844
0.00211864406779661 1.430807590927 0.393493571970612 0.821286553167738 0.80779760023579 1.8692245814018 8.90319657962993 5.32183182533723 0.027837680724586 5.85269779901785
0.00211864406779661 1.5378661376657 0.263176695234142 0.886502587643918 0.801042110938579 1.77094714203849 10.0100163854455 6.4304718830835 0.0278883984621977 7.56829317597645
0.00211864406779661 1.41959433185402 0.272030993388034 0.783429870824329 0.680572212673724 1.56056931288913 9.47772024236509 5.94977412005377 0.0293651664323747 6.51377397881526
0.00211864406779661 1.60181501354091 0.383520707441494 0.865507179219276 0.402226256998256 1.01067418931052 10.0041184009305 6.09567440100841 0.0200717083558772 7.61518333403432
0.00211864406779661 1.32425036546774 0.379620087239891 0.727019875939004 0.549112484464422 2.11881327303126 7.62255522612642 4.3481250829982 0.0378384255735566 4.59511985013459
0.00211864406779661 1.25398042970337 0.332403227617033 0.75148796052672 0.437990146083757 1.31655556568876 7.4249222920319 3.74223792225375 0.0251553578389782 4.42300246351488
0.00211864406779661 1.47144133653492 0.16935522002168 0.821914609032683 0.612014939356595 2.40768283838406 10.0020307450324 6.94919501369611 0.0472248174407014 7.6226639513236
0.00211864406779661 1.5756253313506 0.118382097943686 0.926745647727512 0.343508431920782 2.15160268265754 10.102857889912 6.93007574227066 0.0418869001031373 8.22398157345293
0.00211864406779661 1.40747545505874 0.260085629555397 0.838839791074861 0.831414520600811 2.7825490962714 9.13595800320479 5.96640311651261 0.0420222984254655 6.07457945381849
0.00211864406779661 1.53546101085376 0.177849646122195 0.677776841295417 0.665173390880227 2.68498832592741 10.0303742093864 7.10848960878322 0.0538321395592603 7.88440079234753
0.00211864406779661 1.51471446289215 0.359125383966602 0.615941907209344 0.646997660631314 1.37385733611882 9.7450934376153 6.19874968248773 0.0288298562022073 6.95806809285573
0.00211864406779661 1.48942715963349 0.212483119405806 0.942150674562436 0.711980682145804 2.52462936844677 9.8343732451047 6.616020561201 0.0400209311130637 7.28630586343831
0.00211864406779661 1.16830602402333 0.262912732339464 0.873581169371027 0.678445727471262 1.4638870744966 6.70843288050816 2.95751106073379 0.0234960767218832 3.78093759853188
0.00211864406779661 1.45577514029574 0.147761290008202 0.944258392404299 0.371448831260204 1.92700055986643 9.95887157561516 6.72112445060008 0.0392522259203568 7.55291197554322
0.00211864406779661 1.28079035934061 0.110204467200674 0.696081118995789 0.58209790145047 2.59214348671958 8.54675199365778 5.72599764835776 0.0595609962009287 5.41125777772863
0.00211864406779661 1.25621760436334 0.356704647582956 0.892373261391185 0.684786181105301 1.03099989425391 7.19583013142861 3.11192674652524 0.016841597943665 4.23047673654668
0.00211864406779661 1.38441385186743 0.315163210709579 0.805229528329801 0.567126986430958 1.67916866671294 8.81461270077375 5.35784334586206 0.031531464618706 5.71790450987976
0.00211864406779661 1.40051728449762 0.34699760582298 0.645206836832222 0.689519139099866 1.67603321699426 8.86817055561954 5.42813497505354 0.0320635444685045 5.78106274963383
0.00211864406779661 1.60931826042943 0.353606084990315 0.600217902369332 0.364193173404783 2.51714973291382 9.98553440441651 7.08927095558631 0.0552292017245403 7.65879393795786
0.00211864406779661 1.49988968551625 0.152084850636311 0.683308861916885 0.50521087073721 2.83917425433174 10.0441143382178 7.28106443740135 0.0630990288113038 7.84103422388515
0.00211864406779661 1.3672986707883 0.282206642627716 0.920984432811383 0.666447689943016 1.27313422504812 8.8437433507534 5.04890588841322 0.0224865604326312 5.78598808373643
0.00211864406779661 1.29437009219546 0.280143313598819 0.909729085979052 0.594684625742957 2.97485355380923 7.52344529535726 4.49312068217947 0.0482999567785622 4.51122573981155
0.00211864406779661 1.36007100003771 0.153176069376059 0.901521474262699 0.606086037587374 1.99901151005179 9.39292051602323 6.09084168074257 0.0368065730127266 6.36136203151399
0.00211864406779661 1.49151979617309 0.322417935798876 0.640372951410245 0.304413207666948 2.88289521308616 9.75995359124086 7.15493858053335 0.073902027867505 6.90744488598763
0.00211864406779661 1.27935193954036 0.398003619047813 0.822585461300332 0.662658386025578 2.79773534741253 7.43989219535784 4.19318386088966 0.0389020498463105 4.49013337599973
0.00211864406779661 1.37136606893037 0.104561676736921 0.692301830393262 0.494075235491619 1.58809643145651 9.79002952553151 6.59231367352156 0.0408554173006376 7.15109353758187
0.00211864406779661 1.36014193363953 0.140552377747372 0.880528150207829 0.895325865643099 1.08751600096002 9.62674071001786 5.61495126094959 0.0181009754650062 6.84519575072671
0.00211864406779661 1.20436367646325 0.392236129404046 0.623500714136753 0.492049133358523 1.36021099193022 6.81985461780762 3.14191478373207 0.0252749919120026 3.88347110349971
0.00211864406779661 1.40632893189322 0.128177716652863 0.707955351786222 0.738235474610701 2.61297186883166 9.82484357882167 6.88356857288225 0.052798367572286 7.12286665859908
0.00211864406779661 1.30051027969457 0.315716962469742 0.651344742707442 0.752572294324636 1.61807023081928 7.8593559530004 4.34860389555224 0.0298744386923319 4.80674955938646
0.00211864406779661 1.44201276612002 0.316742753889412 0.91718194168061 0.484693119814619 2.98549812147394 9.14335619599465 6.16995934675331 0.0511293363700844 6.11611285167309
0.00211864406779661 1.55612709592096 0.232683618855663 0.921630972239655 0.457027597585693 1.36075233109295 10.0791424922937 6.43379717442867 0.0261123912216729 7.98158522881237
0.00211864406779661 1.50687200166285 0.195540484809317 0.619838616612833 0.541458756336942 1.93374550901353 10.0530649336134 6.91638460568019 0.0434267213542937 7.82817082543324
0.00211864406779661 1.21292654236313 0.221264673117548 0.818158680968918 0.561087758280337 1.60860710125417 7.4121835602422 3.91892222788842 0.0304015607218339 4.40060302024682
0.00211864406779661 1.17224958559964 0.141835866868496 0.856988802214619 0.551502060703933 2.73282390786335 6.96347026474956 3.90533401727735 0.0469751637650191 4.00800635927338
0.00211864406779661 1.28273479358759 0.327760742837563 0.917978558014147 0.684547962527722 2.85464818961918 7.56269915968281 4.36331823607727 0.0407874467094185 4.58426350116878
0.00211864406779661 1.40550102698617 0.315373285510577 0.83603930802783 0.882783848466352 2.81918051838875 8.81342256000876 5.57445989959485 0.0392045424366199 5.74962043956555
0.00211864406779661 1.42479447831865 0.170456727128476 0.923268757597543 0.815519825974479 2.43763274373487 9.79006872983354 6.51005990813833 0.0376279248636277 7.09672137849476
0.00211864406779661 1.53405433052685 0.170612950017676 0.914118118258193 0.836303286021575 1.00401904713362 10.0650592001707 6.06896556588673 0.0183873264002133 8.0436205340934
0.00211864406779661 1.32870086873882 0.201809092191979 0.865492307161912 0.729404760617763 2.20276703219861 8.33236643025112 5.05029799620701 0.0375505056790369 5.28965930380492
0.00211864406779661 1.51461471603252 0.196707058534957 0.683856276434381 0.470324905682355 2.22293273452669 10.0165066661212 7.01433505104469 0.0496790673303642 7.77832313773633
0.00211864406779661 1.21624188914429 0.264110252121463 0.75259187357733 0.428966966830194 1.53598950477317 6.86354212430581 3.39142759006635 0.0310513021513805 3.94481282825114
0.00211864406779661 1.60638284587767 0.258922174945474 0.801214307534974 0.619675894081593 1.77302844915539 10.0905547752676 6.62579016685959 0.0312803676953381 8.06157098531014
0.00211864406779661 1.18153122402728 0.250262644561008 0.932036232436076 0.750126507086679 1.3692502938211 7.0331284839052 3.16758253048065 0.0209514807813485 4.0996874066326
0.00211864406779661 1.15752762763295 0.16391357043758 0.882756697607692 0.716794993216172 2.43736682645977 6.98185393432227 3.76523644811602 0.0400904356251766 4.03769752655745
0.00211864406779661 1.29735690294765 0.323740373528563 0.709073886636179 0.844308882253245 2.69122167769819 7.77123577702397 4.60149678062178 0.0420145624244469 4.78860223706607
0.00211864406779661 1.54646400045604 0.273978330288082 0.624936664896086 0.309817051095888 2.33523738151416 10.0110855631341 7.17536218700287 0.0586760656130268 7.62880941279509
0.00211864406779661 1.42308892423753 0.135328003508039 0.694487278815359 0.34309986778535 2.82931795390323 9.96251251830283 7.38452476124058 0.0759266332393359 7.30086855424852
0.00211864406779661 1.5066724153934 0.186692103301175 0.827785834553652 0.688380539277568 2.5080831903033 9.97299651304845 6.87980152130049 0.0453568080299881 7.64122833101365
0.00211864406779661 1.17417046006303 0.177365964837372 0.869296954700258 0.755845695594326 2.11450293194503 7.02410872182893 3.68798619813672 0.0355746304244158 4.08717607274349
0.00211864406779661 1.19609927826095 0.349256815738045 0.884597018058412 0.517348091863096 2.95643245149404 6.54093047689683 3.3160651157798 0.0397611346105997 3.68369361708157
0.00211864406779661 1.30347507118713 0.353392207738943 0.790270355017856 0.546942119579762 2.89004484983161 7.60347058764779 4.53872508657994 0.0466657167284127 4.62777001790533
0.00211864406779661 1.48291155402549 0.340054772188887 0.804423679667525 0.456080540874973 1.08429638948292 9.66991262796226 5.91675957981199 0.0234437100515043 6.87173495635278
0.00211864406779661 1.41003597164527 0.118941559456289 0.949981289403513 0.710028528375551 1.55168315768242 9.8445829090419 6.22791911248186 0.0268721781649631 7.33057994537621
0.00211864406779661 1.60015079597943 0.263237887038849 0.832989854679909 0.549218894680962 1.02065746625885 10.0858993830331 6.20287284220377 0.0205884191010534 8.0546814279288
0.00211864406779661 1.43809113998432 0.267178857303225 0.857358800258953 0.654575299937278 1.33000043220818 9.84770324488963 6.16563515892968 0.0251708654570115 6.95513229405924
0.00211864406779661 1.35479674264789 0.358806343586184 0.931356242124457 0.592663245135918 2.3937963321805 8.21579976878097 4.8995795791893 0.0362897411866484 5.20693280474618
0.00211864406779661 1.24033583779819 0.283202320244163 0.626990938186646 0.526255149766803 2.24686948908493 7.38839657157081 4.26840160916616 0.0441573908661994 4.43169824447112
0.00211864406779661 1.33699183221906 0.30853087301366 0.668447191035375 0.74480179916136 2.32116430765018 8.2176994123814 5.04170320517223 0.041752489229081 5.17784321308016
0.00211864406779661 1.55623178484384 0.190820361045189 0.739268040657043 0.639417748712003 1.79166348278522 10.086939026289 6.73101810048208 0.0348772360137289 8.0747113396288
0.00211864406779661 1.48665320859291 0.124577961373143 0.641824701428413 0.343236878933385 1.25144193181768 10.0811632766713 6.62630661199191 0.0315918322569842 8.05977758571397
0.00211864406779661 1.55659150795545 0.104993967106566 0.698642415273935 0.5078129905276 2.12449649488553 10.0559825768075 6.95521122013843 0.0450144667893458 8.13312747431396
0.00211864406779661 1.60761865249369 0.33770146863535 0.609596732037608 0.824794380320236 2.54150111274794 10.012923253336 6.8500908547876 0.0423057444923654 7.75693707792786
0.00211864406779661 1.34450028974097 0.261311693000607 0.626076017529704 0.768616832653061 1.65898892423138 8.89698031272339 5.46679351651994 0.0323808915803298 5.79707040907976
0.00211864406779661 1.36929066639859 0.175970569625497 0.861966681096237 0.828955197986216 2.16432282887399 9.41982178913374 6.04500531403601 0.0342243987647774 6.42324696353352
0.00211864406779661 1.36654893225059 0.283423372753896 0.777985414268915 0.398971099499613 1.06049356982112 9.01164143502365 5.33961924590514 0.0254250037610952 5.91539311015669
0.00211864406779661 1.53913406454958 0.398479709750973 0.776516420813277 0.580566644808278 1.73651940841228 9.8847684380279 6.44020197856055 0.0319185970489392 7.09699727862067
0.00211864406779661 1.5273425394902 0.230002684728242 0.660452914377674 0.457773606944829 2.21655707992613 9.97463077702263 6.97382387895184 0.0497469114818833 7.69049938002043
0.00211864406779661 1.6372295394307 0.365356301423162 0.815883371338714 0.536662926804274 1.29931471077725 10.0500020076144 6.31584010349624 0.0238931874617627 7.76297879110784
0.00211864406779661 1.52540731288027 0.140929761831649 0.891822442272678 0.611330089392141 2.4183525829576 10.0278930556123 6.8999918883643 0.043809649955481 7.89818826813656
0.00211864406779661 1.33236995046027 0.174811474513263 0.936106594337616 0.662379496917129 1.78687237994745 8.87660039931995 5.39921795148377 0.0308881566700175 5.82580343120713
0.00211864406779661 1.63514080105815 0.182963678473607 0.903792064846493 0.59447193746455 1.68058003298938 10.0949353933792 6.58906401965601 0.030020602779242 8.19102897744443
0.00211864406779661 1.62738003579434 0.337086163111962 0.900144878984429 0.305528981192037 1.79097380721942 10.07709205934 6.67013240640309 0.0331418099589353 7.90487610077075
0.00211864406779661 1.40784291012678 0.314590169116855 0.726638492825441 0.857168852398172 2.98475708765909 8.99590876126399 5.9217632967011 0.0462291159253087 5.97187741383268
0.00211864406779661 1.56390060074627 0.158752612979151 0.823570967675187 0.360174503317103 2.55680543836206 10.0168698078368 7.12948449726541 0.0557217172889548 7.89629225106207
0.00211864406779661 1.50950627259444 0.325109247211367 0.808473588700872 0.404383391048759 2.51566844107583 9.64571804930069 6.67779689267257 0.0514100728113462 6.83392931834148
0.00211864406779661 1.40725719332695 0.135617486364208 0.947803576325532 0.633203216409311 2.96331063844264 9.80161666752431 6.82491700067313 0.0509607440656168 7.04124340143975
0.00211864406779661 1.30242122404743 0.265395042253658 0.837774035730399 0.718129422934726 1.45230093505234 8.08167760849124 4.3953002185536 0.0250626299237781 5.05118138849061
0.00211864406779661 1.33291198904626 0.318797473725863 0.882907580293249 0.821701931767166 1.00002074195072 8.11894641281449 3.98486032938041 0.0160172969156775 5.08942365415108
