0 1.47144133653492 0.16935522002168 0.821914609032683 0.612014939356595 2.40768283838406 10.0020307450324 6.94919501369611 0.0472248174407014 7.6226639513236
0 1.47817325086764 0.29104866128399 0.828933947637818 0.362351943136473 2.65095150756365 9.6835825016141 6.79099671837194 0.0554326902111276 6.92588984917762
0 1.42304670354351 0.241628065914847 0.678802940319292 0.733720474736765 1.70314986072481 9.5990240773929 6.23312524805413 0.034530964720954 6.64522548357378
0 1.36555353048864 0.20065833391035 0.796417815100751 0.785467722096885 1.8627503631433 9.36021888489284 5.92995591397901 0.032378425069236 6.28265339466471
0.00421940928270042 1.48466649148613 0.341821576305665 0.774907215230633 0.540749555267394 1.82034051744267 9.40604694838026 6.06657201959479 0.0354555695338645 6.53857388295122
0 1.52570143124363 0.327803821686274 0.6620193835764 0.691930546370146 2.10294133939592 9.91834660794283 6.70241071503064 0.0401177703117662 7.28379157639949
0 1.38807621968444 0.300011374265887 0.653919862909243 0.560985608864576 1.80832788487896 8.83090356938914 5.60027209828654 0.0395325272562526 5.7125219517096
0.00421940928270042 1.35962663508818 0.190468616808826 0.887829236288542 0.453199857034409 2.56617470242877 9.05089905470895 6.09085729098602 0.051816753067017 6.03619887844815
0 1.49585247026603 0.204512754684136 0.757125766763954 0.327388020901349 2.04522758739324 9.91591177538551 6.89102998081343 0.0485635614073028 7.52760847961421
0 1.56976936920956 0.373882143694374 0.610440712143469 0.617591266091711 2.03113262213622 9.99703557459145 6.80246883465504 0.0409842783810284 7.38454830800392
0.00421940928270042 1.43261476938212 0.253871436925697 0.672852193063614 0.753990793897465 1.84794240394388 9.58033718446472 6.23401849194201 0.0352137484199402 6.69307580608006
0 1.31678685298147 0.206812319639077 0.697424996207303 0.516869040931514 1.93495372286791 8.70880479511728 5.58697118892011 0.0440762757473458 5.57693066390661
0.00421940928270042 1.4352774204511 0.26436663379271 0.826812013657945 0.563214170524179 1.76045732588805 9.52545033711685 6.1597998619272 0.0345395416943348 6.6378694651158
0.00421940928270042 1.47396980243108 0.396950613742014 0.749474440338458 0.372734564029621 1.59268032348977 9.4496853026284 6.08252327805495 0.0344873729091505 6.46956034625105
0 1.37635636774697 0.135697360419554 0.73518936858371 0.85119849411059 1.90689256320435 9.82262712556381 6.46006633216016 0.0346464229166628 6.90792767791369
0.00421940928270042 1.47641748339374 0.346459681345505 0.610325243613307 0.405425560633559 1.66916737278955 9.6535892639131 6.45388743164581 0.0407743597644481 6.79965025987702
0 1.31678685298147 0.206812319639077 0.697424996207303 0.516869040931514 1.93495372286791 8.70880479511728 5.58697118892011 0.0440762757473458 5.57693066390661
0.00421940928270042 1.45118551204445 0.280229607420269 0.608313327125749 0.821332238475564 2.57511464333545 9.47958094038311 6.43315443203911 0.0475284638558052 6.47064469303843
0 1.47270315451396 0.126767010807555 0.820064804156488 0.862698201836152 2.43109747010832 9.99968673100341 6.8048362249743 0.0409726500824267 7.67903565294542
0.00421940928270042 1.40859354750719 0.129391701635905 0.876155178202316 0.337624155683443 1.93025157507509 9.85293808307561 6.73672149899228 0.044324549790537 7.29205545296506
0.00421940928270042 1.41702485734635 0.249905824640976 0.753971522642081 0.635672011638996 1.93725505839841 9.76199695022229 6.49627209854841 0.0381692580034483 6.88373577313792
0.00421940928270042 1.42346907465648 0.179558136567229 0.766476889001612 0.528536644243002 2.24671309669103 9.81476015857667 6.79693544387689 0.0489074904791306 7.13794064508539
0.00421940928270042 1.47823676348736 0.229848032329898 0.757098611972435 0.608403531314705 2.01687407672267 9.8439409952326 6.65479664258874 0.0412071146175141 7.27729379790375
0 1.49585247026603 0.204512754684136 0.757125766763954 0.327388020901349 2.04522758739324 9.91591177538551 6.89102998081343 0.0485635614073028 7.52760847961421
0 1.52570143124363 0.327803821686274 0.6620193835764 0.691930546370146 2.10294133939592 9.91834660794283 6.70241071503064 0.0401177703117662 7.28379157639949
0 1.42291484221601 0.274650304787123 0.838269068340973 0.715473171494354 1.85939488976555 9.36918445403741 5.90348091079354 0.0312510112524822 6.2804604113297
0.00421940928270042 1.52862506392412 0.371470586583018 0.655442866054364 0.626240684185177 2.57043245341629 9.82142753368018 6.8193975415104 0.0496861035225155 6.96205405238952
0 1.43016772080721 0.148394639966229 0.6714987740034 0.583939466193012 1.76942341968288 9.93824540414901 6.74871912140067 0.0411913793849935 7.46869039326802
0.00421940928270042 1.40747545505874 0.260085629555397 0.838839791074861 0.831414520600811 2.7825490962714 9.13595800320479 5.96640311651261 0.0420222984254655 6.07457945381849
0.00421940928270042 1.38253431473936 0.305783710069821 0.644945497645724 0.424572073266284 2.09966190412109 8.74674579046701 5.74962886278162 0.0499308152029911 5.66270324540784
0.00421940928270042 1.40060895328507 0.335905826513436 0.670769945469596 0.326766630107023 2.25988253482042 8.99362196845441 6.08366383248798 0.054478010490712 5.92639255036427
0.00421940928270042 1.38214736511921 0.202531872218569 0.734455925875211 0.566285324774525 2.4918758737225 9.4953378095356 6.58640943871027 0.0545341389414724 6.49286659781128
0.00421940928270042 1.53012027371924 0.326059734468849 0.790688280337503 0.598649901526382 2.72488996702969 9.74291378879972 6.75156919579281 0.050219866025562 7.01280574658003
0 1.35517780091779 0.201369187336156 0.701264099824545 0.64382761959772 1.55076120831057 9.29783524317476 5.9095311643453 0.0337658926613546 6.21680568196568
0 1.37579991084058 0.168049071123824 0.607857511669863 0.595681338105351 2.386676593218 9.50623116054035 6.6776710299886 0.0590978856773048 6.49001513999836
0 1.49585247026603 0.204512754684136 0.757125766763954 0.327388020901349 2.04522758739324 9.91591177538551 6.89102998081343 0.0485635614073028 7.52760847961421
0.00421940928270042 1.44277384823775 0.322569162756012 0.763777334871555 0.510454377872586 1.90459569652757 9.39003779909637 6.14883663361381 0.0391168810215277 6.33993350001683
0.00421940928270042 1.4411821608786 0.397394574848314 0.765733012804365 0.51114267595557 2.14832062990514 8.8435285083491 5.62678143272005 0.0400852406653775 5.80040492437074
0 1.55075138338921 0.302958162340324 0.724041026585664 0.382893073654793 2.08098956818764 9.96886322316626 6.87122959763269 0.0451559319070279 7.56223092889381
0.00421940928270042 1.53663537078537 0.339124761265703 0.854606608697213 0.321677861642092 2.43549557588995 9.63555146089597 6.61619904498176 0.0488328314893654 6.94575730111514
0.00421940928270042 1.40630577393276 0.220921329865651 0.692571177235992 0.445037067130805 1.97062184142005 9.71961652006244 6.68762442630986 0.0482194846503725 6.88229599326267
0 1.41697310791101 0.100855966298815 0.928459625719321 0.700130210559277 2.93689121181866 9.85300336811738 6.86261362331737 0.050267841275483 7.36868771668054
0 1.43682814717294 0.350378729797642 0.824220663572141 0.392979964554897 1.62109192105947 9.13138374097447 5.72880023763149 0.0332871612847373 6.09115904113918
0 1.3631211981991 0.203507343604972 0.716207186038634 0.640113213038829 2.87359385592946 9.0681890773711 6.24125002936861 0.0591937659223737 6.00149738280836
0 1.35183566472899 0.207639670895406 0.911206872225195 0.68471018449856 2.12767391833904 9.03672562822335 5.68252361515461 0.0349372384937238 5.992928991527
0.00421940928270042 1.48059906575696 0.354452708517711 0.816705792760488 0.472273695134612 2.38767730167057 9.47773554989333 6.38923344858168 0.0455701627943169 6.55307833770608
0.00421940928270042 1.31548781059157 0.115268595284248 0.841681342904831 0.575771126768703 2.03338105133351 8.93571929877926 5.77019424017545 0.0421919827336615 5.87286868119457
0 1.46235273120662 0.193882550152136 0.842870660705109 0.635442354924536 2.70032120332006 9.93403348039845 6.93784959231486 0.049977424371645 7.28088716499018
0 1.52570143124363 0.327803821686274 0.6620193835764 0.691930546370146 2.10294133939592 9.91834660794283 6.70241071503064 0.0401177703117662 7.28379157639949
0 1.31627713257061 0.140674047018322 0.879962913243657 0.729547817992195 2.01093854425937 9.09189863728236 5.74551833718614 0.0352115790531712 6.04922793664338
0.00421940928270042 1.47791158971225 0.269833972440242 0.817757321629373 0.799225718358976 2.33971061522659 9.75132655863703 6.4671809937604 0.0374725893151695 6.99899658607908
0.00421940928270042 1.47405119948089 0.386226426716894 0.762473078002222 0.646573232905939 2.01537826610729 9.45821816103069 6.11963786083096 0.035487303292741 6.414878713863
0 1.44689468984322 0.116357913847671 0.914729728546223 0.564690657045311 2.67842408513323 9.89864908027086 6.91572344863131 0.0506444499073205 7.50289579033286
0 1.46489291255255 0.284868620506105 0.613983228833535 0.577970933824261 2.48691313302589 9.77042652546286 6.89473758190083 0.0563772853533671 6.88700820583735
0.00421940928270042 1.29585657400466 0.119375520274514 0.865606533163346 0.397071442403843 1.7834803148469 8.88786235054895 5.67852797584227 0.040383484596702 5.87222211371525
0.00421940928270042 1.44238287589398 0.289174102377242 0.60326507307259 0.623844871642406 1.65286760385772 9.50728441960683 6.22699769606812 0.0376174694467976 6.54271208537289
0 1.34158182411359 0.158048811527972 0.904540986540213 0.395164520787846 2.72721193529813 8.91902312886183 6.05628204718445 0.0571119968648142 5.84716105750155
0 1.55075138338921 0.302958162340324 0.724041026585664 0.382893073654793 2.08098956818764 9.96886322316626 6.87122959763269 0.0451559319070279 7.56223092889381
0.00421940928270042 1.40490855671159 0.370844479858063 0.682583017476823 0.556463107629107 2.58592645042449 8.71430952566587 5.69409282410868 0.0487906442077605 5.67626444576231
0 1.62396192722954 0.38382742300164 0.803831514844205 0.658861209126189 2.96899358509108 9.94892925973266 6.903512959724 0.0475765017662217 7.47157175546788
0 1.47817325086764 0.29104866128399 0.828933947637818 0.362351943136473 2.65095150756365 9.6835825016141 6.79099671837194 0.0554326902111276 6.92588984917762
0.00421940928270042 1.45120702656695 0.237537541885795 0.882063888434554 0.431431375873445 2.70693789917623 9.58103458512203 6.65217462041127 0.0534579473657569 6.72046138056162
0.00421940928270042 1.38481920742394 0.164239623750788 0.778027715407181 0.733307624832884 2.36826621810347 9.55783732672912 6.44709453540602 0.0445678384386421 6.73046106390221
0.00421940928270042 1.35910550150218 0.219069759630582 0.685000586643458 0.660368705736338 2.3809885880472 9.26840036339988 6.27738167009523 0.0502362353321786 6.20751154880189
0.00421940928270042 1.48875435007202 0.37484320232151 0.796133879857524 0.318894243852557 2.51123774962222 9.40181531075662 6.47628246979574 0.0536361047835991 6.39272542752437
0 1.45068872077519 0.262115317410364 0.886743863311237 0.57500392768172 1.96864469328913 9.753398154757 6.42855083103226 0.0359780113228866 7.00588280295709
0.00421940928270042 1.45715771828519 0.220146925764559 0.822884603019094 0.875507370460198 2.85372325203877 9.82079049184915 6.69022096643244 0.0436929059448421 7.10846233741951
0 1.32928808448753 0.207763787938147 0.805815314456761 0.321914775605913 2.07708874550342 8.6344672853232 5.62065070956604 0.0491039118754677 5.53120637966017
0.00421940928270042 1.40859354750719 0.129391701635905 0.876155178202316 0.337624155683443 1.93025157507509 9.85293808307561 6.73672149899228 0.044324549790537 7.29205545296506
0 1.4393692173123 0.381355402080084 0.723058502221344 0.335696581094475 1.4963236040861 9.31432386854969 5.94775520368104 0.0345078423988438 6.23490080168995
0.00421940928270042 1.48040538826776 0.237338705206687 0.870421607187765 0.838829743951238 2.95607600148018 9.77526774273222 6.66721121298776 0.0446877202555533 7.09343231097833
0.00421940928270042 1.48632963095636 0.277611840810804 0.907255137927383 0.658184789880188 2.51289179904285 9.69145233323454 6.49848985536564 0.0410500806721471 7.03663362156091
0 1.34783987279516 0.323453162098303 0.758618195750751 0.300497966911644 2.15566889289767 8.46864024048883 5.40190044142453 0.0465727441213947 5.42038240905302
0.00421940928270042 1.37136606893037 0.104561676736921 0.692301830393262 0.494075235491619 1.58809643145651 9.79002952553151 6.59231367352156 0.0408554173006376 7.15109353758187
0 1.34199739384265 0.195346828699811 0.726937904075521 0.581553294160629 2.74706654912629 8.99782349040319 6.15613116866322 0.058326874556818 5.98200326331847
0.00421940928270042 1.40222098593458 0.201178973895102 0.686909253551085 0.617062889854064 2.15621269313779 9.40957272945078 6.37013713821957 0.0478618955457923 6.5456964095639
0 1.49585247026603 0.204512754684136 0.757125766763954 0.327388020901349 2.04522758739324 9.91591177538551 6.89102998081343 0.0485635614073028 7.52760847961421
0.00421940928270042 1.38520912336899 0.196596990245269 0.81179068445258 0.52379824568982 2.56175433742154 9.38420964195515 6.45367749095328 0.0533686304171219 6.31040300921032
0 1.43093430537135 0.26231308851847 0.723807970687499 0.469631773746771 1.40278184505677 9.82840294978781 6.41427829355076 0.0329051974581341 7.02784675923996
0.00421940928270042 1.43552193233744 0.213663730763966 0.910511724627647 0.774051526232468 2.30958131951157 9.53213155789454 6.21227203862464 0.0361579108869984 6.71873131112851
0.00421940928270042 1.41231616392087 0.316127099728692 0.625463875655981 0.778463011318491 2.91375141108128 8.8279128491193 5.867411898438 0.0517929649517983 5.73904236263454
0.00421940928270042 1.46478645950204 0.221666328771235 0.777328864569094 0.825277498172461 2.9205524917368 9.76949102712358 6.75396085752641 0.0490198397678526 7.07595459621024
0.00421940928270042 1.47589976006106 0.324160419216459 0.709212771086125 0.471851174115774 1.71365837292924 9.75038104958862 6.49011636994226 0.0383782387344777 6.84481547920826
0.00421940928270042 1.37211748255322 0.25256038758478 0.885568472229532 0.47676052771587 2.05852599694383 9.05804352828792 5.8431149098842 0.0401582002777562 6.00598819609403
0.00421940928270042 1.52505881729682 0.389235741522214 0.633743063936947 0.456687126569815 1.85522916766545 9.75948052920787 6.58823848301034 0.0419514598800067 6.8960537490078
0 1.46001376678635 0.154539939658323 0.709587631491848 0.615065066287165 1.9803413923687 9.93403407763711 6.7785817241133 0.0426191177234702 7.6076652544929
0 1.50461616553944 0.340688716612701 0.631539409201863 0.866533482800883 1.95618449046411 9.79743049805515 6.38074381279448 0.032821001289787 6.94373356164737
0 1.58510893721715 0.309365097716557 0.914788429750689 0.414973174634437 2.17098950574281 10.0036013280939 6.77506163059 0.039615306901013 7.60444617316545
0.00421940928270042 1.31756369802169 0.165930112171918 0.631840676162392 0.588344991859049 1.78464712481946 9.01129304948884 5.90858603220782 0.0449274183343276 5.8459034144796
0.00421940928270042 1.46638211313048 0.377567623478583 0.805511213408026 0.3395618334518 1.75193093209225 9.19562574434619 5.900747252118 0.0370725493764085 6.13309879858655
0.00421940928270042 1.44264675937619 0.223413151723723 0.784112987322916 0.612808481880749 2.56003128442049 9.67477854274904 6.69282788243927 0.0506938508723415 6.85076155746202
0 1.43581870823834 0.122566951673788 0.743554710116529 0.694951840793332 2.14595382068434 9.98363158133645 6.85195091757333 0.0436443840438449 7.6098109368266
0 1.31678685298147 0.206812319639077 0.697424996207303 0.516869040931514 1.93495372286791 8.70880479511728 5.58697118892011 0.0440762757473458 5.57693066390661
0 1.56976936920956 0.373882143694374 0.610440712143469 0.617591266091711 2.03113262213622 9.99703557459145 6.80246883465504 0.0409842783810284 7.38454830800392
0.00421940928270042 1.46969555999998 0.351427706278593 0.621290678109712 0.343878093195726 1.98298450231551 9.3098870198094 6.34534392041125 0.0515840326371978 6.26250897840674
0 1.46078460626125 0.200717955352945 0.893977891514782 0.667629431815589 2.05014351296859 9.89830091084882 6.55910924142922 0.0354656140785456 7.36404928794958
0.00421940928270042 1.50707400675196 0.327284387060333 0.741742881824931 0.547500400288185 2.43792980382737 9.74775339745117 6.68914311208714 0.0469529010345257 7.05726664237525
0.00421940928270042 1.43158997925828 0.249761623124745 0.87470387888741 0.811004021559552 2.26240259661957 9.48480041740883 6.12577688471558 0.0347691933547142 6.48534745014366
0.00421940928270042 1.33079642616658 0.129987981415976 0.86669814441792 0.40467972819731 1.9455615964979 9.44481534165544 6.3165420604897 0.0437933508077604 6.43377132495018
0 1.47270315451396 0.126767010807555 0.820064804156488 0.862698201836152 2.43109747010832 9.99968673100341 6.8048362249743 0.0409726500824267 7.67903565294542
0.00421940928270042 1.42412216685757 0.308873651131794 0.80147884435032 0.57731127445281 2.53776389286771 9.14427056407471 6.08489207809769 0.0469168456378311 6.08024877695225
0 1.34067877298221 0.283918047323823 0.66703762387624 0.448896276438609 2.43031282350421 8.60580386356397 5.68064325263088 0.0536560734686149 5.53038648346775
0 1.44825833142475 0.281889721282228 0.882143498411451 0.370680573549759 1.52510346198071 9.45777059984134 6.00758392898787 0.0317397109461011 6.55174677958657
0 1.48252411698506 0.185799239431157 0.732511008667334 0.887760923760448 2.77662924302229 9.88793727118781 6.82817079963929 0.0468986461094691 7.42769920439266
0 1.319081997592 0.244300430943258 0.67245806112187 0.771742557641119 2.35089330701157 8.65631144840953 5.5185232738749 0.0433786378481226 5.55425074068524
0 1.51591366109451 0.254124485714872 0.861538232049517 0.680033134814506 2.70172550744301 9.93380937127309 6.86239714967219 0.0463556441684954 7.37229140241446
0.00421940928270042 1.35135637076164 0.153443816788594 0.941400840064927 0.481854714510048 2.69564403935122 9.3274703208546 6.33015107913511 0.0499207145201312 6.29131367908944
0 1.32354671179783 0.122034440864809 0.641650915285572 0.45101934154518 1.21537537686527 9.71514514814044 6.36528477057095 0.0350892530056283 6.77086850967754
0.00421940928270042 1.42410638929571 0.342453891629687 0.636936770712254 0.586623430774235 2.18481132227165 9.05536435164914 5.97417304999792 0.0459045379104428 6.04627397407846
0 1.46235273120662 0.193882550152136 0.842870660705109 0.635442354924536 2.70032120332006 9.93403348039845 6.93784959231486 0.049977424371645 7.28088716499018
0 1.34783987279516 0.323453162098303 0.758618195750751 0.300497966911644 2.15566889289767 8.46864024048883 5.40190044142453 0.0465727441213947 5.42038240905302
0.00421940928270042 1.47336303752082 0.203368874126336 0.938794694823477 0.669739343344356 2.96301336223477 9.79363176307252 6.76879967809295 0.0485659755421539 7.17712061964802
0 1.58874178704159 0.372587892710668 0.614975615508051 0.813188592153901 2.15745673339984 9.96139925401226 6.65281694534219 0.0365679791300127 7.47841193244269
0.00421940928270042 1.37136606893037 0.104561676736921 0.692301830393262 0.494075235491619 1.58809643145651 9.79002952553151 6.59231367352156 0.0408554173006376 7.15109353758187
0 1.36929066639859 0.175970569625497 0.861966681096237 0.828955197986216 2.16432282887399 9.41982178913374 6.04500531403601 0.0342243987647774 6.42324696353352
0 1.46825858671725 0.264193484667205 0.903704730872296 0.649752753328293 1.88821122617764 9.74589763196136 6.30493619124606 0.0320338718489035 7.04047801139578
0 1.45068872077519 0.262115317410364 0.886743863311237 0.57500392768172 1.96864469328913 9.753398154757 6.42855083103226 0.0359780113228866 7.00588280295709
0.00421940928270042 1.38698442883987 0.214335421331572 0.929188565850216 0.338779966491403 2.35107645990307 9.23808970416667 6.20120837697986 0.0479843037295412 6.1392154818374
0.00421940928270042 1.36503064915888 0.192412614982365 0.727753080158252 0.366378440977445 2.10273069848224 9.59850913800131 6.67090210738964 0.053524968628724 6.6091085519009
0 1.31088911821134 0.108506618067622 0.748550281487405 0.652616763487458 1.44097577221692 9.33909160783396 5.87473006866615 0.0312929783907007 6.37981982764969
0.00421940928270042 1.43804449727317 0.248573667283186 0.799347400058964 0.370243640558938 2.16830124534017 9.85109565127121 6.81960218465051 0.0482435341890824 7.10153394028709
0.00421940928270042 1.44727539443371 0.384694731348322 0.880126419295198 0.562772701147368 2.79057776043754 8.86262516940892 5.75119603035918 0.0445372598990042 5.8452820369299
0.00421940928270042 1.33536861774925 0.193563045117492 0.768151633902172 0.714913869325182 2.75941078678604 9.03183634671359 6.05217030153571 0.0508097992093689 5.95369106207677
0 1.52024455758905 0.243075232414413 0.782300543697605 0.564459255103687 2.52147843520996 9.95565635641052 6.92776796824737 0.0484177697927083 7.62903861368373
0 1.46190981033072 0.294369197096882 0.696376768411492 0.309755976665462 1.3792964440218 9.79379544685071 6.48019792439916 0.0363850420149312 6.95610089991242
0 1.43093430537135 0.26231308851847 0.723807970687499 0.469631773746771 1.40278184505677 9.82840294978781 6.41427829355076 0.0329051974581341 7.02784675923996
0 1.42291484221601 0.274650304787123 0.838269068340973 0.715473171494354 1.85939488976555 9.36918445403741 5.90348091079354 0.0312510112524822 6.2804604113297
0.00421940928270042 1.49503654702914 0.282796756122694 0.890881591898227 0.543918737253239 2.55540349903854 9.87400381414389 6.75906190316817 0.0443810851265432 7.29192865162268
0 1.62396192722954 0.38382742300164 0.803831514844205 0.658861209126189 2.96899358509108 9.94892925973266 6.903512959724 0.0475765017662217 7.47157175546788
0 1.60091842208927 0.31400292005345 0.917300676318982 0.725012048450512 2.83550060925932 9.97318890862077 6.80404091724771 0.0420394005811513 7.63914457731618
0 1.44681407497264 0.162378696305677 0.719122614315711 0.5733386318665 2.33896904438734 9.88103060564843 6.9039145795962 0.0509395305074692 7.41938058291869
0.00421940928270042 1.38136551635913 0.11661104535066 0.716757534015552 0.418576193687786 1.54217702406653 9.8421769196058 6.64576335897894 0.0409086576182201 7.2589705182342
0 1.35334202766635 0.270628943210958 0.768249400437384 0.505094559717279 2.64745504976834 8.71149037236332 5.77333074743485 0.052963111090199 5.64758998072001
0 1.3669537598334 0.284774560849133 0.801778304400105 0.517132850931608 1.96322939655414 8.68961591603095 5.46890366712357 0.0399266104462287 5.62977706134571
0.00421940928270042 1.47050908254057 0.228227857588782 0.882300534364985 0.767747210314034 2.87424131288039 9.69148856577498 6.59205207204628 0.0450745950554135 7.07054830884201
0 1.51303227180958 0.24929823705347 0.896980505677473 0.631848404792101 2.65527904280358 9.92565502843114 6.8184503647547 0.0447258044270999 7.39888826940239
0 1.2849362729752 0.166805310897639 0.715147079722336 0.400536486099893 2.00196250229799 8.63063028921374 5.62774957409289 0.0496438523884528 5.50038319225935
0.00421940928270042 1.39953216527788 0.232315155877099 0.735302168672824 0.497602027126198 2.03890072253092 9.49865224606127 6.41754894241888 0.0459085775961144 6.56681306688947
0 1.36795259247643 0.249447618331191 0.719180398519955 0.442902747336178 2.52268652971514 9.06145225731173 6.2213439820251 0.0584193402512376 5.94839505759753
0 1.32928808448753 0.207763787938147 0.805815314456761 0.321914775605913 2.07708874550342 8.6344672853232 5.62065070956604 0.0491039118754677 5.53120637966017
0.00421940928270042 1.47791158971225 0.269833972440242 0.817757321629373 0.799225718358976 2.33971061522659 9.75132655863703 6.4671809937604 0.0374725893151695 6.99899658607908
0.00421940928270042 1.3029827225022 0.126871293107979 0.633456262061372 0.714006527932361 1.8831465151161 8.95248935574042 5.77733199862433 0.0417875280026418 5.85061580748603
0 1.46235273120662 0.193882550152136 0.842870660705109 0.635442354924536 2.70032120332006 9.93403348039845 6.93784959231486 0.049977424371645 7.28088716499018
0 1.28920092390233 0.120855474769449 0.838409427337217 0.690713147441785 1.90732719288104 8.95089861852439 5.62427533782471 0.0359141726269009 5.82209447091735
0.00421940928270042 1.35747764746193 0.186526108090766 0.838175700989086 0.552615463687107 1.92526328191161 9.30990124502955 6.06245542125761 0.0388733705772812 6.20021936097009
0.00421940928270042 1.35951271693021 0.166822872125913 0.879764965432891 0.42385564341393 2.44602640327355 9.26654178041346 6.29592471959798 0.0512716628346281 6.16511768913837
0.00421940928270042 1.52192530412197 0.332694073325703 0.795238277347371 0.541093265072487 2.25525369929639 9.77581482642929 6.59714570188665 0.0416410372941651 7.08717031708941
0.00421940928270042 1.37389188691091 0.270305830524224 0.820919593835866 0.67906387366052 2.87052611205479 8.81821094705305 5.81671425581035 0.0497126082344525 5.76675727381759
0 1.55973173115202 0.354045967343602 0.797944170590304 0.434602371649143 1.82852699534412 9.91563349107968 6.57372672081182 0.0353694519636706 7.43187218106934
0 1.49585247026603 0.204512754684136 0.757125766763954 0.327388020901349 2.04522758739324 9.91591177538551 6.89102998081343 0.0485635614073028 7.52760847961421
0.00421940928270042 1.4355476269953 0.271368996179399 0.700267123042159 0.660649322405182 2.59330436011053 9.54829484287855 6.59423104457233 0.0521274395361167 6.54443928438213
0 1.42560099013187 0.140743730936046 0.756170067603732 0.875504318807049 2.22920473087942 9.8300293692239 6.58924737972987 0.0391332813158626 7.3342423143111
0 1.43345693359232 0.121696905365107 0.92329101912287 0.615222447076972 2.75116889772763 9.91899428548795 6.91896804240313 0.0497857618187497 7.40156803562226
0 1.43345693359232 0.121696905365107 0.92329101912287 0.615222447076972 2.75116889772763 9.91899428548795 6.91896804240313 0.0497857618187497 7.40156803562226
0.00421940928270042 1.34494168434157 0.112520584141161 0.841002339809802 0.733526367338679 2.39829670157619 9.40608379683824 6.27538957068205 0.0436874577468649 6.59410941596513
0.00421940928270042 1.493313739597 0.361169762868685 0.736771048200888 0.429933423794854 1.62452894636314 9.57814514890167 6.26231831457827 0.0363040187554226 6.5694814204143
0.00421940928270042 1.4352774204511 0.26436663379271 0.826812013657945 0.563214170524179 1.76045732588805 9.52545033711685 6.1597998619272 0.0345395416943348 6.6378694651158
0.00421940928270042 1.36510732293407 0.136580391314131 0.649784268286756 0.666532376500957 1.86805162104316 9.65146215729238 6.49715199301785 0.0426678246325067 6.85001266091468
0 1.55868842511169 0.345895230041804 0.742807658887064 0.478797626268356 1.86037828343102 9.96651399355654 6.70343348190852 0.0382703240677712 7.35068742670448
0.00421940928270042 1.50707400675196 0.327284387060333 0.741742881824931 0.547500400288185 2.43792980382737 9.74775339745117 6.68914311208714 0.0469529010345257 7.05726664237525
0.00421940928270042 1.3863718502573 0.182307244503121 0.622494111230866 0.311400992238006 1.64194141711404 9.65539594735536 6.66372197119937 0.0502033271719039 6.80682936039218
0 1.49585247026603 0.204512754684136 0.757125766763954 0.327388020901349 2.04522758739324 9.91591177538551 6.89102998081343 0.0485635614073028 7.52760847961421
0 1.46474391886469 0.277410810417058 0.683665546999442 0.402519163690725 2.21061124394199 9.88620457583885 6.94098994167011 0.0525907708284362 7.14598446771439
0.00421940928270042 1.40083977213464 0.252689895804222 0.648262986634521 0.356899244575948 1.3697109879649 9.72226539118547 6.44423723942536 0.0377025272200579 6.80439276598698
0 1.43708364555227 0.13345518638921 0.940496640125819 0.842378513312358 2.48457915546903 9.86028425273547 6.58096270952527 0.0376537946156657 7.33953769540767
0.00421940928270042 1.43124727406253 0.224340511349314 0.680144032516979 0.468829994158995 1.58452443181162 9.79642251988013 6.5626388925645 0.039408110747998 7.06352041841466
0 1.28458013611259 0.151593635213362 0.644004327966545 0.380121652042997 1.47102252210927 8.74092691337307 5.59496772413029 0.043025634521965 5.52668860895332
0.00421940928270042 1.48466649148613 0.341821576305665 0.774907215230633 0.540749555267394 1.82034051744267 9.40604694838026 6.06657201959479 0.0354555695338645 6.53857388295122
0 1.46012893374386 0.239005907727462 0.769431630998415 0.802377998748403 1.895392314404 9.78126926463925 6.37772340177786 0.0332551424775071 6.97315549771719
0.00421940928270042 1.46473631270617 0.359944106289615 0.71138813173338 0.773935043215041 2.11870817195441 9.18781183275565 5.86050128258917 0.0358894983925241 6.16520774812706
0.00421940928270042 1.32859858239253 0.204703218532428 0.904461009760974 0.845213688767807 2.96244029329511 8.8048402632555 5.67766662752564 0.0438415344537059 5.74567056735845
0.00421940928270042 1.41986487379415 0.301352007290788 0.752985458300069 0.667550549436493 2.12365302012473 9.21412629974724 5.96216002287987 0.0386980419099966 6.13145135175595
0.00421940928270042 1.37192824746088 0.22708504783866 0.683196338316587 0.444533203045213 1.58028161824494 9.46759416430005 6.25196810717927 0.0401302021586961 6.40709998387022
0 1.31627713257061 0.140674047018322 0.879962913243657 0.729547817992195 2.01093854425937 9.09189863728236 5.74551833718614 0.0352115790531712 6.04922793664338
0 1.51868922281534 0.261061454206329 0.691849136995084 0.893536438816296 2.75000697481179 9.92408432013273 6.8382573538687 0.0456922323373925 7.39442952297519
0 1.47649821510837 0.271854229553123 0.768823381487963 0.822001926743504 2.18489394906833 9.82415389897985 6.50249015087664 0.036092732557615 7.12646233693039
0 1.60845424961027 0.344203045806629 0.783595219843229 0.6526639924141 2.383615717775 9.99788974448664 6.78253213422806 0.0401409764316402 7.66932405677185
0.00421940928270042 1.43316887913425 0.273272791762708 0.817331318814625 0.876431007090306 2.87636302237396 9.31961528533864 6.15712508829602 0.0423202240591556 6.28336186086508
0.00421940928270042 1.32273916944396 0.1558634680463 0.887868428183719 0.805869431002066 2.80819584196433 8.74227771496737 5.63031532277433 0.0445135165963271 5.7249846823068
0 1.31627713257061 0.140674047018322 0.879962913243657 0.729547817992195 2.01093854425937 9.09189863728236 5.74551833718614 0.0352115790531712 6.04922793664338
0 1.46489291255255 0.284868620506105 0.613983228833535 0.577970933824261 2.48691313302589 9.77042652546286 6.89473758190083 0.0563772853533671 6.88700820583735
0.00421940928270042 1.4273358724004 0.191253819631777 0.72976120455257 0.738393198783055 2.32964273390671 9.78088102753641 6.67274998790274 0.0446843907025117 7.00009134351721
0 1.41543801632004 0.352310632883428 0.856957031329801 0.788295787120337 2.86254102004001 8.69082769953974 5.48993466421547 0.0407258181396562 5.68158387586308
0 1.44681407497264 0.162378696305677 0.719122614315711 0.5733386318665 2.33896904438734 9.88103060564843 6.9039145795962 0.0509395305074692 7.41938058291869
0.00421940928270042 1.47507470005658 0.293079121806659 0.92438762615202 0.631194923724979 2.80860573193058 9.68742718944343 6.5889723270097 0.0451188634125756 6.8745086851885
0.00421940928270042 1.36193071803338 0.181897677033835 0.601189202013148 0.422628725429363 1.86559657005419 9.32911846795135 6.4156423641483 0.0542866953196225 6.26922253836207
0.00421940928270042 1.35793715259641 0.130883255187784 0.745156735236945 0.788622518598653 2.18741700820841 9.57041204050863 6.37039009998153 0.0407613096439365 6.62131053596057
0 1.49239972303174 0.311225089071134 0.721298104378425 0.595572909150543 2.75919182845392 9.71048111517341 6.7947732002668 0.0541656727702017 6.86366405746917
0.00421940928270042 1.37136606893037 0.104561676736921 0.692301830393262 0.494075235491619 1.58809643145651 9.79002952553151 6.59231367352156 0.0408554173006376 7.15109353758187
0.00421940928270042 1.43849836567632 0.262298389234187 0.850798912569676 0.616168764119639 2.24018163636217 9.4874846160319 6.2806454956835 0.0404843774870076 6.46614472423762
0.00421940928270042 1.43496981638721 0.216910258309264 0.942864955334705 0.576474578565984 2.90541776859664 9.41407545830204 6.38119540749591 0.0481766868229869 6.53214019284286
0 1.41618435416826 0.372693652777071 0.661855140894499 0.862224158815074 2.13482059744727 9.06987835127003 5.68335298425573 0.0338260058997955 5.98904495558921
0.00421940928270042 1.36123847837994 0.190454310610526 0.830201836464564 0.54262880787416 1.61559464676968 9.52299306715043 6.16078529172469 0.0346586558859244 6.48137292261858
0.00421940928270042 1.49038830201233 0.306281115748114 0.791764997379678 0.845558444832553 2.53133641186427 9.77923110951659 6.53944143650477 0.0391721331894046 6.95441619378119
0 1.55868842511169 0.345895230041804 0.742807658887064 0.478797626268356 1.86037828343102 9.96651399355654 6.70343348190852 0.0382703240677712 7.35068742670448
0 1.48942715963349 0.212483119405806 0.942150674562436 0.711980682145804 2.52462936844677 9.8343732451047 6.616020561201 0.0400209311130637 7.28630586343831
0 1.44000844096358 0.13883412906889 0.745514953063343 0.668558845221856 2.4669558644258 9.9725070903342 6.96979066990159 0.0496520092797525 7.56730874225393
0 1.29426512187825 0.171320558550878 0.832221301044361 0.428028359398201 2.05424915864071 8.65239904341981 5.53896204817015 0.0444479252012145 5.56768621922676
0 1.35478080299337 0.287001156435005 0.730324342799846 0.788322834925061 2.52251800050058 8.64950919057685 5.47790530535311 0.0419362829505839 5.59560829810645
0 1.45268696790233 0.146331378790922 0.736165387957972 0.486604648375902 1.75373986974611 9.95390201258602 6.754845208591 0.040800668863424 7.58496579803678
0.00421940928270042 1.38725402877943 0.212543836400404 0.707758667521915 0.681786267766045 1.70602749061207 9.55208913938231 6.20972955097108 0.0353534396597051 6.60665018619822
0.00421940928270042 1.46657911751896 0.399602442096139 0.727078846853072 0.758051389253787 2.36395359319694 9.03911427367028 5.76961326390383 0.038025396643518 5.98818330765595
0.00421940928270042 1.43683473421495 0.301401773384031 0.605581832092767 0.370863891174033 1.75806652159337 9.53446576307535 6.47175986239027 0.0467609932721225 6.57882008460528
0.00421940928270042 1.4441375394229 0.185477541679033 0.710418405276849 0.554559404603035 1.88188203274193 9.85623689237721 6.70458337381011 0.0427813286288573 7.29278307566613
0 1.50836839736304 0.182097431410359 0.868800652840579 0.73157975354467 2.80610072240944 9.94538257116005 6.90096561462272 0.0476240707975917 7.62411430153587
0.00421940928270042 1.40578923773573 0.288341578622755 0.836809973210064 0.876951139650299 2.69241204378731 9.18526185159965 5.95367614104633 0.0394948217520593 6.25747599864937
0 1.56225995088861 0.327155088678849 0.71965315977585 0.831507782537578 2.91395733915867 9.94663126357865 6.87754488519057 0.0464635856076331 7.44410748204162
0 1.46825858671725 0.264193484667205 0.903704730872296 0.649752753328293 1.88821122617764 9.74589763196136 6.30493619124606 0.0320338718489035 7.04047801139578
0.00421940928270042 1.47172860899153 0.350516061595611 0.843736115646289 0.62095029771332 2.24914191359229 9.31241549664248 6.05028361832989 0.0383066457982182 6.26783285965949
0.00421940928270042 1.32273916944396 0.1558634680463 0.887868428183719 0.805869431002066 2.80819584196433 8.74227771496737 5.63031532277433 0.0445135165963271 5.7249846823068
0 1.29803941136365 0.159481670359466 0.882397955522453 0.626482765337744 2.58129393590642 8.50730157312517 5.45042514474549 0.0470343812670427 5.40492710160629
0.00421940928270042 1.5074718515883 0.357612791446456 0.672074600206036 0.754802547702596 2.02008835695311 9.65767013084961 6.35262939631957 0.0366977169416864 6.71546419115069
0.00421940928270042 1.42848831143558 0.293288266171332 0.944162189844179 0.649788153441682 2.51859023939065 9.30538081843604 6.06106834305369 0.0389953654167336 6.31415172875845
0 1.42304670354351 0.241628065914847 0.678802940319292 0.733720474736765 1.70314986072481 9.5990240773929 6.23312524805413 0.034530964720954 6.64522548357378
0.00421940928270042 1.37208326923665 0.186816720244944 0.857810245762648 0.588757184642476 2.70568254859069 9.50169782479232 6.52733115483174 0.0510797741174461 6.42260900497919
0 1.44681407497264 0.162378696305677 0.719122614315711 0.5733386318665 2.33896904438734 9.88103060564843 6.9039145795962 0.0509395305074692 7.41938058291869
0.00421940928270042 1.44618684622082 0.352086823903772 0.715145596621014 0.734927831022469 2.63182866296592 9.20499946804 6.10798752997192 0.0451840135119738 6.17260485094173
0.00421940928270042 1.39119197538088 0.161482816141868 0.923070292453097 0.847648246283512 2.39193896402347 9.56095110362254 6.20365174445605 0.034829193187641 6.63336380430191
0 1.4410789075181 0.168696055490553 0.87263554265235 0.592107169852949 1.97838754148091 9.92275735816949 6.64005011057846 0.0375265255675409 7.42688631711121
0 1.3154562907308 0.201303374374939 0.635118850780638 0.647547181591722 1.70712398214513 8.67964039420378 5.41226162589725 0.0381061814088735 5.53079651559268
0.00421940928270042 1.39054760219753 0.164774264525665 0.836755991810673 0.732643941318874 2.10310221322319 9.62834946283514 6.35790202686907 0.037989425436615 6.80675306819302
0.00421940928270042 1.43749080926942 0.332550121916766 0.718708334672116 0.795567445566212 2.63011833342594 9.24493823672519 6.11161514823844 0.0435727602628791 6.20972955097108
0.00421940928270042 1.42190728285678 0.204034875492084 0.749031328324878 0.742605571260947 2.0228043646706 9.68732626481565 6.41281472158913 0.0378353456473504 6.90775527898214
0 1.49934264354514 0.328105352696629 0.702418338363439 0.745500389769311 2.93571885296605 9.83374932945205 6.86553144026833 0.0513948200321668 6.96975826076869
0.00421940928270042 1.52086577430341 0.363111344228427 0.741785018453433 0.530724953492006 2.43650811148677 9.77641603807487 6.74271796804043 0.0481372934812613 6.8790719554662
0 1.38535946047281 0.271288939092371 0.824983218021993 0.496691037694627 2.94588835829936 8.82871132806026 5.96100533962327 0.0568291438759173 5.79154069912259
0.00421940928270042 1.51944532674737 0.344744314055918 0.636208776270846 0.5240322680793 2.43561194780277 9.75453113690879 6.78979722801147 0.051574190852748 7.05637641329786
0.00421940928270042 1.47789747421315 0.384980813376479 0.683086653832289 0.640236451671484 2.32479085133805 8.9743954034599 5.81320369997869 0.0423752122908199 6.03992625011499
0 1.41695214025676 0.186748645594344 0.815540239319671 0.67639716854319 2.1850703144446 9.90580383340244 6.70153665513649 0.0405886349757889 7.19756439801041
0.00421940928270042 1.50454568849043 0.357248489959888 0.715665053119538 0.569119821069502 2.26784645396389 9.61425984175617 6.50023806674784 0.0444219405526313 6.75786218940752
0.00421940928270042 1.44054492408891 0.306004177306224 0.766313988518376 0.486934103748223 1.71900270325803 9.56846323269455 6.26030645997738 0.0365835434312076 6.62172701065592
0 1.44681407497264 0.162378696305677 0.719122614315711 0.5733386318665 2.33896904438734 9.88103060564843 6.9039145795962 0.0509395305074692 7.41938058291869
0 1.34067877298221 0.283918047323823 0.66703762387624 0.448896276438609 2.43031282350421 8.60580386356397 5.68064325263088 0.0536560734686149 5.53038648346775
0.00421940928270042 1.32420579574663 0.120892346821013 0.924803972631727 0.569348802225679 2.21901171322334 9.22815118395438 6.04789738914238 0.0415751022368402 6.23607963007119
0.00421940928270042 1.36088261325087 0.199772691942058 0.811093023101953 0.325672531106476 2.03063286846514 9.26037442557688 6.25137221571135 0.0493408860564355 6.16737189863823
0.00421940928270042 1.37371159785073 0.237084042635371 0.758344492397491 0.623773593312959 2.3777655955354 8.83431269952164 5.78873618053636 0.0475688797184124 5.71219146423758
0.00421940928270042 1.44793557675068 0.280075165845536 0.798058163018962 0.589120643803933 2.5906980934587 9.55873613790765 6.5424719605068 0.0489838720248448 6.60195772662884
0 1.47487863698043 0.272520078485832 0.772642235120293 0.353072721278295 1.4695782745257 9.72889008798784 6.34294267763984 0.0338455615160049 7.17411156471917
0.00421940928270042 1.34348348274041 0.165430605206232 0.923555401710883 0.566956236007059 2.1254822663876 9.18340853004412 5.93525902597752 0.0388460257745471 6.20997670038109
0 1.59771553788063 0.388925427806613 0.868440986996139 0.578658946622716 2.29397614660304 9.99626118468846 6.7071068054953 0.0372853653497952 7.4847431050018
0.00421940928270042 1.47791158971225 0.269833972440242 0.817757321629373 0.799225718358976 2.33971061522659 9.75132655863703 6.4671809937604 0.0374725893151695 6.99899658607908
0.00421940928270042 1.51181859998032 0.324542010645382 0.70682365585817 0.731101275561377 2.21325286943465 9.88610230103126 6.66355831847009 0.0398535424711571 7.15320811721618
0.00421940928270042 1.44357024556125 0.316509353466823 0.657805616859405 0.503936870706094 1.90805563376531 9.40960644505439 6.28785856016178 0.0440800541851471 6.32244554395491
0 1.47649821510837 0.271854229553123 0.768823381487963 0.822001926743504 2.18489394906833 9.82415389897985 6.50249015087664 0.036092732557615 7.12646233693039
0.00421940928270042 1.42522369866223 0.245609892285072 0.676211943944013 0.417880442162096 2.1650835854842 9.55050103607309 6.63437051123118 0.0541427866550271 6.68060370627039
0.00421940928270042 1.47791158971225 0.269833972440242 0.817757321629373 0.799225718358976 2.33971061522659 9.75132655863703 6.4671809937604 0.0374725893151695 6.99899658607908
0 1.56767383110169 0.365057489241783 0.767229286043665 0.448433616425796 2.02940550234003 9.88386630878896 6.63493992496944 0.0388158588032131 7.41507476341884
0 1.60445953857019 0.326748717298279 0.830421021448482 0.691553246029342 2.86202472342285 10.0059809619702 6.91469779054871 0.0454436050412331 7.65387434430819
0.00421940928270042 1.42313030655983 0.387325927564037 0.709731761384113 0.596150209135221 2.18003167832905 9.01951795747306 5.80814248998044 0.0403011422204231 5.93617051997919
0.00421940928270042 1.32277280542008 0.170036123053839 0.889416988238609 0.782701714920354 2.46327804518549 9.04700934811314 5.80613848129373 0.0391298034090418 5.98124584691365
0 1.47165283925252 0.245678119358577 0.630879804566294 0.846277445715335 2.86098956825514 9.83103513227671 6.86310652731326 0.0514096898933101 7.07881926196416
0 1.31088911821134 0.108506618067622 0.748550281487405 0.652616763487458 1.44097577221692 9.33909160783396 5.87473006866615 0.0312929783907007 6.37981982764969
0.00421940928270042 1.39435027594205 0.292977538118981 0.799967600006684 0.720209746629085 2.71595288463857 8.98718015385642 5.9104352417959 0.0461091018183636 5.91943134420815
0 1.31678685298147 0.206812319639077 0.697424996207303 0.516869040931514 1.93495372286791 8.70880479511728 5.58697118892011 0.0440762757473458 5.57693066390661
0 1.51868922281534 0.261061454206329 0.691849136995084 0.893536438816296 2.75000697481179 9.92408432013273 6.8382573538687 0.0456922323373925 7.39442952297519
0.00421940928270042 1.47589976006106 0.324160419216459 0.709212771086125 0.471851174115774 1.71365837292924 9.75038104958862 6.49011636994226 0.0383782387344777 6.84481547920826
0.00421940928270042 1.54650051776365 0.366360156674728 0.632053331180696 0.715686633510802 2.76254378134895 9.79309216091367 6.79719608841507 0.0499918107234854 7.01831226954678
0 1.49964507941925 0.167494421182607 0.718907927603774 0.84387252615166 2.23729074543935 9.95171803630418 6.74022380766082 0.0402963562945934 7.7352304098303
0 1.51397021886112 0.251643998137658 0.828380043454419 0.461588587920297 2.07336474682907 10.0264335335197 6.86066367144829 0.0421816552541364 7.53938160289383
0.00421940928270042 1.40211375489338 0.254357506681637 0.805002033770609 0.311666396873657 2.44026086962011 9.27447881309241 6.36675677557878 0.0545999649859944 6.31427242153514
0 1.52750038125118 0.292986173581717 0.701442188654881 0.647760809540172 2.13471788397517 9.99116870517596 6.81494530439165 0.041743004409268 7.49704082000799
0 1.47090944442423 0.372008562481895 0.92853029168472 0.783757434238823 2.60447369770302 9.20671045847105 5.84855599267086 0.0347994232435525 6.19841096351962
0 1.46235273120662 0.193882550152136 0.842870660705109 0.635442354924536 2.70032120332006 9.93403348039845 6.93784959231486 0.049977424371645 7.28088716499018
0 1.44000844096358 0.13883412906889 0.745514953063343 0.668558845221856 2.4669558644258 9.9725070903342 6.96979066990159 0.0496520092797525 7.56730874225393
0.00421940928270042 1.3109759603965 0.104129884842858 0.833751705110939 0.465000593768734 2.27423631946245 9.10827893511744 6.12265523946683 0.0505079921083826 6.08854084317811
0.00421940928270042 1.44238287589398 0.289174102377242 0.60326507307259 0.623844871642406 1.65286760385772 9.50728441960683 6.22699769606812 0.0376174694467976 6.54271208537289
0 1.46825858671725 0.264193484667205 0.903704730872296 0.649752753328293 1.88821122617764 9.74589763196136 6.30493619124606 0.0320338718489035 7.04047801139578
0 1.31088911821134 0.108506618067622 0.748550281487405 0.652616763487458 1.44097577221692 9.33909160783396 5.87473006866615 0.0312929783907007 6.37981982764969
0 1.400058245612 0.315780439556953 0.760497087116404 0.801418658026452 2.11365684917672 8.94908755858357 5.57725441595403 0.0343266539796261 5.87792894384321
0 1.46190981033072 0.294369197096882 0.696376768411492 0.309755976665462 1.3792964440218 9.79379544685071 6.48019792439916 0.0363850420149312 6.95610089991242
0.00421940928270042 1.53064440362889 0.386958234423258 0.67533854472392 0.640473103889205 2.6302464558963 9.5448920462859 6.53293642982898 0.0491953773373048 6.66774616228996
0.00421940928270042 1.39604552824612 0.285942737458984 0.893456574505239 0.657806710103767 2.77112857450179 8.71851095021502 5.59073819334699 0.0438152759304886 5.67137406056913
0.00421940928270042 1.45450589690358 0.178088838413842 0.682233908063366 0.881765876390812 2.58141776443784 9.84223741184769 6.75749357898449 0.0457417499326357 7.2291138777933
0.00421940928270042 1.44618684622082 0.352086823903772 0.715145596621014 0.734927831022469 2.63182866296592 9.20499946804 6.10798752997192 0.0451840135119738 6.17260485094173
0 1.31678685298147 0.206812319639077 0.697424996207303 0.516869040931514 1.93495372286791 8.70880479511728 5.58697118892011 0.0440762757473458 5.57693066390661
0 1.47270315451396 0.126767010807555 0.820064804156488 0.862698201836152 2.43109747010832 9.99968673100341 6.8048362249743 0.0409726500824267 7.67903565294542
0 1.49585247026603 0.204512754684136 0.757125766763954 0.327388020901349 2.04522758739324 9.91591177538551 6.89102998081343 0.0485635614073028 7.52760847961421
0 1.31678685298147 0.206812319639077 0.697424996207303 0.516869040931514 1.93495372286791 8.70880479511728 5.58697118892011 0.0440762757473458 5.57693066390661
0 1.4873601449354 0.369102266470761 0.793366479815963 0.3674519257947 1.45274708575899 9.5668002927991 6.10071925625663 0.0312392164315328 6.66139793180318
0 1.37253867160204 0.115426672646456 0.899724471065554 0.741914613678958 1.90105955995106 9.74954834459999 6.33719185270289 0.0329634307226977 6.96771436497711
0 1.34067877298221 0.283918047323823 0.66703762387624 0.448896276438609 2.43031282350421 8.60580386356397 5.68064325263088 0.0536560734686149 5.53038648346775
0 1.47270315451396 0.126767010807555 0.820064804156488 0.862698201836152 2.43109747010832 9.99968673100341 6.8048362249743 0.0409726500824267 7.67903565294542
0.00421940928270042 1.36752085423428 0.239487882721368 0.607069620949996 0.703886335243384 2.12123157452157 9.17632704235322 6.06330393812406 0.0444663256059536 6.11535913731037
0 1.46875892830459 0.235999307801844 0.785719307627268 0.439303074696042 2.37508538819026 9.76760032588799 6.82472298790648 0.0527138347990271 7.03702761468628
0.00421940928270042 1.44081485939271 0.329133976371563 0.795627903918032 0.703407498378165 2.49214337116119 9.26616322001554 6.08489207809769 0.0415328274346239 6.23265123416342
0.00421940928270042 1.31756369802169 0.165930112171918 0.631840676162392 0.588344991859049 1.78464712481946 9.01129304948884 5.90858603220782 0.0449274183343276 5.8459034144796
0.00421940928270042 1.31548781059157 0.115268595284248 0.841681342904831 0.575771126768703 2.03338105133351 8.93571929877926 5.77019424017545 0.0421919827336615 5.87286868119457
0.00421940928270042 1.42809294173325 0.305752076991422 0.896246211114563 0.55398688046397 2.82817587760152 9.38823547981722 6.33991828938764 0.0474386875366201 6.50924805144139
0.00421940928270042 1.46124500272861 0.222430934068593 0.856392001826578 0.510325501500927 2.46358133155487 9.80897721943579 6.78506019896473 0.0486104368820882 7.04295611065085
0 1.42123784478443 0.136549114904649 0.673486714817018 0.768388442496973 2.33228221048589 9.90793626302286 6.85500902393215 0.0472204962014192 7.32312519511376
0 1.32354671179783 0.122034440864809 0.641650915285572 0.45101934154518 1.21537537686527 9.71514514814044 6.36528477057095 0.0350892530056283 6.77086850967754
0 1.29047586487101 0.134823968975488 0.740406829384206 0.448945273931605 2.21944867890035 8.86153911098556 5.95305091558409 0.054558148813086 5.76251714897397
0.00421940928270042 1.43767341857417 0.306810024945351 0.663185762182033 0.554324674648 2.09926208609003 9.37969313890371 6.28361936054463 0.0452264232233724 6.41909595067341
0 1.46825858671725 0.264193484667205 0.903704730872296 0.649752753328293 1.88821122617764 9.74589763196136 6.30493619124606 0.0320338718489035 7.04047801139578
0.00421940928270042 1.47504847063683 0.331065557524562 0.931635080080014 0.705828430037946 2.87232748325914 9.14495882892881 5.96751332628547 0.0416920213655596 6.1782207009698
0 1.38167806003836 0.145410002368459 0.837669721055542 0.603547978115738 1.74604302534163 9.73246407426949 6.38898148536697 0.0353137600138992 7.0256652907037
0 1.42291484221601 0.274650304787123 0.838269068340973 0.715473171494354 1.85939488976555 9.36918445403741 5.90348091079354 0.0312510112524822 6.2804604113297
0 1.49585247026603 0.204512754684136 0.757125766763954 0.327388020901349 2.04522758739324 9.91591177538551 6.89102998081343 0.0485635614073028 7.52760847961421
0 1.46190981033072 0.294369197096882 0.696376768411492 0.309755976665462 1.3792964440218 9.79379544685071 6.48019792439916 0.0363850420149312 6.95610089991242
0 1.41549987402776 0.126560296990705 0.698906117974935 0.643125343720117 2.45849924645716 9.78716532438073 6.8936901606573 0.0553834113754954 7.16665200000216
0 1.48942715963349 0.212483119405806 0.942150674562436 0.711980682145804 2.52462936844677 9.8343732451047 6.616020561201 0.0400209311130637 7.28630586343831
0 1.39683369107739 0.289857290857047 0.869981147697205 0.4957777679017 2.01089106582773 8.93996013671706 5.65536724019184 0.0374558303886926 5.88352133407732
0 1.42558935766822 0.311773010363359 0.69726792086892 0.499801563187299 2.74857788119378 9.2665442563237 6.4394568617024 0.0591849853786427 6.17773662364629
0 1.2849362729752 0.166805310897639 0.715147079722336 0.400536486099893 2.00196250229799 8.63063028921374 5.62774957409289 0.0496438523884528 5.50038319225935
0.00421940928270042 1.54244794470577 0.39014466800397 0.825375361904791 0.471674340084472 2.03008503252228 9.78579459902912 6.51573388064726 0.03800411945648 6.9478376897329
0 1.47144133653492 0.16935522002168 0.821914609032683 0.612014939356595 2.40768283838406 10.0020307450324 6.94919501369611 0.0472248174407014 7.6226639513236
0.00421940928270042 1.3029827225022 0.126871293107979 0.633456262061372 0.714006527932361 1.8831465151161 8.95248935574042 5.77733199862433 0.0417875280026418 5.85061580748603
0 1.35183566472899 0.207639670895406 0.911206872225195 0.68471018449856 2.12767391833904 9.03672562822335 5.68252361515461 0.0349372384937238 5.992928991527
0 1.46825858671725 0.264193484667205 0.903704730872296 0.649752753328293 1.88821122617764 9.74589763196136 6.30493619124606 0.0320338718489035 7.04047801139578
0 1.53577467579666 0.300774117137314 0.663278346784005 0.817385077250155 2.74648067547755 9.91305827339274 6.85361583288149 0.046913845188768 7.47221645191404
0.00421940928270042 1.39698439936095 0.273842821029257 0.857504298069675 0.474822176127403 2.47598702301141 9.09754230448733 6.0587202784564 0.0478912709502598 6.02628234556802
0 1.62396192722954 0.38382742300164 0.803831514844205 0.658861209126189 2.96899358509108 9.94892925973266 6.903512959724 0.0475765017662217 7.47157175546788
0.00421940928270042 1.50762049928402 0.348749515534635 0.675096462170771 0.389809435830495 1.98182833034414 9.70409307939276 6.65010654556819 0.0471705022622962 6.83676040482451
0 1.2653725125172 0.13492562215108 0.618645927611493 0.671909609286402 1.69651161243437 8.74753448045857 5.49671274817305 0.0387423589007407 5.58474865709816
0.00421940928270042 1.47504847063683 0.331065557524562 0.931635080080014 0.705828430037946 2.87232748325914 9.14495882892881 5.96751332628547 0.0416920213655596 6.1782207009698
0.00421940928270042 1.40720967416413 0.29221623800255 0.616553303548489 0.377484830372794 1.87867039428234 9.38309620785313 6.37977180327835 0.0496218308204255 6.29806142892712
0 1.46078460626125 0.200717955352945 0.893977891514782 0.667629431815589 2.05014351296859 9.89830091084882 6.55910924142922 0.0354656140785456 7.36404928794958
0.00421940928270042 1.35898941457997 0.191825442840474 0.676841689188095 0.536718326495318 2.2217979473131 9.256252836318 6.35981247521133 0.055219431864965 6.14366751857429
0 1.42304670354351 0.241628065914847 0.678802940319292 0.733720474736765 1.70314986072481 9.5990240773929 6.23312524805413 0.034530964720954 6.64522548357378
0 1.51483772861391 0.346540888066544 0.937540832086738 0.394319213202789 1.7475453944018 9.62529821222993 6.17270793668159 0.0316635128396057 6.93794996872649
0 1.38254854038805 0.114571495647857 0.808073931784392 0.571930355005237 1.87134193486567 9.8625465033101 6.64754939781437 0.0401554500535778 7.25228172787405
0.00421940928270042 1.48364671831493 0.333428379671508 0.715746217463922 0.700083072746511 2.62438072401115 9.5669793152669 6.5366915975913 0.0483017388625991 6.55720440175136
0.00421940928270042 1.31548781059157 0.115268595284248 0.841681342904831 0.575771126768703 2.03338105133351 8.93571929877926 5.77019424017545 0.0421919827336615 5.87286868119457
0.00421940928270042 1.36832555044498 0.258134414903766 0.660623352740097 0.401971134911137 1.50624345824255 9.07737643736452 5.81393150704582 0.0382563801880076 5.9340119723599
0.00421940928270042 1.43496981638721 0.216910258309264 0.942864955334705 0.576474578565984 2.90541776859664 9.41407545830204 6.38119540749591 0.0481766868229869 6.53214019284286
0 1.46875892830459 0.235999307801844 0.785719307627268 0.439303074696042 2.37508538819026 9.76760032588799 6.82472298790648 0.0527138347990271 7.03702761468628
0 1.29803941136365 0.159481670359466 0.882397955522453 0.626482765337744 2.58129393590642 8.50730157312517 5.45042514474549 0.0470343812670427 5.40492710160629
0.00421940928270042 1.4494117509034 0.341818497042969 0.754137271868235 0.476632081631061 1.97353863954196 9.13826269811403 5.94632289144321 0.041092082880893 6.10178687054378
0 1.45068872077519 0.262115317410364 0.886743863311237 0.57500392768172 1.96864469328913 9.753398154757 6.42855083103226 0.0359780113228866 7.00588280295709
0.00421940928270042 1.41721032499498 0.278898636542742 0.919308243539176 0.512983379692487 2.25759485124075 9.34929329152844 6.1195645497353 0.0395682305400599 6.49006575625125
0.00421940928270042 1.35267819785799 0.144569448852416 0.84957249721769 0.831984434987414 2.99132179756722 9.38669300068437 6.34817397321082 0.0479057841348947 6.3546098920907
0.00421940928270042 1.46575968083639 0.256416110869688 0.90096734292251 0.550158683679731 2.23585795950223 9.75885091478257 6.55824508301842 0.0407375164194283 7.04062395205656
0.00421940928270042 1.37242087725085 0.194309002084887 0.623853686998195 0.73049781571019 2.32684466844986 9.31999202466482 6.29717508993626 0.0486639419553271 6.36117910455452
0.00421940928270042 1.53574567687724 0.357891287165697 0.613713594508773 0.695084714849722 2.08527733556775 9.87145150111164 6.65221765985692 0.0399856819077481 7.12846921450213
0.00421940928270042 1.47626251870884 0.30910562030316 0.754412391316361 0.585592821012293 2.61428418401984 9.60162961352686 6.62845180097495 0.0511405367972635 6.6832746272509
0 1.47863808658695 0.326201623400343 0.774080246030083 0.844241346266779 2.19995998936375 9.65827246569216 6.2830398929947 0.0342101610369466 6.79427761706143
0.00421940928270042 1.37371159785073 0.237084042635371 0.758344492397491 0.623773593312959 2.3777655955354 8.83431269952164 5.78873618053636 0.0475688797184124 5.71219146423758
0 1.42304670354351 0.241628065914847 0.678802940319292 0.733720474736765 1.70314986072481 9.5990240773929 6.23312524805413 0.034530964720954 6.64522548357378
0 1.42291484221601 0.274650304787123 0.838269068340973 0.715473171494354 1.85939488976555 9.36918445403741 5.90348091079354 0.0312510112524822 6.2804604113297
0.00421940928270042 1.44357417364935 0.302215039205327 0.653571427638004 0.481157337436673 2.04926802587231 9.61939015855158 6.5844230004125 0.0480762417629136 6.64465741216089
0.00421940928270042 1.36565533605508 0.207671733174214 0.815376568243642 0.576250546926332 2.41615582465711 9.47369883702267 6.43493389047543 0.0478940046372971 6.41616867994992
0 1.47487863698043 0.272520078485832 0.772642235120293 0.353072721278295 1.4695782745257 9.72889008798784 6.34294267763984 0.0338455615160049 7.17411156471917
0.00421940928270042 1.47309668157673 0.291071104995639 0.79290750915775 0.405992023127032 2.09662380846351 9.80076799093161 6.71788530443085 0.045826961294946 6.9530791249458
0.00421940928270042 1.40046215378618 0.291199556691006 0.782239717182573 0.712340621527829 2.46875303615709 9.02825878638684 5.85783791185279 0.0419859233783892 5.95090293535186
0 1.53388847770005 0.340150517229402 0.885835000088191 0.434173335031221 2.66692707285926 9.90426391775331 6.88082934104288 0.048633894342061 7.16886234324812
0 1.46235273120662 0.193882550152136 0.842870660705109 0.635442354924536 2.70032120332006 9.93403348039845 6.93784959231486 0.049977424371645 7.28088716499018
0.00421940928270042 1.37276267689105 0.212154325077977 0.672042815934087 0.370206635888967 1.62545564982352 9.70545246809946 6.59636582272839 0.0446417104383847 6.72614775292184
0.00421940928270042 1.44792125225639 0.266341593143352 0.680981670119919 0.506279160833559 1.91759187706279 9.68199472136678 6.54941227794271 0.0436050441666164 6.92977766301663
0 1.47487863698043 0.272520078485832 0.772642235120293 0.353072721278295 1.4695782745257 9.72889008798784 6.34294267763984 0.0338455615160049 7.17411156471917
0 1.56027326433493 0.358349243725539 0.63532781132755 0.708536494442367 2.07880115905234 9.88362322333642 6.64907090208217 0.0393778296120871 7.21648919813053
0.00421940928270042 1.40859354750719 0.129391701635905 0.876155178202316 0.337624155683443 1.93025157507509 9.85293808307561 6.73672149899228 0.044324549790537 7.29205545296506
0.00421940928270042 1.36968898757044 0.248833738670715 0.601837727785697 0.564985776363697 2.26524900978981 9.35667199103698 6.42826681052519 0.0534822647246843 6.28940630849738
0 1.37024586362168 0.23101489227912 0.700865500553454 0.476377329011693 1.23746827549473 9.45874439629773 6.00808491959338 0.0317247077721345 6.34952741632156
0.00421940928270042 1.37069883278988 0.20738242078477 0.875324166422402 0.842504396059395 2.5855594489677 9.16005926932393 5.8996138934776 0.0383713045590854 6.08669635393527
0 1.47649821510837 0.271854229553123 0.768823381487963 0.822001926743504 2.18489394906833 9.82415389897985 6.50249015087664 0.036092732557615 7.12646233693039
0 1.56976936920956 0.373882143694374 0.610440712143469 0.617591266091711 2.03113262213622 9.99703557459145 6.80246883465504 0.0409842783810284 7.38454830800392
0.00421940928270042 1.45217958335674 0.254197307611662 0.717281259078798 0.506870471539246 2.02249130286702 9.8375264107581 6.74908289739951 0.0455728327350882 7.04083829523893
0.00421940928270042 1.4570867552611 0.275231877174714 0.844901377547939 0.731261740150947 2.14548615431872 9.63459790606614 6.29856884997061 0.0355779556550224 6.74774840461194
0 1.47270315451396 0.126767010807555 0.820064804156488 0.862698201836152 2.43109747010832 9.99968673100341 6.8048362249743 0.0409726500824267 7.67903565294542
0 1.62396192722954 0.38382742300164 0.803831514844205 0.658861209126189 2.96899358509108 9.94892925973266 6.903512959724 0.0475765017662217 7.47157175546788
0 1.31627713257061 0.140674047018322 0.879962913243657 0.729547817992195 2.01093854425937 9.09189863728236 5.74551833718614 0.0352115790531712 6.04922793664338
0 1.43093430537135 0.26231308851847 0.723807970687499 0.469631773746771 1.40278184505677 9.82840294978781 6.41427829355076 0.0329051974581341 7.02784675923996
0 1.47144133653492 0.16935522002168 0.821914609032683 0.612014939356595 2.40768283838406 10.0020307450324 6.94919501369611 0.0472248174407014 7.6226639513236
0.00421940928270042 1.4497204023193 0.34551750001698 0.796732739598633 0.871716493845209 2.58566058385261 9.11243095501084 5.81670056665011 0.0370409808634275 6.08174643221977
0.00421940928270042 1.48059906575696 0.354452708517711 0.816705792760488 0.472273695134612 2.38767730167057 9.47773554989333 6.38923344858168 0.0455701627943169 6.55307833770608
0 1.31678685298147 0.206812319639077 0.697424996207303 0.516869040931514 1.93495372286791 8.70880479511728 5.58697118892011 0.0440762757473458 5.57693066390661
0.00421940928270042 1.36832555044498 0.258134414903766 0.660623352740097 0.401971134911137 1.50624345824255 9.07737643736452 5.81393150704582 0.0382563801880076 5.9340119723599
0.00421940928270042 1.37435643588708 0.230236548495625 0.718631857937862 0.597812313960528 1.83485507555747 9.38234451905751 6.16360514300743 0.0400054583251071 6.35280960355838
0 1.47563163005552 0.236360230458958 0.802472920327159 0.366480856305374 1.83562832853516 9.89222784758534 6.6822382234789 0.0403570320101272 7.43732820665213
0.00421940928270042 1.39622398452154 0.130019769757979 0.850608488443227 0.329870269054244 1.92805649512395 9.68310684771085 6.58782545898024 0.0452622743742313 7.0833878476253
0 1.46489291255255 0.284868620506105 0.613983228833535 0.577970933824261 2.48691313302589 9.77042652546286 6.89473758190083 0.0563772853533671 6.88700820583735
0 1.44345484108538 0.230066558828296 0.895735071967495 0.894039464423566 2.48593019052137 9.68251871814329 6.33416733347983 0.0351422424097538 6.82227000962492
0 1.35183566472899 0.207639670895406 0.911206872225195 0.68471018449856 2.12767391833904 9.03672562822335 5.68252361515461 0.0349372384937238 5.992928991527
0 1.43345693359232 0.121696905365107 0.92329101912287 0.615222447076972 2.75116889772763 9.91899428548795 6.91896804240313 0.0497857618187497 7.40156803562226
0.00421940928270042 1.36832555044498 0.258134414903766 0.660623352740097 0.401971134911137 1.50624345824255 9.07737643736452 5.81393150704582 0.0382563801880076 5.9340119723599
0 1.37745074951814 0.193560320414833 0.776889102811764 0.643382438192854 1.55096391248104 9.60387989016701 6.16067975639664 0.0319622380554237 6.53332153607381
0.00421940928270042 1.37835191491251 0.270416759484244 0.603035909506485 0.72612495047643 2.04934718625787 9.19870629107782 6.04033407320754 0.0424948571813982 6.04650497886579
0 1.55075138338921 0.302958162340324 0.724041026585664 0.382893073654793 2.08098956818764 9.96886322316626 6.87122959763269 0.0451559319070279 7.56223092889381
0.00421940928270042 1.3546376125968 0.183401011682177 0.739995560649959 0.743070662718282 2.09624112334994 9.25490051376694 6.03171494972928 0.0398279813771737 6.25472127035849
0.00421940928270042 1.51130403049124 0.341878775401415 0.861912998611633 0.434787779869952 2.5902354054206 9.64946700295542 6.61708022628299 0.0482004569985685 6.81476998075196
0 1.36929066639859 0.175970569625497 0.861966681096237 0.828955197986216 2.16432282887399 9.41982178913374 6.04500531403601 0.0342243987647774 6.42324696353352
0 1.52570143124363 0.327803821686274 0.6620193835764 0.691930546370146 2.10294133939592 9.91834660794283 6.70241071503064 0.0401177703117662 7.28379157639949
0.00421940928270042 1.52862506392412 0.371470586583018 0.655442866054364 0.626240684185177 2.57043245341629 9.82142753368018 6.8193975415104 0.0496861035225155 6.96205405238952
0 1.41695214025676 0.186748645594344 0.815540239319671 0.67639716854319 2.1850703144446 9.90580383340244 6.70153665513649 0.0405886349757889 7.19756439801041
0 1.29803941136365 0.159481670359466 0.882397955522453 0.626482765337744 2.58129393590642 8.50730157312517 5.45042514474549 0.0470343812670427 5.40492710160629
0.00421940928270042 1.43614825555455 0.244890319529635 0.791567533361342 0.75420761497548 2.09153611667726 9.57553888685579 6.27456718441716 0.0368473453445404 6.7937367005812
0.00421940928270042 1.32273916944396 0.1558634680463 0.887868428183719 0.805869431002066 2.80819584196433 8.74227771496737 5.63031532277433 0.0445135165963271 5.7249846823068
0.00421940928270042 1.42016738041505 0.299366849028177 0.794609721054516 0.623448466888749 2.3464213870976 9.39800319433589 6.25376470695671 0.0430997325434893 6.40775968702774
0.00421940928270042 1.42456885565828 0.339214233460418 0.705752175597577 0.523736164450467 2.55751674071599 9.21021277762947 6.24583942154199 0.0515927894248576 6.10271286798629
0.00421940928270042 1.43768596513176 0.226792710427263 0.688937820779051 0.4620751338619 1.92272397473319 9.82274737946792 6.76087808312138 0.0468001300907021 7.06093405809544
0.00421940928270042 1.37211748255322 0.25256038758478 0.885568472229532 0.47676052771587 2.05852599694383 9.05804352828792 5.8431149098842 0.0401582002777562 6.00598819609403
0 1.37579991084058 0.168049071123824 0.607857511669863 0.595681338105351 2.386676593218 9.50623116054035 6.6776710299886 0.0590978856773048 6.49001513999836
0 1.44265734316908 0.116766302279288 0.782926571607145 0.851684433660649 2.25496033889876 9.95879295431287 6.74000701403764 0.0400035955453086 7.64848554628024
0 1.32354671179783 0.122034440864809 0.641650915285572 0.45101934154518 1.21537537686527 9.71514514814044 6.36528477057095 0.0350892530056283 6.77086850967754
0 1.34783987279516 0.323453162098303 0.758618195750751 0.300497966911644 2.15566889289767 8.46864024048883 5.40190044142453 0.0465727441213947 5.42038240905302
0.00421940928270042 1.54974778834601 0.377523657586279 0.946916153106951 0.454149898481145 2.78362750148921 9.73653528087166 6.63037551063719 0.0447725625512069 6.99549139328622
0.00421940928270042 1.50813399391898 0.361414837592149 0.713043552359898 0.573280883203736 1.84469235880377 9.71747920788418 6.41072297734848 0.0366348161233339 6.82982977289918
0 1.43093430537135 0.26231308851847 0.723807970687499 0.469631773746771 1.40278184505677 9.82840294978781 6.41427829355076 0.0329051974581341 7.02784675923996
0.00421940928270042 1.45213225298115 0.236437213682992 0.781281008165427 0.722533951294615 2.2732778124039 9.68855602341178 6.50528567985377 0.041449877881965 6.89362254740508
0.00421940928270042 1.48499297536178 0.325512682844402 0.851253974027735 0.502804938842464 2.41212216606723 9.5855295318662 6.47584352085899 0.0446149617481332 6.71105078182073
0 1.47270315451396 0.126767010807555 0.820064804156488 0.862698201836152 2.43109747010832 9.99968673100341 6.8048362249743 0.0409726500824267 7.67903565294542
0.00421940928270042 1.39299000331666 0.232379440637305 0.788071990967728 0.833351159887388 2.22668181313202 9.45160030760067 6.13363903588852 0.0362266127389647 6.45961460770439
0.00421940928270042 1.39757220542605 0.200263472225929 0.809066732195685 0.831639116538251 2.70929704121933 9.55650196797668 6.43049781799059 0.043892836495891 6.54281970883988
0.00421940928270042 1.44578455005094 0.216935380758699 0.772069461190354 0.328798621633048 1.9719668050357 9.83327608171566 6.8183410173762 0.0490490204141472 7.07326971745971
0.00421940928270042 1.40011711075191 0.266554426584228 0.727388589664082 0.690509449744335 2.93382860334211 9.1701084810883 6.26953810528065 0.0549918450914391 6.09604976229806
0.00421940928270042 1.29936694269142 0.110033354010066 0.688745868298481 0.491689856590437 1.78543421472818 9.25299611272708 6.19527964440238 0.0469948870986509 6.12249280951439
0 1.34783987279516 0.323453162098303 0.758618195750751 0.300497966911644 2.15566889289767 8.46864024048883 5.40190044142453 0.0465727441213947 5.42038240905302
0.00421940928270042 1.5028607972849 0.331888165023489 0.944369945113055 0.32967787943573 2.15894457692508 9.59179735540089 6.36927293176416 0.0398543219712058 6.7665372770666
0 1.32556423937243 0.238383545329232 0.781248141190082 0.432703090641787 1.7662897927115 8.70896379221286 5.47661850660758 0.0394648338612433 5.60157199926662
0 1.42282580490336 0.387111300304234 0.77909168052303 0.303406671208423 2.22714496146014 8.57318277429118 5.46749739491882 0.0447938072845094 5.52412403528173
0.00421940928270042 1.37240081313143 0.234021749369961 0.717736340757011 0.628243991789323 2.04955247587753 9.14200984266857 5.97503725144821 0.0421309526446763 6.0793806870899
0 1.6408425656359 0.339049038268151 0.736114377080352 0.670010661449803 2.74553553904252 9.99677902946353 6.92749254466517 0.046454288876507 7.71758859752982
0.00421940928270042 1.39622398452154 0.130019769757979 0.850608488443227 0.329870269054244 1.92805649512395 9.68310684771085 6.58782545898024 0.0452622743742313 7.0833878476253
0.00421940928270042 1.43119033388846 0.222831041552903 0.722516829673046 0.766701687670038 2.53573717558163 9.64255932543875 6.56385552653213 0.0460188677133809 6.92420543704406
0 1.52024455758905 0.243075232414413 0.782300543697605 0.564459255103687 2.52147843520996 9.95565635641052 6.92776796824737 0.0484177697927083 7.62903861368373
0.00421940928270042 1.51181859998032 0.324542010645382 0.70682365585817 0.731101275561377 2.21325286943465 9.88610230103126 6.66355831847009 0.0398535424711571 7.15320811721618
0.00421940928270042 1.33145047217043 0.216892766734592 0.716079053600329 0.453128550887144 1.82423678569588 9.13852208418571 6.0181064780544 0.044138820242828 6.00166237208443
0 1.43093430537135 0.26231308851847 0.723807970687499 0.469631773746771 1.40278184505677 9.82840294978781 6.41427829355076 0.0329051974581341 7.02784675923996
0.00421940928270042 1.4621225415025 0.349402008899132 0.690909665012818 0.347272963924497 1.961805280567 9.45061107927814 6.41028452507795 0.0478192713603406 6.41863678587672
0 1.40191068545096 0.201560355226019 0.941142174460877 0.364992254932856 2.96019693570174 9.38850387072875 6.54132850665481 0.0580079409965489 6.36290919040637
0 1.44887811512007 0.316918822498808 0.83592129628135 0.496544156172588 1.61504351604732 9.49143076697857 6.0510690409276 0.0320530887933725 6.5346121423361
0 1.31678685298147 0.206812319639077 0.697424996207303 0.516869040931514 1.93495372286791 8.70880479511728 5.58697118892011 0.0440762757473458 5.57693066390661
0 1.39519878105551 0.326868847571836 0.647619471798574 0.67164427205332 2.80914146731475 8.83207943809597 5.89411781217371 0.0529735987718018 5.74211862339975
0.00421940928270042 1.39632533948696 0.184084611607786 0.861803832439542 0.691790896713309 2.22356394326344 9.51760445915569 6.29295706483317 0.0397698021622417 6.70182873220757
0.00421940928270042 1.44649102305828 0.250941709435325 0.735472587161982 0.454463876631521 1.62948175805743 9.65397388286814 6.40228565656923 0.0387088034186003 6.75481990974842
0 1.32354671179783 0.122034440864809 0.641650915285572 0.45101934154518 1.21537537686527 9.71514514814044 6.36528477057095 0.0350892530056283 6.77086850967754
0 1.37579991084058 0.168049071123824 0.607857511669863 0.595681338105351 2.386676593218 9.50623116054035 6.6776710299886 0.0590978856773048 6.49001513999836
0.00421940928270042 1.29302152552239 0.145622211041982 0.6473796661812 0.646811043568257 1.61527381343919 9.0502849370226 5.78615667978266 0.0382302475031161 5.8925011507023
0 1.3971431735903 0.157232662755996 0.711814544000663 0.459032550081611 2.23066150629893 9.73598958149119 6.8406534754414 0.0552804418809499 6.93799346204275
0.00421940928270042 1.46427415963461 0.283577780360866 0.603977212799918 0.899915234516319 2.66040020142173 9.68985900631147 6.59199375395575 0.0451454737932557 6.76741983885524
0.00421940928270042 1.3268546718033 0.116833062819566 0.600428834100761 0.822040938656311 2.07448387362174 9.52820651791294 6.36996683945837 0.0425004897982031 6.65117425927037
0 1.46190981033072 0.294369197096882 0.696376768411492 0.309755976665462 1.3792964440218 9.79379544685071 6.48019792439916 0.0363850420149312 6.95610089991242
0.00421940928270042 1.38379612258912 0.107066603566132 0.721444198483121 0.702847508445535 2.48808439776323 9.65620366067023 6.68775333935819 0.0513828756129494 6.98981187254487
0 1.36929066639859 0.175970569625497 0.861966681096237 0.828955197986216 2.16432282887399 9.41982178913374 6.04500531403601 0.0342243987647774 6.42324696353352
0 1.41726094049654 0.241201613418622 0.913652712369086 0.411664107240306 1.7425896663794 9.36750915284959 5.99927876402035 0.0344505475076321 6.53729111799295
0.00421940928270042 1.31129394788419 0.133380628630009 0.679820823835667 0.771657526149575 2.03024019019444 9.16947745399953 5.95036349579786 0.039990475800721 6.00476851273435
0.00421940928270042 1.45386356784 0.282990530464111 0.7145957249684 0.821838474315565 2.60670315438441 9.57089644126149 6.43860461918784 0.0436177185650733 6.6057488792422
0.00421940928270042 1.40406295240198 0.241878055191096 0.744837589420363 0.40279888063299 1.85782969678931 9.58076177818694 6.45995841655006 0.0441217084900719 6.63978567875976
0 1.42558935766822 0.311773010363359 0.69726792086892 0.499801563187299 2.74857788119378 9.2665442563237 6.4394568617024 0.0591849853786427 6.17773662364629
0.00421940928270042 1.4864094627129 0.295883996310464 0.76245334150495 0.556306236303171 1.89349801713544 9.82522400833864 6.56390416111619 0.0383377646185801 7.094663999783
0.00421940928270042 1.44381143453822 0.287550649486874 0.837483743977269 0.689768227074884 2.7674677222382 9.46159961354915 6.38316873996611 0.0460314291418304 6.56324415021097
0.00421940928270042 1.55251312851981 0.347019730062226 0.716712876150107 0.661422541349507 2.4795985226312 9.90351588546808 6.80564872271076 0.0451453875473528 7.2719816390737
0 1.57758230692576 0.347366254673368 0.882789797637052 0.705123307407572 2.64114391068859 9.8666610376681 6.64941623576427 0.0400652941522308 7.31497440345936
0 1.62396192722954 0.38382742300164 0.803831514844205 0.658861209126189 2.96899358509108 9.94892925973266 6.903512959724 0.0475765017662217 7.47157175546788
0 1.46825858671725 0.264193484667205 0.903704730872296 0.649752753328293 1.88821122617764 9.74589763196136 6.30493619124606 0.0320338718489035 7.04047801139578
0.00421940928270042 1.38890428473893 0.132594561506647 0.910142603480977 0.588814476861683 2.68700953431597 9.45783826729228 6.45556537236774 0.0496740360967612 6.57711931149462
0.00421940928270042 1.36994916708998 0.238477714471356 0.671007278237879 0.822589505526565 2.52747027941903 9.24412525017911 6.1533927849404 0.0454686380077676 6.12874966155727
0.00421940928270042 1.3686121974952 0.163262181483795 0.741563400330901 0.446902197026505 1.74163211301429 9.5731954895841 6.43288465268373 0.0432693461019925 6.64253175832098
0 1.44000844096358 0.13883412906889 0.745514953063343 0.668558845221856 2.4669558644258 9.9725070903342 6.96979066990159 0.0496520092797525 7.56730874225393
0.00421940928270042 1.36865626912288 0.188533111841655 0.829163122005797 0.795866473603189 2.09713781869106 9.40656757336119 6.06973645707508 0.0355494314337294 6.48351501554764
0 1.4167791528892 0.388613393851494 0.671153975604713 0.60231847432721 2.01233555077666 8.8849333560386 5.62714138233099 0.0384732542576268 5.83276185591266
0.00421940928270042 1.47405119948089 0.386226426716894 0.762473078002222 0.646573232905939 2.01537826610729 9.45821816103069 6.11963786083096 0.035487303292741 6.414878713863
0 1.41695214025676 0.186748645594344 0.815540239319671 0.67639716854319 2.1850703144446 9.90580383340244 6.70153665513649 0.0405886349757889 7.19756439801041
0.00421940928270042 1.44342497390356 0.234396764882088 0.767428402182218 0.474135580100934 2.14119886782935 9.72683390276702 6.67657955597066 0.0473468803321918 6.85733879306812
0.00421940928270042 1.47405119948089 0.386226426716894 0.762473078002222 0.646573232905939 2.01537826610729 9.45821816103069 6.11963786083096 0.035487303292741 6.414878713863
0 1.32928808448753 0.207763787938147 0.805815314456761 0.321914775605913 2.07708874550342 8.6344672853232 5.62065070956604 0.0491039118754677 5.53120637966017
0.00421940928270042 1.51529529135713 0.351906226293019 0.633454885628267 0.896422381644977 2.68884594598192 9.72180978846316 6.56657866075633 0.0426285472155932 6.82954145343922
0.00421940928270042 1.3837285821251 0.226756726772041 0.738659785428923 0.668356017326857 2.204253546833 9.30120127447021 6.1798095928795 0.0440957584427839 6.2864945572223
0 1.55174105373134 0.281786904145942 0.917006386861903 0.797655131650382 2.619862075984 9.95757477360641 6.70150981406881 0.0385397555206791 7.48580955224358
0 1.31088911821134 0.108506618067622 0.748550281487405 0.652616763487458 1.44097577221692 9.33909160783396 5.87473006866615 0.0312929783907007 6.37981982764969
0.00421940928270042 1.43839923557316 0.287488736567522 0.710762087123077 0.756195634094476 2.31140517309037 9.45752098042886 6.28258896375074 0.041796945483533 6.45546961747129
0.00421940928270042 1.48535590513823 0.376301380725973 0.669119897929016 0.517139853292261 2.5688931765796 9.35418671544057 6.43277930810984 0.0538578340242255 6.30383923215013
0 1.41655382159298 0.326512045029405 0.845781233503007 0.824253296423967 2.16109813092563 9.13161818092555 5.68267232626008 0.0317791185369777 6.077795136859
0 1.57103068422725 0.360082879174176 0.737614924137048 0.867824688154996 2.50116046004567 9.85170290938637 6.57915861513055 0.037909850452854 7.24933350544145
0.00421940928270042 1.42255922876094 0.194712868757941 0.888694170112796 0.647616870611731 2.41604432329804 9.79840292474367 6.64378973314767 0.0426548970746961 6.99016441522286
0 1.46626632213234 0.249523499492586 0.818215514269681 0.357756214445091 2.24165444414774 9.88459860770497 6.82939726253021 0.0471132337929898 7.31517403303625
0.00421940928270042 1.37157718399687 0.168516861292231 0.661114578686033 0.677562115676344 1.92812328179461 9.46059745133723 6.2959491082358 0.0422289893187533 6.61268797804907
0 1.47487863698043 0.272520078485832 0.772642235120293 0.353072721278295 1.4695782745257 9.72889008798784 6.34294267763984 0.0338455615160049 7.17411156471917
0 1.49790805451061 0.251978260057613 0.802898831175026 0.796882188324694 2.24140219567569 9.87609751349328 6.57237577844066 0.0367461531477983 7.39850063691394
0.00421940928270042 1.3924730894254 0.240009122046523 0.83407561684257 0.730320250309757 2.15527117434638 9.35826600203768 6.04760855772602 0.0364921742930414 6.43791163693777
0.00421940928270042 1.40045109899993 0.186713661114441 0.864802117225152 0.544891105333994 2.31468492863702 9.56101233401875 6.46252788252389 0.045117528407519 6.78020595803516
0.00421940928270042 1.51977659682641 0.338026596303299 0.625532465982921 0.770884628519022 2.14950663905694 9.88497898757999 6.65453904341163 0.0395400995251249 7.12903041923632
