0.00181818181818182 1.33311063800919 0.188939982210849 -0.0970930927561596 0.97 2969.76288659794 63.0412371134021 387.537753969445
0.00181818181818182 1.39974213724353 0.210607899448128 0.0232553486636555 0.97 4530.94845360825 89.4948453608247 367.734110411592
0.00181818181818182 1.40104394473096 0.220076849787454 -0.0928376201959193 0.95 3804.61052631579 79.7263157894737 406.347427781961
0.00181818181818182 1.39146841178361 0.374459813138143 -0.875070881116814 0.94 2352.68085106383 58.8510638297872 405.733991550747
0.00181818181818182 1.39898212082311 0.37293859537387 -0.482186573160583 0.95 1999.61052631579 45.2631578947368 406.858239749293
0.00181818181818182 1.46591369969853 0.327291670649939 -0.293201637680236 0.99 4449.72727272727 92.6060606060606 377.879233412182
0.00181818181818182 1.35563611965626 0.196815964882262 -0.717713313642889 0.96 3689.79166666667 95.6458333333333 382.36430222849
0.00181818181818182 1.38445361923066 0.362481505636063 -0.0344927249110531 1 1492.21 28.55 367.701407363071
0.00181818181818182 1.36738928714097 0.343154898566371 -0.322871357140688 0.98 1548.39795918367 32.3877551020408 378.755484958432
0.00181818181818182 1.53696411343654 0.286472654407324 0.764611294689169 1 5128.09 73.19 355.127640590293
0.00181818181818182 1.38969161787653 0.244941489140841 -0.0743782143644852 0.97 3761.27835051546 77.639175257732 453.737206942433
0.00181818181818182 1.38548578856311 0.297984740863683 0.189367210192523 0.97 2256.11340206186 40.4948453608247 400.65134501742
0.00181818181818182 1.50888315005567 0.394426695751405 0.336541008110594 0.97 3693.79381443299 58.3917525773196 448.241904426283
0.00181818181818182 1.46139943908496 0.356387372715435 0.589926519673738 0.98 2713.08163265306 39.969387755102 421.355474133285
0.00181818181818182 1.40239013843238 0.276128029171377 0.904951362870634 0.99 2731.63636363636 35.3333333333333 431.938878071913
0.00181818181818182 1.38424775330285 0.283490036025051 -0.36372817963631 0.98 3430.41836734694 78.3775510204082 420.339706794998
0.00181818181818182 1.43986695193086 0.272098429158216 -0.824073702664666 0.99 4863.59595959596 124.868686868687 384.84092246722
0.00181818181818182 1.36163075095742 0.25550405109803 -0.3956992154533 0.96 2721.63541666667 64.0833333333333 418.081253254108
0.00181818181818182 1.35192754507562 0.212553495917376 0.472144396802779 0.98 2603.28571428571 42.2040816326531 366.523091623319
0.00181818181818182 1.51159466773565 0.330930614575319 0.896760447031148 1 4257.35 56 389.3371759109
0.00181818181818182 1.37507194393482 0.288280452112299 -0.168166583912866 0.97 2679.31958762887 56.3092783505155 414.315195644558
0.00181818181818182 1.37271077461108 0.202666468521373 0.412303688197014 0.97 3753.28865979381 65.2061855670103 405.594759101786
0.00181818181818182 1.40839476623492 0.299242437581171 0.0599094258166261 0.97 3061.49484536082 56.639175257732 414.933571937699
0.00181818181818182 1.37236929228529 0.287172497669235 -0.281763458158821 0.95 2538.14736842105 56.8 416.393801215241
0.00181818181818182 1.37274614498019 0.29012066279538 -0.294942480046302 0.96 2252.15625 49.2604166666667 394.763205454222
0.00181818181818182 1.52437486626653 0.375468999690569 -0.287975666668786 1 4626.39 89.8 434.494945788893
0.00181818181818182 1.60198227381334 0.388328464352526 0.446511731483042 1 5062.88 75.68 369.600413002365
0.00181818181818182 1.41714679915953 0.261909762906046 -0.729445990336971 0.99 4623.29292929293 116.525252525253 384.591122924921
0.00181818181818182 1.43162770862988 0.302412293160816 0.710838946951803 0.96 2965.85416666667 42.0833333333333 418.657682558061
0.00181818181818182 1.46901736895112 0.33030342797252 -0.650424924289677 0.97 4692.54639175258 110.907216494845 417.50175849076
0.00181818181818182 1.49841043491115 0.257987248633023 0.887622489976584 0.99 4869.39393939394 67.2121212121212 355.431579180369
0.00181818181818182 1.33904407052323 0.245798061834648 -0.585279190912843 0.96 2685.66666666667 66.2708333333333 387.199685277164
0.00181818181818182 1.46563328966939 0.358699318650105 0.140535656300292 0.99 3487.79797979798 61.5757575757576 449.31647831565
0.00181818181818182 1.4431891705588 0.273497839372119 0.591666544650417 0.95 4364.21052631579 68.9263157894737 434.365890542579
0.00181818181818182 1.42684248250597 0.305328398741525 -0.0724186267523963 0.99 3132.9696969697 61.2424242424242 414.563636023678
0.00181818181818182 1.36533485772088 0.221698500029743 0.330550895538181 0.97 2396.1030927835 42.659793814433 354.424983602396
0.00181818181818182 1.38849939610809 0.341581523069181 -0.0559622077271342 0.95 1913.95789473684 36.5789473684211 383.442562957895
0.00181818181818182 1.45740558862405 0.251058406931997 0.20021379481041 0.98 4563.58163265306 83.3979591836735 369.164436248012
0.00181818181818182 1.40887784676145 0.243167038726609 0.828966922511829 0.95 3192.76842105263 45.7789473684211 383.912343304971
0.00181818181818182 1.44299222679017 0.303741886688766 0.207619920303653 0.98 3364.40816326531 58 402.786655976159
0.00181818181818182 1.41714679915953 0.261909762906046 -0.729445990336971 0.99 4623.29292929293 116.525252525253 384.591122924921
0.00181818181818182 1.40238323408589 0.331078500865894 -0.236337533319825 0.98 2566.09183673469 53.0816326530612 420.632238150722
0.00181818181818182 1.37756929871667 0.219292303039368 -0.275259375561684 0.96 3970.19791666667 87.75 404.79758414105
0.00181818181818182 1.47579835697602 0.392937966942311 0.34324261296529 0.98 2676.80612244898 41.765306122449 442.550784438075
0.00181818181818182 1.47767262737109 0.390460815763493 -0.0783048968659337 0.96 3535.96875 66.09375 454.024275429475
0.00181818181818182 1.59718364675597 0.397206393341374 0.858146634709152 1 5007.11 64.82 372.450098066844
0.00181818181818182 1.42684248250597 0.305328398741525 -0.0724186267523963 0.99 3132.9696969697 61.2424242424242 414.563636023678
0.00181818181818182 1.43986695193086 0.272098429158216 -0.824073702664666 0.99 4863.59595959596 124.868686868687 384.84092246722
0.00181818181818182 1.46959728606579 0.3635395294395 0.168701251899932 0.98 3396.60204081633 58.3673469387755 421.924514769559
0.00181818181818182 1.34006431802431 0.320013617671737 -0.431707119750782 0.98 1310.52040816327 29.8979591836735 361.010620094618
0.00181818181818182 1.38849939610809 0.341581523069181 -0.0559622077271342 0.95 1913.95789473684 36.5789473684211 383.442562957895
0.00181818181818182 1.41530919624493 0.310441727121361 0.858465656638145 0.98 2137.87755102041 27.8061224489796 416.157300900548
0.00181818181818182 1.43986695193086 0.272098429158216 -0.824073702664666 0.99 4863.59595959596 124.868686868687 384.84092246722
0.00181818181818182 1.35561500638723 0.232387273735367 -0.76498898724094 0.97 3250.30927835052 88.7938144329897 412.144219564135
0.00181818181818182 1.4652775192349 0.384084448590648 0.649895063014318 0.98 2494.57142857143 34.4897959183673 407.849722548385
0.00181818181818182 1.44806753929339 0.282388378893508 0.614969961416885 0.98 3453.09183673469 52.2857142857143 390.681753521992
0.00181818181818182 1.49155229181051 0.312059196876362 0.906438180245459 0.98 4315.62244897959 58.3775510204082 407.223742182151
0.00181818181818182 1.52192772589624 0.379237614572048 0.000529963988810778 0.99 4713.12121212121 83.4141414141414 431.146862294987
0.00181818181818182 1.4103497493313 0.28793884334074 0.0553122166264929 0.98 2894.54081632653 52.1836734693878 384.953035222585
0.00181818181818182 1.35561500638723 0.232387273735367 -0.76498898724094 0.97 3250.30927835052 88.7938144329897 412.144219564135
0.00181818181818182 1.41921942952299 0.359518681916358 0.669529851657972 0.98 1719.67346938776 24.4285714285714 359.586407881848
0.00181818181818182 1.56632013767958 0.399066868214868 0.347460192162544 0.99 4456.73737373737 67.6363636363636 420.888195393599
0.00181818181818182 1.45906363454737 0.279719629444894 -0.11112576332082 0.97 4949.71134020619 97.2886597938144 383.075582712601
0.00181818181818182 1.37222195761278 0.138465273729526 0.349076638463885 0.96 4586.34375 83.875 377.339289393471
0.00181818181818182 1.3722219802116 0.223967321074058 0.134914832354259 0.97 3671.69072164948 70.1752577319588 408.593546045628
0.00181818181818182 1.50523409605241 0.320806490024448 0.24054516068066 0.98 4485.59183673469 75.3775510204082 403.053786405953
0.00181818181818182 1.51159466773565 0.330930614575319 0.896760447031148 1 4257.35 56 389.3371759109
0.00181818181818182 1.36524404902011 0.263949940470047 -0.561984088737518 0.95 3301.67368421053 83.0421052631579 422.264868477049
0.00181818181818182 1.53782364831352 0.36736413789564 0.440220510639957 1 4410.94 67.23 412.314621060527
0.00181818181818182 1.37756929871667 0.219292303039368 -0.275259375561684 0.96 3970.19791666667 87.75 404.79758414105
0.00181818181818182 1.36239006051725 0.168568058079618 0.0466555887296874 0.99 4292.62626262626 88.7575757575758 399.073859528076
0.00181818181818182 1.4548602694823 0.301247772458013 -0.43678993246779 0.98 4588.18367346939 100.551020408163 380.488820964206
0.00181818181818182 1.38311421210931 0.237516517171383 -0.439888915238839 0.95 4028.71578947368 95.2421052631579 430.893796390461
0.00181818181818182 1.32433198758385 0.263316308907926 -0.45327226379552 0.96 1989.11458333333 47.1666666666667 383.357462047034
0.00181818181818182 1.40024836391529 0.312372695817301 0.434281387130807 0.98 2599.5612244898 41.1938775510204 411.226705690817
0.00181818181818182 1.41262816796079 0.390238363691606 -0.0687115653418005 0.97 1628.24742268041 30.1340206185567 385.510936729672
0.00181818181818182 1.5001554237346 0.365848130563904 -0.598918462149466 0.97 4849.26804123711 107.268041237113 415.205806445444
0.00181818181818182 1.39641968375072 0.276092363614589 -0.219580504111946 0.95 3189.32631578947 70.4526315789474 444.88146760274
0.00181818181818182 1.31815373674035 0.169703019689769 -0.91621720045805 0.98 3699.14285714286 111.336734693878 401.198882050755
0.00181818181818182 1.37271077461108 0.202666468521373 0.412303688197014 0.97 3753.28865979381 65.2061855670103 405.594759101786
0.00181818181818182 1.56620543517821 0.3767168100432 0.938607705988094 0.98 4727.80612244898 60.3979591836735 400.150702760362
0.00181818181818182 1.42114969242572 0.332971613332549 0.69063561344772 0.97 2179.38144329897 31.4432989690722 397.249256054412
0.00181818181818182 1.37222195761278 0.138465273729526 0.349076638463885 0.96 4586.34375 83.875 377.339289393471
0.00181818181818182 1.49002601219381 0.346243888157 0.16728020576294 0.98 4235.4387755102 72.3163265306122 419.922601004053
0.00181818181818182 1.41101595135406 0.250632428005338 0.254300109576434 0.97 3432.87628865979 62.1958762886598 337.318281932958
0.00181818181818182 1.40237123537592 0.301795795125731 0.0170140394072162 0.98 2554.80612244898 47.9897959183673 410.798300615293
0.00181818181818182 1.38444047358817 0.241477624237686 -0.358524298214304 0.96 3553.94791666667 81.6145833333333 388.309148186897
0.00181818181818182 1.32433198758385 0.263316308907926 -0.45327226379552 0.96 1989.11458333333 47.1666666666667 383.357462047034
0.00181818181818182 1.54692868215537 0.372006351421678 0.0238250079482354 0.99 5271.77777777778 91.6464646464647 372.178032516071
0.00181818181818182 1.35383780496195 0.236420966358855 -0.938221704214811 0.96 3545.3125 100.010416666667 384.007503123037
0.00181818181818182 1.44249319189509 0.344739241012745 0.794661021601254 0.96 2442.52083333333 33.375 406.064376669687
0.00181818181818182 1.32433198758385 0.263316308907926 -0.45327226379552 0.96 1989.11458333333 47.1666666666667 383.357462047034
0.00181818181818182 1.32433198758385 0.263316308907926 -0.45327226379552 0.96 1989.11458333333 47.1666666666667 383.357462047034
0.00181818181818182 1.42866047262636 0.354620844796461 -0.290759669207149 0.96 2699.05208333333 56.6770833333333 446.278668069692
0.00181818181818182 1.39513254609593 0.375685349970109 -0.485185934739393 0.98 1857.0306122449 42.0612244897959 422.308546027652
0.00181818181818182 1.43973197889435 0.287672228768378 0.492940833139798 0.99 3684.54545454545 58.4242424242424 404.557459879102
0.00181818181818182 1.35455397094634 0.301702040335176 -0.160740120064545 0.97 1732.41237113402 36.340206185567 375.858406983673
0.00181818181818182 1.35561500638723 0.232387273735367 -0.76498898724094 0.97 3250.30927835052 88.7938144329897 412.144219564135
0.00181818181818182 1.47435364991082 0.31421427430308 -0.382101643685745 0.98 4362.86734693878 94.7244897959184 401.068349729058
0.00181818181818182 1.46959728606579 0.3635395294395 0.168701251899932 0.98 3396.60204081633 58.3673469387755 421.924514769559
0.00181818181818182 1.38975962832751 0.356383280306323 -0.564550025772173 0.98 2047.32653061224 48.030612244898 404.509967995769
0.00181818181818182 1.35383780496195 0.236420966358855 -0.938221704214811 0.96 3545.3125 100.010416666667 384.007503123037
0.00181818181818182 1.31815373674035 0.169703019689769 -0.91621720045805 0.98 3699.14285714286 111.336734693878 401.198882050755
0.00181818181818182 1.56632013767958 0.399066868214868 0.347460192162544 0.99 4456.73737373737 67.6363636363636 420.888195393599
0.00181818181818182 1.49136117501503 0.396548212766695 0.792015931618283 0.98 2314.35714285714 30.0408163265306 405.041039245006
0.00181818181818182 1.54989350589513 0.380034748522598 0.732698371140787 1 4607 62 417.332083256475
0.00181818181818182 1.30128682591021 0.223282276699319 0.212346044369042 0.98 1718 32.2448979591837 363.728494126182
0.00181818181818182 1.38098495930202 0.302984766282293 -0.120329025883869 0.96 2675.97916666667 55.6875 409.912340890823
0.00181818181818182 1.43750727472967 0.256764364465314 -0.204945522456863 0.98 4526.62244897959 93.234693877551 383.125736587587
0.00181818181818182 1.38708435910177 0.270253025597006 -0.892641470385759 0.99 3786.63636363636 103.575757575758 421.779332968308
0.00181818181818182 1.39543699382946 0.208268233052551 0.243356189486313 0.96 4383.14583333333 80.78125 433.073300058591
0.00181818181818182 1.41638415927509 0.240402705850523 0.40381617012319 0.98 4133.17346938776 70.4489795918367 396.533134437091
0.00181818181818182 1.45177412379812 0.244388351308156 -0.130454597810771 0.99 5034.78787878788 102.757575757576 373.193868769022
0.00181818181818182 1.52296173805371 0.321176533331163 0.0911492481827736 1 5071.86 90.11 384.698027444124
0.00181818181818182 1.52015030648716 0.388593822674176 -0.198435978812196 1 4434.68 84.56 439.851772107072
0.00181818181818182 1.37384728193995 0.338276752211031 -0.0811466339639645 0.97 1457.69072164948 29.2886597938144 369.866141728408
0.00181818181818182 1.43413290286134 0.289944657063281 -0.313387272277115 0.95 4237.1052631579 92.3894736842105 409.600319745303
0.00181818181818182 1.42780013180127 0.374243879751931 -0.0516048591285202 0.97 2062.20618556701 37.7628865979381 414.364497892961
0.00181818181818182 1.31509142946452 0.244428489170969 -0.438815499190241 0.95 2001.26315789474 48 398.235008104179
0.00181818181818182 1.37440056380347 0.223489552469693 -0.974204154011555 0.98 4571.76530612245 126.989795918367 378.68789776902
0.00181818181818182 1.46786928027868 0.336332930647768 0.506056973710656 0.98 3182.95918367347 49.4387755102041 446.671925534904
0.00181818181818182 1.50426989685889 0.325199092108279 0.0054236996945719 0.97 5007.21649484536 92.020618556701 415.132682359927
0.00181818181818182 1.47435364991082 0.31421427430308 -0.382101643685745 0.98 4362.86734693878 94.7244897959184 401.068349729058
0.00181818181818182 1.34788099550025 0.142842196068938 0.115151933176227 0.95 3578.76842105263 73.6 367.580602561737
0.00181818181818182 1.44806753929339 0.282388378893508 0.614969961416885 0.98 3453.09183673469 52.2857142857143 390.681753521992
0.00181818181818182 1.33939851962089 0.212744995342016 -0.0300925836265237 0.96 2657.51041666667 56.3541666666667 359.427275004332
0.00181818181818182 1.37756929871667 0.219292303039368 -0.275259375561684 0.96 3970.19791666667 87.75 404.79758414105
0.00181818181818182 1.43413290286134 0.289944657063281 -0.313387272277115 0.95 4237.1052631579 92.3894736842105 409.600319745303
0.00181818181818182 1.35383780496195 0.236420966358855 -0.938221704214811 0.96 3545.3125 100.010416666667 384.007503123037
0.00181818181818182 1.38849939610809 0.341581523069181 -0.0559622077271342 0.95 1913.95789473684 36.5789473684211 383.442562957895
0.00181818181818182 1.37172722092977 0.283834264034051 -0.611748013429179 0.97 2901.8969072165 74.3505154639175 464.76926344199
0.00181818181818182 1.33186428621411 0.202906768349931 0.0191502501256764 0.95 2638.36842105263 55.2947368421053 389.920349586742
0.00181818181818182 1.35192754507562 0.212553495917376 0.472144396802779 0.98 2603.28571428571 42.2040816326531 366.523091623319
0.00181818181818182 1.46691773770698 0.283006733928241 0.00400447179906632 0.98 4318.9387755102 82.530612244898 396.179869023319
0.00181818181818182 1.37756929871667 0.219292303039368 -0.275259375561684 0.96 3970.19791666667 87.75 404.79758414105
0.00181818181818182 1.37236929228529 0.287172497669235 -0.281763458158821 0.95 2538.14736842105 56.8 416.393801215241
0.00181818181818182 1.59474160149693 0.393964329129085 -0.323344662319869 1 5302.69 103.8 378.707218285442
0.00181818181818182 1.43474942140161 0.284104719607331 -0.740993687913958 0.96 4159.57291666667 101.40625 399.475006943601
0.00181818181818182 1.48472334895711 0.32305500168323 0.682368623527677 0.97 4096.24742268041 59.1030927835052 423.030509042404
0.00181818181818182 1.36533485772088 0.221698500029743 0.330550895538181 0.97 2396.1030927835 42.659793814433 354.424983602396
0.00181818181818182 1.37562677944079 0.189510992658325 0.493389448616654 0.96 3389.38541666667 58.4166666666667 384.892052274482
0.00181818181818182 1.39146841178361 0.374459813138143 -0.875070881116814 0.94 2352.68085106383 58.8510638297872 405.733991550747
0.00181818181818182 1.4049989115921 0.306191168376384 -0.115523304373641 0.97 2680.73195876289 55.7319587628866 383.946378922079
0.00181818181818182 1.42114969242572 0.332971613332549 0.69063561344772 0.97 2179.38144329897 31.4432989690722 397.249256054412
0.00181818181818182 1.33186428621411 0.202906768349931 0.0191502501256764 0.95 2638.36842105263 55.2947368421053 389.920349586742
0.00181818181818182 1.42382548769433 0.391310620430575 0.301962301870341 0.97 1798.15463917526 28.4123711340206 358.811469129656
0.00181818181818182 1.46022163005543 0.271571909098955 0.877874578508866 0.98 4194.86734693878 58.8061224489796 385.465418178851
0.00181818181818182 1.32178084742054 0.196336977730011 -0.971490203014875 0.97 3480.49484536082 104.886597938144 398.913906328758
0.00181818181818182 1.42045070324093 0.378753159497865 -0.499249107670039 0.96 2484.70833333333 56.71875 454.601543499006
0.00181818181818182 1.49752282104857 0.342473923248467 0.827300586210578 0.98 3965.9387755102 53.4285714285714 397.643321492899
0.00181818181818182 1.46786928027868 0.336332930647768 0.506056973710656 0.98 3182.95918367347 49.4387755102041 446.671925534904
0.00181818181818182 1.32415414191782 0.168679930875078 0.900047289207578 0.99 2106.82828282828 30.3232323232323 344.862946129989
0.00181818181818182 1.4326571847004 0.379581111402268 -0.513168007140567 0.99 2531.07070707071 54.8787878787879 403.976291764276
0.00181818181818182 1.29339992143226 0.139495471566564 -0.27997537683112 0.95 2798.4 67.7157894736842 375.35744763519
0.00181818181818182 1.3722219802116 0.223967321074058 0.134914832354259 0.97 3671.69072164948 70.1752577319588 408.593546045628
0.00181818181818182 1.49874414091422 0.394096125774317 0.371804968470238 0.98 3398.63265306122 52.8367346938776 419.459025551345
0.00181818181818182 1.4598104040494 0.365630132732877 -0.116369876451375 0.98 3501.17346938776 68.0714285714286 432.124496594741
0.00181818181818182 1.47585798203945 0.317571715032682 0.441664450801909 1 4299.91 68.28 423.246819441707
0.00181818181818182 1.42566883906821 0.37028364864825 0.707501461751323 0.98 1817.14285714286 24.9183673469388 382.376014902278
0.00181818181818182 1.56021187149153 0.397994131021755 0.900611046668237 1 4583.71 58.55 450.520928526046
0.00181818181818182 1.40238323408589 0.331078500865894 -0.236337533319825 0.98 2566.09183673469 53.0816326530612 420.632238150722
0.00181818181818182 1.4306420116332 0.386692641151194 -0.532912105889134 0.94 2169.13829787234 49.2765957446809 429.875114707482
0.00181818181818182 1.42566883906821 0.37028364864825 0.707501461751323 0.98 1817.14285714286 24.9183673469388 382.376014902278
0.00181818181818182 1.40104394473096 0.220076849787454 -0.0928376201959193 0.95 3804.61052631579 79.7263157894737 406.347427781961
0.00181818181818182 1.33594579446678 0.139639494250033 -0.702915041514282 1 4345.75 118.24 391.597330980441
0.00181818181818182 1.46022163005543 0.271571909098955 0.877874578508866 0.98 4194.86734693878 58.8061224489796 385.465418178851
0.00181818181818182 1.30146871425878 0.240468026140924 -0.876859702903303 0.94 2092.53191489362 59.8723404255319 395.543753046114
0.00181818181818182 1.35563611965626 0.196815964882262 -0.717713313642889 0.96 3689.79166666667 95.6458333333333 382.36430222849
0.00181818181818182 1.40238323408589 0.331078500865894 -0.236337533319825 0.98 2566.09183673469 53.0816326530612 420.632238150722
0.00181818181818182 1.33650595424697 0.184112090989947 0.545783665031195 0.96 2534.04166666667 41.7916666666667 352.575149002685
0.00181818181818182 1.41086620003951 0.306867924951545 0.0626771044901101 0.98 3014.60204081633 56.0612244897959 424.978425283886
0.00181818181818182 1.37071353371233 0.216147291765988 -0.583405512681796 0.97 4215.79381443299 101.237113402062 359.606768142884
0.00181818181818182 1.5297931464389 0.349704266036861 0.148527257144451 0.97 4709.31958762887 81.4639175257732 382.64004016649
0.00181818181818182 1.48842808138579 0.260337875178084 0.809422781690955 0.98 5071.12244897959 72.8673469387755 379.152032222324
0.00181818181818182 1.34113965376858 0.249874321816865 -0.781740424199756 0.98 2478.28571428571 69.6326530612245 383.404838406604
0.00181818181818182 1.39146841178361 0.374459813138143 -0.875070881116814 0.94 2352.68085106383 58.8510638297872 405.733991550747
0.00181818181818182 1.5262971711345 0.390597512037493 0.371100748423487 0.99 4078.07070707071 63.5757575757576 403.376599337582
0.00181818181818182 1.40301702316964 0.280558582458019 -0.00270811390372516 0.98 3202.76530612245 62.3469387755102 435.35461489213
0.00181818181818182 1.40299200015143 0.365679745795205 0.436360048130155 0.97 1647.67010309278 25.1958762886598 380.997922906533
0.00181818181818182 1.50874576083092 0.311528527183358 0.875559961928284 0.99 4943.05050505051 66.8484848484848 399.844127039264
0.00181818181818182 1.46022163005543 0.271571909098955 0.877874578508866 0.98 4194.86734693878 58.8061224489796 385.465418178851
0.00181818181818182 1.33650595424697 0.184112090989947 0.545783665031195 0.96 2534.04166666667 41.7916666666667 352.575149002685
0.00181818181818182 1.44790636021644 0.198555001290515 0.509963633492589 1 5289.16 88.79 368.649346055594
0.00181818181818182 1.33811569724255 0.170750020206648 0.601317533229846 0.95 2966.55789473684 48.6631578947368 378.707409862373
0.00181818181818182 1.30128682591021 0.223282276699319 0.212346044369042 0.98 1718 32.2448979591837 363.728494126182
0.00181818181818182 1.40239915877539 0.297788170813888 -0.350248191309168 0.97 3152.72164948454 70.4948453608247 444.808057678615
0.00181818181818182 1.38290548809097 0.302832849911247 0.445180446320764 0.96 2217.02083333333 35.0416666666667 418.931237935383
0.00181818181818182 1.51336115319282 0.39080252123531 -0.407219134736806 1 4519.07 92.48 436.622143707425
0.00181818181818182 1.47598342590061 0.329490837339845 -0.594832249277636 0.99 4781.20202020202 105.535353535354 393.146903507544
0.00181818181818182 1.42114969242572 0.332971613332549 0.69063561344772 0.97 2179.38144329897 31.4432989690722 397.249256054412
0.00181818181818182 1.47767262737109 0.390460815763493 -0.0783048968659337 0.96 3535.96875 66.09375 454.024275429475
0.00181818181818182 1.39146841178361 0.374459813138143 -0.875070881116814 0.94 2352.68085106383 58.8510638297872 405.733991550747
0.00181818181818182 1.37236929228529 0.287172497669235 -0.281763458158821 0.95 2538.14736842105 56.8 416.393801215241
0.00181818181818182 1.42114969242572 0.332971613332549 0.69063561344772 0.97 2179.38144329897 31.4432989690722 397.249256054412
0.00181818181818182 1.40504238249951 0.375011684392709 0.0624382855024813 0.98 1879.24489795918 32.4183673469388 389.385414868844
0.00181818181818182 1.40589668693421 0.273184156378961 0.608806631853662 0.97 2962.07216494845 44.8865979381443 424.548855600333
0.00181818181818182 1.32415414191782 0.168679930875078 0.900047289207578 0.99 2106.82828282828 30.3232323232323 344.862946129989
0.00181818181818182 1.45948256879484 0.399350540729672 -0.239621387836012 0.98 2833.84693877551 56.765306122449 469.511190067287
0.00181818181818182 1.51730846166611 0.29880730304867 -0.0844955053180456 0.99 4764.9696969697 93.2222222222222 358.684528103414
0.00181818181818182 1.34006431802431 0.320013617671737 -0.431707119750782 0.98 1310.52040816327 29.8979591836735 361.010620094618
0.00181818181818182 1.50425895109412 0.30412551982384 0.716717262835265 0.99 4820.58585858586 69.8989898989899 364.826842679999
0.00181818181818182 1.50754610498741 0.380462134598499 -0.796267892235303 0.97 4170.94845360825 100.072164948454 395.463388194162
0.00181818181818182 1.60026730063595 0.399724209474873 0.699467760817853 0.99 5187.47474747475 70.5050505050505 382.705456388593
0.00181818181818182 1.43986695193086 0.272098429158216 -0.824073702664666 0.99 4863.59595959596 124.868686868687 384.84092246722
0.00181818181818182 1.51370993966655 0.393761923133973 -0.58234831837398 0.99 4339.29292929293 96.7777777777778 437.136707902601
0.00181818181818182 1.43413290286134 0.289944657063281 -0.313387272277115 0.95 4237.1052631579 92.3894736842105 409.600319745303
0.00181818181818182 1.44790636021644 0.198555001290515 0.509963633492589 1 5289.16 88.79 368.649346055594
0.00181818181818182 1.47157762644195 0.392531927597033 0.0899933282858817 0.97 2940.28865979381 51.5051546391753 453.495888019012
0.00181818181818182 1.4585734927188 0.257297377742096 0.593592326972636 0.98 4499.36734693878 70.530612244898 401.748779744041
0.00181818181818182 1.35563611965626 0.196815964882262 -0.717713313642889 0.96 3689.79166666667 95.6458333333333 382.36430222849
0.00181818181818182 1.40828437093361 0.278787656495598 -0.904849542286159 0.99 3921.44444444444 105.848484848485 388.966747382244
0.00181818181818182 1.47862095202495 0.390992267318823 0.695115815344478 0.99 2422.69696969697 33.3636363636364 396.939093856574
0.00181818181818182 1.37512381501668 0.329995444480043 -0.379734890372627 0.96 2130.83333333333 47.5208333333333 409.916859351095
0.00181818181818182 1.3856069239828 0.309143790505526 -0.992310685696554 0.96 3351.5 93.0520833333333 449.868302310699
0.00181818181818182 1.45060485074889 0.258007971983158 0.705196515566654 0.98 3836.79591836735 56.9183673469388 418.912020728552
0.00181818181818182 1.39768814946222 0.291774037073904 -0.796135628577283 0.96 3684.25 95.1145833333333 434.067990416577
0.00181818181818182 1.40287524834275 0.346888427203521 -0.509731791913509 0.98 2529.72448979592 58.234693877551 436.260788006782
0.00181818181818182 1.35561500638723 0.232387273735367 -0.76498898724094 0.97 3250.30927835052 88.7938144329897 412.144219564135
0.00181818181818182 1.41519934958929 0.234297390346257 0.603593093451058 0.98 4146.67346938776 66.2448979591837 386.924720194378
0.00181818181818182 1.52316403258592 0.294115189509466 0.634363383520395 1 4832.88 71.91 373.362753238575
0.00181818181818182 1.41314911555301 0.344116458035763 -0.546983484548166 0.94 3029.86170212766 73.2872340425532 461.530615937364
0.00181818181818182 1.40887784676145 0.243167038726609 0.828966922511829 0.95 3192.76842105263 45.7789473684211 383.912343304971
0.00181818181818182 1.39218462720614 0.321305924278017 -0.443041655809881 1 2937.82 69.08 418.494134731186
0.00181818181818182 1.40024836391529 0.312372695817301 0.434281387130807 0.98 2599.5612244898 41.1938775510204 411.226705690817
0.00181818181818182 1.44357661744539 0.341042582912258 0.74775612772098 0.99 2544.74747474747 35.8888888888889 398.207314653809
0.00181818181818182 1.50381971138362 0.298191775767608 0.522631432921366 1 5196.65 79.58 387.482714038577
0.00181818181818182 1.52829225156456 0.33558516423218 -0.044963107444346 1 5317.94 98.93 380.86145396293
0.00181818181818182 1.37178599017708 0.270931450171812 0.534494561672043 0.97 2045.52577319588 32.2268041237113 373.948062082148
0.00181818181818182 1.38311421210931 0.237516517171383 -0.439888915238839 0.95 4028.71578947368 95.2421052631579 430.893796390461
0.00181818181818182 1.47579835697602 0.392937966942311 0.34324261296529 0.98 2676.80612244898 41.765306122449 442.550784438075
0.00181818181818182 1.44050118354317 0.321790612846749 0.250074426163116 0.97 3403.52577319588 58.0103092783505 401.772826033887
0.00181818181818182 1.42045070324093 0.378753159497865 -0.499249107670039 0.96 2484.70833333333 56.71875 454.601543499006
0.00181818181818182 1.4781802625695 0.324324303661795 0.703678021689608 0.96 3892.5625 55.5208333333333 404.904160617818
0.00181818181818182 1.49297414694931 0.384359822471478 0.0670007385857868 0.97 3943.31958762887 69.9072164948454 430.571247432155
0.00181818181818182 1.53556067375848 0.380928814180691 0.309508789007216 0.98 4219.21428571429 67.1836734693878 445.699730970258
0.00181818181818182 1.33650595424697 0.184112090989947 0.545783665031195 0.96 2534.04166666667 41.7916666666667 352.575149002685
0.00181818181818182 1.35383780496195 0.236420966358855 -0.938221704214811 0.96 3545.3125 100.010416666667 384.007503123037
0.00181818181818182 1.30005230281563 0.205439176280421 -0.0647971288834542 0.96 1831.9375 39.3125 357.034591165479
0.00181818181818182 1.45804005400284 0.367913188198776 -0.370940435385647 0.97 3540.69072164948 75.5154639175258 429.82172403489
0.00181818181818182 1.40764172393921 0.344217769268393 0.074293199430948 0.98 1974.02040816327 35.5816326530612 400.534437735175
0.00181818181818182 1.42206425404087 0.334750426161305 -0.0958885536184033 0.97 2953.81443298969 59.2268041237113 435.513002441703
0.00181818181818182 1.42895534499531 0.291296539918155 -0.886540218339826 0.97 4622.07216494845 118.536082474227 400.743504405905
0.00181818181818182 1.35349854538217 0.269733910332434 -0.840396832674742 0.97 2907.9175257732 81.979381443299 433.467239262172
0.00181818181818182 1.48431543841638 0.354131469242133 0.0194986694123026 0.99 4242.31313131313 75.8989898989899 424.365902891719
0.00181818181818182 1.40995907262336 0.334622538975768 -0.112265243129161 1 2438.05 48.87 420.071048814353
0.00181818181818182 1.50356719383885 0.387800459353144 -0.672457195724533 0.98 4492.31632653061 99.8061224489796 420.237202628314
0.00181818181818182 1.45506406067886 0.291269309073182 0.521235659283626 0.99 4331.45454545455 68.3030303030303 395.433715754884
0.00181818181818182 1.45060485074889 0.258007971983158 0.705196515566654 0.98 3836.79591836735 56.9183673469388 418.912020728552
0.00181818181818182 1.33650595424697 0.184112090989947 0.545783665031195 0.96 2534.04166666667 41.7916666666667 352.575149002685
0.00181818181818182 1.52542316025566 0.351190497899669 0.0256676835116904 0.98 4971.94897959184 89.3673469387755 383.336695042919
0.00181818181818182 1.47765159926335 0.294180725324168 -0.621399472647957 0.98 5322.22448979592 124.714285714286 428.94450240154
0.00181818181818182 1.42566883906821 0.37028364864825 0.707501461751323 0.98 1817.14285714286 24.9183673469388 382.376014902278
0.00181818181818182 1.48173427423132 0.356889739038509 0.357983943906427 0.99 3511.14141414141 56.9393939393939 429.683422435173
0.00181818181818182 1.46152536878501 0.371257429347641 -0.903098990420681 0.98 3915.54081632653 101.908163265306 499.851383415282
0.00181818181818182 1.50426989685889 0.325199092108279 0.0054236996945719 0.97 5007.21649484536 92.020618556701 415.132682359927
0.00181818181818182 1.39743484940618 0.247018747781469 0.380981230757715 0.95 3115.02105263158 54.0631578947368 389.922267757447
0.00181818181818182 1.46786928027868 0.336332930647768 0.506056973710656 0.98 3182.95918367347 49.4387755102041 446.671925534904
0.00181818181818182 1.40365038635209 0.298320393403992 0.0135092842392623 0.98 2987.78571428571 57.4591836734694 416.098655436987
0.00181818181818182 1.48397660136253 0.364636507513107 -0.612680440466872 0.99 4460.30303030303 102.313131313131 428.971631197243
0.00181818181818182 1.44262729580856 0.290676988273373 0.468084926003235 0.99 3906.48484848485 62.6464646464646 420.369930231497
0.00181818181818182 1.46786928027868 0.336332930647768 0.506056973710656 0.98 3182.95918367347 49.4387755102041 446.671925534904
0.00181818181818182 1.33609886480877 0.164458233667365 0.522939434787427 0.97 3169.54639175258 53.3711340206186 416.916651976259
0.00181818181818182 1.47308422165249 0.294721813392707 -0.357404675759099 0.98 4836.37755102041 105.785714285714 408.672608790352
0.00181818181818182 1.38080488340881 0.282914016486977 -0.598993799257838 0.97 3550.03092783505 91.5876288659794 468.372770078807
0.00181818181818182 1.43059799799524 0.297227941389962 -0.239317023530107 0.95 4115.55789473684 86.4210526315789 434.955872382611
0.00181818181818182 1.56632013767958 0.399066868214868 0.347460192162544 0.99 4456.73737373737 67.6363636363636 420.888195393599
0.00181818181818182 1.38016737569124 0.191894955607131 0.506419609300792 0.97 3142.0824742268 52.8969072164948 390.20089113318
0.00181818181818182 1.41309123679813 0.214248191928886 0.826792478111474 0.96 3491.47916666667 49.6458333333333 361.161865290479
0.00181818181818182 1.46591369969853 0.327291670649939 -0.293201637680236 0.99 4449.72727272727 92.6060606060606 377.879233412182
0.00181818181818182 1.36013165820837 0.190621543922213 -0.597587706168983 0.96 4445.52083333333 113.21875 387.922987619273
0.00181818181818182 1.35563611965626 0.196815964882262 -0.717713313642889 0.96 3689.79166666667 95.6458333333333 382.36430222849
0.00181818181818182 1.37044284159316 0.322078004944005 0.203993380228496 0.99 1548.25252525253 27.4343434343434 343.178602510141
0.00181818181818182 1.39246834734956 0.175586535509574 0.799451091188809 0.95 3830.23157894737 57.4631578947368 390.942421097642
0.00181818181818182 1.45594814325645 0.300038568698073 0.155732065108764 0.97 4287.74226804124 75.680412371134 407.523100434848
0.00181818181818182 1.52868005989684 0.391285826253711 0.484116606630118 0.99 4110.73737373737 61.010101010101 433.000511239165
0.00181818181818182 1.36626941217312 0.28557587263326 -0.471951406030726 0.94 2718.6914893617 65.3617021276596 413.461304940579
0.00181818181818182 1.5297931464389 0.349704266036861 0.148527257144451 0.97 4709.31958762887 81.4639175257732 382.64004016649
0.00181818181818182 1.5001554237346 0.365848130563904 -0.598918462149466 0.97 4849.26804123711 107.268041237113 415.205806445444
0.00181818181818182 1.55179170299288 0.388332512411021 -0.00471435607415722 0.99 5204.26262626263 89.7777777777778 376.561993328853
0.00181818181818182 1.41262816796079 0.390238363691606 -0.0687115653418005 0.97 1628.24742268041 30.1340206185567 385.510936729672
0.00181818181818182 1.35120856943746 0.320869538590478 -0.365618793895769 0.97 1528.42268041237 34.0927835051546 381.954746191427
0.00181818181818182 1.46591369969853 0.327291670649939 -0.293201637680236 0.99 4449.72727272727 92.6060606060606 377.879233412182
0.00181818181818182 1.51237129699439 0.359397897031158 0.70009238505736 0.99 3814.35353535354 54.4444444444444 436.576340051901
0.00181818181818182 1.37562677944079 0.189510992658325 0.493389448616654 0.96 3389.38541666667 58.4166666666667 384.892052274482
0.00181818181818182 1.48275588788322 0.300280224205136 0.417904310414267 0.98 4633.51020408163 74.8775510204082 393.281342531637
0.00181818181818182 1.42045070324093 0.378753159497865 -0.499249107670039 0.96 2484.70833333333 56.71875 454.601543499006
0.00181818181818182 1.50120232594414 0.33265035385184 -0.282262090814641 0.99 4634.9696969697 92.4040404040404 384.11585181431
0.00181818181818182 1.5262971711345 0.390597512037493 0.371100748423487 0.99 4078.07070707071 63.5757575757576 403.376599337582
0.00181818181818182 1.53696411343654 0.286472654407324 0.764611294689169 1 5128.09 73.19 355.127640590293
0.00181818181818182 1.36155247601946 0.171591011972501 -0.00755035741628299 0.96 3573.61458333333 74.4583333333333 375.078608184593
0.00181818181818182 1.49955861429212 0.361903831874498 0.00877446512800889 1 4269.49 77.12 387.926719418214
0.00181818181818182 1.38618323764774 0.185779928147797 0.918199642693846 0.96 3841.91666666667 54.5104166666667 395.193837398863
0.00181818181818182 1.51811339686663 0.387644346067619 -0.163949565735912 0.98 4658.08163265306 86.1938775510204 401.132632464467
0.00181818181818182 1.42828675439763 0.380658271088891 -0.292261269168901 0.98 2283.61224489796 45.9591836734694 442.984081041448
0.00181818181818182 1.47284354995936 0.308252459159121 -0.597968948539346 1 4930.31 111.24 372.767550456327
0.00181818181818182 1.38290548809097 0.302832849911247 0.445180446320764 0.96 2217.02083333333 35.0416666666667 418.931237935383
0.00181818181818182 1.32433198758385 0.263316308907926 -0.45327226379552 0.96 1989.11458333333 47.1666666666667 383.357462047034
0.00181818181818182 1.52829225156456 0.33558516423218 -0.044963107444346 1 5317.94 98.93 380.86145396293
0.00181818181818182 1.50746086668789 0.341387746218472 0.284468233476971 0.97 4504.68041237113 72.9484536082474 383.934885726438
0.00181818181818182 1.36154487402736 0.243486427077143 0.342814717058795 0.98 1893.10204081633 33.8571428571429 365.456537196936
0.00181818181818182 1.39146841178361 0.374459813138143 -0.875070881116814 0.94 2352.68085106383 58.8510638297872 405.733991550747
0.00181818181818182 1.46801990773304 0.321494695913431 -0.442627708977693 0.97 4995.44329896907 110.175257731959 423.146004771303
0.00181818181818182 1.48167560573031 0.338395733977471 -0.80813387301821 0.99 4958.62626262626 120.282828282828 394.728038450978
0.00181818181818182 1.46022163005543 0.271571909098955 0.877874578508866 0.98 4194.86734693878 58.8061224489796 385.465418178851
0.00181818181818182 1.43484796746223 0.309382621336908 -0.460798584109721 0.98 3722.83673469388 85.5816326530612 393.716210391442
0.00181818181818182 1.41410865062681 0.278727228966367 0.584486402860264 0.98 3018.55102040816 46.0918367346939 383.977690618598
0.00181818181818182 1.53557256785315 0.349492907183598 0.345296459173837 0.99 4917.39393939394 76.5252525252525 368.502104298458
0.00181818181818182 1.51210095344647 0.31271845331284 0.517367291100011 1 4804.4 75.39 429.412365748962
0.00181818181818182 1.55184436056516 0.393838309871113 -0.624681904836852 0.99 5141.76767676768 110.313131313131 383.359259751251
0.00181818181818182 1.52296173805371 0.321176533331163 0.0911492481827736 1 5071.86 90.11 384.698027444124
0.00181818181818182 1.43563532620356 0.297588873596345 0.97429451424688 0.96 2971.36458333333 38.875 411.090105009638
0.00181818181818182 1.3620471989736 0.180739740654826 -0.138158849906176 0.96 4232.57291666667 92.09375 386.562883732383
0.00181818181818182 1.49793864991516 0.291150067513809 0.423068032599986 0.97 4705.0618556701 75.5360824742268 373.240904229536
0.00181818181818182 1.47331488316325 0.303538914543376 0.203602129113861 0.97 4560.72164948454 77.2886597938144 400.867739038116
0.00181818181818182 1.5114099361567 0.390861150216903 0.506898600189241 0.97 3588.58762886598 53.3814432989691 455.556606082709
0.00181818181818182 1.53782364831352 0.36736413789564 0.440220510639957 1 4410.94 67.23 412.314621060527
0.00181818181818182 1.37748629011015 0.314377657282408 -0.449889095551688 0.96 2225.10416666667 49.59375 387.1252465311
0.00181818181818182 1.46734358750228 0.243509350308633 0.75434176294263 0.98 4628.17346938776 69.8571428571429 357.720304167438
0.00181818181818182 1.59718364675597 0.397206393341374 0.858146634709152 1 5007.11 64.82 372.450098066844
0.00181818181818182 1.36163075095742 0.25550405109803 -0.3956992154533 0.96 2721.63541666667 64.0833333333333 418.081253254108
0.00181818181818182 1.38311421210931 0.237516517171383 -0.439888915238839 0.95 4028.71578947368 95.2421052631579 430.893796390461
0.00181818181818182 1.47284354995936 0.308252459159121 -0.597968948539346 1 4930.31 111.24 372.767550456327
0.00181818181818182 1.50882395567673 0.397771450027851 0.506867604075193 1 3362.28 48.57 434.503390704562
0.00181818181818182 1.42013391857328 0.361827580759943 0.970355225952159 0.98 1481.61224489796 18.5612244897959 352.845791047776
0.00181818181818182 1.34631048087481 0.17334335460865 -0.396851325707918 0.97 3607.49484536082 86.979381443299 385.754973033648
0.00181818181818182 1.56632013767958 0.399066868214868 0.347460192162544 0.99 4456.73737373737 67.6363636363636 420.888195393599
0.00181818181818182 1.44050118354317 0.321790612846749 0.250074426163116 0.97 3403.52577319588 58.0103092783505 401.772826033887
0.00181818181818182 1.41101570195191 0.288927142455832 0.881134049664808 0.97 2712.26804123711 36.5463917525773 377.987632087495
0.00181818181818182 1.53696411343654 0.286472654407324 0.764611294689169 1 5128.09 73.19 355.127640590293
0.00181818181818182 1.45255007981791 0.271080816132057 0.374331937099013 0.99 4576.92929292929 75.6161616161616 393.156949530455
0.00181818181818182 1.38016737569124 0.191894955607131 0.506419609300792 0.97 3142.0824742268 52.8969072164948 390.20089113318
0.00181818181818182 1.49955861429212 0.361903831874498 0.00877446512800889 1 4269.49 77.12 387.926719418214
0.00181818181818182 1.47284354995936 0.308252459159121 -0.597968948539346 1 4930.31 111.24 372.767550456327
0.00181818181818182 1.46591369969853 0.327291670649939 -0.293201637680236 0.99 4449.72727272727 92.6060606060606 377.879233412182
0.00181818181818182 1.40887784676145 0.243167038726609 0.828966922511829 0.95 3192.76842105263 45.7789473684211 383.912343304971
0.00181818181818182 1.35383780496195 0.236420966358855 -0.938221704214811 0.96 3545.3125 100.010416666667 384.007503123037
0.00181818181818182 1.41591868814222 0.382947743166539 -0.351396605577001 0.97 1938.9587628866 39.6185567010309 389.004523154346
0.00181818181818182 1.37172722092977 0.283834264034051 -0.611748013429179 0.97 2901.8969072165 74.3505154639175 464.76926344199
0.00181818181818182 1.47862095202495 0.390992267318823 0.695115815344478 0.99 2422.69696969697 33.3636363636364 396.939093856574
0.00181818181818182 1.46022163005543 0.271571909098955 0.877874578508866 0.98 4194.86734693878 58.8061224489796 385.465418178851
0.00181818181818182 1.44050118354317 0.321790612846749 0.250074426163116 0.97 3403.52577319588 58.0103092783505 401.772826033887
0.00181818181818182 1.39686079798148 0.379543729388658 -0.489100023227382 0.97 1644.38144329897 34.7216494845361 407.304638770988
0.00181818181818182 1.37756929871667 0.219292303039368 -0.275259375561684 0.96 3970.19791666667 87.75 404.79758414105
0.00181818181818182 1.40295900378365 0.392290196339765 -0.719385250775488 0.98 1974.21428571429 47.2448979591837 432.851842675942
0.00181818181818182 1.45740558862405 0.251058406931997 0.20021379481041 0.98 4563.58163265306 83.3979591836735 369.164436248012
0.00181818181818182 1.3722219802116 0.223967321074058 0.134914832354259 0.97 3671.69072164948 70.1752577319588 408.593546045628
0.00181818181818182 1.52829225156456 0.33558516423218 -0.044963107444346 1 5317.94 98.93 380.86145396293
0.00181818181818182 1.4788986178115 0.39312417821493 0.0831250594928861 1 3206.08 55.56 441.556441678242
0.00181818181818182 1.49793864991516 0.291150067513809 0.423068032599986 0.97 4705.0618556701 75.5360824742268 373.240904229536
0.00181818181818182 1.41259873462841 0.359207198396325 -0.862075947225094 0.98 2748.80612244898 72.1836734693878 443.60026095965
0.00181818181818182 1.42224490877321 0.310843776593082 0.166861832857916 0.97 3226.28865979381 57.1340206185567 449.263841000176
0.00181818181818182 1.52941466921294 0.356410478157803 0.86465426932706 1 4374.36 57.02 416.023975780582
0.00181818181818182 1.43484796746223 0.309382621336908 -0.460798584109721 0.98 3722.83673469388 85.5816326530612 393.716210391442
0.00181818181818182 1.40104394473096 0.220076849787454 -0.0928376201959193 0.95 3804.61052631579 79.7263157894737 406.347427781961
0.00181818181818182 1.40887784676145 0.243167038726609 0.828966922511829 0.95 3192.76842105263 45.7789473684211 383.912343304971
0.00181818181818182 1.51237129699439 0.359397897031158 0.70009238505736 0.99 3814.35353535354 54.4444444444444 436.576340051901
0.00181818181818182 1.43963676453855 0.352271868496153 0.291743734081849 0.97 3038.82474226804 50.1340206185567 427.016698974454
0.00181818181818182 1.46959728606579 0.3635395294395 0.168701251899932 0.98 3396.60204081633 58.3673469387755 421.924514769559
0.00181818181818182 1.43022937342833 0.28271647863237 0.319028825495884 0.97 3871.15463917526 66.2577319587629 420.857037874056
0.00181818181818182 1.53927527367243 0.350624793512295 0.824102023763724 1 5254.7 72.38 398.497723229207
0.00181818181818182 1.35934044960341 0.212870825747612 -0.285436616131986 0.96 3692.86458333333 82.8229166666667 390.894794342859
0.00181818181818182 1.45625211475637 0.334741066611535 -0.0170983736975822 0.98 3599.75510204082 68.9795918367347 427.650480012986
0.00181818181818182 1.37271077461108 0.202666468521373 0.412303688197014 0.97 3753.28865979381 65.2061855670103 405.594759101786
0.00181818181818182 1.39536215416456 0.249278883973153 -0.528460429418498 0.97 3923.42268041237 95.1237113402062 412.881855327542
0.00181818181818182 1.50467618509489 0.333517668285431 -0.407531026975996 1 5128.34 107.57 380.570424624729
0.00181818181818182 1.43129712570462 0.26808984837866 -0.807685403033088 0.98 4733.83673469388 120.959183673469 391.976226836474
0.00181818181818182 1.49822037313133 0.305374944047071 0.492427936289459 0.99 4460.68686868687 72.0707070707071 379.082195509681
0.00181818181818182 1.49334789327637 0.382752497555393 -0.744998077446223 0.98 4261.78571428571 102.612244897959 457.222825823793
0.00181818181818182 1.40104394473096 0.220076849787454 -0.0928376201959193 0.95 3804.61052631579 79.7263157894737 406.347427781961
0.00181818181818182 1.37236929228529 0.287172497669235 -0.281763458158821 0.95 2538.14736842105 56.8 416.393801215241
0.00181818181818182 1.41262816796079 0.390238363691606 -0.0687115653418005 0.97 1628.24742268041 30.1340206185567 385.510936729672
0.00181818181818182 1.31054171044379 0.214758624159731 0.131999852601439 0.96 1686.57291666667 32.5 379.601665616547
0.00181818181818182 1.59197557173055 0.356932933337257 0.991835483348467 1 5349.75 69.3 367.250884789551
0.00181818181818182 1.52564080689511 0.391438298789422 0.071602002319471 0.99 4551.23232323232 78.4040404040404 466.800980443719
0.00181818181818182 1.42348100221998 0.252046376934675 0.417468859560203 0.95 4155.63157894737 69.1263157894737 442.643644759713
0.00181818181818182 1.40644528825083 0.303061087713564 -0.803398160605539 0.98 3279.84693877551 87.265306122449 435.758500332422
0.00181818181818182 1.43986695193086 0.272098429158216 -0.824073702664666 0.99 4863.59595959596 124.868686868687 384.84092246722
0.00181818181818182 1.46786928027868 0.336332930647768 0.506056973710656 0.98 3182.95918367347 49.4387755102041 446.671925534904
0.00181818181818182 1.3460418165361 0.219311472803039 0.80093577717323 0.98 1781.21428571429 25.4081632653061 358.482458752807
0.00181818181818182 1.53696411343654 0.286472654407324 0.764611294689169 1 5128.09 73.19 355.127640590293
0.00181818181818182 1.46076086061075 0.353325595986098 -0.0160742118023336 0.98 3642.69387755102 68.3367346938775 469.118854407351
0.00181818181818182 1.44782517954827 0.235334661845719 -0.203187462662412 0.99 4996.0202020202 105.656565656566 368.780749434476
0.00181818181818182 1.45060485074889 0.258007971983158 0.705196515566654 0.98 3836.79591836735 56.9183673469388 418.912020728552
0.00181818181818182 1.41530919624493 0.310441727121361 0.858465656638145 0.98 2137.87755102041 27.8061224489796 416.157300900548
0.00181818181818182 1.49955861429212 0.361903831874498 0.00877446512800889 1 4269.49 77.12 387.926719418214
0.00181818181818182 1.39154151845723 0.370318008749746 -0.259337211493403 0.99 1622.14141414141 33.3737373737374 380.203572903488
0.00181818181818182 1.38381727854881 0.324596561277223 0.253246677155429 0.98 1866.64285714286 32.6122448979592 404.49199789245
0.00181818181818182 1.37274614498019 0.29012066279538 -0.294942480046302 0.96 2252.15625 49.2604166666667 394.763205454222
0.00181818181818182 1.43563532620356 0.297588873596345 0.97429451424688 0.96 2971.36458333333 38.875 411.090105009638
0.00181818181818182 1.50746743182453 0.325027948996809 -0.247794131146695 0.98 4865.16326530612 98.2040816326531 394.403175443625
0.00181818181818182 1.30128682591021 0.223282276699319 0.212346044369042 0.98 1718 32.2448979591837 363.728494126182
0.00181818181818182 1.41943529247893 0.297076286424429 -0.935678279153581 0.99 4131.49494949495 112.262626262626 441.654349258341
0.00181818181818182 1.45808295108217 0.274626946660555 -0.22493301983025 0.98 4593.45918367347 94.8265306122449 364.957024142153
0.00181818181818182 1.53696411343654 0.286472654407324 0.764611294689169 1 5128.09 73.19 355.127640590293
0.00181818181818182 1.52192772589624 0.379237614572048 0.000529963988810778 0.99 4713.12121212121 83.4141414141414 431.146862294987
0.00181818181818182 1.39710701993764 0.155338234752383 0.732690013506323 0.95 4186.46315789474 65.2947368421053 390.738305605985
0.00181818181818182 1.43413290286134 0.289944657063281 -0.313387272277115 0.95 4237.1052631579 92.3894736842105 409.600319745303
0.00181818181818182 1.46786928027868 0.336332930647768 0.506056973710656 0.98 3182.95918367347 49.4387755102041 446.671925534904
0.00181818181818182 1.41728594578216 0.349657343292441 -0.738924425936659 0.98 2837.16326530612 72.9285714285714 456.131451424589
0.00181818181818182 1.54288214960229 0.388635156116699 0.527473611677386 0.99 4506.77777777778 66.2323232323232 441.266654445268
0.00181818181818182 1.44050118354317 0.321790612846749 0.250074426163116 0.97 3403.52577319588 58.0103092783505 401.772826033887
0.00181818181818182 1.43067823641865 0.36734945761346 0.724465088464241 0.98 1637.74489795918 21.3469387755102 377.941342947684
0.00181818181818182 1.42837037959315 0.279980171587821 0.0998390018297758 0.98 3858.64285714286 71.6836734693878 401.837885558137
0.00181818181818182 1.33847422616336 0.278063306962666 -0.499549229397415 0.96 2219.73958333333 54.5104166666667 405.319495045439
0.00181818181818182 1.4900248075158 0.388858905472767 0.604499537948948 1 2999.93 42.42 439.358203896836
0.00181818181818182 1.43563532620356 0.297588873596345 0.97429451424688 0.96 2971.36458333333 38.875 411.090105009638
0.00181818181818182 1.42167604914627 0.24125950647855 0.400677479168628 0.98 4048.68367346939 67.9795918367347 431.918401033623
0.00181818181818182 1.46901736895112 0.33030342797252 -0.650424924289677 0.97 4692.54639175258 110.907216494845 417.50175849076
0.00181818181818182 1.42905446928216 0.294404024223416 0.725362815974492 0.96 3110.20833333333 44.8229166666667 414.032724810001
0.00181818181818182 1.36524404902011 0.263949940470047 -0.561984088737518 0.95 3301.67368421053 83.0421052631579 422.264868477049
0.00181818181818182 1.47579835697602 0.392937966942311 0.34324261296529 0.98 2676.80612244898 41.765306122449 442.550784438075
0.00181818181818182 1.42738276981246 0.367884964719639 0.78281133476367 0.98 1700.19387755102 21.6632653061224 347.206675356952
0.00181818181818182 1.43484796746223 0.309382621336908 -0.460798584109721 0.98 3722.83673469388 85.5816326530612 393.716210391442
0.00181818181818182 1.35398813096008 0.235290025307805 0.153893108496988 0.97 2603.43298969072 49.4742268041237 406.782223321137
0.00181818181818182 1.47053461425016 0.326165621844608 -0.299284250294105 0.99 4708.47474747475 94.8080808080808 367.891092533592
0.00181818181818182 1.35383780496195 0.236420966358855 -0.938221704214811 0.96 3545.3125 100.010416666667 384.007503123037
0.00181818181818182 1.4788986178115 0.39312417821493 0.0831250594928861 1 3206.08 55.56 441.556441678242
0.00181818181818182 1.49227495022832 0.358195728641405 0.489865699786189 1 3761.55 57.96 412.731479873801
0.00181818181818182 1.44736944258824 0.353338140259007 -0.20482190866329 0.95 3542.94736842105 70.1368421052632 455.520113429621
0.00181818181818182 1.33157849014875 0.227347735870321 -0.638651374074526 0.96 2661.79166666667 70.9583333333333 406.207310752951
0.00181818181818182 1.53332173230505 0.387469286378414 0.226930481980256 0.99 4997.43434343434 80.6868686868687 401.760468319886
0.00181818181818182 1.48938471582703 0.342823405042846 -0.472142674350447 0.99 4842.90909090909 101.333333333333 393.318613341075
0.00181818181818182 1.3743200336971 0.272140754610981 0.511590087306635 0.98 2098.54081632653 33.530612244898 371.989510420236
0.00181818181818182 1.51730846166611 0.29880730304867 -0.0844955053180456 0.99 4764.9696969697 93.2222222222222 358.684528103414
0.00181818181818182 1.43484796746223 0.309382621336908 -0.460798584109721 0.98 3722.83673469388 85.5816326530612 393.716210391442
0.00181818181818182 1.41101595135406 0.250632428005338 0.254300109576434 0.97 3432.87628865979 62.1958762886598 337.318281932958
0.00181818181818182 1.44790636021644 0.198555001290515 0.509963633492589 1 5289.16 88.79 368.649346055594
0.00181818181818182 1.40287524834275 0.346888427203521 -0.509731791913509 0.98 2529.72448979592 58.234693877551 436.260788006782
0.00181818181818182 1.53332173230505 0.387469286378414 0.226930481980256 0.99 4997.43434343434 80.6868686868687 401.760468319886
0.00181818181818182 1.37756929871667 0.219292303039368 -0.275259375561684 0.96 3970.19791666667 87.75 404.79758414105
0.00181818181818182 1.35062645207145 0.228845752227227 -0.752122873554023 0.95 3769.27368421053 100.768421052632 409.916732437997
0.00181818181818182 1.40239013843238 0.276128029171377 0.904951362870634 0.99 2731.63636363636 35.3333333333333 431.938878071913
0.00181818181818182 1.41705689242046 0.362344712647782 -0.0817556637078647 0.99 2185.29292929293 41.4949494949495 431.07606234728
0.00181818181818182 1.46901736895112 0.33030342797252 -0.650424924289677 0.97 4692.54639175258 110.907216494845 417.50175849076
0.00181818181818182 1.46802066297165 0.335140492244675 -0.392282373590035 0.97 4398.39175257732 92.8969072164948 403.571342565811
0.00181818181818182 1.40679296730876 0.373922620744703 -0.807224212677614 0.97 2031.22680412371 49.020618556701 399.455671040846
0.00181818181818182 1.46960680214688 0.362634484353475 -0.37418844178319 0.99 3981.27272727273 83.1111111111111 436.376944776087
0.00181818181818182 1.47224213716943 0.334816801749183 -0.196316308882534 0.97 4673.31958762887 93.0618556701031 420.289476175182
0.00181818181818182 1.41101595135406 0.250632428005338 0.254300109576434 0.97 3432.87628865979 62.1958762886598 337.318281932958
0.00181818181818182 1.60198227381334 0.388328464352526 0.446511731483042 1 5062.88 75.68 369.600413002365
0.00181818181818182 1.59718364675597 0.397206393341374 0.858146634709152 1 5007.11 64.82 372.450098066844
0.00181818181818182 1.41147860926918 0.278459796662531 0.0348133643147283 0.97 3434.83505154639 66.0824742268041 383.117476743804
0.00181818181818182 1.43563532620356 0.297588873596345 0.97429451424688 0.96 2971.36458333333 38.875 411.090105009638
0.00181818181818182 1.38016737569124 0.191894955607131 0.506419609300792 0.97 3142.0824742268 52.8969072164948 390.20089113318
0.00181818181818182 1.53350742912505 0.320570895016521 0.590931774123444 1 5356.84 80.93 396.190177211324
0.00181818181818182 1.49096230623514 0.359367660100719 -0.755415794698595 0.97 4651.41237113402 110.113402061856 392.560106515026
0.00181818181818182 1.40773004808203 0.285886396483638 0.048434650147738 0.95 3558.26315789474 68.0315789473684 418.637827492653
0.00181818181818182 1.34631048087481 0.17334335460865 -0.396851325707918 0.97 3607.49484536082 86.979381443299 385.754973033648
0.00181818181818182 1.42653588691259 0.259930340427009 -0.383590099176851 0.98 4996.12244897959 111.438775510204 432.275452392721
0.00181818181818182 1.48842808138579 0.260337875178084 0.809422781690955 0.98 5071.12244897959 72.8673469387755 379.152032222324
0.00181818181818182 1.48472334895711 0.32305500168323 0.682368623527677 0.97 4096.24742268041 59.1030927835052 423.030509042404
0.00181818181818182 1.38290548809097 0.302832849911247 0.445180446320764 0.96 2217.02083333333 35.0416666666667 418.931237935383
0.00181818181818182 1.51396287965811 0.344881704072777 0.499064075818431 0.99 4472.85858585859 67.2626262626263 409.914361391327
0.00181818181818182 1.43266263773465 0.393411797342354 -0.106181410613382 0.98 2280.08163265306 42.8163265306122 411.362741618512
0.00181818181818182 1.40024836391529 0.312372695817301 0.434281387130807 0.98 2599.5612244898 41.1938775510204 411.226705690817
0.00181818181818182 1.40104394473096 0.220076849787454 -0.0928376201959193 0.95 3804.61052631579 79.7263157894737 406.347427781961
0.00181818181818182 1.37236929228529 0.287172497669235 -0.281763458158821 0.95 2538.14736842105 56.8 416.393801215241
0.00181818181818182 1.51886116442898 0.354511731710759 -0.194166092972389 0.99 5119.9797979798 98.7373737373737 390.060910958632
0.00181818181818182 1.39154151845723 0.370318008749746 -0.259337211493403 0.99 1622.14141414141 33.3737373737374 380.203572903488
0.00181818181818182 1.47435364991082 0.31421427430308 -0.382101643685745 0.98 4362.86734693878 94.7244897959184 401.068349729058
0.00181818181818182 1.45906363454737 0.279719629444894 -0.11112576332082 0.97 4949.71134020619 97.2886597938144 383.075582712601
0.00181818181818182 1.44915674355051 0.368537341086617 0.215205408433671 0.98 2701.86734693878 45.1938775510204 434.095818071787
0.00181818181818182 1.47053461425016 0.326165621844608 -0.299284250294105 0.99 4708.47474747475 94.8080808080808 367.891092533592
0.00181818181818182 1.50425895109412 0.30412551982384 0.716717262835265 0.99 4820.58585858586 69.8989898989899 364.826842679999
0.00181818181818182 1.35563611965626 0.196815964882262 -0.717713313642889 0.96 3689.79166666667 95.6458333333333 382.36430222849
0.00181818181818182 1.37271077461108 0.202666468521373 0.412303688197014 0.97 3753.28865979381 65.2061855670103 405.594759101786
0.00181818181818182 1.53782364831352 0.36736413789564 0.440220510639957 1 4410.94 67.23 412.314621060527
0.00181818181818182 1.3460418165361 0.219311472803039 0.80093577717323 0.98 1781.21428571429 25.4081632653061 358.482458752807
0.00181818181818182 1.49369407594835 0.331898918575979 -0.0253208004991972 0.98 4781.39795918367 88.5510204081633 415.695003281371
0.00181818181818182 1.34631048087481 0.17334335460865 -0.396851325707918 0.97 3607.49484536082 86.979381443299 385.754973033648
0.00181818181818182 1.34006431802431 0.320013617671737 -0.431707119750782 0.98 1310.52040816327 29.8979591836735 361.010620094618
0.00181818181818182 1.52824191934426 0.298187340406761 0.269940854688646 0.99 5346.0202020202 91.1616161616162 375.376942522704
0.00181818181818182 1.36095483465602 0.243818799062818 -0.704869474778698 0.94 3310.34042553192 87.968085106383 431.773791141875
0.00181818181818182 1.4320999322452 0.25243444245326 0.388979292376333 1 3990.56 68.03 409.789041285559
0.00181818181818182 1.31509142946452 0.244428489170969 -0.438815499190241 0.95 2001.26315789474 48 398.235008104179
0.00181818181818182 1.31054171044379 0.214758624159731 0.131999852601439 0.96 1686.57291666667 32.5 379.601665616547
0.00181818181818182 1.46769483071822 0.280261442377264 0.066771651473509 0.98 4795.16326530612 89.2551020408163 388.95881809817
0.00181818181818182 1.4731956346389 0.298331518506891 0.529033052360761 0.97 4268.27835051546 66.4123711340206 411.58906603125
0.00181818181818182 1.37521682413406 0.339346599258196 -0.206772617771689 0.95 1959.07368421053 39.9894736842105 404.773520570972
0.00181818181818182 1.35563611965626 0.196815964882262 -0.717713313642889 0.96 3689.79166666667 95.6458333333333 382.36430222849
0.00181818181818182 1.46901736895112 0.33030342797252 -0.650424924289677 0.97 4692.54639175258 110.907216494845 417.50175849076
0.00181818181818182 1.33650595424697 0.184112090989947 0.545783665031195 0.96 2534.04166666667 41.7916666666667 352.575149002685
0.00181818181818182 1.41135146229695 0.351969087452918 -0.893298036284954 0.97 2990.87628865979 81.1546391752577 439.987885301256
0.00181818181818182 1.38906716439961 0.265641104925874 0.749676588441234 0.98 2565.19387755102 37.5 413.996567424687
0.00181818181818182 1.51192407867205 0.274629090516512 0.235153488987449 1 5328.08 94.78 374.565171533469
0.00181818181818182 1.3629126516071 0.183731123802834 0.240274603068606 0.97 3296.29896907217 62.3814432989691 387.036242028294
0.00181818181818182 1.32433198758385 0.263316308907926 -0.45327226379552 0.96 1989.11458333333 47.1666666666667 383.357462047034
0.00181818181818182 1.36524404902011 0.263949940470047 -0.561984088737518 0.95 3301.67368421053 83.0421052631579 422.264868477049
0.00181818181818182 1.49955861429212 0.361903831874498 0.00877446512800889 1 4269.49 77.12 387.926719418214
0.00181818181818182 1.43367144313097 0.296632930923466 0.73114831021517 0.95 2717.18947368421 38.2 397.464190951745
0.00181818181818182 1.39710701993764 0.155338234752383 0.732690013506323 0.95 4186.46315789474 65.2947368421053 390.738305605985
0.00181818181818182 1.33189618495418 0.309870804058492 -0.00916397722513784 0.96 1438.57291666667 27.8541666666667 373.198467683288
0.00181818181818182 1.42580020340383 0.303319192153015 0.130347098785706 0.99 3078.80808080808 57.1515151515151 400.606780220712
0.00181818181818182 1.5323358915861 0.364498824438125 0.446762864353701 0.97 4667.03092783505 71.6494845360825 375.890208248622
0.00181818181818182 1.51159466773565 0.330930614575319 0.896760447031148 1 4257.35 56 389.3371759109
0.00181818181818182 1.53690600460147 0.37922510170751 0.0807267886513363 0.99 4973.93939393939 86.3131313131313 431.795240014479
0.00181818181818182 1.40429910868619 0.292359753825896 -0.852147021441499 0.96 3946.84375 102.989583333333 405.84202831287
0.00181818181818182 1.45027753936743 0.37394468385972 0.732620283710955 0.98 2069.33673469388 27.0510204081633 398.816802066059
0.00181818181818182 1.41284567240616 0.358601519640134 0.564509452238327 0.98 1656.69387755102 24.0918367346939 368.584359684409
0.00181818181818182 1.39103297928991 0.28384746074622 0.484350650375159 0.98 2423.85714285714 39.0918367346939 423.374842162521
0.00181818181818182 1.40140814925678 0.268103184010712 -0.358607991641092 0.99 3945.32323232323 88.0909090909091 451.619813520469
0.00181818181818182 1.41795881523619 0.394356048197095 0.52698691660908 0.98 1501.9693877551 21.4795918367347 370.494619668454
0.00181818181818182 1.45900501758648 0.270498924193019 -0.0421545305968468 0.97 4889.64948453608 95.8247422680412 388.621010289037
0.00181818181818182 1.40238323408589 0.331078500865894 -0.236337533319825 0.98 2566.09183673469 53.0816326530612 420.632238150722
0.00181818181818182 1.45506406067886 0.291269309073182 0.521235659283626 0.99 4331.45454545455 68.3030303030303 395.433715754884
0.00181818181818182 1.52192772589624 0.379237614572048 0.000529963988810778 0.99 4713.12121212121 83.4141414141414 431.146862294987
0.00181818181818182 1.40295900378365 0.392290196339765 -0.719385250775488 0.98 1974.21428571429 47.2448979591837 432.851842675942
0.00181818181818182 1.38311421210931 0.237516517171383 -0.439888915238839 0.95 4028.71578947368 95.2421052631579 430.893796390461
0.00181818181818182 1.37071353371233 0.216147291765988 -0.583405512681796 0.97 4215.79381443299 101.237113402062 359.606768142884
0.00181818181818182 1.40995253264811 0.309345965327636 -0.179921696234167 0.97 2961.98969072165 59.8556701030928 453.21330313474
0.00181818181818182 1.51154428545003 0.378292994208016 0.650700079091234 0.97 4290.15463917526 61.2886597938144 415.779539469433
0.00181818181818182 1.34631048087481 0.17334335460865 -0.396851325707918 0.97 3607.49484536082 86.979381443299 385.754973033648
0.00181818181818182 1.43484796746223 0.309382621336908 -0.460798584109721 0.98 3722.83673469388 85.5816326530612 393.716210391442
0.00181818181818182 1.50135692480308 0.39015016209682 0.942404085241424 0.95 3067.89473684211 39.4526315789474 452.827999378931
0.00181818181818182 1.39122459938698 0.375573346556193 -0.818949674417981 0.97 2315.82474226804 57.9690721649485 408.037783811761
0.00181818181818182 1.39641968375072 0.276092363614589 -0.219580504111946 0.95 3189.32631578947 70.4526315789474 444.88146760274
0.00181818181818182 1.30858822026379 0.260552399021823 -0.495115559367549 0.98 1371.64285714286 33.3163265306122 354.15495454302
0.00181818181818182 1.3220423459958 0.220300910442055 0.247959769158705 0.96 1950.61458333333 35.8541666666667 387.462614508923
0.00181818181818182 1.46126245257448 0.307423129194995 0.899669428834465 0.98 3476.14285714286 45.9489795918367 421.829371427618
0.00181818181818182 1.3460418165361 0.219311472803039 0.80093577717323 0.98 1781.21428571429 25.4081632653061 358.482458752807
0.00181818181818182 1.41101595135406 0.250632428005338 0.254300109576434 0.97 3432.87628865979 62.1958762886598 337.318281932958
0.00181818181818182 1.39745157475616 0.320927985376205 0.252750709122131 0.96 2078.5 35.3229166666667 409.684283237092
0.00181818181818182 1.40239013843238 0.276128029171377 0.904951362870634 0.99 2731.63636363636 35.3333333333333 431.938878071913
0.00181818181818182 1.46959728606579 0.3635395294395 0.168701251899932 0.98 3396.60204081633 58.3673469387755 421.924514769559
0.00181818181818182 1.38618323764774 0.185779928147797 0.918199642693846 0.96 3841.91666666667 54.5104166666667 395.193837398863
0.00181818181818182 1.51583396021711 0.346334612041786 0.569495126309338 0.98 4620.16326530612 67.9183673469388 398.371263308312
0.00181818181818182 1.55184436056516 0.393838309871113 -0.624681904836852 0.99 5141.76767676768 110.313131313131 383.359259751251
0.00181818181818182 1.37756929871667 0.219292303039368 -0.275259375561684 0.96 3970.19791666667 87.75 404.79758414105
0.00181818181818182 1.43002445886591 0.313108006419199 0.559791268458682 0.96 3263.57291666667 50.21875 445.578032078177
0.00181818181818182 1.47284354995936 0.308252459159121 -0.597968948539346 1 4930.31 111.24 372.767550456327
0.00181818181818182 1.47053461425016 0.326165621844608 -0.299284250294105 0.99 4708.47474747475 94.8080808080808 367.891092533592
0.00181818181818182 1.39098935332462 0.285200926088949 0.21221228483835 0.97 2281.21649484536 40.8144329896907 414.287006648008
0.00181818181818182 1.57158123746996 0.39822946733225 0.0246546435113908 1 5372.12 89.72 372.339256846332
0.00181818181818182 1.40104394473096 0.220076849787454 -0.0928376201959193 0.95 3804.61052631579 79.7263157894737 406.347427781961
0.00181818181818182 1.46701468574388 0.327040231472649 -0.230771446467895 0.99 4285.45454545455 88.0909090909091 425.877498816434
0.00181818181818182 1.44806753929339 0.282388378893508 0.614969961416885 0.98 3453.09183673469 52.2857142857143 390.681753521992
0.00181818181818182 1.38356263136194 0.272468791318832 -0.294562310136295 0.98 2885.74489795918 64.4591836734694 415.506998077073
0.00181818181818182 1.40104394473096 0.220076849787454 -0.0928376201959193 0.95 3804.61052631579 79.7263157894737 406.347427781961
0.00181818181818182 1.43266263773465 0.393411797342354 -0.106181410613382 0.98 2280.08163265306 42.8163265306122 411.362741618512
0.00181818181818182 1.53696411343654 0.286472654407324 0.764611294689169 1 5128.09 73.19 355.127640590293
0.00181818181818182 1.50425895109412 0.30412551982384 0.716717262835265 0.99 4820.58585858586 69.8989898989899 364.826842679999
0.00181818181818182 1.43499836509402 0.275975473346968 0.0942469629654721 0.99 4659.37373737374 87.1616161616162 440.026321206251
0.00181818181818182 1.38349432265386 0.382648902060464 -0.165832979604602 0.98 1534.36734693878 29.4795918367347 375.916706340819
0.00181818181818182 1.41101595135406 0.250632428005338 0.254300109576434 0.97 3432.87628865979 62.1958762886598 337.318281932958
0.00181818181818182 1.47767262737109 0.390460815763493 -0.0783048968659337 0.96 3535.96875 66.09375 454.024275429475
0.00181818181818182 1.40407745459448 0.285193949395252 -0.532012872164516 0.96 3957.51041666667 95.9375 441.368026024541
0.00181818181818182 1.40299200015143 0.365679745795205 0.436360048130155 0.97 1647.67010309278 25.1958762886598 380.997922906533
0.00181818181818182 1.46521777467788 0.366170444426253 0.126965398665715 0.99 3540.30303030303 62.8686868686869 467.890312390387
0.00181818181818182 1.4002511563528 0.379712327379991 -0.76323892452538 0.95 2053.53684210526 49.3578947368421 422.081712905338
0.00181818181818182 1.43686660552558 0.333859172349382 -0.471793858499022 0.99 3413.12121212121 77.2525252525252 429.876440018636
