0.00181818181818182 1.42349024180838 0.322906669536066 -0.197982326390949 0.99 3017.49494949495 64.989898989899 441.241921431259
0.00181818181818182 1.4195613854685 0.356520577354918 -0.627453079787673 0.99 2828.67676767677 66.3434343434343 426.287570818625
0.00181818181818182 1.42349024180838 0.322906669536066 -0.197982326390949 0.99 3017.49494949495 64.989898989899 441.241921431259
0.00181818181818182 1.40818201893791 0.3448645298211 -0.441673375518328 0.99 2438.08080808081 56.4949494949495 455.509677978146
0.00181818181818182 1.4195613854685 0.356520577354918 -0.627453079787673 0.99 2828.67676767677 66.3434343434343 426.287570818625
0.00181818181818182 1.41557285266888 0.392268770054414 -0.670476966136827 0.99 2395.63636363636 55.8080808080808 441.710609556161
0.00181818181818182 1.38930459076095 0.316530841918974 -0.319181444270887 0.99 2703.27272727273 58.8080808080808 437.693669410697
0.00181818181818182 1.41557285266888 0.392268770054414 -0.670476966136827 0.99 2395.63636363636 55.8080808080808 441.710609556161
0.00181818181818182 1.40632836835036 0.365787854029123 -0.693981614196096 1 2514.8 61.88 434.453498085807
0.00181818181818182 1.42939499489246 0.352795929573594 -0.729353876278669 1 3145.13 76.82 446.964720978452
0.00181818181818182 1.39274697678187 0.323008917256828 -0.41109495129868 1 2391.26 54.37 438.997567999416
0.00181818181818182 1.43675516229826 0.370969701409615 -0.804966393045725 1 3127.85 77.46 470.168642243109
0.00181818181818182 1.41618225954801 0.364562786011213 -0.477041235578902 0.99 2471.25252525253 56.7070707070707 447.160114934734
0.00181818181818182 1.4195613854685 0.356520577354918 -0.627453079787673 0.99 2828.67676767677 66.3434343434343 426.287570818625
0.00181818181818182 1.42349024180838 0.322906669536066 -0.197982326390949 0.99 3017.49494949495 64.989898989899 441.241921431259
0.00181818181818182 1.38600096799312 0.320839099380467 -0.478370722414881 0.99 2486.60606060606 58.3232323232323 446.598596894877
0.00181818181818182 1.44234382867905 0.395612977693977 -0.831452234423803 1 2929.13 73.1 445.891308406052
0.00181818181818182 1.43143882139287 0.356807277473212 -0.732236624805598 0.99 2939.87878787879 73.3131313131313 454.774470319856
0.00181818181818182 1.39340101988266 0.328984045456308 -0.736533109730325 1 2630.29 66.68 428.478762759867
0.00181818181818182 1.43413779458552 0.373964505408052 -0.587539010420425 0.99 2822.31313131313 65.989898989899 433.289432564843
0.00181818181818182 1.38600096799312 0.320839099380467 -0.478370722414881 0.99 2486.60606060606 58.3232323232323 446.598596894877
0.00181818181818182 1.42349024180838 0.322906669536066 -0.197982326390949 0.99 3017.49494949495 64.989898989899 441.241921431259
0.00181818181818182 1.41746731819201 0.346254755575226 -0.456200343416299 0.99 2707.9595959596 61.6363636363636 446.106968989049
0.00181818181818182 1.38600096799312 0.320839099380467 -0.478370722414881 0.99 2486.60606060606 58.3232323232323 446.598596894877
0.00181818181818182 1.42939499489246 0.352795929573594 -0.729353876278669 1 3145.13 76.82 446.964720978452
0.00181818181818182 1.41016093107705 0.330096693899342 -0.503670452152565 0.99 2957.45454545455 70.3939393939394 434.038372015586
0.00181818181818182 1.40202745335928 0.347318246485396 -0.600903624806696 0.99 2524.13131313131 60.2222222222222 431.618525962263
0.00181818181818182 1.4195613854685 0.356520577354918 -0.627453079787673 0.99 2828.67676767677 66.3434343434343 426.287570818625
0.00181818181818182 1.4195613854685 0.356520577354918 -0.627453079787673 0.99 2828.67676767677 66.3434343434343 426.287570818625
0.00181818181818182 1.44234382867905 0.395612977693977 -0.831452234423803 1 2929.13 73.1 445.891308406052
0.00181818181818182 1.43155024420465 0.347816929056227 -0.447739554005757 0.99 2877.68686868687 65.1111111111111 434.77580366905
0.00181818181818182 1.4195613854685 0.356520577354918 -0.627453079787673 0.99 2828.67676767677 66.3434343434343 426.287570818625
0.00181818181818182 1.4195613854685 0.356520577354918 -0.627453079787673 0.99 2828.67676767677 66.3434343434343 426.287570818625
0.00181818181818182 1.4195613854685 0.356520577354918 -0.627453079787673 0.99 2828.67676767677 66.3434343434343 426.287570818625
0.00181818181818182 1.42939499489246 0.352795929573594 -0.729353876278669 1 3145.13 76.82 446.964720978452
0.00181818181818182 1.44234382867905 0.395612977693977 -0.831452234423803 1 2929.13 73.1 445.891308406052
0.00181818181818182 1.44234382867905 0.395612977693977 -0.831452234423803 1 2929.13 73.1 445.891308406052
0.00181818181818182 1.4195613854685 0.356520577354918 -0.627453079787673 0.99 2828.67676767677 66.3434343434343 426.287570818625
0.00181818181818182 1.4195613854685 0.356520577354918 -0.627453079787673 0.99 2828.67676767677 66.3434343434343 426.287570818625
0.00181818181818182 1.4195613854685 0.356520577354918 -0.627453079787673 0.99 2828.67676767677 66.3434343434343 426.287570818625
0.00181818181818182 1.38600096799312 0.320839099380467 -0.478370722414881 0.99 2486.60606060606 58.3232323232323 446.598596894877
0.00181818181818182 1.4195613854685 0.356520577354918 -0.627453079787673 0.99 2828.67676767677 66.3434343434343 426.287570818625
0.00181818181818182 1.4238662165512 0.372894752201068 -0.528238848356032 1 2401.26 55.43 432.077221942835
0.00181818181818182 1.41618225954801 0.364562786011213 -0.477041235578902 0.99 2471.25252525253 56.7070707070707 447.160114934734
0.00181818181818182 1.38600096799312 0.320839099380467 -0.478370722414881 0.99 2486.60606060606 58.3232323232323 446.598596894877
0.00181818181818182 1.40921510629916 0.336551773790574 -0.396881457793454 1 2792.42 62.81 447.924608198627
0.00181818181818182 1.43413779458552 0.373964505408052 -0.587539010420425 0.99 2822.31313131313 65.989898989899 433.289432564843
0.00181818181818182 1.40632836835036 0.365787854029123 -0.693981614196096 1 2514.8 61.88 434.453498085807
0.00181818181818182 1.44484123454117 0.387886336526736 -0.545412187360035 0.99 3041.18181818182 68.010101010101 453.482283399297
0.00181818181818182 1.40632836835036 0.365787854029123 -0.693981614196096 1 2514.8 61.88 434.453498085807
0.00181818181818182 1.40921510629916 0.336551773790574 -0.396881457793454 1 2792.42 62.81 447.924608198627
0.00181818181818182 1.45648079643561 0.399018411230006 -0.710901865781296 0.99 3148.75757575758 73.4141414141414 457.771525293824
0.00181818181818182 1.4195613854685 0.356520577354918 -0.627453079787673 0.99 2828.67676767677 66.3434343434343 426.287570818625
0.00181818181818182 1.42349024180838 0.322906669536066 -0.197982326390949 0.99 3017.49494949495 64.989898989899 441.241921431259
0.00181818181818182 1.4195613854685 0.356520577354918 -0.627453079787673 0.99 2828.67676767677 66.3434343434343 426.287570818625
0.00181818181818182 1.4195613854685 0.356520577354918 -0.627453079787673 0.99 2828.67676767677 66.3434343434343 426.287570818625
0.00181818181818182 1.41088088020819 0.393556449345537 -0.948264397335929 0.99 2194 58.020202020202 442.88840046295
0.00181818181818182 1.40202745335928 0.347318246485396 -0.600903624806696 0.99 2524.13131313131 60.2222222222222 431.618525962263
0.00181818181818182 1.38600096799312 0.320839099380467 -0.478370722414881 0.99 2486.60606060606 58.3232323232323 446.598596894877
0.00181818181818182 1.4195613854685 0.356520577354918 -0.627453079787673 0.99 2828.67676767677 66.3434343434343 426.287570818625
0.00181818181818182 1.4259669238913 0.362578102467549 -0.680133667131815 1 3096.32 75.07 441.997247074839
0.00181818181818182 1.41618225954801 0.364562786011213 -0.477041235578902 0.99 2471.25252525253 56.7070707070707 447.160114934734
0.00181818181818182 1.43327696073412 0.37499666898514 -0.606024314289308 0.99 2659.62626262626 60.5555555555556 434.506865741201
0.00181818181818182 1.4238662165512 0.372894752201068 -0.528238848356032 1 2401.26 55.43 432.077221942835
0.00181818181818182 1.4195613854685 0.356520577354918 -0.627453079787673 0.99 2828.67676767677 66.3434343434343 426.287570818625
0.00181818181818182 1.4238662165512 0.372894752201068 -0.528238848356032 1 2401.26 55.43 432.077221942835
0.00181818181818182 1.42349024180838 0.322906669536066 -0.197982326390949 0.99 3017.49494949495 64.989898989899 441.241921431259
0.00181818181818182 1.4195613854685 0.356520577354918 -0.627453079787673 0.99 2828.67676767677 66.3434343434343 426.287570818625
0.00181818181818182 1.42939499489246 0.352795929573594 -0.729353876278669 1 3145.13 76.82 446.964720978452
0.00181818181818182 1.4238662165512 0.372894752201068 -0.528238848356032 1 2401.26 55.43 432.077221942835
0.00181818181818182 1.43149460066054 0.396293899953443 -0.80116718030932 0.99 2657.92929292929 66.6060606060606 428.411177934015
0.00181818181818182 1.42939499489246 0.352795929573594 -0.729353876278669 1 3145.13 76.82 446.964720978452
0.00181818181818182 1.4238662165512 0.372894752201068 -0.528238848356032 1 2401.26 55.43 432.077221942835
0.00181818181818182 1.41488150066795 0.331998271737786 -0.47862744052627 0.99 3131.90909090909 72.4242424242424 454.273088889852
0.00181818181818182 1.41746731819201 0.346254755575226 -0.456200343416299 0.99 2707.9595959596 61.6363636363636 446.106968989049
0.00181818181818182 1.4195613854685 0.356520577354918 -0.627453079787673 0.99 2828.67676767677 66.3434343434343 426.287570818625
0.00181818181818182 1.43964004552987 0.34897357681688 -0.294373655165795 1 3219.87 69.01 439.375339739367
0.00181818181818182 1.43149460066054 0.396293899953443 -0.80116718030932 0.99 2657.92929292929 66.6060606060606 428.411177934015
0.00181818181818182 1.41618225954801 0.364562786011213 -0.477041235578902 0.99 2471.25252525253 56.7070707070707 447.160114934734
0.00181818181818182 1.4238662165512 0.372894752201068 -0.528238848356032 1 2401.26 55.43 432.077221942835
0.00181818181818182 1.42939499489246 0.352795929573594 -0.729353876278669 1 3145.13 76.82 446.964720978452
0.00181818181818182 1.38600096799312 0.320839099380467 -0.478370722414881 0.99 2486.60606060606 58.3232323232323 446.598596894877
0.00181818181818182 1.42349024180838 0.322906669536066 -0.197982326390949 0.99 3017.49494949495 64.989898989899 441.241921431259
0.00181818181818182 1.40202745335928 0.347318246485396 -0.600903624806696 0.99 2524.13131313131 60.2222222222222 431.618525962263
0.00181818181818182 1.42349024180838 0.322906669536066 -0.197982326390949 0.99 3017.49494949495 64.989898989899 441.241921431259
0.00181818181818182 1.38600096799312 0.320839099380467 -0.478370722414881 0.99 2486.60606060606 58.3232323232323 446.598596894877
0.00181818181818182 1.43290801112279 0.37972444683956 -0.641889311394072 0.99 2893.69696969697 68.6767676767677 449.173880225098
0.00181818181818182 1.38600096799312 0.320839099380467 -0.478370722414881 0.99 2486.60606060606 58.3232323232323 446.598596894877
0.00181818181818182 1.40632836835036 0.365787854029123 -0.693981614196096 1 2514.8 61.88 434.453498085807
0.00181818181818182 1.38738337027926 0.34489003649675 -0.563811896018016 0.99 2388.54545454545 56.8888888888889 447.201602549075
0.00181818181818182 1.41488150066795 0.331998271737786 -0.47862744052627 0.99 3131.90909090909 72.4242424242424 454.273088889852
0.00181818181818182 1.4195613854685 0.356520577354918 -0.627453079787673 0.99 2828.67676767677 66.3434343434343 426.287570818625
0.00181818181818182 1.4238662165512 0.372894752201068 -0.528238848356032 1 2401.26 55.43 432.077221942835
0.00181818181818182 1.40632836835036 0.365787854029123 -0.693981614196096 1 2514.8 61.88 434.453498085807
0.00181818181818182 1.4195613854685 0.356520577354918 -0.627453079787673 0.99 2828.67676767677 66.3434343434343 426.287570818625
0.00181818181818182 1.4195613854685 0.356520577354918 -0.627453079787673 0.99 2828.67676767677 66.3434343434343 426.287570818625
0.00181818181818182 1.38600096799312 0.320839099380467 -0.478370722414881 0.99 2486.60606060606 58.3232323232323 446.598596894877
0.00181818181818182 1.38600096799312 0.320839099380467 -0.478370722414881 0.99 2486.60606060606 58.3232323232323 446.598596894877
0.00181818181818182 1.42349024180838 0.322906669536066 -0.197982326390949 0.99 3017.49494949495 64.989898989899 441.241921431259
0.00181818181818182 1.42939499489246 0.352795929573594 -0.729353876278669 1 3145.13 76.82 446.964720978452
0.00181818181818182 1.42939499489246 0.352795929573594 -0.729353876278669 1 3145.13 76.82 446.964720978452
0.00181818181818182 1.4147781491807 0.334719115850261 -0.667797413724529 0.99 2738.71717171717 67.5858585858586 448.16433002044
0.00181818181818182 1.4195613854685 0.356520577354918 -0.627453079787673 0.99 2828.67676767677 66.3434343434343 426.287570818625
0.00181818181818182 1.44052203244263 0.374103661895628 -0.4035848723215 0.99 2994.0202020202 64.3737373737374 462.212396705223
0.00181818181818182 1.44337133421472 0.35983108339807 -0.422235984006279 1 3349.19 73.47 459.528550240606
0.00181818181818182 1.38600096799312 0.320839099380467 -0.478370722414881 0.99 2486.60606060606 58.3232323232323 446.598596894877
0.00181818181818182 1.40202745335928 0.347318246485396 -0.600903624806696 0.99 2524.13131313131 60.2222222222222 431.618525962263
0.00181818181818182 1.40176014655901 0.323563560678397 -0.429599567894122 0.99 3021.80808080808 69.8787878787879 451.832820824386
0.00181818181818182 1.43675516229826 0.370969701409615 -0.804966393045725 1 3127.85 77.46 470.168642243109
0.00181818181818182 1.44009922587735 0.367460225343478 -0.328639033506131 1 2748.98 58.71 452.345433713426
0.00181818181818182 1.4195613854685 0.356520577354918 -0.627453079787673 0.99 2828.67676767677 66.3434343434343 426.287570818625
0.00181818181818182 1.40818201893791 0.3448645298211 -0.441673375518328 0.99 2438.08080808081 56.4949494949495 455.509677978146
0.00181818181818182 1.41557285266888 0.392268770054414 -0.670476966136827 0.99 2395.63636363636 55.8080808080808 441.710609556161
0.00181818181818182 1.4195613854685 0.356520577354918 -0.627453079787673 0.99 2828.67676767677 66.3434343434343 426.287570818625
0.00181818181818182 1.38600096799312 0.320839099380467 -0.478370722414881 0.99 2486.60606060606 58.3232323232323 446.598596894877
0.00181818181818182 1.38600096799312 0.320839099380467 -0.478370722414881 0.99 2486.60606060606 58.3232323232323 446.598596894877
0.00181818181818182 1.39454872574101 0.299806012695568 -0.38134501676091 0.99 2989.24242424242 68.3939393939394 439.747419927631
0.00181818181818182 1.42939499489246 0.352795929573594 -0.729353876278669 1 3145.13 76.82 446.964720978452
0.00181818181818182 1.41618225954801 0.364562786011213 -0.477041235578902 0.99 2471.25252525253 56.7070707070707 447.160114934734
0.00181818181818182 1.44484123454117 0.387886336526736 -0.545412187360035 0.99 3041.18181818182 68.010101010101 453.482283399297
0.00181818181818182 1.43290801112279 0.37972444683956 -0.641889311394072 0.99 2893.69696969697 68.6767676767677 449.173880225098
0.00181818181818182 1.43301189516785 0.369914076491586 -0.612713175093316 0.99 2626.86868686869 62.989898989899 437.7599298389
0.00181818181818182 1.40202745335928 0.347318246485396 -0.600903624806696 0.99 2524.13131313131 60.2222222222222 431.618525962263
0.00181818181818182 1.38600096799312 0.320839099380467 -0.478370722414881 0.99 2486.60606060606 58.3232323232323 446.598596894877
0.00181818181818182 1.4195613854685 0.356520577354918 -0.627453079787673 0.99 2828.67676767677 66.3434343434343 426.287570818625
0.00181818181818182 1.4259669238913 0.362578102467549 -0.680133667131815 1 3096.32 75.07 441.997247074839
0.00181818181818182 1.4238662165512 0.372894752201068 -0.528238848356032 1 2401.26 55.43 432.077221942835
0.00181818181818182 1.42349024180838 0.322906669536066 -0.197982326390949 0.99 3017.49494949495 64.989898989899 441.241921431259
0.00181818181818182 1.42939499489246 0.352795929573594 -0.729353876278669 1 3145.13 76.82 446.964720978452
0.00181818181818182 1.38600096799312 0.320839099380467 -0.478370722414881 0.99 2486.60606060606 58.3232323232323 446.598596894877
0.00181818181818182 1.4238662165512 0.372894752201068 -0.528238848356032 1 2401.26 55.43 432.077221942835
0.00181818181818182 1.38600096799312 0.320839099380467 -0.478370722414881 0.99 2486.60606060606 58.3232323232323 446.598596894877
0.00181818181818182 1.4195613854685 0.356520577354918 -0.627453079787673 0.99 2828.67676767677 66.3434343434343 426.287570818625
0.00181818181818182 1.41618225954801 0.364562786011213 -0.477041235578902 0.99 2471.25252525253 56.7070707070707 447.160114934734
0.00181818181818182 1.40632836835036 0.365787854029123 -0.693981614196096 1 2514.8 61.88 434.453498085807
0.00181818181818182 1.4195613854685 0.356520577354918 -0.627453079787673 0.99 2828.67676767677 66.3434343434343 426.287570818625
0.00181818181818182 1.39975933742096 0.322806104726584 -0.569904000284326 0.99 2712.0303030303 66.1111111111111 453.530310751816
0.00181818181818182 1.40921510629916 0.336551773790574 -0.396881457793454 1 2792.42 62.81 447.924608198627
0.00181818181818182 1.4238662165512 0.372894752201068 -0.528238848356032 1 2401.26 55.43 432.077221942835
0.00181818181818182 1.4195613854685 0.356520577354918 -0.627453079787673 0.99 2828.67676767677 66.3434343434343 426.287570818625
0.00181818181818182 1.42349024180838 0.322906669536066 -0.197982326390949 0.99 3017.49494949495 64.989898989899 441.241921431259
0.00181818181818182 1.4195613854685 0.356520577354918 -0.627453079787673 0.99 2828.67676767677 66.3434343434343 426.287570818625
0.00181818181818182 1.41618225954801 0.364562786011213 -0.477041235578902 0.99 2471.25252525253 56.7070707070707 447.160114934734
0.00181818181818182 1.4195613854685 0.356520577354918 -0.627453079787673 0.99 2828.67676767677 66.3434343434343 426.287570818625
0.00181818181818182 1.42939499489246 0.352795929573594 -0.729353876278669 1 3145.13 76.82 446.964720978452
0.00181818181818182 1.44234382867905 0.395612977693977 -0.831452234423803 1 2929.13 73.1 445.891308406052
0.00181818181818182 1.4238662165512 0.372894752201068 -0.528238848356032 1 2401.26 55.43 432.077221942835
0.00181818181818182 1.4588697204257 0.396293354702212 -0.712496017873812 1 2973.43 70.65 440.569462869563
0.00181818181818182 1.44234382867905 0.395612977693977 -0.831452234423803 1 2929.13 73.1 445.891308406052
0.00181818181818182 1.42939499489246 0.352795929573594 -0.729353876278669 1 3145.13 76.82 446.964720978452
0.00181818181818182 1.42349024180838 0.322906669536066 -0.197982326390949 0.99 3017.49494949495 64.989898989899 441.241921431259
0.00181818181818182 1.4195613854685 0.356520577354918 -0.627453079787673 0.99 2828.67676767677 66.3434343434343 426.287570818625
0.00181818181818182 1.38600096799312 0.320839099380467 -0.478370722414881 0.99 2486.60606060606 58.3232323232323 446.598596894877
0.00181818181818182 1.43155024420465 0.347816929056227 -0.447739554005757 0.99 2877.68686868687 65.1111111111111 434.77580366905
0.00181818181818182 1.38600096799312 0.320839099380467 -0.478370722414881 0.99 2486.60606060606 58.3232323232323 446.598596894877
0.00181818181818182 1.43964004552987 0.34897357681688 -0.294373655165795 1 3219.87 69.01 439.375339739367
0.00181818181818182 1.40202745335928 0.347318246485396 -0.600903624806696 0.99 2524.13131313131 60.2222222222222 431.618525962263
0.00181818181818182 1.38600096799312 0.320839099380467 -0.478370722414881 0.99 2486.60606060606 58.3232323232323 446.598596894877
0.00181818181818182 1.42939499489246 0.352795929573594 -0.729353876278669 1 3145.13 76.82 446.964720978452
0.00181818181818182 1.4195613854685 0.356520577354918 -0.627453079787673 0.99 2828.67676767677 66.3434343434343 426.287570818625
0.00181818181818182 1.4238662165512 0.372894752201068 -0.528238848356032 1 2401.26 55.43 432.077221942835
0.00181818181818182 1.44337133421472 0.35983108339807 -0.422235984006279 1 3349.19 73.47 459.528550240606
0.00181818181818182 1.38600096799312 0.320839099380467 -0.478370722414881 0.99 2486.60606060606 58.3232323232323 446.598596894877
0.00181818181818182 1.4195613854685 0.356520577354918 -0.627453079787673 0.99 2828.67676767677 66.3434343434343 426.287570818625
0.00181818181818182 1.4588697204257 0.396293354702212 -0.712496017873812 1 2973.43 70.65 440.569462869563
0.00181818181818182 1.42939499489246 0.352795929573594 -0.729353876278669 1 3145.13 76.82 446.964720978452
0.00181818181818182 1.41618225954801 0.364562786011213 -0.477041235578902 0.99 2471.25252525253 56.7070707070707 447.160114934734
0.00181818181818182 1.38600096799312 0.320839099380467 -0.478370722414881 0.99 2486.60606060606 58.3232323232323 446.598596894877
0.00181818181818182 1.38600096799312 0.320839099380467 -0.478370722414881 0.99 2486.60606060606 58.3232323232323 446.598596894877
0.00181818181818182 1.4195613854685 0.356520577354918 -0.627453079787673 0.99 2828.67676767677 66.3434343434343 426.287570818625
0.00181818181818182 1.38600096799312 0.320839099380467 -0.478370722414881 0.99 2486.60606060606 58.3232323232323 446.598596894877
0.00181818181818182 1.4147781491807 0.334719115850261 -0.667797413724529 0.99 2738.71717171717 67.5858585858586 448.16433002044
0.00181818181818182 1.4195613854685 0.356520577354918 -0.627453079787673 0.99 2828.67676767677 66.3434343434343 426.287570818625
0.00181818181818182 1.42939499489246 0.352795929573594 -0.729353876278669 1 3145.13 76.82 446.964720978452
0.00181818181818182 1.4238662165512 0.372894752201068 -0.528238848356032 1 2401.26 55.43 432.077221942835
0.00181818181818182 1.4195613854685 0.356520577354918 -0.627453079787673 0.99 2828.67676767677 66.3434343434343 426.287570818625
0.00181818181818182 1.4238662165512 0.372894752201068 -0.528238848356032 1 2401.26 55.43 432.077221942835
0.00181818181818182 1.4195613854685 0.356520577354918 -0.627453079787673 0.99 2828.67676767677 66.3434343434343 426.287570818625
0.00181818181818182 1.38600096799312 0.320839099380467 -0.478370722414881 0.99 2486.60606060606 58.3232323232323 446.598596894877
0.00181818181818182 1.4588697204257 0.396293354702212 -0.712496017873812 1 2973.43 70.65 440.569462869563
0.00181818181818182 1.40632836835036 0.365787854029123 -0.693981614196096 1 2514.8 61.88 434.453498085807
0.00181818181818182 1.4195613854685 0.356520577354918 -0.627453079787673 0.99 2828.67676767677 66.3434343434343 426.287570818625
0.00181818181818182 1.41618225954801 0.364562786011213 -0.477041235578902 0.99 2471.25252525253 56.7070707070707 447.160114934734
0.00181818181818182 1.40202745335928 0.347318246485396 -0.600903624806696 0.99 2524.13131313131 60.2222222222222 431.618525962263
0.00181818181818182 1.41618225954801 0.364562786011213 -0.477041235578902 0.99 2471.25252525253 56.7070707070707 447.160114934734
0.00181818181818182 1.38600096799312 0.320839099380467 -0.478370722414881 0.99 2486.60606060606 58.3232323232323 446.598596894877
0.00181818181818182 1.42939499489246 0.352795929573594 -0.729353876278669 1 3145.13 76.82 446.964720978452
0.00181818181818182 1.41618225954801 0.364562786011213 -0.477041235578902 0.99 2471.25252525253 56.7070707070707 447.160114934734
0.00181818181818182 1.4195613854685 0.356520577354918 -0.627453079787673 0.99 2828.67676767677 66.3434343434343 426.287570818625
0.00181818181818182 1.41618225954801 0.364562786011213 -0.477041235578902 0.99 2471.25252525253 56.7070707070707 447.160114934734
0.00181818181818182 1.4195613854685 0.356520577354918 -0.627453079787673 0.99 2828.67676767677 66.3434343434343 426.287570818625
0.00181818181818182 1.4195613854685 0.356520577354918 -0.627453079787673 0.99 2828.67676767677 66.3434343434343 426.287570818625
0.00181818181818182 1.38738337027926 0.34489003649675 -0.563811896018016 0.99 2388.54545454545 56.8888888888889 447.201602549075
0.00181818181818182 1.40632836835036 0.365787854029123 -0.693981614196096 1 2514.8 61.88 434.453498085807
0.00181818181818182 1.4238662165512 0.372894752201068 -0.528238848356032 1 2401.26 55.43 432.077221942835
0.00181818181818182 1.4238662165512 0.372894752201068 -0.528238848356032 1 2401.26 55.43 432.077221942835
0.00181818181818182 1.42939499489246 0.352795929573594 -0.729353876278669 1 3145.13 76.82 446.964720978452
0.00181818181818182 1.41672901001132 0.341511423274461 -0.687344401058101 0.99 3189.36363636364 78.8787878787879 449.007836825457
0.00181818181818182 1.43413779458552 0.373964505408052 -0.587539010420425 0.99 2822.31313131313 65.989898989899 433.289432564843
0.00181818181818182 1.4195613854685 0.356520577354918 -0.627453079787673 0.99 2828.67676767677 66.3434343434343 426.287570818625
0.00181818181818182 1.38600096799312 0.320839099380467 -0.478370722414881 0.99 2486.60606060606 58.3232323232323 446.598596894877
0.00181818181818182 1.38600096799312 0.320839099380467 -0.478370722414881 0.99 2486.60606060606 58.3232323232323 446.598596894877
0.00181818181818182 1.42349024180838 0.322906669536066 -0.197982326390949 0.99 3017.49494949495 64.989898989899 441.241921431259
0.00181818181818182 1.43301189516785 0.369914076491586 -0.612713175093316 0.99 2626.86868686869 62.989898989899 437.7599298389
0.00181818181818182 1.4238662165512 0.372894752201068 -0.528238848356032 1 2401.26 55.43 432.077221942835
0.00181818181818182 1.4238662165512 0.372894752201068 -0.528238848356032 1 2401.26 55.43 432.077221942835
0.00181818181818182 1.42349024180838 0.322906669536066 -0.197982326390949 0.99 3017.49494949495 64.989898989899 441.241921431259
0.00181818181818182 1.38600096799312 0.320839099380467 -0.478370722414881 0.99 2486.60606060606 58.3232323232323 446.598596894877
0.00181818181818182 1.44234382867905 0.395612977693977 -0.831452234423803 1 2929.13 73.1 445.891308406052
0.00181818181818182 1.39454872574101 0.299806012695568 -0.38134501676091 0.99 2989.24242424242 68.3939393939394 439.747419927631
0.00181818181818182 1.4195613854685 0.356520577354918 -0.627453079787673 0.99 2828.67676767677 66.3434343434343 426.287570818625
0.00181818181818182 1.4195613854685 0.356520577354918 -0.627453079787673 0.99 2828.67676767677 66.3434343434343 426.287570818625
0.00181818181818182 1.42349024180838 0.322906669536066 -0.197982326390949 0.99 3017.49494949495 64.989898989899 441.241921431259
0.00181818181818182 1.4195613854685 0.356520577354918 -0.627453079787673 0.99 2828.67676767677 66.3434343434343 426.287570818625
0.00181818181818182 1.43301189516785 0.369914076491586 -0.612713175093316 0.99 2626.86868686869 62.989898989899 437.7599298389
0.00181818181818182 1.38600096799312 0.320839099380467 -0.478370722414881 0.99 2486.60606060606 58.3232323232323 446.598596894877
0.00181818181818182 1.42939499489246 0.352795929573594 -0.729353876278669 1 3145.13 76.82 446.964720978452
0.00181818181818182 1.42349024180838 0.322906669536066 -0.197982326390949 0.99 3017.49494949495 64.989898989899 441.241921431259
0.00181818181818182 1.41746731819201 0.346254755575226 -0.456200343416299 0.99 2707.9595959596 61.6363636363636 446.106968989049
0.00181818181818182 1.38600096799312 0.320839099380467 -0.478370722414881 0.99 2486.60606060606 58.3232323232323 446.598596894877
0.00181818181818182 1.4195613854685 0.356520577354918 -0.627453079787673 0.99 2828.67676767677 66.3434343434343 426.287570818625
0.00181818181818182 1.38600096799312 0.320839099380467 -0.478370722414881 0.99 2486.60606060606 58.3232323232323 446.598596894877
0.00181818181818182 1.4195613854685 0.356520577354918 -0.627453079787673 0.99 2828.67676767677 66.3434343434343 426.287570818625
0.00181818181818182 1.4479768263668 0.391045261355124 -0.815184856122938 1 3144.82 76.5 457.903924531196
0.00181818181818182 1.43675516229826 0.370969701409615 -0.804966393045725 1 3127.85 77.46 470.168642243109
0.00181818181818182 1.4195613854685 0.356520577354918 -0.627453079787673 0.99 2828.67676767677 66.3434343434343 426.287570818625
0.00181818181818182 1.42939499489246 0.352795929573594 -0.729353876278669 1 3145.13 76.82 446.964720978452
0.00181818181818182 1.4195613854685 0.356520577354918 -0.627453079787673 0.99 2828.67676767677 66.3434343434343 426.287570818625
0.00181818181818182 1.4147781491807 0.334719115850261 -0.667797413724529 0.99 2738.71717171717 67.5858585858586 448.16433002044
0.00181818181818182 1.4195613854685 0.356520577354918 -0.627453079787673 0.99 2828.67676767677 66.3434343434343 426.287570818625
0.00181818181818182 1.43301189516785 0.369914076491586 -0.612713175093316 0.99 2626.86868686869 62.989898989899 437.7599298389
0.00181818181818182 1.42349024180838 0.322906669536066 -0.197982326390949 0.99 3017.49494949495 64.989898989899 441.241921431259
0.00181818181818182 1.4195613854685 0.356520577354918 -0.627453079787673 0.99 2828.67676767677 66.3434343434343 426.287570818625
0.00181818181818182 1.38600096799312 0.320839099380467 -0.478370722414881 0.99 2486.60606060606 58.3232323232323 446.598596894877
0.00181818181818182 1.45648079643561 0.399018411230006 -0.710901865781296 0.99 3148.75757575758 73.4141414141414 457.771525293824
0.00181818181818182 1.42349024180838 0.322906669536066 -0.197982326390949 0.99 3017.49494949495 64.989898989899 441.241921431259
0.00181818181818182 1.41618225954801 0.364562786011213 -0.477041235578902 0.99 2471.25252525253 56.7070707070707 447.160114934734
0.00181818181818182 1.4195613854685 0.356520577354918 -0.627453079787673 0.99 2828.67676767677 66.3434343434343 426.287570818625
0.00181818181818182 1.42939499489246 0.352795929573594 -0.729353876278669 1 3145.13 76.82 446.964720978452
0.00181818181818182 1.42349024180838 0.322906669536066 -0.197982326390949 0.99 3017.49494949495 64.989898989899 441.241921431259
0.00181818181818182 1.4195613854685 0.356520577354918 -0.627453079787673 0.99 2828.67676767677 66.3434343434343 426.287570818625
0.00181818181818182 1.44052203244263 0.374103661895628 -0.4035848723215 0.99 2994.0202020202 64.3737373737374 462.212396705223
0.00181818181818182 1.38600096799312 0.320839099380467 -0.478370722414881 0.99 2486.60606060606 58.3232323232323 446.598596894877
0.00181818181818182 1.40632836835036 0.365787854029123 -0.693981614196096 1 2514.8 61.88 434.453498085807
0.00181818181818182 1.44009922587735 0.367460225343478 -0.328639033506131 1 2748.98 58.71 452.345433713426
0.00181818181818182 1.38600096799312 0.320839099380467 -0.478370722414881 0.99 2486.60606060606 58.3232323232323 446.598596894877
0.00181818181818182 1.4195613854685 0.356520577354918 -0.627453079787673 0.99 2828.67676767677 66.3434343434343 426.287570818625
0.00181818181818182 1.40202745335928 0.347318246485396 -0.600903624806696 0.99 2524.13131313131 60.2222222222222 431.618525962263
0.00181818181818182 1.4195613854685 0.356520577354918 -0.627453079787673 0.99 2828.67676767677 66.3434343434343 426.287570818625
0.00181818181818182 1.4195613854685 0.356520577354918 -0.627453079787673 0.99 2828.67676767677 66.3434343434343 426.287570818625
0.00181818181818182 1.4232165661765 0.359884368272689 -0.596243360359597 1 2725.63 63.99 446.019064428697
0.00181818181818182 1.4238662165512 0.372894752201068 -0.528238848356032 1 2401.26 55.43 432.077221942835
0.00181818181818182 1.40632836835036 0.365787854029123 -0.693981614196096 1 2514.8 61.88 434.453498085807
0.00181818181818182 1.39274697678187 0.323008917256828 -0.41109495129868 1 2391.26 54.37 438.997567999416
0.00181818181818182 1.40202745335928 0.347318246485396 -0.600903624806696 0.99 2524.13131313131 60.2222222222222 431.618525962263
0.00181818181818182 1.43149460066054 0.396293899953443 -0.80116718030932 0.99 2657.92929292929 66.6060606060606 428.411177934015
0.00181818181818182 1.4238662165512 0.372894752201068 -0.528238848356032 1 2401.26 55.43 432.077221942835
0.00181818181818182 1.4238662165512 0.372894752201068 -0.528238848356032 1 2401.26 55.43 432.077221942835
0.00181818181818182 1.43155024420465 0.347816929056227 -0.447739554005757 0.99 2877.68686868687 65.1111111111111 434.77580366905
0.00181818181818182 1.43149460066054 0.396293899953443 -0.80116718030932 0.99 2657.92929292929 66.6060606060606 428.411177934015
0.00181818181818182 1.40632836835036 0.365787854029123 -0.693981614196096 1 2514.8 61.88 434.453498085807
0.00181818181818182 1.4195613854685 0.356520577354918 -0.627453079787673 0.99 2828.67676767677 66.3434343434343 426.287570818625
0.00181818181818182 1.38600096799312 0.320839099380467 -0.478370722414881 0.99 2486.60606060606 58.3232323232323 446.598596894877
0.00181818181818182 1.4238662165512 0.372894752201068 -0.528238848356032 1 2401.26 55.43 432.077221942835
0.00181818181818182 1.4195613854685 0.356520577354918 -0.627453079787673 0.99 2828.67676767677 66.3434343434343 426.287570818625
0.00181818181818182 1.43149460066054 0.396293899953443 -0.80116718030932 0.99 2657.92929292929 66.6060606060606 428.411177934015
0.00181818181818182 1.4238662165512 0.372894752201068 -0.528238848356032 1 2401.26 55.43 432.077221942835
0.00181818181818182 1.4195613854685 0.356520577354918 -0.627453079787673 0.99 2828.67676767677 66.3434343434343 426.287570818625
0.00181818181818182 1.4195613854685 0.356520577354918 -0.627453079787673 0.99 2828.67676767677 66.3434343434343 426.287570818625
0.00181818181818182 1.42939499489246 0.352795929573594 -0.729353876278669 1 3145.13 76.82 446.964720978452
0.00181818181818182 1.4238662165512 0.372894752201068 -0.528238848356032 1 2401.26 55.43 432.077221942835
0.00181818181818182 1.4195613854685 0.356520577354918 -0.627453079787673 0.99 2828.67676767677 66.3434343434343 426.287570818625
0.00181818181818182 1.4195613854685 0.356520577354918 -0.627453079787673 0.99 2828.67676767677 66.3434343434343 426.287570818625
0.00181818181818182 1.4238662165512 0.372894752201068 -0.528238848356032 1 2401.26 55.43 432.077221942835
0.00181818181818182 1.4238662165512 0.372894752201068 -0.528238848356032 1 2401.26 55.43 432.077221942835
0.00181818181818182 1.4238662165512 0.372894752201068 -0.528238848356032 1 2401.26 55.43 432.077221942835
0.00181818181818182 1.4195613854685 0.356520577354918 -0.627453079787673 0.99 2828.67676767677 66.3434343434343 426.287570818625
0.00181818181818182 1.41618225954801 0.364562786011213 -0.477041235578902 0.99 2471.25252525253 56.7070707070707 447.160114934734
0.00181818181818182 1.38600096799312 0.320839099380467 -0.478370722414881 0.99 2486.60606060606 58.3232323232323 446.598596894877
0.00181818181818182 1.41557285266888 0.392268770054414 -0.670476966136827 0.99 2395.63636363636 55.8080808080808 441.710609556161
0.00181818181818182 1.38600096799312 0.320839099380467 -0.478370722414881 0.99 2486.60606060606 58.3232323232323 446.598596894877
0.00181818181818182 1.43675516229826 0.370969701409615 -0.804966393045725 1 3127.85 77.46 470.168642243109
0.00181818181818182 1.42809663305832 0.371262273278398 -0.816486799224343 0.99 3222.09090909091 83.030303030303 450.467838900992
0.00181818181818182 1.42349024180838 0.322906669536066 -0.197982326390949 0.99 3017.49494949495 64.989898989899 441.241921431259
0.00181818181818182 1.41488150066795 0.331998271737786 -0.47862744052627 0.99 3131.90909090909 72.4242424242424 454.273088889852
0.00181818181818182 1.38600096799312 0.320839099380467 -0.478370722414881 0.99 2486.60606060606 58.3232323232323 446.598596894877
0.00181818181818182 1.41618225954801 0.364562786011213 -0.477041235578902 0.99 2471.25252525253 56.7070707070707 447.160114934734
0.00181818181818182 1.42349024180838 0.322906669536066 -0.197982326390949 0.99 3017.49494949495 64.989898989899 441.241921431259
0.00181818181818182 1.40921510629916 0.336551773790574 -0.396881457793454 1 2792.42 62.81 447.924608198627
0.00181818181818182 1.45648079643561 0.399018411230006 -0.710901865781296 0.99 3148.75757575758 73.4141414141414 457.771525293824
0.00181818181818182 1.44337133421472 0.35983108339807 -0.422235984006279 1 3349.19 73.47 459.528550240606
0.00181818181818182 1.42939499489246 0.352795929573594 -0.729353876278669 1 3145.13 76.82 446.964720978452
0.00181818181818182 1.42939499489246 0.352795929573594 -0.729353876278669 1 3145.13 76.82 446.964720978452
0.00181818181818182 1.42349024180838 0.322906669536066 -0.197982326390949 0.99 3017.49494949495 64.989898989899 441.241921431259
0.00181818181818182 1.43301189516785 0.369914076491586 -0.612713175093316 0.99 2626.86868686869 62.989898989899 437.7599298389
0.00181818181818182 1.38600096799312 0.320839099380467 -0.478370722414881 0.99 2486.60606060606 58.3232323232323 446.598596894877
0.00181818181818182 1.38738337027926 0.34489003649675 -0.563811896018016 0.99 2388.54545454545 56.8888888888889 447.201602549075
0.00181818181818182 1.4238662165512 0.372894752201068 -0.528238848356032 1 2401.26 55.43 432.077221942835
0.00181818181818182 1.4195613854685 0.356520577354918 -0.627453079787673 0.99 2828.67676767677 66.3434343434343 426.287570818625
0.00181818181818182 1.4195613854685 0.356520577354918 -0.627453079787673 0.99 2828.67676767677 66.3434343434343 426.287570818625
0.00181818181818182 1.41088088020819 0.393556449345537 -0.948264397335929 0.99 2194 58.020202020202 442.88840046295
0.00181818181818182 1.41557285266888 0.392268770054414 -0.670476966136827 0.99 2395.63636363636 55.8080808080808 441.710609556161
0.00181818181818182 1.42632464785071 0.36159428289283 -0.825395380159183 0.99 3093.79797979798 79.1717171717172 434.980935633239
0.00181818181818182 1.44337133421472 0.35983108339807 -0.422235984006279 1 3349.19 73.47 459.528550240606
0.00181818181818182 1.43149460066054 0.396293899953443 -0.80116718030932 0.99 2657.92929292929 66.6060606060606 428.411177934015
0.00181818181818182 1.40085016931914 0.350625526839341 -0.666440838188806 1 2471.2 60.84 422.524693908218
0.00181818181818182 1.4195613854685 0.356520577354918 -0.627453079787673 0.99 2828.67676767677 66.3434343434343 426.287570818625
0.00181818181818182 1.4195613854685 0.356520577354918 -0.627453079787673 0.99 2828.67676767677 66.3434343434343 426.287570818625
0.00181818181818182 1.43413779458552 0.373964505408052 -0.587539010420425 0.99 2822.31313131313 65.989898989899 433.289432564843
0.00181818181818182 1.38600096799312 0.320839099380467 -0.478370722414881 0.99 2486.60606060606 58.3232323232323 446.598596894877
0.00181818181818182 1.39975933742096 0.322806104726584 -0.569904000284326 0.99 2712.0303030303 66.1111111111111 453.530310751816
0.00181818181818182 1.42349024180838 0.322906669536066 -0.197982326390949 0.99 3017.49494949495 64.989898989899 441.241921431259
0.00181818181818182 1.38600096799312 0.320839099380467 -0.478370722414881 0.99 2486.60606060606 58.3232323232323 446.598596894877
0.00181818181818182 1.4195613854685 0.356520577354918 -0.627453079787673 0.99 2828.67676767677 66.3434343434343 426.287570818625
0.00181818181818182 1.40818201893791 0.3448645298211 -0.441673375518328 0.99 2438.08080808081 56.4949494949495 455.509677978146
0.00181818181818182 1.41448677255397 0.358426783420748 -0.492490087427346 0.99 2644.26262626263 59.6161616161616 446.914119219149
0.00181818181818182 1.40176014655901 0.323563560678397 -0.429599567894122 0.99 3021.80808080808 69.8787878787879 451.832820824386
0.00181818181818182 1.38738337027926 0.34489003649675 -0.563811896018016 0.99 2388.54545454545 56.8888888888889 447.201602549075
0.00181818181818182 1.38600096799312 0.320839099380467 -0.478370722414881 0.99 2486.60606060606 58.3232323232323 446.598596894877
0.00181818181818182 1.42349024180838 0.322906669536066 -0.197982326390949 0.99 3017.49494949495 64.989898989899 441.241921431259
0.00181818181818182 1.41817920969905 0.381899201754422 -0.586726354117231 0.99 2502.30303030303 57.6060606060606 438.369947932384
0.00181818181818182 1.4195613854685 0.356520577354918 -0.627453079787673 0.99 2828.67676767677 66.3434343434343 426.287570818625
0.00181818181818182 1.40202745335928 0.347318246485396 -0.600903624806696 0.99 2524.13131313131 60.2222222222222 431.618525962263
0.00181818181818182 1.4238662165512 0.372894752201068 -0.528238848356032 1 2401.26 55.43 432.077221942835
0.00181818181818182 1.43149460066054 0.396293899953443 -0.80116718030932 0.99 2657.92929292929 66.6060606060606 428.411177934015
0.00181818181818182 1.38600096799312 0.320839099380467 -0.478370722414881 0.99 2486.60606060606 58.3232323232323 446.598596894877
0.00181818181818182 1.44234382867905 0.395612977693977 -0.831452234423803 1 2929.13 73.1 445.891308406052
0.00181818181818182 1.43149460066054 0.396293899953443 -0.80116718030932 0.99 2657.92929292929 66.6060606060606 428.411177934015
0.00181818181818182 1.4195613854685 0.356520577354918 -0.627453079787673 0.99 2828.67676767677 66.3434343434343 426.287570818625
0.00181818181818182 1.41618225954801 0.364562786011213 -0.477041235578902 0.99 2471.25252525253 56.7070707070707 447.160114934734
0.00181818181818182 1.45648079643561 0.399018411230006 -0.710901865781296 0.99 3148.75757575758 73.4141414141414 457.771525293824
0.00181818181818182 1.4259669238913 0.362578102467549 -0.680133667131815 1 3096.32 75.07 441.997247074839
0.00181818181818182 1.41618225954801 0.364562786011213 -0.477041235578902 0.99 2471.25252525253 56.7070707070707 447.160114934734
0.00181818181818182 1.43413779458552 0.373964505408052 -0.587539010420425 0.99 2822.31313131313 65.989898989899 433.289432564843
0.00181818181818182 1.4195613854685 0.356520577354918 -0.627453079787673 0.99 2828.67676767677 66.3434343434343 426.287570818625
0.00181818181818182 1.41618225954801 0.364562786011213 -0.477041235578902 0.99 2471.25252525253 56.7070707070707 447.160114934734
0.00181818181818182 1.38600096799312 0.320839099380467 -0.478370722414881 0.99 2486.60606060606 58.3232323232323 446.598596894877
0.00181818181818182 1.4259669238913 0.362578102467549 -0.680133667131815 1 3096.32 75.07 441.997247074839
0.00181818181818182 1.38600096799312 0.320839099380467 -0.478370722414881 0.99 2486.60606060606 58.3232323232323 446.598596894877
0.00181818181818182 1.40202745335928 0.347318246485396 -0.600903624806696 0.99 2524.13131313131 60.2222222222222 431.618525962263
0.00181818181818182 1.42939499489246 0.352795929573594 -0.729353876278669 1 3145.13 76.82 446.964720978452
0.00181818181818182 1.42349024180838 0.322906669536066 -0.197982326390949 0.99 3017.49494949495 64.989898989899 441.241921431259
0.00181818181818182 1.45648079643561 0.399018411230006 -0.710901865781296 0.99 3148.75757575758 73.4141414141414 457.771525293824
0.00181818181818182 1.41618225954801 0.364562786011213 -0.477041235578902 0.99 2471.25252525253 56.7070707070707 447.160114934734
0.00181818181818182 1.43327696073412 0.37499666898514 -0.606024314289308 0.99 2659.62626262626 60.5555555555556 434.506865741201
0.00181818181818182 1.4238662165512 0.372894752201068 -0.528238848356032 1 2401.26 55.43 432.077221942835
0.00181818181818182 1.42939499489246 0.352795929573594 -0.729353876278669 1 3145.13 76.82 446.964720978452
0.00181818181818182 1.41618225954801 0.364562786011213 -0.477041235578902 0.99 2471.25252525253 56.7070707070707 447.160114934734
0.00181818181818182 1.42349024180838 0.322906669536066 -0.197982326390949 0.99 3017.49494949495 64.989898989899 441.241921431259
0.00181818181818182 1.38600096799312 0.320839099380467 -0.478370722414881 0.99 2486.60606060606 58.3232323232323 446.598596894877
0.00181818181818182 1.42939499489246 0.352795929573594 -0.729353876278669 1 3145.13 76.82 446.964720978452
0.00181818181818182 1.43301189516785 0.369914076491586 -0.612713175093316 0.99 2626.86868686869 62.989898989899 437.7599298389
0.00181818181818182 1.4195613854685 0.356520577354918 -0.627453079787673 0.99 2828.67676767677 66.3434343434343 426.287570818625
0.00181818181818182 1.41618225954801 0.364562786011213 -0.477041235578902 0.99 2471.25252525253 56.7070707070707 447.160114934734
0.00181818181818182 1.42349024180838 0.322906669536066 -0.197982326390949 0.99 3017.49494949495 64.989898989899 441.241921431259
0.00181818181818182 1.43290801112279 0.37972444683956 -0.641889311394072 0.99 2893.69696969697 68.6767676767677 449.173880225098
0.00181818181818182 1.38600096799312 0.320839099380467 -0.478370722414881 0.99 2486.60606060606 58.3232323232323 446.598596894877
0.00181818181818182 1.39454872574101 0.299806012695568 -0.38134501676091 0.99 2989.24242424242 68.3939393939394 439.747419927631
0.00181818181818182 1.42349024180838 0.322906669536066 -0.197982326390949 0.99 3017.49494949495 64.989898989899 441.241921431259
0.00181818181818182 1.44484123454117 0.387886336526736 -0.545412187360035 0.99 3041.18181818182 68.010101010101 453.482283399297
0.00181818181818182 1.42939499489246 0.352795929573594 -0.729353876278669 1 3145.13 76.82 446.964720978452
0.00181818181818182 1.4195613854685 0.356520577354918 -0.627453079787673 0.99 2828.67676767677 66.3434343434343 426.287570818625
0.00181818181818182 1.38738337027926 0.34489003649675 -0.563811896018016 0.99 2388.54545454545 56.8888888888889 447.201602549075
0.00181818181818182 1.4238662165512 0.372894752201068 -0.528238848356032 1 2401.26 55.43 432.077221942835
0.00181818181818182 1.38600096799312 0.320839099380467 -0.478370722414881 0.99 2486.60606060606 58.3232323232323 446.598596894877
0.00181818181818182 1.40176014655901 0.323563560678397 -0.429599567894122 0.99 3021.80808080808 69.8787878787879 451.832820824386
0.00181818181818182 1.38600096799312 0.320839099380467 -0.478370722414881 0.99 2486.60606060606 58.3232323232323 446.598596894877
0.00181818181818182 1.41618225954801 0.364562786011213 -0.477041235578902 0.99 2471.25252525253 56.7070707070707 447.160114934734
0.00181818181818182 1.4195613854685 0.356520577354918 -0.627453079787673 0.99 2828.67676767677 66.3434343434343 426.287570818625
0.00181818181818182 1.41618225954801 0.364562786011213 -0.477041235578902 0.99 2471.25252525253 56.7070707070707 447.160114934734
0.00181818181818182 1.38600096799312 0.320839099380467 -0.478370722414881 0.99 2486.60606060606 58.3232323232323 446.598596894877
0.00181818181818182 1.41821463266644 0.34967278459614 -0.907739876209361 0.99 2956.92929292929 77.2323232323232 441.361491507127
0.00181818181818182 1.40632836835036 0.365787854029123 -0.693981614196096 1 2514.8 61.88 434.453498085807
0.00181818181818182 1.38600096799312 0.320839099380467 -0.478370722414881 0.99 2486.60606060606 58.3232323232323 446.598596894877
0.00181818181818182 1.42939499489246 0.352795929573594 -0.729353876278669 1 3145.13 76.82 446.964720978452
0.00181818181818182 1.4232165661765 0.359884368272689 -0.596243360359597 1 2725.63 63.99 446.019064428697
0.00181818181818182 1.42939499489246 0.352795929573594 -0.729353876278669 1 3145.13 76.82 446.964720978452
0.00181818181818182 1.4195613854685 0.356520577354918 -0.627453079787673 0.99 2828.67676767677 66.3434343434343 426.287570818625
0.00181818181818182 1.43149460066054 0.396293899953443 -0.80116718030932 0.99 2657.92929292929 66.6060606060606 428.411177934015
0.00181818181818182 1.38600096799312 0.320839099380467 -0.478370722414881 0.99 2486.60606060606 58.3232323232323 446.598596894877
0.00181818181818182 1.4195613854685 0.356520577354918 -0.627453079787673 0.99 2828.67676767677 66.3434343434343 426.287570818625
0.00181818181818182 1.4195613854685 0.356520577354918 -0.627453079787673 0.99 2828.67676767677 66.3434343434343 426.287570818625
0.00181818181818182 1.42939499489246 0.352795929573594 -0.729353876278669 1 3145.13 76.82 446.964720978452
0.00181818181818182 1.41618225954801 0.364562786011213 -0.477041235578902 0.99 2471.25252525253 56.7070707070707 447.160114934734
0.00181818181818182 1.42349024180838 0.322906669536066 -0.197982326390949 0.99 3017.49494949495 64.989898989899 441.241921431259
0.00181818181818182 1.41488150066795 0.331998271737786 -0.47862744052627 0.99 3131.90909090909 72.4242424242424 454.273088889852
0.00181818181818182 1.42349024180838 0.322906669536066 -0.197982326390949 0.99 3017.49494949495 64.989898989899 441.241921431259
0.00181818181818182 1.4195613854685 0.356520577354918 -0.627453079787673 0.99 2828.67676767677 66.3434343434343 426.287570818625
0.00181818181818182 1.42939499489246 0.352795929573594 -0.729353876278669 1 3145.13 76.82 446.964720978452
0.00181818181818182 1.4195613854685 0.356520577354918 -0.627453079787673 0.99 2828.67676767677 66.3434343434343 426.287570818625
0.00181818181818182 1.4195613854685 0.356520577354918 -0.627453079787673 0.99 2828.67676767677 66.3434343434343 426.287570818625
0.00181818181818182 1.4195613854685 0.356520577354918 -0.627453079787673 0.99 2828.67676767677 66.3434343434343 426.287570818625
0.00181818181818182 1.38600096799312 0.320839099380467 -0.478370722414881 0.99 2486.60606060606 58.3232323232323 446.598596894877
0.00181818181818182 1.4566608253124 0.397737469682558 -0.633810249367438 1 3214.96 72.63 450.923604733416
0.00181818181818182 1.41088088020819 0.393556449345537 -0.948264397335929 0.99 2194 58.020202020202 442.88840046295
0.00181818181818182 1.4195613854685 0.356520577354918 -0.627453079787673 0.99 2828.67676767677 66.3434343434343 426.287570818625
0.00181818181818182 1.4195613854685 0.356520577354918 -0.627453079787673 0.99 2828.67676767677 66.3434343434343 426.287570818625
0.00181818181818182 1.38600096799312 0.320839099380467 -0.478370722414881 0.99 2486.60606060606 58.3232323232323 446.598596894877
0.00181818181818182 1.4195613854685 0.356520577354918 -0.627453079787673 0.99 2828.67676767677 66.3434343434343 426.287570818625
0.00181818181818182 1.43301189516785 0.369914076491586 -0.612713175093316 0.99 2626.86868686869 62.989898989899 437.7599298389
0.00181818181818182 1.42349024180838 0.322906669536066 -0.197982326390949 0.99 3017.49494949495 64.989898989899 441.241921431259
0.00181818181818182 1.43149460066054 0.396293899953443 -0.80116718030932 0.99 2657.92929292929 66.6060606060606 428.411177934015
0.00181818181818182 1.38600096799312 0.320839099380467 -0.478370722414881 0.99 2486.60606060606 58.3232323232323 446.598596894877
0.00181818181818182 1.45827047393529 0.376334385445839 -0.55210692401649 0.99 3155.82828282828 71.010101010101 460.973114557826
0.00181818181818182 1.4195613854685 0.356520577354918 -0.627453079787673 0.99 2828.67676767677 66.3434343434343 426.287570818625
0.00181818181818182 1.4238662165512 0.372894752201068 -0.528238848356032 1 2401.26 55.43 432.077221942835
0.00181818181818182 1.4195613854685 0.356520577354918 -0.627453079787673 0.99 2828.67676767677 66.3434343434343 426.287570818625
0.00181818181818182 1.44234382867905 0.395612977693977 -0.831452234423803 1 2929.13 73.1 445.891308406052
0.00181818181818182 1.42939499489246 0.352795929573594 -0.729353876278669 1 3145.13 76.82 446.964720978452
0.00181818181818182 1.43301189516785 0.369914076491586 -0.612713175093316 0.99 2626.86868686869 62.989898989899 437.7599298389
0.00181818181818182 1.38600096799312 0.320839099380467 -0.478370722414881 0.99 2486.60606060606 58.3232323232323 446.598596894877
0.00181818181818182 1.4195613854685 0.356520577354918 -0.627453079787673 0.99 2828.67676767677 66.3434343434343 426.287570818625
0.00181818181818182 1.42349024180838 0.322906669536066 -0.197982326390949 0.99 3017.49494949495 64.989898989899 441.241921431259
0.00181818181818182 1.41618225954801 0.364562786011213 -0.477041235578902 0.99 2471.25252525253 56.7070707070707 447.160114934734
0.00181818181818182 1.4238662165512 0.372894752201068 -0.528238848356032 1 2401.26 55.43 432.077221942835
0.00181818181818182 1.41746731819201 0.346254755575226 -0.456200343416299 0.99 2707.9595959596 61.6363636363636 446.106968989049
0.00181818181818182 1.41488150066795 0.331998271737786 -0.47862744052627 0.99 3131.90909090909 72.4242424242424 454.273088889852
0.00181818181818182 1.38600096799312 0.320839099380467 -0.478370722414881 0.99 2486.60606060606 58.3232323232323 446.598596894877
0.00181818181818182 1.38600096799312 0.320839099380467 -0.478370722414881 0.99 2486.60606060606 58.3232323232323 446.598596894877
0.00181818181818182 1.42349024180838 0.322906669536066 -0.197982326390949 0.99 3017.49494949495 64.989898989899 441.241921431259
0.00181818181818182 1.42939499489246 0.352795929573594 -0.729353876278669 1 3145.13 76.82 446.964720978452
0.00181818181818182 1.43301189516785 0.369914076491586 -0.612713175093316 0.99 2626.86868686869 62.989898989899 437.7599298389
0.00181818181818182 1.43413779458552 0.373964505408052 -0.587539010420425 0.99 2822.31313131313 65.989898989899 433.289432564843
0.00181818181818182 1.38600096799312 0.320839099380467 -0.478370722414881 0.99 2486.60606060606 58.3232323232323 446.598596894877
0.00181818181818182 1.4195613854685 0.356520577354918 -0.627453079787673 0.99 2828.67676767677 66.3434343434343 426.287570818625
0.00181818181818182 1.41016093107705 0.330096693899342 -0.503670452152565 0.99 2957.45454545455 70.3939393939394 434.038372015586
0.00181818181818182 1.4195613854685 0.356520577354918 -0.627453079787673 0.99 2828.67676767677 66.3434343434343 426.287570818625
0.00181818181818182 1.4195613854685 0.356520577354918 -0.627453079787673 0.99 2828.67676767677 66.3434343434343 426.287570818625
0.00181818181818182 1.4195613854685 0.356520577354918 -0.627453079787673 0.99 2828.67676767677 66.3434343434343 426.287570818625
0.00181818181818182 1.38600096799312 0.320839099380467 -0.478370722414881 0.99 2486.60606060606 58.3232323232323 446.598596894877
0.00181818181818182 1.4195613854685 0.356520577354918 -0.627453079787673 0.99 2828.67676767677 66.3434343434343 426.287570818625
0.00181818181818182 1.41618225954801 0.364562786011213 -0.477041235578902 0.99 2471.25252525253 56.7070707070707 447.160114934734
0.00181818181818182 1.38600096799312 0.320839099380467 -0.478370722414881 0.99 2486.60606060606 58.3232323232323 446.598596894877
0.00181818181818182 1.4232165661765 0.359884368272689 -0.596243360359597 1 2725.63 63.99 446.019064428697
0.00181818181818182 1.38600096799312 0.320839099380467 -0.478370722414881 0.99 2486.60606060606 58.3232323232323 446.598596894877
0.00181818181818182 1.38600096799312 0.320839099380467 -0.478370722414881 0.99 2486.60606060606 58.3232323232323 446.598596894877
0.00181818181818182 1.41746731819201 0.346254755575226 -0.456200343416299 0.99 2707.9595959596 61.6363636363636 446.106968989049
0.00181818181818182 1.4147781491807 0.334719115850261 -0.667797413724529 0.99 2738.71717171717 67.5858585858586 448.16433002044
0.00181818181818182 1.43413779458552 0.373964505408052 -0.587539010420425 0.99 2822.31313131313 65.989898989899 433.289432564843
0.00181818181818182 1.4195613854685 0.356520577354918 -0.627453079787673 0.99 2828.67676767677 66.3434343434343 426.287570818625
0.00181818181818182 1.4195613854685 0.356520577354918 -0.627453079787673 0.99 2828.67676767677 66.3434343434343 426.287570818625
0.00181818181818182 1.41353679591379 0.392076742008817 -0.831270206440515 0.99 2506.22222222222 63.4444444444444 440.579697214825
0.00181818181818182 1.42939499489246 0.352795929573594 -0.729353876278669 1 3145.13 76.82 446.964720978452
0.00181818181818182 1.43964004552987 0.34897357681688 -0.294373655165795 1 3219.87 69.01 439.375339739367
0.00181818181818182 1.4195613854685 0.356520577354918 -0.627453079787673 0.99 2828.67676767677 66.3434343434343 426.287570818625
0.00181818181818182 1.42939499489246 0.352795929573594 -0.729353876278669 1 3145.13 76.82 446.964720978452
0.00181818181818182 1.42939499489246 0.352795929573594 -0.729353876278669 1 3145.13 76.82 446.964720978452
0.00181818181818182 1.38738337027926 0.34489003649675 -0.563811896018016 0.99 2388.54545454545 56.8888888888889 447.201602549075
0.00181818181818182 1.4195613854685 0.356520577354918 -0.627453079787673 0.99 2828.67676767677 66.3434343434343 426.287570818625
0.00181818181818182 1.4195613854685 0.356520577354918 -0.627453079787673 0.99 2828.67676767677 66.3434343434343 426.287570818625
0.00181818181818182 1.41946412123618 0.394252820888409 -0.853148269801466 0.99 2391.21212121212 60.9494949494949 429.273561795898
0.00181818181818182 1.4195613854685 0.356520577354918 -0.627453079787673 0.99 2828.67676767677 66.3434343434343 426.287570818625
0.00181818181818182 1.43413779458552 0.373964505408052 -0.587539010420425 0.99 2822.31313131313 65.989898989899 433.289432564843
0.00181818181818182 1.42939499489246 0.352795929573594 -0.729353876278669 1 3145.13 76.82 446.964720978452
0.00181818181818182 1.43621692921124 0.374084670379764 -0.636968031558734 1 2935.1 70.38 429.046174240932
0.00181818181818182 1.42939499489246 0.352795929573594 -0.729353876278669 1 3145.13 76.82 446.964720978452
0.00181818181818182 1.39975933742096 0.322806104726584 -0.569904000284326 0.99 2712.0303030303 66.1111111111111 453.530310751816
0.00181818181818182 1.42858392096154 0.366097872011522 -0.716355705525005 0.99 3192.64646464646 77.7171717171717 443.376688862926
0.00181818181818182 1.43413779458552 0.373964505408052 -0.587539010420425 0.99 2822.31313131313 65.989898989899 433.289432564843
0.00181818181818182 1.4238662165512 0.372894752201068 -0.528238848356032 1 2401.26 55.43 432.077221942835
0.00181818181818182 1.40202745335928 0.347318246485396 -0.600903624806696 0.99 2524.13131313131 60.2222222222222 431.618525962263
0.00181818181818182 1.41746731819201 0.346254755575226 -0.456200343416299 0.99 2707.9595959596 61.6363636363636 446.106968989049
0.00181818181818182 1.4232165661765 0.359884368272689 -0.596243360359597 1 2725.63 63.99 446.019064428697
0.00181818181818182 1.42939499489246 0.352795929573594 -0.729353876278669 1 3145.13 76.82 446.964720978452
0.00181818181818182 1.4195613854685 0.356520577354918 -0.627453079787673 0.99 2828.67676767677 66.3434343434343 426.287570818625
0.00181818181818182 1.38738337027926 0.34489003649675 -0.563811896018016 0.99 2388.54545454545 56.8888888888889 447.201602549075
0.00181818181818182 1.38600096799312 0.320839099380467 -0.478370722414881 0.99 2486.60606060606 58.3232323232323 446.598596894877
0.00181818181818182 1.42939499489246 0.352795929573594 -0.729353876278669 1 3145.13 76.82 446.964720978452
0.00181818181818182 1.42939499489246 0.352795929573594 -0.729353876278669 1 3145.13 76.82 446.964720978452
0.00181818181818182 1.4238662165512 0.372894752201068 -0.528238848356032 1 2401.26 55.43 432.077221942835
0.00181818181818182 1.39279420667988 0.321094089011378 -0.695785722145457 0.99 2933.41414141414 75.030303030303 453.434043551314
0.00181818181818182 1.42939499489246 0.352795929573594 -0.729353876278669 1 3145.13 76.82 446.964720978452
0.00181818181818182 1.42939499489246 0.352795929573594 -0.729353876278669 1 3145.13 76.82 446.964720978452
0.00181818181818182 1.41618225954801 0.364562786011213 -0.477041235578902 0.99 2471.25252525253 56.7070707070707 447.160114934734
0.00181818181818182 1.4238662165512 0.372894752201068 -0.528238848356032 1 2401.26 55.43 432.077221942835
0.00181818181818182 1.4195613854685 0.356520577354918 -0.627453079787673 0.99 2828.67676767677 66.3434343434343 426.287570818625
0.00181818181818182 1.44009922587735 0.367460225343478 -0.328639033506131 1 2748.98 58.71 452.345433713426
0.00181818181818182 1.38738337027926 0.34489003649675 -0.563811896018016 0.99 2388.54545454545 56.8888888888889 447.201602549075
0.00181818181818182 1.43964004552987 0.34897357681688 -0.294373655165795 1 3219.87 69.01 439.375339739367
0.00181818181818182 1.41557285266888 0.392268770054414 -0.670476966136827 0.99 2395.63636363636 55.8080808080808 441.710609556161
0.00181818181818182 1.38600096799312 0.320839099380467 -0.478370722414881 0.99 2486.60606060606 58.3232323232323 446.598596894877
0.00181818181818182 1.41329597770775 0.34339033665871 -0.685990145877135 1 2965.97 72.54 458.541171698611
0.00181818181818182 1.4238662165512 0.372894752201068 -0.528238848356032 1 2401.26 55.43 432.077221942835
0.00181818181818182 1.43413779458552 0.373964505408052 -0.587539010420425 0.99 2822.31313131313 65.989898989899 433.289432564843
0.00181818181818182 1.41618225954801 0.364562786011213 -0.477041235578902 0.99 2471.25252525253 56.7070707070707 447.160114934734
0.00181818181818182 1.4195613854685 0.356520577354918 -0.627453079787673 0.99 2828.67676767677 66.3434343434343 426.287570818625
0.00181818181818182 1.38600096799312 0.320839099380467 -0.478370722414881 0.99 2486.60606060606 58.3232323232323 446.598596894877
0.00181818181818182 1.4238662165512 0.372894752201068 -0.528238848356032 1 2401.26 55.43 432.077221942835
0.00181818181818182 1.41746731819201 0.346254755575226 -0.456200343416299 0.99 2707.9595959596 61.6363636363636 446.106968989049
0.00181818181818182 1.4238662165512 0.372894752201068 -0.528238848356032 1 2401.26 55.43 432.077221942835
0.00181818181818182 1.42349024180838 0.322906669536066 -0.197982326390949 0.99 3017.49494949495 64.989898989899 441.241921431259
0.00181818181818182 1.4238662165512 0.372894752201068 -0.528238848356032 1 2401.26 55.43 432.077221942835
0.00181818181818182 1.4195613854685 0.356520577354918 -0.627453079787673 0.99 2828.67676767677 66.3434343434343 426.287570818625
0.00181818181818182 1.4195613854685 0.356520577354918 -0.627453079787673 0.99 2828.67676767677 66.3434343434343 426.287570818625
0.00181818181818182 1.42349024180838 0.322906669536066 -0.197982326390949 0.99 3017.49494949495 64.989898989899 441.241921431259
0.00181818181818182 1.4238662165512 0.372894752201068 -0.528238848356032 1 2401.26 55.43 432.077221942835
0.00181818181818182 1.43825956807744 0.381493749608745 -0.562397232607785 1 3218.62 73.75 466.951145362748
0.00181818181818182 1.43675516229826 0.370969701409615 -0.804966393045725 1 3127.85 77.46 470.168642243109
0.00181818181818182 1.38600096799312 0.320839099380467 -0.478370722414881 0.99 2486.60606060606 58.3232323232323 446.598596894877
0.00181818181818182 1.44234382867905 0.395612977693977 -0.831452234423803 1 2929.13 73.1 445.891308406052
0.00181818181818182 1.4588697204257 0.396293354702212 -0.712496017873812 1 2973.43 70.65 440.569462869563
0.00181818181818182 1.4238662165512 0.372894752201068 -0.528238848356032 1 2401.26 55.43 432.077221942835
0.00181818181818182 1.4238662165512 0.372894752201068 -0.528238848356032 1 2401.26 55.43 432.077221942835
0.00181818181818182 1.41618225954801 0.364562786011213 -0.477041235578902 0.99 2471.25252525253 56.7070707070707 447.160114934734
0.00181818181818182 1.4588697204257 0.396293354702212 -0.712496017873812 1 2973.43 70.65 440.569462869563
0.00181818181818182 1.42349024180838 0.322906669536066 -0.197982326390949 0.99 3017.49494949495 64.989898989899 441.241921431259
0.00181818181818182 1.4195613854685 0.356520577354918 -0.627453079787673 0.99 2828.67676767677 66.3434343434343 426.287570818625
0.00181818181818182 1.4238662165512 0.372894752201068 -0.528238848356032 1 2401.26 55.43 432.077221942835
0.00181818181818182 1.4238662165512 0.372894752201068 -0.528238848356032 1 2401.26 55.43 432.077221942835
0.00181818181818182 1.38930459076095 0.316530841918974 -0.319181444270887 0.99 2703.27272727273 58.8080808080808 437.693669410697
0.00181818181818182 1.41746731819201 0.346254755575226 -0.456200343416299 0.99 2707.9595959596 61.6363636363636 446.106968989049
0.00181818181818182 1.41088088020819 0.393556449345537 -0.948264397335929 0.99 2194 58.020202020202 442.88840046295
0.00181818181818182 1.4238662165512 0.372894752201068 -0.528238848356032 1 2401.26 55.43 432.077221942835
0.00181818181818182 1.4238662165512 0.372894752201068 -0.528238848356032 1 2401.26 55.43 432.077221942835
0.00181818181818182 1.38600096799312 0.320839099380467 -0.478370722414881 0.99 2486.60606060606 58.3232323232323 446.598596894877
0.00181818181818182 1.4195613854685 0.356520577354918 -0.627453079787673 0.99 2828.67676767677 66.3434343434343 426.287570818625
0.00181818181818182 1.38600096799312 0.320839099380467 -0.478370722414881 0.99 2486.60606060606 58.3232323232323 446.598596894877
0.00181818181818182 1.38600096799312 0.320839099380467 -0.478370722414881 0.99 2486.60606060606 58.3232323232323 446.598596894877
0.00181818181818182 1.41618225954801 0.364562786011213 -0.477041235578902 0.99 2471.25252525253 56.7070707070707 447.160114934734
0.00181818181818182 1.38600096799312 0.320839099380467 -0.478370722414881 0.99 2486.60606060606 58.3232323232323 446.598596894877
0.00181818181818182 1.4195613854685 0.356520577354918 -0.627453079787673 0.99 2828.67676767677 66.3434343434343 426.287570818625
0.00181818181818182 1.39274697678187 0.323008917256828 -0.41109495129868 1 2391.26 54.37 438.997567999416
0.00181818181818182 1.40546280683219 0.350792466742397 -0.666156119876252 0.99 2659.11111111111 64.1515151515152 442.723037977747
0.00181818181818182 1.4195613854685 0.356520577354918 -0.627453079787673 0.99 2828.67676767677 66.3434343434343 426.287570818625
0.00181818181818182 1.4195613854685 0.356520577354918 -0.627453079787673 0.99 2828.67676767677 66.3434343434343 426.287570818625
0.00181818181818182 1.38600096799312 0.320839099380467 -0.478370722414881 0.99 2486.60606060606 58.3232323232323 446.598596894877
0.00181818181818182 1.38600096799312 0.320839099380467 -0.478370722414881 0.99 2486.60606060606 58.3232323232323 446.598596894877
0.00181818181818182 1.42349024180838 0.322906669536066 -0.197982326390949 0.99 3017.49494949495 64.989898989899 441.241921431259
0.00181818181818182 1.41618225954801 0.364562786011213 -0.477041235578902 0.99 2471.25252525253 56.7070707070707 447.160114934734
0.00181818181818182 1.43964004552987 0.34897357681688 -0.294373655165795 1 3219.87 69.01 439.375339739367
0.00181818181818182 1.4238662165512 0.372894752201068 -0.528238848356032 1 2401.26 55.43 432.077221942835
0.00181818181818182 1.43413779458552 0.373964505408052 -0.587539010420425 0.99 2822.31313131313 65.989898989899 433.289432564843
0.00181818181818182 1.4238662165512 0.372894752201068 -0.528238848356032 1 2401.26 55.43 432.077221942835
0.00181818181818182 1.40202745335928 0.347318246485396 -0.600903624806696 0.99 2524.13131313131 60.2222222222222 431.618525962263
0.00181818181818182 1.42939499489246 0.352795929573594 -0.729353876278669 1 3145.13 76.82 446.964720978452
0.00181818181818182 1.4195613854685 0.356520577354918 -0.627453079787673 0.99 2828.67676767677 66.3434343434343 426.287570818625
0.00181818181818182 1.41557285266888 0.392268770054414 -0.670476966136827 0.99 2395.63636363636 55.8080808080808 441.710609556161
0.00181818181818182 1.43149460066054 0.396293899953443 -0.80116718030932 0.99 2657.92929292929 66.6060606060606 428.411177934015
0.00181818181818182 1.43155024420465 0.347816929056227 -0.447739554005757 0.99 2877.68686868687 65.1111111111111 434.77580366905
0.00181818181818182 1.38600096799312 0.320839099380467 -0.478370722414881 0.99 2486.60606060606 58.3232323232323 446.598596894877
0.00181818181818182 1.4238662165512 0.372894752201068 -0.528238848356032 1 2401.26 55.43 432.077221942835
0.00181818181818182 1.39454872574101 0.299806012695568 -0.38134501676091 0.99 2989.24242424242 68.3939393939394 439.747419927631
0.00181818181818182 1.4238662165512 0.372894752201068 -0.528238848356032 1 2401.26 55.43 432.077221942835
0.00181818181818182 1.42349024180838 0.322906669536066 -0.197982326390949 0.99 3017.49494949495 64.989898989899 441.241921431259
0.00181818181818182 1.41618225954801 0.364562786011213 -0.477041235578902 0.99 2471.25252525253 56.7070707070707 447.160114934734
0.00181818181818182 1.4238662165512 0.372894752201068 -0.528238848356032 1 2401.26 55.43 432.077221942835
0.00181818181818182 1.4238662165512 0.372894752201068 -0.528238848356032 1 2401.26 55.43 432.077221942835
0.00181818181818182 1.42349024180838 0.322906669536066 -0.197982326390949 0.99 3017.49494949495 64.989898989899 441.241921431259
0.00181818181818182 1.44454707260487 0.381657428151044 -0.6645595030535 0.99 3209.74747474747 75.969696969697 450.242424750265
0.00181818181818182 1.41016093107705 0.330096693899342 -0.503670452152565 0.99 2957.45454545455 70.3939393939394 434.038372015586
