0.00211864406779661 1.36464192870852 0.214670649048822 0.766351694961957 0.472902669700313 1.82902322749139 1 9.21534118039756 6.04524225278845 0.0419994427934621 6.22449242049617 236.230773182802
0.00211864406779661 1.37676587352377 0.241844443105933 0.75899641025169 0.482092092162931 1.89304049497527 1 9.22897237972406 6.08980044782884 0.043318653849929 6.14967838966961 235.000709258269
0.00211864406779661 1.36429292347942 0.194445277969861 0.832007384731422 0.55472341164445 2.3157825845244 1 9.40865283444596 6.33138321889527 0.0460849145578358 6.33090855411835 235.80439077071
0.00211864406779661 1.27988065309193 0.117301176483806 0.710564870718258 0.300331941298742 1.381525117582 1 8.95432921703636 5.76707021389212 0.041284877712711 5.77527592080245 259.467742756666
0.00211864406779661 1.351601388392 0.185616024704856 0.739897327551007 0.753637741824624 2.02386104076684 1 9.11038743121717 5.87014401187143 0.0391543630094598 6.00569612935471 246.483139844651
0.00211864406779661 1.351601388392 0.185616024704856 0.739897327551007 0.753637741824624 2.02386104076684 1 9.11038743121717 5.87014401187143 0.0391543630094598 6.00569612935471 246.483139844651
0.00211864406779661 1.34675056630937 0.152613350550626 0.767846421788691 0.443611334605596 1.46039871555828 1 9.37510311557256 6.06649471295797 0.0365670249396439 6.32070834041502 257.997911356736
0.00211864406779661 1.34675056630937 0.152613350550626 0.767846421788691 0.443611334605596 1.46039871555828 1 9.37510311557256 6.06649471295797 0.0365670249396439 6.32070834041502 257.997911356736
0.00211864406779661 1.36464192870852 0.214670649048822 0.766351694961957 0.472902669700313 1.82902322749139 1 9.21534118039756 6.04524225278845 0.0419994427934621 6.22449242049617 236.230773182802
0.00211864406779661 1.36692550299748 0.199889568724001 0.692619153977709 0.375728877999626 1.6490416944127 1 9.22157370780919 6.12336961798792 0.0451301794066364 6.19433736157983 251.227713499768
0.00211864406779661 1.351601388392 0.185616024704856 0.739897327551007 0.753637741824624 2.02386104076684 1 9.11038743121717 5.87014401187143 0.0391543630094598 6.00569612935471 246.483139844651
0.00211864406779661 1.351601388392 0.185616024704856 0.739897327551007 0.753637741824624 2.02386104076684 1 9.11038743121717 5.87014401187143 0.0391543630094598 6.00569612935471 246.483139844651
0.00211864406779661 1.36429292347942 0.194445277969861 0.832007384731422 0.55472341164445 2.3157825845244 1 9.40865283444596 6.33138321889527 0.0460849145578358 6.33090855411835 235.80439077071
0.00211864406779661 1.36692550299748 0.199889568724001 0.692619153977709 0.375728877999626 1.6490416944127 1 9.22157370780919 6.12336961798792 0.0451301794066364 6.19433736157983 251.227713499768
0.00211864406779661 1.37149910976436 0.222916496048959 0.70058782649555 0.589915467595951 2.11674115720054 1 9.42279499974478 6.34808948979667 0.0462032327708193 6.40500804806742 234.530672963099
0.00211864406779661 1.36464192870852 0.214670649048822 0.766351694961957 0.472902669700313 1.82902322749139 1 9.21534118039756 6.04524225278845 0.0419994427934621 6.22449242049617 236.230773182802
0.00211864406779661 1.29894196073291 0.162264951526599 0.641607713642586 0.599834955790772 1.5926559023626 1 9.13873695311649 5.89834363577233 0.0391484942886812 5.94288686036362 246.402444058814
0.00211864406779661 1.351601388392 0.185616024704856 0.739897327551007 0.753637741824624 2.02386104076684 1 9.11038743121717 5.87014401187143 0.0391543630094598 6.00569612935471 246.483139844651
0.00211864406779661 1.39950481847108 0.280595453536137 0.683554046577421 0.407511873758034 1.73811312710991 1 9.2558585222752 6.12037067634082 0.043478537826742 6.18908514119111 240.927988538217
0.00211864406779661 1.36464192870852 0.214670649048822 0.766351694961957 0.472902669700313 1.82902322749139 1 9.21534118039756 6.04524225278845 0.0419994427934621 6.22449242049617 236.230773182802
0.00211864406779661 1.34675056630937 0.152613350550626 0.767846421788691 0.443611334605596 1.46039871555828 1 9.37510311557256 6.06649471295797 0.0365670249396439 6.32070834041502 257.997911356736
0.00211864406779661 1.36429292347942 0.194445277969861 0.832007384731422 0.55472341164445 2.3157825845244 1 9.40865283444596 6.33138321889527 0.0460849145578358 6.33090855411835 235.80439077071
0.00211864406779661 1.37676587352377 0.241844443105933 0.75899641025169 0.482092092162931 1.89304049497527 1 9.22897237972406 6.08980044782884 0.043318653849929 6.14967838966961 235.000709258269
0.00211864406779661 1.36464192870852 0.214670649048822 0.766351694961957 0.472902669700313 1.82902322749139 1 9.21534118039756 6.04524225278845 0.0419994427934621 6.22449242049617 236.230773182802
0.00211864406779661 1.351601388392 0.185616024704856 0.739897327551007 0.753637741824624 2.02386104076684 1 9.11038743121717 5.87014401187143 0.0391543630094598 6.00569612935471 246.483139844651
0.00211864406779661 1.37676587352377 0.241844443105933 0.75899641025169 0.482092092162931 1.89304049497527 1 9.22897237972406 6.08980044782884 0.043318653849929 6.14967838966961 235.000709258269
0.00211864406779661 1.351601388392 0.185616024704856 0.739897327551007 0.753637741824624 2.02386104076684 1 9.11038743121717 5.87014401187143 0.0391543630094598 6.00569612935471 246.483139844651
0.00211864406779661 1.37676587352377 0.241844443105933 0.75899641025169 0.482092092162931 1.89304049497527 1 9.22897237972406 6.08980044782884 0.043318653849929 6.14967838966961 235.000709258269
0.00211864406779661 1.36464192870852 0.214670649048822 0.766351694961957 0.472902669700313 1.82902322749139 1 9.21534118039756 6.04524225278845 0.0419994427934621 6.22449242049617 236.230773182802
0.00211864406779661 1.36429292347942 0.194445277969861 0.832007384731422 0.55472341164445 2.3157825845244 1 9.40865283444596 6.33138321889527 0.0460849145578358 6.33090855411835 235.80439077071
0.00211864406779661 1.36464192870852 0.214670649048822 0.766351694961957 0.472902669700313 1.82902322749139 1 9.21534118039756 6.04524225278845 0.0419994427934621 6.22449242049617 236.230773182802
0.00211864406779661 1.37676587352377 0.241844443105933 0.75899641025169 0.482092092162931 1.89304049497527 1 9.22897237972406 6.08980044782884 0.043318653849929 6.14967838966961 235.000709258269
0.00211864406779661 1.29894196073291 0.162264951526599 0.641607713642586 0.599834955790772 1.5926559023626 1 9.13873695311649 5.89834363577233 0.0391484942886812 5.94288686036362 246.402444058814
0.00211864406779661 1.33855424623813 0.234052575065785 0.631713716714764 0.44130982760199 1.6724928127728 1 9.02390235417039 5.89357604628886 0.0437035341181574 5.84692035464806 259.627617730931
0.00211864406779661 1.36429292347942 0.194445277969861 0.832007384731422 0.55472341164445 2.3157825845244 1 9.40865283444596 6.33138321889527 0.0460849145578358 6.33090855411835 235.80439077071
0.00211864406779661 1.351601388392 0.185616024704856 0.739897327551007 0.753637741824624 2.02386104076684 1 9.11038743121717 5.87014401187143 0.0391543630094598 6.00569612935471 246.483139844651
0.00211864406779661 1.29894196073291 0.162264951526599 0.641607713642586 0.599834955790772 1.5926559023626 1 9.13873695311649 5.89834363577233 0.0391484942886812 5.94288686036362 246.402444058814
0.00211864406779661 1.39950481847108 0.280595453536137 0.683554046577421 0.407511873758034 1.73811312710991 1 9.2558585222752 6.12037067634082 0.043478537826742 6.18908514119111 240.927988538217
0.00211864406779661 1.37149910976436 0.222916496048959 0.70058782649555 0.589915467595951 2.11674115720054 1 9.42279499974478 6.34808948979667 0.0462032327708193 6.40500804806742 234.530672963099
0.00211864406779661 1.351601388392 0.185616024704856 0.739897327551007 0.753637741824624 2.02386104076684 1 9.11038743121717 5.87014401187143 0.0391543630094598 6.00569612935471 246.483139844651
0.00211864406779661 1.33477665209672 0.151473608428315 0.755659618066775 0.848543156295543 2.37922449861696 1 9.2610334862917 6.07235305084132 0.0412262357414449 6.17323039396821 239.645090799362
0.00211864406779661 1.351601388392 0.185616024704856 0.739897327551007 0.753637741824624 2.02386104076684 1 9.11038743121717 5.87014401187143 0.0391543630094598 6.00569612935471 246.483139844651
0.00211864406779661 1.36429292347942 0.194445277969861 0.832007384731422 0.55472341164445 2.3157825845244 1 9.40865283444596 6.33138321889527 0.0460849145578358 6.33090855411835 235.80439077071
0.00211864406779661 1.36464192870852 0.214670649048822 0.766351694961957 0.472902669700313 1.82902322749139 1 9.21534118039756 6.04524225278845 0.0419994427934621 6.22449242049617 236.230773182802
0.00211864406779661 1.37149910976436 0.222916496048959 0.70058782649555 0.589915467595951 2.11674115720054 1 9.42279499974478 6.34808948979667 0.0462032327708193 6.40500804806742 234.530672963099
0.00211864406779661 1.39883893257579 0.258794362769858 0.617565570565217 0.344221206922313 1.6400582673058 1 9.44860896103546 6.38710376106486 0.046817172950895 6.41553330694769 238.320247136884
0.00211864406779661 1.39950481847108 0.280595453536137 0.683554046577421 0.407511873758034 1.73811312710991 1 9.2558585222752 6.12037067634082 0.043478537826742 6.18908514119111 240.927988538217
0.00211864406779661 1.29894196073291 0.162264951526599 0.641607713642586 0.599834955790772 1.5926559023626 1 9.13873695311649 5.89834363577233 0.0391484942886812 5.94288686036362 246.402444058814
0.00211864406779661 1.36733614386129 0.262527371216747 0.629686534791005 0.430278601769423 1.84786161197057 1 9.25766279287058 6.22336960409076 0.0481086545981726 6.13224046798676 241.920040879386
0.00211864406779661 1.39950481847108 0.280595453536137 0.683554046577421 0.407511873758034 1.73811312710991 1 9.2558585222752 6.12037067634082 0.043478537826742 6.18908514119111 240.927988538217
0.00211864406779661 1.39883893257579 0.258794362769858 0.617565570565217 0.344221206922313 1.6400582673058 1 9.44860896103546 6.38710376106486 0.046817172950895 6.41553330694769 238.320247136884
0.00211864406779661 1.36464192870852 0.214670649048822 0.766351694961957 0.472902669700313 1.82902322749139 1 9.21534118039756 6.04524225278845 0.0419994427934621 6.22449242049617 236.230773182802
0.00211864406779661 1.37729114024723 0.187990338150522 0.665626340225975 0.557532688664978 1.79068586597692 1 9.56213509364496 6.42993450868183 0.0436216983012298 6.6082704944112 236.850142830052
0.00211864406779661 1.36464192870852 0.214670649048822 0.766351694961957 0.472902669700313 1.82902322749139 1 9.21534118039756 6.04524225278845 0.0419994427934621 6.22449242049617 236.230773182802
0.00211864406779661 1.36464192870852 0.214670649048822 0.766351694961957 0.472902669700313 1.82902322749139 1 9.21534118039756 6.04524225278845 0.0419994427934621 6.22449242049617 236.230773182802
0.00211864406779661 1.35641570004616 0.14118320299273 0.665326424625619 0.662502160602161 1.62081562872749 1 9.5047025825396 6.21073393687359 0.0371062950573779 6.64703965476017 249.644106550346
0.00211864406779661 1.36464192870852 0.214670649048822 0.766351694961957 0.472902669700313 1.82902322749139 1 9.21534118039756 6.04524225278845 0.0419994427934621 6.22449242049617 236.230773182802
0.00211864406779661 1.351601388392 0.185616024704856 0.739897327551007 0.753637741824624 2.02386104076684 1 9.11038743121717 5.87014401187143 0.0391543630094598 6.00569612935471 246.483139844651
0.00211864406779661 1.37676587352377 0.241844443105933 0.75899641025169 0.482092092162931 1.89304049497527 1 9.22897237972406 6.08980044782884 0.043318653849929 6.14967838966961 235.000709258269
0.00211864406779661 1.36429292347942 0.194445277969861 0.832007384731422 0.55472341164445 2.3157825845244 1 9.40865283444596 6.33138321889527 0.0460849145578358 6.33090855411835 235.80439077071
0.00211864406779661 1.37149910976436 0.222916496048959 0.70058782649555 0.589915467595951 2.11674115720054 1 9.42279499974478 6.34808948979667 0.0462032327708193 6.40500804806742 234.530672963099
0.00211864406779661 1.36429292347942 0.194445277969861 0.832007384731422 0.55472341164445 2.3157825845244 1 9.40865283444596 6.33138321889527 0.0460849145578358 6.33090855411835 235.80439077071
0.00211864406779661 1.36464192870852 0.214670649048822 0.766351694961957 0.472902669700313 1.82902322749139 1 9.21534118039756 6.04524225278845 0.0419994427934621 6.22449242049617 236.230773182802
0.00211864406779661 1.36429292347942 0.194445277969861 0.832007384731422 0.55472341164445 2.3157825845244 1 9.40865283444596 6.33138321889527 0.0460849145578358 6.33090855411835 235.80439077071
0.00211864406779661 1.34675056630937 0.152613350550626 0.767846421788691 0.443611334605596 1.46039871555828 1 9.37510311557256 6.06649471295797 0.0365670249396439 6.32070834041502 257.997911356736
0.00211864406779661 1.37676587352377 0.241844443105933 0.75899641025169 0.482092092162931 1.89304049497527 1 9.22897237972406 6.08980044782884 0.043318653849929 6.14967838966961 235.000709258269
0.00211864406779661 1.36464192870852 0.214670649048822 0.766351694961957 0.472902669700313 1.82902322749139 1 9.21534118039756 6.04524225278845 0.0419994427934621 6.22449242049617 236.230773182802
0.00211864406779661 1.36429292347942 0.194445277969861 0.832007384731422 0.55472341164445 2.3157825845244 1 9.40865283444596 6.33138321889527 0.0460849145578358 6.33090855411835 235.80439077071
0.00211864406779661 1.36464192870852 0.214670649048822 0.766351694961957 0.472902669700313 1.82902322749139 1 9.21534118039756 6.04524225278845 0.0419994427934621 6.22449242049617 236.230773182802
0.00211864406779661 1.36185705281449 0.193524474473266 0.698616927371377 0.464513022284115 1.81896618182635 1 9.39615581802439 6.29206284482631 0.0448651940430715 6.40792454483825 243.047309708042
0.00211864406779661 1.351601388392 0.185616024704856 0.739897327551007 0.753637741824624 2.02386104076684 1 9.11038743121717 5.87014401187143 0.0391543630094598 6.00569612935471 246.483139844651
0.00211864406779661 1.32739347996095 0.135834659315651 0.693030746885002 0.581287439338998 2.11684451743544 1 9.4139150286766 6.42524712637566 0.050354469139294 6.2767687947738 246.747336756683
0.00211864406779661 1.39950481847108 0.280595453536137 0.683554046577421 0.407511873758034 1.73811312710991 1 9.2558585222752 6.12037067634082 0.043478537826742 6.18908514119111 240.927988538217
0.00211864406779661 1.34675056630937 0.152613350550626 0.767846421788691 0.443611334605596 1.46039871555828 1 9.37510311557256 6.06649471295797 0.0365670249396439 6.32070834041502 257.997911356736
0.00211864406779661 1.34675056630937 0.152613350550626 0.767846421788691 0.443611334605596 1.46039871555828 1 9.37510311557256 6.06649471295797 0.0365670249396439 6.32070834041502 257.997911356736
0.00211864406779661 1.36464192870852 0.214670649048822 0.766351694961957 0.472902669700313 1.82902322749139 1 9.21534118039756 6.04524225278845 0.0419994427934621 6.22449242049617 236.230773182802
0.00211864406779661 1.37676587352377 0.241844443105933 0.75899641025169 0.482092092162931 1.89304049497527 1 9.22897237972406 6.08980044782884 0.043318653849929 6.14967838966961 235.000709258269
0.00211864406779661 1.36429292347942 0.194445277969861 0.832007384731422 0.55472341164445 2.3157825845244 1 9.40865283444596 6.33138321889527 0.0460849145578358 6.33090855411835 235.80439077071
0.00211864406779661 1.38385730256416 0.239691126717216 0.739919248584636 0.594320837972118 2.23614588776038 1 9.28222372864963 6.22323742512025 0.046935249209732 6.18593423783758 236.448393999143
0.00211864406779661 1.37676587352377 0.241844443105933 0.75899641025169 0.482092092162931 1.89304049497527 1 9.22897237972406 6.08980044782884 0.043318653849929 6.14967838966961 235.000709258269
0.00211864406779661 1.351601388392 0.185616024704856 0.739897327551007 0.753637741824624 2.02386104076684 1 9.11038743121717 5.87014401187143 0.0391543630094598 6.00569612935471 246.483139844651
0.00211864406779661 1.29894196073291 0.162264951526599 0.641607713642586 0.599834955790772 1.5926559023626 1 9.13873695311649 5.89834363577233 0.0391484942886812 5.94288686036362 246.402444058814
0.00211864406779661 1.35763691606369 0.204857877465802 0.739869439349201 0.388437482036821 1.57116703494001 1 9.25905434276678 6.04247446801573 0.0400919435131566 6.21113540894322 249.369856180531
0.00211864406779661 1.3385613240305 0.201807082200537 0.656273283568234 0.325719375794453 1.29928108934885 1 9.26357145430602 6.01461124994823 0.0388145460521741 6.12124934667633 261.702087599534
0.00211864406779661 1.36464192870852 0.214670649048822 0.766351694961957 0.472902669700313 1.82902322749139 1 9.21534118039756 6.04524225278845 0.0419994427934621 6.22449242049617 236.230773182802
0.00211864406779661 1.3597072094605 0.208925919551663 0.655065425644663 0.344421049618037 1.5043548004651 0.966666666666667 9.45796255167575 6.32553241772394 0.0436116861336858 6.325038499087 258.415966632237
0.00211864406779661 1.36429292347942 0.194445277969861 0.832007384731422 0.55472341164445 2.3157825845244 1 9.40865283444596 6.33138321889527 0.0460849145578358 6.33090855411835 235.80439077071
0.00211864406779661 1.351601388392 0.185616024704856 0.739897327551007 0.753637741824624 2.02386104076684 1 9.11038743121717 5.87014401187143 0.0391543630094598 6.00569612935471 246.483139844651
0.00211864406779661 1.35759471308945 0.224693182119138 0.602284304057033 0.493852334657854 1.92957175871746 1 9.25257896265015 6.26821205450698 0.0505715098276683 6.12650521686722 245.633800453235
0.00211864406779661 1.33855424623813 0.234052575065785 0.631713716714764 0.44130982760199 1.6724928127728 1 9.02390235417039 5.89357604628886 0.0437035341181574 5.84692035464806 259.627617730931
0.00211864406779661 1.34675056630937 0.152613350550626 0.767846421788691 0.443611334605596 1.46039871555828 1 9.37510311557256 6.06649471295797 0.0365670249396439 6.32070834041502 257.997911356736
0.00211864406779661 1.36429292347942 0.194445277969861 0.832007384731422 0.55472341164445 2.3157825845244 1 9.40865283444596 6.33138321889527 0.0460849145578358 6.33090855411835 235.80439077071
0.00211864406779661 1.33855424623813 0.234052575065785 0.631713716714764 0.44130982760199 1.6724928127728 1 9.02390235417039 5.89357604628886 0.0437035341181574 5.84692035464806 259.627617730931
0.00211864406779661 1.35641570004616 0.14118320299273 0.665326424625619 0.662502160602161 1.62081562872749 1 9.5047025825396 6.21073393687359 0.0371062950573779 6.64703965476017 249.644106550346
0.00211864406779661 1.33855424623813 0.234052575065785 0.631713716714764 0.44130982760199 1.6724928127728 1 9.02390235417039 5.89357604628886 0.0437035341181574 5.84692035464806 259.627617730931
0.00211864406779661 1.34675056630937 0.152613350550626 0.767846421788691 0.443611334605596 1.46039871555828 1 9.37510311557256 6.06649471295797 0.0365670249396439 6.32070834041502 257.997911356736
0.00211864406779661 1.36429292347942 0.194445277969861 0.832007384731422 0.55472341164445 2.3157825845244 1 9.40865283444596 6.33138321889527 0.0460849145578358 6.33090855411835 235.80439077071
0.00211864406779661 1.36464192870852 0.214670649048822 0.766351694961957 0.472902669700313 1.82902322749139 1 9.21534118039756 6.04524225278845 0.0419994427934621 6.22449242049617 236.230773182802
0.00211864406779661 1.36429292347942 0.194445277969861 0.832007384731422 0.55472341164445 2.3157825845244 1 9.40865283444596 6.33138321889527 0.0460849145578358 6.33090855411835 235.80439077071
0.00211864406779661 1.351601388392 0.185616024704856 0.739897327551007 0.753637741824624 2.02386104076684 1 9.11038743121717 5.87014401187143 0.0391543630094598 6.00569612935471 246.483139844651
0.00211864406779661 1.29894196073291 0.162264951526599 0.641607713642586 0.599834955790772 1.5926559023626 1 9.13873695311649 5.89834363577233 0.0391484942886812 5.94288686036362 246.402444058814
0.00211864406779661 1.36429292347942 0.194445277969861 0.832007384731422 0.55472341164445 2.3157825845244 1 9.40865283444596 6.33138321889527 0.0460849145578358 6.33090855411835 235.80439077071
0.00211864406779661 1.351601388392 0.185616024704856 0.739897327551007 0.753637741824624 2.02386104076684 1 9.11038743121717 5.87014401187143 0.0391543630094598 6.00569612935471 246.483139844651
0.00211864406779661 1.36429292347942 0.194445277969861 0.832007384731422 0.55472341164445 2.3157825845244 1 9.40865283444596 6.33138321889527 0.0460849145578358 6.33090855411835 235.80439077071
0.00211864406779661 1.351601388392 0.185616024704856 0.739897327551007 0.753637741824624 2.02386104076684 1 9.11038743121717 5.87014401187143 0.0391543630094598 6.00569612935471 246.483139844651
0.00211864406779661 1.37676587352377 0.241844443105933 0.75899641025169 0.482092092162931 1.89304049497527 1 9.22897237972406 6.08980044782884 0.043318653849929 6.14967838966961 235.000709258269
0.00211864406779661 1.34675056630937 0.152613350550626 0.767846421788691 0.443611334605596 1.46039871555828 1 9.37510311557256 6.06649471295797 0.0365670249396439 6.32070834041502 257.997911356736
0.00211864406779661 1.37676587352377 0.241844443105933 0.75899641025169 0.482092092162931 1.89304049497527 1 9.22897237972406 6.08980044782884 0.043318653849929 6.14967838966961 235.000709258269
0.00211864406779661 1.33258234652375 0.134813960223947 0.631550587917377 0.535669695084032 1.68252404700968 1 9.54997901879671 6.43641742672327 0.0444423874759097 6.52468746831601 242.160855393358
0.00211864406779661 1.36464192870852 0.214670649048822 0.766351694961957 0.472902669700313 1.82902322749139 1 9.21534118039756 6.04524225278845 0.0419994427934621 6.22449242049617 236.230773182802
0.00211864406779661 1.37149910976436 0.222916496048959 0.70058782649555 0.589915467595951 2.11674115720054 1 9.42279499974478 6.34808948979667 0.0462032327708193 6.40500804806742 234.530672963099
0.00211864406779661 1.36464192870852 0.214670649048822 0.766351694961957 0.472902669700313 1.82902322749139 1 9.21534118039756 6.04524225278845 0.0419994427934621 6.22449242049617 236.230773182802
0.00211864406779661 1.34403750051367 0.122644717103771 0.632768281980237 0.833656001004743 2.38246739795608 1 9.42774750143846 6.37314912655074 0.0471416502393692 6.29667951610207 252.205967419737
0.00211864406779661 1.36464192870852 0.214670649048822 0.766351694961957 0.472902669700313 1.82902322749139 1 9.21534118039756 6.04524225278845 0.0419994427934621 6.22449242049617 236.230773182802
0.00211864406779661 1.36464192870852 0.214670649048822 0.766351694961957 0.472902669700313 1.82902322749139 1 9.21534118039756 6.04524225278845 0.0419994427934621 6.22449242049617 236.230773182802
0.00211864406779661 1.37149910976436 0.222916496048959 0.70058782649555 0.589915467595951 2.11674115720054 1 9.42279499974478 6.34808948979667 0.0462032327708193 6.40500804806742 234.530672963099
0.00211864406779661 1.351601388392 0.185616024704856 0.739897327551007 0.753637741824624 2.02386104076684 1 9.11038743121717 5.87014401187143 0.0391543630094598 6.00569612935471 246.483139844651
0.00211864406779661 1.39950481847108 0.280595453536137 0.683554046577421 0.407511873758034 1.73811312710991 1 9.2558585222752 6.12037067634082 0.043478537826742 6.18908514119111 240.927988538217
0.00211864406779661 1.351601388392 0.185616024704856 0.739897327551007 0.753637741824624 2.02386104076684 1 9.11038743121717 5.87014401187143 0.0391543630094598 6.00569612935471 246.483139844651
0.00211864406779661 1.33872492749777 0.146389664615422 0.776424386643583 0.446581900787549 1.95070904686796 1 9.38652088890226 6.3303742867939 0.0470687207235408 6.29937807646401 237.610220958306
0.00211864406779661 1.39950481847108 0.280595453536137 0.683554046577421 0.407511873758034 1.73811312710991 1 9.2558585222752 6.12037067634082 0.043478537826742 6.18908514119111 240.927988538217
0.00211864406779661 1.36429292347942 0.194445277969861 0.832007384731422 0.55472341164445 2.3157825845244 1 9.40865283444596 6.33138321889527 0.0460849145578358 6.33090855411835 235.80439077071
0.00211864406779661 1.37676587352377 0.241844443105933 0.75899641025169 0.482092092162931 1.89304049497527 1 9.22897237972406 6.08980044782884 0.043318653849929 6.14967838966961 235.000709258269
0.00211864406779661 1.36464192870852 0.214670649048822 0.766351694961957 0.472902669700313 1.82902322749139 1 9.21534118039756 6.04524225278845 0.0419994427934621 6.22449242049617 236.230773182802
0.00211864406779661 1.39950481847108 0.280595453536137 0.683554046577421 0.407511873758034 1.73811312710991 1 9.2558585222752 6.12037067634082 0.043478537826742 6.18908514119111 240.927988538217
0.00211864406779661 1.35641570004616 0.14118320299273 0.665326424625619 0.662502160602161 1.62081562872749 1 9.5047025825396 6.21073393687359 0.0371062950573779 6.64703965476017 249.644106550346
0.00211864406779661 1.33855424623813 0.234052575065785 0.631713716714764 0.44130982760199 1.6724928127728 1 9.02390235417039 5.89357604628886 0.0437035341181574 5.84692035464806 259.627617730931
0.00211864406779661 1.36464192870852 0.214670649048822 0.766351694961957 0.472902669700313 1.82902322749139 1 9.21534118039756 6.04524225278845 0.0419994427934621 6.22449242049617 236.230773182802
0.00211864406779661 1.351601388392 0.185616024704856 0.739897327551007 0.753637741824624 2.02386104076684 1 9.11038743121717 5.87014401187143 0.0391543630094598 6.00569612935471 246.483139844651
0.00211864406779661 1.36429292347942 0.194445277969861 0.832007384731422 0.55472341164445 2.3157825845244 1 9.40865283444596 6.33138321889527 0.0460849145578358 6.33090855411835 235.80439077071
0.00211864406779661 1.36464192870852 0.214670649048822 0.766351694961957 0.472902669700313 1.82902322749139 1 9.21534118039756 6.04524225278845 0.0419994427934621 6.22449242049617 236.230773182802
0.00211864406779661 1.37149910976436 0.222916496048959 0.70058782649555 0.589915467595951 2.11674115720054 1 9.42279499974478 6.34808948979667 0.0462032327708193 6.40500804806742 234.530672963099
0.00211864406779661 1.36429292347942 0.194445277969861 0.832007384731422 0.55472341164445 2.3157825845244 1 9.40865283444596 6.33138321889527 0.0460849145578358 6.33090855411835 235.80439077071
0.00211864406779661 1.351601388392 0.185616024704856 0.739897327551007 0.753637741824624 2.02386104076684 1 9.11038743121717 5.87014401187143 0.0391543630094598 6.00569612935471 246.483139844651
0.00211864406779661 1.351601388392 0.185616024704856 0.739897327551007 0.753637741824624 2.02386104076684 1 9.11038743121717 5.87014401187143 0.0391543630094598 6.00569612935471 246.483139844651
0.00211864406779661 1.351601388392 0.185616024704856 0.739897327551007 0.753637741824624 2.02386104076684 1 9.11038743121717 5.87014401187143 0.0391543630094598 6.00569612935471 246.483139844651
0.00211864406779661 1.32888812455204 0.136234850070288 0.664375579263502 0.463876576739745 1.77640435328349 1 9.42108200307966 6.39107924153797 0.0483155047006032 6.33345723226057 253.465577811445
0.00211864406779661 1.351601388392 0.185616024704856 0.739897327551007 0.753637741824624 2.02386104076684 1 9.11038743121717 5.87014401187143 0.0391543630094598 6.00569612935471 246.483139844651
0.00211864406779661 1.36733614386129 0.262527371216747 0.629686534791005 0.430278601769423 1.84786161197057 1 9.25766279287058 6.22336960409076 0.0481086545981726 6.13224046798676 241.920040879386
0.00211864406779661 1.36429292347942 0.194445277969861 0.832007384731422 0.55472341164445 2.3157825845244 1 9.40865283444596 6.33138321889527 0.0460849145578358 6.33090855411835 235.80439077071
0.00211864406779661 1.36464192870852 0.214670649048822 0.766351694961957 0.472902669700313 1.82902322749139 1 9.21534118039756 6.04524225278845 0.0419994427934621 6.22449242049617 236.230773182802
0.00211864406779661 1.36464192870852 0.214670649048822 0.766351694961957 0.472902669700313 1.82902322749139 1 9.21534118039756 6.04524225278845 0.0419994427934621 6.22449242049617 236.230773182802
0.00211864406779661 1.36464192870852 0.214670649048822 0.766351694961957 0.472902669700313 1.82902322749139 1 9.21534118039756 6.04524225278845 0.0419994427934621 6.22449242049617 236.230773182802
0.00211864406779661 1.36429292347942 0.194445277969861 0.832007384731422 0.55472341164445 2.3157825845244 1 9.40865283444596 6.33138321889527 0.0460849145578358 6.33090855411835 235.80439077071
0.00211864406779661 1.351601388392 0.185616024704856 0.739897327551007 0.753637741824624 2.02386104076684 1 9.11038743121717 5.87014401187143 0.0391543630094598 6.00569612935471 246.483139844651
0.00211864406779661 1.351601388392 0.185616024704856 0.739897327551007 0.753637741824624 2.02386104076684 1 9.11038743121717 5.87014401187143 0.0391543630094598 6.00569612935471 246.483139844651
0.00211864406779661 1.36429292347942 0.194445277969861 0.832007384731422 0.55472341164445 2.3157825845244 1 9.40865283444596 6.33138321889527 0.0460849145578358 6.33090855411835 235.80439077071
0.00211864406779661 1.36464192870852 0.214670649048822 0.766351694961957 0.472902669700313 1.82902322749139 1 9.21534118039756 6.04524225278845 0.0419994427934621 6.22449242049617 236.230773182802
0.00211864406779661 1.351601388392 0.185616024704856 0.739897327551007 0.753637741824624 2.02386104076684 1 9.11038743121717 5.87014401187143 0.0391543630094598 6.00569612935471 246.483139844651
0.00211864406779661 1.36185705281449 0.193524474473266 0.698616927371377 0.464513022284115 1.81896618182635 1 9.39615581802439 6.29206284482631 0.0448651940430715 6.40792454483825 243.047309708042
0.00211864406779661 1.39950481847108 0.280595453536137 0.683554046577421 0.407511873758034 1.73811312710991 1 9.2558585222752 6.12037067634082 0.043478537826742 6.18908514119111 240.927988538217
0.00211864406779661 1.36464192870852 0.214670649048822 0.766351694961957 0.472902669700313 1.82902322749139 1 9.21534118039756 6.04524225278845 0.0419994427934621 6.22449242049617 236.230773182802
0.00211864406779661 1.39950481847108 0.280595453536137 0.683554046577421 0.407511873758034 1.73811312710991 1 9.2558585222752 6.12037067634082 0.043478537826742 6.18908514119111 240.927988538217
0.00211864406779661 1.32739347996095 0.135834659315651 0.693030746885002 0.581287439338998 2.11684451743544 1 9.4139150286766 6.42524712637566 0.050354469139294 6.2767687947738 246.747336756683
0.00211864406779661 1.36185705281449 0.193524474473266 0.698616927371377 0.464513022284115 1.81896618182635 1 9.39615581802439 6.29206284482631 0.0448651940430715 6.40792454483825 243.047309708042
0.00211864406779661 1.36429292347942 0.194445277969861 0.832007384731422 0.55472341164445 2.3157825845244 1 9.40865283444596 6.33138321889527 0.0460849145578358 6.33090855411835 235.80439077071
0.00211864406779661 1.29894196073291 0.162264951526599 0.641607713642586 0.599834955790772 1.5926559023626 1 9.13873695311649 5.89834363577233 0.0391484942886812 5.94288686036362 246.402444058814
0.00211864406779661 1.351601388392 0.185616024704856 0.739897327551007 0.753637741824624 2.02386104076684 1 9.11038743121717 5.87014401187143 0.0391543630094598 6.00569612935471 246.483139844651
0.00211864406779661 1.36464192870852 0.214670649048822 0.766351694961957 0.472902669700313 1.82902322749139 1 9.21534118039756 6.04524225278845 0.0419994427934621 6.22449242049617 236.230773182802
0.00211864406779661 1.34675056630937 0.152613350550626 0.767846421788691 0.443611334605596 1.46039871555828 1 9.37510311557256 6.06649471295797 0.0365670249396439 6.32070834041502 257.997911356736
0.00211864406779661 1.36429292347942 0.194445277969861 0.832007384731422 0.55472341164445 2.3157825845244 1 9.40865283444596 6.33138321889527 0.0460849145578358 6.33090855411835 235.80439077071
0.00211864406779661 1.37676587352377 0.241844443105933 0.75899641025169 0.482092092162931 1.89304049497527 1 9.22897237972406 6.08980044782884 0.043318653849929 6.14967838966961 235.000709258269
0.00211864406779661 1.29894196073291 0.162264951526599 0.641607713642586 0.599834955790772 1.5926559023626 1 9.13873695311649 5.89834363577233 0.0391484942886812 5.94288686036362 246.402444058814
0.00211864406779661 1.351601388392 0.185616024704856 0.739897327551007 0.753637741824624 2.02386104076684 1 9.11038743121717 5.87014401187143 0.0391543630094598 6.00569612935471 246.483139844651
0.00211864406779661 1.37149910976436 0.222916496048959 0.70058782649555 0.589915467595951 2.11674115720054 1 9.42279499974478 6.34808948979667 0.0462032327708193 6.40500804806742 234.530672963099
0.00211864406779661 1.36464192870852 0.214670649048822 0.766351694961957 0.472902669700313 1.82902322749139 1 9.21534118039756 6.04524225278845 0.0419994427934621 6.22449242049617 236.230773182802
0.00211864406779661 1.29894196073291 0.162264951526599 0.641607713642586 0.599834955790772 1.5926559023626 1 9.13873695311649 5.89834363577233 0.0391484942886812 5.94288686036362 246.402444058814
0.00211864406779661 1.37676587352377 0.241844443105933 0.75899641025169 0.482092092162931 1.89304049497527 1 9.22897237972406 6.08980044782884 0.043318653849929 6.14967838966961 235.000709258269
0.00211864406779661 1.32739347996095 0.135834659315651 0.693030746885002 0.581287439338998 2.11684451743544 1 9.4139150286766 6.42524712637566 0.050354469139294 6.2767687947738 246.747336756683
0.00211864406779661 1.37729114024723 0.187990338150522 0.665626340225975 0.557532688664978 1.79068586597692 1 9.56213509364496 6.42993450868183 0.0436216983012298 6.6082704944112 236.850142830052
0.00211864406779661 1.29894196073291 0.162264951526599 0.641607713642586 0.599834955790772 1.5926559023626 1 9.13873695311649 5.89834363577233 0.0391484942886812 5.94288686036362 246.402444058814
0.00211864406779661 1.37676587352377 0.241844443105933 0.75899641025169 0.482092092162931 1.89304049497527 1 9.22897237972406 6.08980044782884 0.043318653849929 6.14967838966961 235.000709258269
0.00211864406779661 1.34675056630937 0.152613350550626 0.767846421788691 0.443611334605596 1.46039871555828 1 9.37510311557256 6.06649471295797 0.0365670249396439 6.32070834041502 257.997911356736
0.00211864406779661 1.39950481847108 0.280595453536137 0.683554046577421 0.407511873758034 1.73811312710991 1 9.2558585222752 6.12037067634082 0.043478537826742 6.18908514119111 240.927988538217
0.00211864406779661 1.36464192870852 0.214670649048822 0.766351694961957 0.472902669700313 1.82902322749139 1 9.21534118039756 6.04524225278845 0.0419994427934621 6.22449242049617 236.230773182802
0.00211864406779661 1.36464192870852 0.214670649048822 0.766351694961957 0.472902669700313 1.82902322749139 1 9.21534118039756 6.04524225278845 0.0419994427934621 6.22449242049617 236.230773182802
0.00211864406779661 1.36464192870852 0.214670649048822 0.766351694961957 0.472902669700313 1.82902322749139 1 9.21534118039756 6.04524225278845 0.0419994427934621 6.22449242049617 236.230773182802
0.00211864406779661 1.36429292347942 0.194445277969861 0.832007384731422 0.55472341164445 2.3157825845244 1 9.40865283444596 6.33138321889527 0.0460849145578358 6.33090855411835 235.80439077071
0.00211864406779661 1.39950481847108 0.280595453536137 0.683554046577421 0.407511873758034 1.73811312710991 1 9.2558585222752 6.12037067634082 0.043478537826742 6.18908514119111 240.927988538217
0.00211864406779661 1.351601388392 0.185616024704856 0.739897327551007 0.753637741824624 2.02386104076684 1 9.11038743121717 5.87014401187143 0.0391543630094598 6.00569612935471 246.483139844651
0.00211864406779661 1.32133596827742 0.17521209728004 0.754846977513292 0.508051815587524 2.00141375453647 1 8.88148902248633 5.79433387466032 0.0456315850411022 5.74332364927673 250.659136351532
0.00211864406779661 1.32981473385844 0.192004195486881 0.692113987021544 0.315415605621425 1.56882251008002 0.966666666666667 9.24835014002972 6.11893233455878 0.0437432569256561 6.12044898003036 251.545574042608
0.00211864406779661 1.34675056630937 0.152613350550626 0.767846421788691 0.443611334605596 1.46039871555828 1 9.37510311557256 6.06649471295797 0.0365670249396439 6.32070834041502 257.997911356736
0.00211864406779661 1.39950481847108 0.280595453536137 0.683554046577421 0.407511873758034 1.73811312710991 1 9.2558585222752 6.12037067634082 0.043478537826742 6.18908514119111 240.927988538217
0.00211864406779661 1.37676587352377 0.241844443105933 0.75899641025169 0.482092092162931 1.89304049497527 1 9.22897237972406 6.08980044782884 0.043318653849929 6.14967838966961 235.000709258269
0.00211864406779661 1.351601388392 0.185616024704856 0.739897327551007 0.753637741824624 2.02386104076684 1 9.11038743121717 5.87014401187143 0.0391543630094598 6.00569612935471 246.483139844651
0.00211864406779661 1.35641570004616 0.14118320299273 0.665326424625619 0.662502160602161 1.62081562872749 1 9.5047025825396 6.21073393687359 0.0371062950573779 6.64703965476017 249.644106550346
0.00211864406779661 1.29894196073291 0.162264951526599 0.641607713642586 0.599834955790772 1.5926559023626 1 9.13873695311649 5.89834363577233 0.0391484942886812 5.94288686036362 246.402444058814
0.00211864406779661 1.351601388392 0.185616024704856 0.739897327551007 0.753637741824624 2.02386104076684 1 9.11038743121717 5.87014401187143 0.0391543630094598 6.00569612935471 246.483139844651
0.00211864406779661 1.36464192870852 0.214670649048822 0.766351694961957 0.472902669700313 1.82902322749139 1 9.21534118039756 6.04524225278845 0.0419994427934621 6.22449242049617 236.230773182802
0.00211864406779661 1.351601388392 0.185616024704856 0.739897327551007 0.753637741824624 2.02386104076684 1 9.11038743121717 5.87014401187143 0.0391543630094598 6.00569612935471 246.483139844651
0.00211864406779661 1.37676587352377 0.241844443105933 0.75899641025169 0.482092092162931 1.89304049497527 1 9.22897237972406 6.08980044782884 0.043318653849929 6.14967838966961 235.000709258269
0.00211864406779661 1.37676587352377 0.241844443105933 0.75899641025169 0.482092092162931 1.89304049497527 1 9.22897237972406 6.08980044782884 0.043318653849929 6.14967838966961 235.000709258269
0.00211864406779661 1.351601388392 0.185616024704856 0.739897327551007 0.753637741824624 2.02386104076684 1 9.11038743121717 5.87014401187143 0.0391543630094598 6.00569612935471 246.483139844651
0.00211864406779661 1.36464192870852 0.214670649048822 0.766351694961957 0.472902669700313 1.82902322749139 1 9.21534118039756 6.04524225278845 0.0419994427934621 6.22449242049617 236.230773182802
0.00211864406779661 1.39950481847108 0.280595453536137 0.683554046577421 0.407511873758034 1.73811312710991 1 9.2558585222752 6.12037067634082 0.043478537826742 6.18908514119111 240.927988538217
0.00211864406779661 1.39950481847108 0.280595453536137 0.683554046577421 0.407511873758034 1.73811312710991 1 9.2558585222752 6.12037067634082 0.043478537826742 6.18908514119111 240.927988538217
0.00211864406779661 1.29894196073291 0.162264951526599 0.641607713642586 0.599834955790772 1.5926559023626 1 9.13873695311649 5.89834363577233 0.0391484942886812 5.94288686036362 246.402444058814
0.00211864406779661 1.36464192870852 0.214670649048822 0.766351694961957 0.472902669700313 1.82902322749139 1 9.21534118039756 6.04524225278845 0.0419994427934621 6.22449242049617 236.230773182802
0.00211864406779661 1.3385613240305 0.201807082200537 0.656273283568234 0.325719375794453 1.29928108934885 1 9.26357145430602 6.01461124994823 0.0388145460521741 6.12124934667633 261.702087599534
0.00211864406779661 1.351601388392 0.185616024704856 0.739897327551007 0.753637741824624 2.02386104076684 1 9.11038743121717 5.87014401187143 0.0391543630094598 6.00569612935471 246.483139844651
0.00211864406779661 1.39130134903244 0.247361937179841 0.618276302743375 0.403310670390405 1.59321837578553 0.966666666666667 9.22670233375383 6.10779058315843 0.0442052485887972 6.16375028088867 249.811486822528
0.00211864406779661 1.351601388392 0.185616024704856 0.739897327551007 0.753637741824624 2.02386104076684 1 9.11038743121717 5.87014401187143 0.0391543630094598 6.00569612935471 246.483139844651
0.00211864406779661 1.351601388392 0.185616024704856 0.739897327551007 0.753637741824624 2.02386104076684 1 9.11038743121717 5.87014401187143 0.0391543630094598 6.00569612935471 246.483139844651
0.00211864406779661 1.39130134903244 0.247361937179841 0.618276302743375 0.403310670390405 1.59321837578553 0.966666666666667 9.22670233375383 6.10779058315843 0.0442052485887972 6.16375028088867 249.811486822528
0.00211864406779661 1.36464192870852 0.214670649048822 0.766351694961957 0.472902669700313 1.82902322749139 1 9.21534118039756 6.04524225278845 0.0419994427934621 6.22449242049617 236.230773182802
0.00211864406779661 1.36185705281449 0.193524474473266 0.698616927371377 0.464513022284115 1.81896618182635 1 9.39615581802439 6.29206284482631 0.0448651940430715 6.40792454483825 243.047309708042
0.00211864406779661 1.38385730256416 0.239691126717216 0.739919248584636 0.594320837972118 2.23614588776038 1 9.28222372864963 6.22323742512025 0.046935249209732 6.18593423783758 236.448393999143
0.00211864406779661 1.39950481847108 0.280595453536137 0.683554046577421 0.407511873758034 1.73811312710991 1 9.2558585222752 6.12037067634082 0.043478537826742 6.18908514119111 240.927988538217
0.00211864406779661 1.37149910976436 0.222916496048959 0.70058782649555 0.589915467595951 2.11674115720054 1 9.42279499974478 6.34808948979667 0.0462032327708193 6.40500804806742 234.530672963099
0.00211864406779661 1.36464192870852 0.214670649048822 0.766351694961957 0.472902669700313 1.82902322749139 1 9.21534118039756 6.04524225278845 0.0419994427934621 6.22449242049617 236.230773182802
0.00211864406779661 1.36464192870852 0.214670649048822 0.766351694961957 0.472902669700313 1.82902322749139 1 9.21534118039756 6.04524225278845 0.0419994427934621 6.22449242049617 236.230773182802
0.00211864406779661 1.32739347996095 0.135834659315651 0.693030746885002 0.581287439338998 2.11684451743544 1 9.4139150286766 6.42524712637566 0.050354469139294 6.2767687947738 246.747336756683
0.00211864406779661 1.36464192870852 0.214670649048822 0.766351694961957 0.472902669700313 1.82902322749139 1 9.21534118039756 6.04524225278845 0.0419994427934621 6.22449242049617 236.230773182802
0.00211864406779661 1.39130134903244 0.247361937179841 0.618276302743375 0.403310670390405 1.59321837578553 0.966666666666667 9.22670233375383 6.10779058315843 0.0442052485887972 6.16375028088867 249.811486822528
0.00211864406779661 1.351601388392 0.185616024704856 0.739897327551007 0.753637741824624 2.02386104076684 1 9.11038743121717 5.87014401187143 0.0391543630094598 6.00569612935471 246.483139844651
0.00211864406779661 1.36429292347942 0.194445277969861 0.832007384731422 0.55472341164445 2.3157825845244 1 9.40865283444596 6.33138321889527 0.0460849145578358 6.33090855411835 235.80439077071
0.00211864406779661 1.351601388392 0.185616024704856 0.739897327551007 0.753637741824624 2.02386104076684 1 9.11038743121717 5.87014401187143 0.0391543630094598 6.00569612935471 246.483139844651
0.00211864406779661 1.36429292347942 0.194445277969861 0.832007384731422 0.55472341164445 2.3157825845244 1 9.40865283444596 6.33138321889527 0.0460849145578358 6.33090855411835 235.80439077071
0.00211864406779661 1.351601388392 0.185616024704856 0.739897327551007 0.753637741824624 2.02386104076684 1 9.11038743121717 5.87014401187143 0.0391543630094598 6.00569612935471 246.483139844651
0.00211864406779661 1.39950481847108 0.280595453536137 0.683554046577421 0.407511873758034 1.73811312710991 1 9.2558585222752 6.12037067634082 0.043478537826742 6.18908514119111 240.927988538217
0.00211864406779661 1.351601388392 0.185616024704856 0.739897327551007 0.753637741824624 2.02386104076684 1 9.11038743121717 5.87014401187143 0.0391543630094598 6.00569612935471 246.483139844651
0.00211864406779661 1.39950481847108 0.280595453536137 0.683554046577421 0.407511873758034 1.73811312710991 1 9.2558585222752 6.12037067634082 0.043478537826742 6.18908514119111 240.927988538217
0.00211864406779661 1.36464192870852 0.214670649048822 0.766351694961957 0.472902669700313 1.82902322749139 1 9.21534118039756 6.04524225278845 0.0419994427934621 6.22449242049617 236.230773182802
0.00211864406779661 1.37676587352377 0.241844443105933 0.75899641025169 0.482092092162931 1.89304049497527 1 9.22897237972406 6.08980044782884 0.043318653849929 6.14967838966961 235.000709258269
0.00211864406779661 1.36429292347942 0.194445277969861 0.832007384731422 0.55472341164445 2.3157825845244 1 9.40865283444596 6.33138321889527 0.0460849145578358 6.33090855411835 235.80439077071
0.00211864406779661 1.37149910976436 0.222916496048959 0.70058782649555 0.589915467595951 2.11674115720054 1 9.42279499974478 6.34808948979667 0.0462032327708193 6.40500804806742 234.530672963099
0.00211864406779661 1.34675056630937 0.152613350550626 0.767846421788691 0.443611334605596 1.46039871555828 1 9.37510311557256 6.06649471295797 0.0365670249396439 6.32070834041502 257.997911356736
0.00211864406779661 1.351601388392 0.185616024704856 0.739897327551007 0.753637741824624 2.02386104076684 1 9.11038743121717 5.87014401187143 0.0391543630094598 6.00569612935471 246.483139844651
0.00211864406779661 1.37149910976436 0.222916496048959 0.70058782649555 0.589915467595951 2.11674115720054 1 9.42279499974478 6.34808948979667 0.0462032327708193 6.40500804806742 234.530672963099
0.00211864406779661 1.32305925901206 0.120988743719464 0.64286961984563 0.302344968864356 1.69805551392099 1 9.31383514822417 6.40390526895257 0.0544795498809781 6.18751093053782 259.498319538576
0.00211864406779661 1.39950481847108 0.280595453536137 0.683554046577421 0.407511873758034 1.73811312710991 1 9.2558585222752 6.12037067634082 0.043478537826742 6.18908514119111 240.927988538217
0.00211864406779661 1.36429292347942 0.194445277969861 0.832007384731422 0.55472341164445 2.3157825845244 1 9.40865283444596 6.33138321889527 0.0460849145578358 6.33090855411835 235.80439077071
0.00211864406779661 1.39446997952169 0.224216611279183 0.619272867034203 0.482819521374679 1.85916150354743 1 9.40868017119092 6.39024066706535 0.0488774319119331 6.39926027055443 248.308844703283
0.00211864406779661 1.35641570004616 0.14118320299273 0.665326424625619 0.662502160602161 1.62081562872749 1 9.5047025825396 6.21073393687359 0.0371062950573779 6.64703965476017 249.644106550346
0.00211864406779661 1.29894196073291 0.162264951526599 0.641607713642586 0.599834955790772 1.5926559023626 1 9.13873695311649 5.89834363577233 0.0391484942886812 5.94288686036362 246.402444058814
0.00211864406779661 1.37676587352377 0.241844443105933 0.75899641025169 0.482092092162931 1.89304049497527 1 9.22897237972406 6.08980044782884 0.043318653849929 6.14967838966961 235.000709258269
0.00211864406779661 1.36464192870852 0.214670649048822 0.766351694961957 0.472902669700313 1.82902322749139 1 9.21534118039756 6.04524225278845 0.0419994427934621 6.22449242049617 236.230773182802
0.00211864406779661 1.37676587352377 0.241844443105933 0.75899641025169 0.482092092162931 1.89304049497527 1 9.22897237972406 6.08980044782884 0.043318653849929 6.14967838966961 235.000709258269
0.00211864406779661 1.351601388392 0.185616024704856 0.739897327551007 0.753637741824624 2.02386104076684 1 9.11038743121717 5.87014401187143 0.0391543630094598 6.00569612935471 246.483139844651
0.00211864406779661 1.37676587352377 0.241844443105933 0.75899641025169 0.482092092162931 1.89304049497527 1 9.22897237972406 6.08980044782884 0.043318653849929 6.14967838966961 235.000709258269
0.00211864406779661 1.39130134903244 0.247361937179841 0.618276302743375 0.403310670390405 1.59321837578553 0.966666666666667 9.22670233375383 6.10779058315843 0.0442052485887972 6.16375028088867 249.811486822528
0.00211864406779661 1.39950481847108 0.280595453536137 0.683554046577421 0.407511873758034 1.73811312710991 1 9.2558585222752 6.12037067634082 0.043478537826742 6.18908514119111 240.927988538217
0.00211864406779661 1.39950481847108 0.280595453536137 0.683554046577421 0.407511873758034 1.73811312710991 1 9.2558585222752 6.12037067634082 0.043478537826742 6.18908514119111 240.927988538217
0.00211864406779661 1.37676587352377 0.241844443105933 0.75899641025169 0.482092092162931 1.89304049497527 1 9.22897237972406 6.08980044782884 0.043318653849929 6.14967838966961 235.000709258269
0.00211864406779661 1.36464192870852 0.214670649048822 0.766351694961957 0.472902669700313 1.82902322749139 1 9.21534118039756 6.04524225278845 0.0419994427934621 6.22449242049617 236.230773182802
0.00211864406779661 1.351601388392 0.185616024704856 0.739897327551007 0.753637741824624 2.02386104076684 1 9.11038743121717 5.87014401187143 0.0391543630094598 6.00569612935471 246.483139844651
0.00211864406779661 1.37729114024723 0.187990338150522 0.665626340225975 0.557532688664978 1.79068586597692 1 9.56213509364496 6.42993450868183 0.0436216983012298 6.6082704944112 236.850142830052
0.00211864406779661 1.36464192870852 0.214670649048822 0.766351694961957 0.472902669700313 1.82902322749139 1 9.21534118039756 6.04524225278845 0.0419994427934621 6.22449242049617 236.230773182802
0.00211864406779661 1.32981473385844 0.192004195486881 0.692113987021544 0.315415605621425 1.56882251008002 0.966666666666667 9.24835014002972 6.11893233455878 0.0437432569256561 6.12044898003036 251.545574042608
0.00211864406779661 1.36185705281449 0.193524474473266 0.698616927371377 0.464513022284115 1.81896618182635 1 9.39615581802439 6.29206284482631 0.0448651940430715 6.40792454483825 243.047309708042
0.00211864406779661 1.34675056630937 0.152613350550626 0.767846421788691 0.443611334605596 1.46039871555828 1 9.37510311557256 6.06649471295797 0.0365670249396439 6.32070834041502 257.997911356736
0.00211864406779661 1.32739347996095 0.135834659315651 0.693030746885002 0.581287439338998 2.11684451743544 1 9.4139150286766 6.42524712637566 0.050354469139294 6.2767687947738 246.747336756683
0.00211864406779661 1.36464192870852 0.214670649048822 0.766351694961957 0.472902669700313 1.82902322749139 1 9.21534118039756 6.04524225278845 0.0419994427934621 6.22449242049617 236.230773182802
0.00211864406779661 1.36464192870852 0.214670649048822 0.766351694961957 0.472902669700313 1.82902322749139 1 9.21534118039756 6.04524225278845 0.0419994427934621 6.22449242049617 236.230773182802
0.00211864406779661 1.36464192870852 0.214670649048822 0.766351694961957 0.472902669700313 1.82902322749139 1 9.21534118039756 6.04524225278845 0.0419994427934621 6.22449242049617 236.230773182802
0.00211864406779661 1.38385730256416 0.239691126717216 0.739919248584636 0.594320837972118 2.23614588776038 1 9.28222372864963 6.22323742512025 0.046935249209732 6.18593423783758 236.448393999143
0.00211864406779661 1.36464192870852 0.214670649048822 0.766351694961957 0.472902669700313 1.82902322749139 1 9.21534118039756 6.04524225278845 0.0419994427934621 6.22449242049617 236.230773182802
0.00211864406779661 1.36429292347942 0.194445277969861 0.832007384731422 0.55472341164445 2.3157825845244 1 9.40865283444596 6.33138321889527 0.0460849145578358 6.33090855411835 235.80439077071
0.00211864406779661 1.37149910976436 0.222916496048959 0.70058782649555 0.589915467595951 2.11674115720054 1 9.42279499974478 6.34808948979667 0.0462032327708193 6.40500804806742 234.530672963099
0.00211864406779661 1.36464192870852 0.214670649048822 0.766351694961957 0.472902669700313 1.82902322749139 1 9.21534118039756 6.04524225278845 0.0419994427934621 6.22449242049617 236.230773182802
0.00211864406779661 1.351601388392 0.185616024704856 0.739897327551007 0.753637741824624 2.02386104076684 1 9.11038743121717 5.87014401187143 0.0391543630094598 6.00569612935471 246.483139844651
0.00211864406779661 1.351601388392 0.185616024704856 0.739897327551007 0.753637741824624 2.02386104076684 1 9.11038743121717 5.87014401187143 0.0391543630094598 6.00569612935471 246.483139844651
0.00211864406779661 1.39950481847108 0.280595453536137 0.683554046577421 0.407511873758034 1.73811312710991 1 9.2558585222752 6.12037067634082 0.043478537826742 6.18908514119111 240.927988538217
0.00211864406779661 1.36464192870852 0.214670649048822 0.766351694961957 0.472902669700313 1.82902322749139 1 9.21534118039756 6.04524225278845 0.0419994427934621 6.22449242049617 236.230773182802
0.00211864406779661 1.37149910976436 0.222916496048959 0.70058782649555 0.589915467595951 2.11674115720054 1 9.42279499974478 6.34808948979667 0.0462032327708193 6.40500804806742 234.530672963099
0.00211864406779661 1.32739347996095 0.135834659315651 0.693030746885002 0.581287439338998 2.11684451743544 1 9.4139150286766 6.42524712637566 0.050354469139294 6.2767687947738 246.747336756683
0.00211864406779661 1.36464192870852 0.214670649048822 0.766351694961957 0.472902669700313 1.82902322749139 1 9.21534118039756 6.04524225278845 0.0419994427934621 6.22449242049617 236.230773182802
0.00211864406779661 1.36429292347942 0.194445277969861 0.832007384731422 0.55472341164445 2.3157825845244 1 9.40865283444596 6.33138321889527 0.0460849145578358 6.33090855411835 235.80439077071
0.00211864406779661 1.36185705281449 0.193524474473266 0.698616927371377 0.464513022284115 1.81896618182635 1 9.39615581802439 6.29206284482631 0.0448651940430715 6.40792454483825 243.047309708042
0.00211864406779661 1.36429292347942 0.194445277969861 0.832007384731422 0.55472341164445 2.3157825845244 1 9.40865283444596 6.33138321889527 0.0460849145578358 6.33090855411835 235.80439077071
0.00211864406779661 1.351601388392 0.185616024704856 0.739897327551007 0.753637741824624 2.02386104076684 1 9.11038743121717 5.87014401187143 0.0391543630094598 6.00569612935471 246.483139844651
0.00211864406779661 1.37676587352377 0.241844443105933 0.75899641025169 0.482092092162931 1.89304049497527 1 9.22897237972406 6.08980044782884 0.043318653849929 6.14967838966961 235.000709258269
0.00211864406779661 1.39950481847108 0.280595453536137 0.683554046577421 0.407511873758034 1.73811312710991 1 9.2558585222752 6.12037067634082 0.043478537826742 6.18908514119111 240.927988538217
0.00211864406779661 1.36429292347942 0.194445277969861 0.832007384731422 0.55472341164445 2.3157825845244 1 9.40865283444596 6.33138321889527 0.0460849145578358 6.33090855411835 235.80439077071
0.00211864406779661 1.36185705281449 0.193524474473266 0.698616927371377 0.464513022284115 1.81896618182635 1 9.39615581802439 6.29206284482631 0.0448651940430715 6.40792454483825 243.047309708042
0.00211864406779661 1.36464192870852 0.214670649048822 0.766351694961957 0.472902669700313 1.82902322749139 1 9.21534118039756 6.04524225278845 0.0419994427934621 6.22449242049617 236.230773182802
0.00211864406779661 1.36464192870852 0.214670649048822 0.766351694961957 0.472902669700313 1.82902322749139 1 9.21534118039756 6.04524225278845 0.0419994427934621 6.22449242049617 236.230773182802
0.00211864406779661 1.36464192870852 0.214670649048822 0.766351694961957 0.472902669700313 1.82902322749139 1 9.21534118039756 6.04524225278845 0.0419994427934621 6.22449242049617 236.230773182802
0.00211864406779661 1.39883893257579 0.258794362769858 0.617565570565217 0.344221206922313 1.6400582673058 1 9.44860896103546 6.38710376106486 0.046817172950895 6.41553330694769 238.320247136884
0.00211864406779661 1.36464192870852 0.214670649048822 0.766351694961957 0.472902669700313 1.82902322749139 1 9.21534118039756 6.04524225278845 0.0419994427934621 6.22449242049617 236.230773182802
0.00211864406779661 1.351601388392 0.185616024704856 0.739897327551007 0.753637741824624 2.02386104076684 1 9.11038743121717 5.87014401187143 0.0391543630094598 6.00569612935471 246.483139844651
0.00211864406779661 1.32739347996095 0.135834659315651 0.693030746885002 0.581287439338998 2.11684451743544 1 9.4139150286766 6.42524712637566 0.050354469139294 6.2767687947738 246.747336756683
0.00211864406779661 1.36429292347942 0.194445277969861 0.832007384731422 0.55472341164445 2.3157825845244 1 9.40865283444596 6.33138321889527 0.0460849145578358 6.33090855411835 235.80439077071
0.00211864406779661 1.37676587352377 0.241844443105933 0.75899641025169 0.482092092162931 1.89304049497527 1 9.22897237972406 6.08980044782884 0.043318653849929 6.14967838966961 235.000709258269
0.00211864406779661 1.39950481847108 0.280595453536137 0.683554046577421 0.407511873758034 1.73811312710991 1 9.2558585222752 6.12037067634082 0.043478537826742 6.18908514119111 240.927988538217
0.00211864406779661 1.36464192870852 0.214670649048822 0.766351694961957 0.472902669700313 1.82902322749139 1 9.21534118039756 6.04524225278845 0.0419994427934621 6.22449242049617 236.230773182802
0.00211864406779661 1.39950481847108 0.280595453536137 0.683554046577421 0.407511873758034 1.73811312710991 1 9.2558585222752 6.12037067634082 0.043478537826742 6.18908514119111 240.927988538217
0.00211864406779661 1.39950481847108 0.280595453536137 0.683554046577421 0.407511873758034 1.73811312710991 1 9.2558585222752 6.12037067634082 0.043478537826742 6.18908514119111 240.927988538217
0.00211864406779661 1.39950481847108 0.280595453536137 0.683554046577421 0.407511873758034 1.73811312710991 1 9.2558585222752 6.12037067634082 0.043478537826742 6.18908514119111 240.927988538217
0.00211864406779661 1.351601388392 0.185616024704856 0.739897327551007 0.753637741824624 2.02386104076684 1 9.11038743121717 5.87014401187143 0.0391543630094598 6.00569612935471 246.483139844651
0.00211864406779661 1.37540029637335 0.231175900635853 0.806543679714935 0.420267906926752 2.16044305425405 1 9.08877895722715 6.06749923338398 0.0487388062229684 6.00306368295133 238.823889409616
0.00211864406779661 1.351601388392 0.185616024704856 0.739897327551007 0.753637741824624 2.02386104076684 1 9.11038743121717 5.87014401187143 0.0391543630094598 6.00569612935471 246.483139844651
0.00211864406779661 1.39950481847108 0.280595453536137 0.683554046577421 0.407511873758034 1.73811312710991 1 9.2558585222752 6.12037067634082 0.043478537826742 6.18908514119111 240.927988538217
0.00211864406779661 1.36429292347942 0.194445277969861 0.832007384731422 0.55472341164445 2.3157825845244 1 9.40865283444596 6.33138321889527 0.0460849145578358 6.33090855411835 235.80439077071
0.00211864406779661 1.32739347996095 0.135834659315651 0.693030746885002 0.581287439338998 2.11684451743544 1 9.4139150286766 6.42524712637566 0.050354469139294 6.2767687947738 246.747336756683
0.00211864406779661 1.351601388392 0.185616024704856 0.739897327551007 0.753637741824624 2.02386104076684 1 9.11038743121717 5.87014401187143 0.0391543630094598 6.00569612935471 246.483139844651
0.00211864406779661 1.32981473385844 0.192004195486881 0.692113987021544 0.315415605621425 1.56882251008002 0.966666666666667 9.24835014002972 6.11893233455878 0.0437432569256561 6.12044898003036 251.545574042608
0.00211864406779661 1.351601388392 0.185616024704856 0.739897327551007 0.753637741824624 2.02386104076684 1 9.11038743121717 5.87014401187143 0.0391543630094598 6.00569612935471 246.483139844651
0.00211864406779661 1.351601388392 0.185616024704856 0.739897327551007 0.753637741824624 2.02386104076684 1 9.11038743121717 5.87014401187143 0.0391543630094598 6.00569612935471 246.483139844651
0.00211864406779661 1.351601388392 0.185616024704856 0.739897327551007 0.753637741824624 2.02386104076684 1 9.11038743121717 5.87014401187143 0.0391543630094598 6.00569612935471 246.483139844651
0.00211864406779661 1.36486395659364 0.223664161414024 0.64083229100973 0.402901905715396 1.71384859489713 0.966666666666667 9.21748376261765 6.15873081085109 0.0469462029108563 6.0815101094017 250.06013000401
0.00211864406779661 1.34675056630937 0.152613350550626 0.767846421788691 0.443611334605596 1.46039871555828 1 9.37510311557256 6.06649471295797 0.0365670249396439 6.32070834041502 257.997911356736
0.00211864406779661 1.39446997952169 0.224216611279183 0.619272867034203 0.482819521374679 1.85916150354743 1 9.40868017119092 6.39024066706535 0.0488774319119331 6.39926027055443 248.308844703283
0.00211864406779661 1.351601388392 0.185616024704856 0.739897327551007 0.753637741824624 2.02386104076684 1 9.11038743121717 5.87014401187143 0.0391543630094598 6.00569612935471 246.483139844651
0.00211864406779661 1.36464192870852 0.214670649048822 0.766351694961957 0.472902669700313 1.82902322749139 1 9.21534118039756 6.04524225278845 0.0419994427934621 6.22449242049617 236.230773182802
0.00211864406779661 1.36464192870852 0.214670649048822 0.766351694961957 0.472902669700313 1.82902322749139 1 9.21534118039756 6.04524225278845 0.0419994427934621 6.22449242049617 236.230773182802
0.00211864406779661 1.37676587352377 0.241844443105933 0.75899641025169 0.482092092162931 1.89304049497527 1 9.22897237972406 6.08980044782884 0.043318653849929 6.14967838966961 235.000709258269
0.00211864406779661 1.351601388392 0.185616024704856 0.739897327551007 0.753637741824624 2.02386104076684 1 9.11038743121717 5.87014401187143 0.0391543630094598 6.00569612935471 246.483139844651
0.00211864406779661 1.37149910976436 0.222916496048959 0.70058782649555 0.589915467595951 2.11674115720054 1 9.42279499974478 6.34808948979667 0.0462032327708193 6.40500804806742 234.530672963099
0.00211864406779661 1.34675056630937 0.152613350550626 0.767846421788691 0.443611334605596 1.46039871555828 1 9.37510311557256 6.06649471295797 0.0365670249396439 6.32070834041502 257.997911356736
0.00211864406779661 1.351601388392 0.185616024704856 0.739897327551007 0.753637741824624 2.02386104076684 1 9.11038743121717 5.87014401187143 0.0391543630094598 6.00569612935471 246.483139844651
0.00211864406779661 1.351601388392 0.185616024704856 0.739897327551007 0.753637741824624 2.02386104076684 1 9.11038743121717 5.87014401187143 0.0391543630094598 6.00569612935471 246.483139844651
0.00211864406779661 1.32305925901206 0.120988743719464 0.64286961984563 0.302344968864356 1.69805551392099 1 9.31383514822417 6.40390526895257 0.0544795498809781 6.18751093053782 259.498319538576
0.00211864406779661 1.36464192870852 0.214670649048822 0.766351694961957 0.472902669700313 1.82902322749139 1 9.21534118039756 6.04524225278845 0.0419994427934621 6.22449242049617 236.230773182802
0.00211864406779661 1.32739347996095 0.135834659315651 0.693030746885002 0.581287439338998 2.11684451743544 1 9.4139150286766 6.42524712637566 0.050354469139294 6.2767687947738 246.747336756683
0.00211864406779661 1.3385613240305 0.201807082200537 0.656273283568234 0.325719375794453 1.29928108934885 1 9.26357145430602 6.01461124994823 0.0388145460521741 6.12124934667633 261.702087599534
0.00211864406779661 1.351601388392 0.185616024704856 0.739897327551007 0.753637741824624 2.02386104076684 1 9.11038743121717 5.87014401187143 0.0391543630094598 6.00569612935471 246.483139844651
0.00211864406779661 1.39950481847108 0.280595453536137 0.683554046577421 0.407511873758034 1.73811312710991 1 9.2558585222752 6.12037067634082 0.043478537826742 6.18908514119111 240.927988538217
0.00211864406779661 1.32027892619182 0.156455792633074 0.612516573344514 0.559285321898128 1.54310912491152 1 9.16139869632947 5.9774501357224 0.0414217753989729 5.93612800206852 268.989103043813
0.00211864406779661 1.35641570004616 0.14118320299273 0.665326424625619 0.662502160602161 1.62081562872749 1 9.5047025825396 6.21073393687359 0.0371062950573779 6.64703965476017 249.644106550346
0.00211864406779661 1.351601388392 0.185616024704856 0.739897327551007 0.753637741824624 2.02386104076684 1 9.11038743121717 5.87014401187143 0.0391543630094598 6.00569612935471 246.483139844651
0.00211864406779661 1.36429292347942 0.194445277969861 0.832007384731422 0.55472341164445 2.3157825845244 1 9.40865283444596 6.33138321889527 0.0460849145578358 6.33090855411835 235.80439077071
0.00211864406779661 1.36429292347942 0.194445277969861 0.832007384731422 0.55472341164445 2.3157825845244 1 9.40865283444596 6.33138321889527 0.0460849145578358 6.33090855411835 235.80439077071
0.00211864406779661 1.37676587352377 0.241844443105933 0.75899641025169 0.482092092162931 1.89304049497527 1 9.22897237972406 6.08980044782884 0.043318653849929 6.14967838966961 235.000709258269
0.00211864406779661 1.32739347996095 0.135834659315651 0.693030746885002 0.581287439338998 2.11684451743544 1 9.4139150286766 6.42524712637566 0.050354469139294 6.2767687947738 246.747336756683
0.00211864406779661 1.39950481847108 0.280595453536137 0.683554046577421 0.407511873758034 1.73811312710991 1 9.2558585222752 6.12037067634082 0.043478537826742 6.18908514119111 240.927988538217
0.00211864406779661 1.32739347996095 0.135834659315651 0.693030746885002 0.581287439338998 2.11684451743544 1 9.4139150286766 6.42524712637566 0.050354469139294 6.2767687947738 246.747336756683
0.00211864406779661 1.36429292347942 0.194445277969861 0.832007384731422 0.55472341164445 2.3157825845244 1 9.40865283444596 6.33138321889527 0.0460849145578358 6.33090855411835 235.80439077071
0.00211864406779661 1.36464192870852 0.214670649048822 0.766351694961957 0.472902669700313 1.82902322749139 1 9.21534118039756 6.04524225278845 0.0419994427934621 6.22449242049617 236.230773182802
0.00211864406779661 1.36429292347942 0.194445277969861 0.832007384731422 0.55472341164445 2.3157825845244 1 9.40865283444596 6.33138321889527 0.0460849145578358 6.33090855411835 235.80439077071
0.00211864406779661 1.36429292347942 0.194445277969861 0.832007384731422 0.55472341164445 2.3157825845244 1 9.40865283444596 6.33138321889527 0.0460849145578358 6.33090855411835 235.80439077071
0.00211864406779661 1.34675056630937 0.152613350550626 0.767846421788691 0.443611334605596 1.46039871555828 1 9.37510311557256 6.06649471295797 0.0365670249396439 6.32070834041502 257.997911356736
0.00211864406779661 1.36692550299748 0.199889568724001 0.692619153977709 0.375728877999626 1.6490416944127 1 9.22157370780919 6.12336961798792 0.0451301794066364 6.19433736157983 251.227713499768
0.00211864406779661 1.36429292347942 0.194445277969861 0.832007384731422 0.55472341164445 2.3157825845244 1 9.40865283444596 6.33138321889527 0.0460849145578358 6.33090855411835 235.80439077071
0.00211864406779661 1.351601388392 0.185616024704856 0.739897327551007 0.753637741824624 2.02386104076684 1 9.11038743121717 5.87014401187143 0.0391543630094598 6.00569612935471 246.483139844651
0.00211864406779661 1.351601388392 0.185616024704856 0.739897327551007 0.753637741824624 2.02386104076684 1 9.11038743121717 5.87014401187143 0.0391543630094598 6.00569612935471 246.483139844651
0.00211864406779661 1.351601388392 0.185616024704856 0.739897327551007 0.753637741824624 2.02386104076684 1 9.11038743121717 5.87014401187143 0.0391543630094598 6.00569612935471 246.483139844651
0.00211864406779661 1.36464192870852 0.214670649048822 0.766351694961957 0.472902669700313 1.82902322749139 1 9.21534118039756 6.04524225278845 0.0419994427934621 6.22449242049617 236.230773182802
0.00211864406779661 1.39950481847108 0.280595453536137 0.683554046577421 0.407511873758034 1.73811312710991 1 9.2558585222752 6.12037067634082 0.043478537826742 6.18908514119111 240.927988538217
0.00211864406779661 1.36429292347942 0.194445277969861 0.832007384731422 0.55472341164445 2.3157825845244 1 9.40865283444596 6.33138321889527 0.0460849145578358 6.33090855411835 235.80439077071
0.00211864406779661 1.351601388392 0.185616024704856 0.739897327551007 0.753637741824624 2.02386104076684 1 9.11038743121717 5.87014401187143 0.0391543630094598 6.00569612935471 246.483139844651
0.00211864406779661 1.36464192870852 0.214670649048822 0.766351694961957 0.472902669700313 1.82902322749139 1 9.21534118039756 6.04524225278845 0.0419994427934621 6.22449242049617 236.230773182802
0.00211864406779661 1.32981473385844 0.192004195486881 0.692113987021544 0.315415605621425 1.56882251008002 0.966666666666667 9.24835014002972 6.11893233455878 0.0437432569256561 6.12044898003036 251.545574042608
0.00211864406779661 1.39950481847108 0.280595453536137 0.683554046577421 0.407511873758034 1.73811312710991 1 9.2558585222752 6.12037067634082 0.043478537826742 6.18908514119111 240.927988538217
0.00211864406779661 1.39130134903244 0.247361937179841 0.618276302743375 0.403310670390405 1.59321837578553 0.966666666666667 9.22670233375383 6.10779058315843 0.0442052485887972 6.16375028088867 249.811486822528
0.00211864406779661 1.36464192870852 0.214670649048822 0.766351694961957 0.472902669700313 1.82902322749139 1 9.21534118039756 6.04524225278845 0.0419994427934621 6.22449242049617 236.230773182802
0.00211864406779661 1.35641570004616 0.14118320299273 0.665326424625619 0.662502160602161 1.62081562872749 1 9.5047025825396 6.21073393687359 0.0371062950573779 6.64703965476017 249.644106550346
0.00211864406779661 1.36429292347942 0.194445277969861 0.832007384731422 0.55472341164445 2.3157825845244 1 9.40865283444596 6.33138321889527 0.0460849145578358 6.33090855411835 235.80439077071
0.00211864406779661 1.39950481847108 0.280595453536137 0.683554046577421 0.407511873758034 1.73811312710991 1 9.2558585222752 6.12037067634082 0.043478537826742 6.18908514119111 240.927988538217
0.00211864406779661 1.351601388392 0.185616024704856 0.739897327551007 0.753637741824624 2.02386104076684 1 9.11038743121717 5.87014401187143 0.0391543630094598 6.00569612935471 246.483139844651
0.00211864406779661 1.36429292347942 0.194445277969861 0.832007384731422 0.55472341164445 2.3157825845244 1 9.40865283444596 6.33138321889527 0.0460849145578358 6.33090855411835 235.80439077071
0.00211864406779661 1.36464192870852 0.214670649048822 0.766351694961957 0.472902669700313 1.82902322749139 1 9.21534118039756 6.04524225278845 0.0419994427934621 6.22449242049617 236.230773182802
0.00211864406779661 1.37729114024723 0.187990338150522 0.665626340225975 0.557532688664978 1.79068586597692 1 9.56213509364496 6.42993450868183 0.0436216983012298 6.6082704944112 236.850142830052
0.00211864406779661 1.36464192870852 0.214670649048822 0.766351694961957 0.472902669700313 1.82902322749139 1 9.21534118039756 6.04524225278845 0.0419994427934621 6.22449242049617 236.230773182802
0.00211864406779661 1.351601388392 0.185616024704856 0.739897327551007 0.753637741824624 2.02386104076684 1 9.11038743121717 5.87014401187143 0.0391543630094598 6.00569612935471 246.483139844651
0.00211864406779661 1.34675056630937 0.152613350550626 0.767846421788691 0.443611334605596 1.46039871555828 1 9.37510311557256 6.06649471295797 0.0365670249396439 6.32070834041502 257.997911356736
0.00211864406779661 1.37149910976436 0.222916496048959 0.70058782649555 0.589915467595951 2.11674115720054 1 9.42279499974478 6.34808948979667 0.0462032327708193 6.40500804806742 234.530672963099
0.00211864406779661 1.36429292347942 0.194445277969861 0.832007384731422 0.55472341164445 2.3157825845244 1 9.40865283444596 6.33138321889527 0.0460849145578358 6.33090855411835 235.80439077071
0.00211864406779661 1.34675056630937 0.152613350550626 0.767846421788691 0.443611334605596 1.46039871555828 1 9.37510311557256 6.06649471295797 0.0365670249396439 6.32070834041502 257.997911356736
0.00211864406779661 1.36429292347942 0.194445277969861 0.832007384731422 0.55472341164445 2.3157825845244 1 9.40865283444596 6.33138321889527 0.0460849145578358 6.33090855411835 235.80439077071
0.00211864406779661 1.351601388392 0.185616024704856 0.739897327551007 0.753637741824624 2.02386104076684 1 9.11038743121717 5.87014401187143 0.0391543630094598 6.00569612935471 246.483139844651
0.00211864406779661 1.36464192870852 0.214670649048822 0.766351694961957 0.472902669700313 1.82902322749139 1 9.21534118039756 6.04524225278845 0.0419994427934621 6.22449242049617 236.230773182802
0.00211864406779661 1.3385613240305 0.201807082200537 0.656273283568234 0.325719375794453 1.29928108934885 1 9.26357145430602 6.01461124994823 0.0388145460521741 6.12124934667633 261.702087599534
0.00211864406779661 1.36464192870852 0.214670649048822 0.766351694961957 0.472902669700313 1.82902322749139 1 9.21534118039756 6.04524225278845 0.0419994427934621 6.22449242049617 236.230773182802
0.00211864406779661 1.351601388392 0.185616024704856 0.739897327551007 0.753637741824624 2.02386104076684 1 9.11038743121717 5.87014401187143 0.0391543630094598 6.00569612935471 246.483139844651
0.00211864406779661 1.36429292347942 0.194445277969861 0.832007384731422 0.55472341164445 2.3157825845244 1 9.40865283444596 6.33138321889527 0.0460849145578358 6.33090855411835 235.80439077071
0.00211864406779661 1.34675056630937 0.152613350550626 0.767846421788691 0.443611334605596 1.46039871555828 1 9.37510311557256 6.06649471295797 0.0365670249396439 6.32070834041502 257.997911356736
0.00211864406779661 1.36429292347942 0.194445277969861 0.832007384731422 0.55472341164445 2.3157825845244 1 9.40865283444596 6.33138321889527 0.0460849145578358 6.33090855411835 235.80439077071
0.00211864406779661 1.34675056630937 0.152613350550626 0.767846421788691 0.443611334605596 1.46039871555828 1 9.37510311557256 6.06649471295797 0.0365670249396439 6.32070834041502 257.997911356736
0.00211864406779661 1.36464192870852 0.214670649048822 0.766351694961957 0.472902669700313 1.82902322749139 1 9.21534118039756 6.04524225278845 0.0419994427934621 6.22449242049617 236.230773182802
0.00211864406779661 1.36185705281449 0.193524474473266 0.698616927371377 0.464513022284115 1.81896618182635 1 9.39615581802439 6.29206284482631 0.0448651940430715 6.40792454483825 243.047309708042
0.00211864406779661 1.37676587352377 0.241844443105933 0.75899641025169 0.482092092162931 1.89304049497527 1 9.22897237972406 6.08980044782884 0.043318653849929 6.14967838966961 235.000709258269
0.00211864406779661 1.351601388392 0.185616024704856 0.739897327551007 0.753637741824624 2.02386104076684 1 9.11038743121717 5.87014401187143 0.0391543630094598 6.00569612935471 246.483139844651
0.00211864406779661 1.36464192870852 0.214670649048822 0.766351694961957 0.472902669700313 1.82902322749139 1 9.21534118039756 6.04524225278845 0.0419994427934621 6.22449242049617 236.230773182802
0.00211864406779661 1.37149910976436 0.222916496048959 0.70058782649555 0.589915467595951 2.11674115720054 1 9.42279499974478 6.34808948979667 0.0462032327708193 6.40500804806742 234.530672963099
0.00211864406779661 1.36185705281449 0.193524474473266 0.698616927371377 0.464513022284115 1.81896618182635 1 9.39615581802439 6.29206284482631 0.0448651940430715 6.40792454483825 243.047309708042
0.00211864406779661 1.36464192870852 0.214670649048822 0.766351694961957 0.472902669700313 1.82902322749139 1 9.21534118039756 6.04524225278845 0.0419994427934621 6.22449242049617 236.230773182802
0.00211864406779661 1.32739347996095 0.135834659315651 0.693030746885002 0.581287439338998 2.11684451743544 1 9.4139150286766 6.42524712637566 0.050354469139294 6.2767687947738 246.747336756683
0.00211864406779661 1.39883893257579 0.258794362769858 0.617565570565217 0.344221206922313 1.6400582673058 1 9.44860896103546 6.38710376106486 0.046817172950895 6.41553330694769 238.320247136884
0.00211864406779661 1.36464192870852 0.214670649048822 0.766351694961957 0.472902669700313 1.82902322749139 1 9.21534118039756 6.04524225278845 0.0419994427934621 6.22449242049617 236.230773182802
0.00211864406779661 1.29894196073291 0.162264951526599 0.641607713642586 0.599834955790772 1.5926559023626 1 9.13873695311649 5.89834363577233 0.0391484942886812 5.94288686036362 246.402444058814
0.00211864406779661 1.35733304281579 0.19019676876283 0.702372237453078 0.405557075506347 1.64514338834416 0.966666666666667 9.40037634884028 6.27209595990402 0.043793039535779 6.36463204839973 250.804339640266
0.00211864406779661 1.36464192870852 0.214670649048822 0.766351694961957 0.472902669700313 1.82902322749139 1 9.21534118039756 6.04524225278845 0.0419994427934621 6.22449242049617 236.230773182802
0.00211864406779661 1.29894196073291 0.162264951526599 0.641607713642586 0.599834955790772 1.5926559023626 1 9.13873695311649 5.89834363577233 0.0391484942886812 5.94288686036362 246.402444058814
0.00211864406779661 1.351601388392 0.185616024704856 0.739897327551007 0.753637741824624 2.02386104076684 1 9.11038743121717 5.87014401187143 0.0391543630094598 6.00569612935471 246.483139844651
0.00211864406779661 1.39130134903244 0.247361937179841 0.618276302743375 0.403310670390405 1.59321837578553 0.966666666666667 9.22670233375383 6.10779058315843 0.0442052485887972 6.16375028088867 249.811486822528
0.00211864406779661 1.36464192870852 0.214670649048822 0.766351694961957 0.472902669700313 1.82902322749139 1 9.21534118039756 6.04524225278845 0.0419994427934621 6.22449242049617 236.230773182802
0.00211864406779661 1.36464192870852 0.214670649048822 0.766351694961957 0.472902669700313 1.82902322749139 1 9.21534118039756 6.04524225278845 0.0419994427934621 6.22449242049617 236.230773182802
0.00211864406779661 1.34675056630937 0.152613350550626 0.767846421788691 0.443611334605596 1.46039871555828 1 9.37510311557256 6.06649471295797 0.0365670249396439 6.32070834041502 257.997911356736
0.00211864406779661 1.351601388392 0.185616024704856 0.739897327551007 0.753637741824624 2.02386104076684 1 9.11038743121717 5.87014401187143 0.0391543630094598 6.00569612935471 246.483139844651
0.00211864406779661 1.351601388392 0.185616024704856 0.739897327551007 0.753637741824624 2.02386104076684 1 9.11038743121717 5.87014401187143 0.0391543630094598 6.00569612935471 246.483139844651
0.00211864406779661 1.351601388392 0.185616024704856 0.739897327551007 0.753637741824624 2.02386104076684 1 9.11038743121717 5.87014401187143 0.0391543630094598 6.00569612935471 246.483139844651
0.00211864406779661 1.35641570004616 0.14118320299273 0.665326424625619 0.662502160602161 1.62081562872749 1 9.5047025825396 6.21073393687359 0.0371062950573779 6.64703965476017 249.644106550346
0.00211864406779661 1.36429292347942 0.194445277969861 0.832007384731422 0.55472341164445 2.3157825845244 1 9.40865283444596 6.33138321889527 0.0460849145578358 6.33090855411835 235.80439077071
0.00211864406779661 1.37676587352377 0.241844443105933 0.75899641025169 0.482092092162931 1.89304049497527 1 9.22897237972406 6.08980044782884 0.043318653849929 6.14967838966961 235.000709258269
0.00211864406779661 1.351601388392 0.185616024704856 0.739897327551007 0.753637741824624 2.02386104076684 1 9.11038743121717 5.87014401187143 0.0391543630094598 6.00569612935471 246.483139844651
0.00211864406779661 1.36429292347942 0.194445277969861 0.832007384731422 0.55472341164445 2.3157825845244 1 9.40865283444596 6.33138321889527 0.0460849145578358 6.33090855411835 235.80439077071
0.00211864406779661 1.36429292347942 0.194445277969861 0.832007384731422 0.55472341164445 2.3157825845244 1 9.40865283444596 6.33138321889527 0.0460849145578358 6.33090855411835 235.80439077071
0.00211864406779661 1.36464192870852 0.214670649048822 0.766351694961957 0.472902669700313 1.82902322749139 1 9.21534118039756 6.04524225278845 0.0419994427934621 6.22449242049617 236.230773182802
0.00211864406779661 1.36429292347942 0.194445277969861 0.832007384731422 0.55472341164445 2.3157825845244 1 9.40865283444596 6.33138321889527 0.0460849145578358 6.33090855411835 235.80439077071
0.00211864406779661 1.36695789814067 0.235965053624055 0.726610293486345 0.622193192466433 1.99278306962312 1 9.18491999462927 6.01379665231439 0.0419564399767498 6.09852361940139 239.343803295396
0.00211864406779661 1.39950481847108 0.280595453536137 0.683554046577421 0.407511873758034 1.73811312710991 1 9.2558585222752 6.12037067634082 0.043478537826742 6.18908514119111 240.927988538217
0.00211864406779661 1.39950481847108 0.280595453536137 0.683554046577421 0.407511873758034 1.73811312710991 1 9.2558585222752 6.12037067634082 0.043478537826742 6.18908514119111 240.927988538217
0.00211864406779661 1.39950481847108 0.280595453536137 0.683554046577421 0.407511873758034 1.73811312710991 1 9.2558585222752 6.12037067634082 0.043478537826742 6.18908514119111 240.927988538217
0.00211864406779661 1.36429292347942 0.194445277969861 0.832007384731422 0.55472341164445 2.3157825845244 1 9.40865283444596 6.33138321889527 0.0460849145578358 6.33090855411835 235.80439077071
0.00211864406779661 1.32305925901206 0.120988743719464 0.64286961984563 0.302344968864356 1.69805551392099 1 9.31383514822417 6.40390526895257 0.0544795498809781 6.18751093053782 259.498319538576
0.00211864406779661 1.36464192870852 0.214670649048822 0.766351694961957 0.472902669700313 1.82902322749139 1 9.21534118039756 6.04524225278845 0.0419994427934621 6.22449242049617 236.230773182802
0.00211864406779661 1.36429292347942 0.194445277969861 0.832007384731422 0.55472341164445 2.3157825845244 1 9.40865283444596 6.33138321889527 0.0460849145578358 6.33090855411835 235.80439077071
0.00211864406779661 1.351601388392 0.185616024704856 0.739897327551007 0.753637741824624 2.02386104076684 1 9.11038743121717 5.87014401187143 0.0391543630094598 6.00569612935471 246.483139844651
0.00211864406779661 1.36464192870852 0.214670649048822 0.766351694961957 0.472902669700313 1.82902322749139 1 9.21534118039756 6.04524225278845 0.0419994427934621 6.22449242049617 236.230773182802
0.00211864406779661 1.29894196073291 0.162264951526599 0.641607713642586 0.599834955790772 1.5926559023626 1 9.13873695311649 5.89834363577233 0.0391484942886812 5.94288686036362 246.402444058814
0.00211864406779661 1.351601388392 0.185616024704856 0.739897327551007 0.753637741824624 2.02386104076684 1 9.11038743121717 5.87014401187143 0.0391543630094598 6.00569612935471 246.483139844651
0.00211864406779661 1.37676587352377 0.241844443105933 0.75899641025169 0.482092092162931 1.89304049497527 1 9.22897237972406 6.08980044782884 0.043318653849929 6.14967838966961 235.000709258269
0.00211864406779661 1.39950481847108 0.280595453536137 0.683554046577421 0.407511873758034 1.73811312710991 1 9.2558585222752 6.12037067634082 0.043478537826742 6.18908514119111 240.927988538217
0.00211864406779661 1.36464192870852 0.214670649048822 0.766351694961957 0.472902669700313 1.82902322749139 1 9.21534118039756 6.04524225278845 0.0419994427934621 6.22449242049617 236.230773182802
0.00211864406779661 1.39950481847108 0.280595453536137 0.683554046577421 0.407511873758034 1.73811312710991 1 9.2558585222752 6.12037067634082 0.043478537826742 6.18908514119111 240.927988538217
0.00211864406779661 1.36464192870852 0.214670649048822 0.766351694961957 0.472902669700313 1.82902322749139 1 9.21534118039756 6.04524225278845 0.0419994427934621 6.22449242049617 236.230773182802
0.00211864406779661 1.33855424623813 0.234052575065785 0.631713716714764 0.44130982760199 1.6724928127728 1 9.02390235417039 5.89357604628886 0.0437035341181574 5.84692035464806 259.627617730931
0.00211864406779661 1.36185705281449 0.193524474473266 0.698616927371377 0.464513022284115 1.81896618182635 1 9.39615581802439 6.29206284482631 0.0448651940430715 6.40792454483825 243.047309708042
0.00211864406779661 1.29894196073291 0.162264951526599 0.641607713642586 0.599834955790772 1.5926559023626 1 9.13873695311649 5.89834363577233 0.0391484942886812 5.94288686036362 246.402444058814
0.00211864406779661 1.36692550299748 0.199889568724001 0.692619153977709 0.375728877999626 1.6490416944127 1 9.22157370780919 6.12336961798792 0.0451301794066364 6.19433736157983 251.227713499768
0.00211864406779661 1.37676587352377 0.241844443105933 0.75899641025169 0.482092092162931 1.89304049497527 1 9.22897237972406 6.08980044782884 0.043318653849929 6.14967838966961 235.000709258269
0.00211864406779661 1.36464192870852 0.214670649048822 0.766351694961957 0.472902669700313 1.82902322749139 1 9.21534118039756 6.04524225278845 0.0419994427934621 6.22449242049617 236.230773182802
0.00211864406779661 1.3623941747336 0.242629953537016 0.625064606163956 0.375311282422081 1.71132930860008 1 9.22368098891326 6.19583294309586 0.0484197231185183 6.0318864616069 258.930723851015
0.00211864406779661 1.36464192870852 0.214670649048822 0.766351694961957 0.472902669700313 1.82902322749139 1 9.21534118039756 6.04524225278845 0.0419994427934621 6.22449242049617 236.230773182802
0.00211864406779661 1.351601388392 0.185616024704856 0.739897327551007 0.753637741824624 2.02386104076684 1 9.11038743121717 5.87014401187143 0.0391543630094598 6.00569612935471 246.483139844651
0.00211864406779661 1.36429292347942 0.194445277969861 0.832007384731422 0.55472341164445 2.3157825845244 1 9.40865283444596 6.33138321889527 0.0460849145578358 6.33090855411835 235.80439077071
0.00211864406779661 1.351601388392 0.185616024704856 0.739897327551007 0.753637741824624 2.02386104076684 1 9.11038743121717 5.87014401187143 0.0391543630094598 6.00569612935471 246.483139844651
0.00211864406779661 1.36429292347942 0.194445277969861 0.832007384731422 0.55472341164445 2.3157825845244 1 9.40865283444596 6.33138321889527 0.0460849145578358 6.33090855411835 235.80439077071
0.00211864406779661 1.36464192870852 0.214670649048822 0.766351694961957 0.472902669700313 1.82902322749139 1 9.21534118039756 6.04524225278845 0.0419994427934621 6.22449242049617 236.230773182802
0.00211864406779661 1.351601388392 0.185616024704856 0.739897327551007 0.753637741824624 2.02386104076684 1 9.11038743121717 5.87014401187143 0.0391543630094598 6.00569612935471 246.483139844651
0.00211864406779661 1.37729114024723 0.187990338150522 0.665626340225975 0.557532688664978 1.79068586597692 1 9.56213509364496 6.42993450868183 0.0436216983012298 6.6082704944112 236.850142830052
0.00211864406779661 1.36429292347942 0.194445277969861 0.832007384731422 0.55472341164445 2.3157825845244 1 9.40865283444596 6.33138321889527 0.0460849145578358 6.33090855411835 235.80439077071
0.00211864406779661 1.37729114024723 0.187990338150522 0.665626340225975 0.557532688664978 1.79068586597692 1 9.56213509364496 6.42993450868183 0.0436216983012298 6.6082704944112 236.850142830052
0.00211864406779661 1.32739347996095 0.135834659315651 0.693030746885002 0.581287439338998 2.11684451743544 1 9.4139150286766 6.42524712637566 0.050354469139294 6.2767687947738 246.747336756683
0.00211864406779661 1.32739347996095 0.135834659315651 0.693030746885002 0.581287439338998 2.11684451743544 1 9.4139150286766 6.42524712637566 0.050354469139294 6.2767687947738 246.747336756683
0.00211864406779661 1.37729114024723 0.187990338150522 0.665626340225975 0.557532688664978 1.79068586597692 1 9.56213509364496 6.42993450868183 0.0436216983012298 6.6082704944112 236.850142830052
0.00211864406779661 1.351601388392 0.185616024704856 0.739897327551007 0.753637741824624 2.02386104076684 1 9.11038743121717 5.87014401187143 0.0391543630094598 6.00569612935471 246.483139844651
0.00211864406779661 1.36464192870852 0.214670649048822 0.766351694961957 0.472902669700313 1.82902322749139 1 9.21534118039756 6.04524225278845 0.0419994427934621 6.22449242049617 236.230773182802
0.00211864406779661 1.36464192870852 0.214670649048822 0.766351694961957 0.472902669700313 1.82902322749139 1 9.21534118039756 6.04524225278845 0.0419994427934621 6.22449242049617 236.230773182802
0.00211864406779661 1.36464192870852 0.214670649048822 0.766351694961957 0.472902669700313 1.82902322749139 1 9.21534118039756 6.04524225278845 0.0419994427934621 6.22449242049617 236.230773182802
0.00211864406779661 1.34675056630937 0.152613350550626 0.767846421788691 0.443611334605596 1.46039871555828 1 9.37510311557256 6.06649471295797 0.0365670249396439 6.32070834041502 257.997911356736
0.00211864406779661 1.37676587352377 0.241844443105933 0.75899641025169 0.482092092162931 1.89304049497527 1 9.22897237972406 6.08980044782884 0.043318653849929 6.14967838966961 235.000709258269
0.00211864406779661 1.35641570004616 0.14118320299273 0.665326424625619 0.662502160602161 1.62081562872749 1 9.5047025825396 6.21073393687359 0.0371062950573779 6.64703965476017 249.644106550346
0.00211864406779661 1.36464192870852 0.214670649048822 0.766351694961957 0.472902669700313 1.82902322749139 1 9.21534118039756 6.04524225278845 0.0419994427934621 6.22449242049617 236.230773182802
0.00211864406779661 1.36464192870852 0.214670649048822 0.766351694961957 0.472902669700313 1.82902322749139 1 9.21534118039756 6.04524225278845 0.0419994427934621 6.22449242049617 236.230773182802
0.00211864406779661 1.39950481847108 0.280595453536137 0.683554046577421 0.407511873758034 1.73811312710991 1 9.2558585222752 6.12037067634082 0.043478537826742 6.18908514119111 240.927988538217
0.00211864406779661 1.39950481847108 0.280595453536137 0.683554046577421 0.407511873758034 1.73811312710991 1 9.2558585222752 6.12037067634082 0.043478537826742 6.18908514119111 240.927988538217
0.00211864406779661 1.36464192870852 0.214670649048822 0.766351694961957 0.472902669700313 1.82902322749139 1 9.21534118039756 6.04524225278845 0.0419994427934621 6.22449242049617 236.230773182802
0.00211864406779661 1.35641570004616 0.14118320299273 0.665326424625619 0.662502160602161 1.62081562872749 1 9.5047025825396 6.21073393687359 0.0371062950573779 6.64703965476017 249.644106550346
0.00211864406779661 1.36429292347942 0.194445277969861 0.832007384731422 0.55472341164445 2.3157825845244 1 9.40865283444596 6.33138321889527 0.0460849145578358 6.33090855411835 235.80439077071
0.00211864406779661 1.351601388392 0.185616024704856 0.739897327551007 0.753637741824624 2.02386104076684 1 9.11038743121717 5.87014401187143 0.0391543630094598 6.00569612935471 246.483139844651
0.00211864406779661 1.37729114024723 0.187990338150522 0.665626340225975 0.557532688664978 1.79068586597692 1 9.56213509364496 6.42993450868183 0.0436216983012298 6.6082704944112 236.850142830052
0.00211864406779661 1.37149910976436 0.222916496048959 0.70058782649555 0.589915467595951 2.11674115720054 1 9.42279499974478 6.34808948979667 0.0462032327708193 6.40500804806742 234.530672963099
0.00211864406779661 1.37676587352377 0.241844443105933 0.75899641025169 0.482092092162931 1.89304049497527 1 9.22897237972406 6.08980044782884 0.043318653849929 6.14967838966961 235.000709258269
0.00211864406779661 1.351601388392 0.185616024704856 0.739897327551007 0.753637741824624 2.02386104076684 1 9.11038743121717 5.87014401187143 0.0391543630094598 6.00569612935471 246.483139844651
0.00211864406779661 1.27988065309193 0.117301176483806 0.710564870718258 0.300331941298742 1.381525117582 1 8.95432921703636 5.76707021389212 0.041284877712711 5.77527592080245 259.467742756666
0.00211864406779661 1.37676587352377 0.241844443105933 0.75899641025169 0.482092092162931 1.89304049497527 1 9.22897237972406 6.08980044782884 0.043318653849929 6.14967838966961 235.000709258269
0.00211864406779661 1.32739347996095 0.135834659315651 0.693030746885002 0.581287439338998 2.11684451743544 1 9.4139150286766 6.42524712637566 0.050354469139294 6.2767687947738 246.747336756683
0.00211864406779661 1.351601388392 0.185616024704856 0.739897327551007 0.753637741824624 2.02386104076684 1 9.11038743121717 5.87014401187143 0.0391543630094598 6.00569612935471 246.483139844651
0.00211864406779661 1.351601388392 0.185616024704856 0.739897327551007 0.753637741824624 2.02386104076684 1 9.11038743121717 5.87014401187143 0.0391543630094598 6.00569612935471 246.483139844651
0.00211864406779661 1.351601388392 0.185616024704856 0.739897327551007 0.753637741824624 2.02386104076684 1 9.11038743121717 5.87014401187143 0.0391543630094598 6.00569612935471 246.483139844651
0.00211864406779661 1.351601388392 0.185616024704856 0.739897327551007 0.753637741824624 2.02386104076684 1 9.11038743121717 5.87014401187143 0.0391543630094598 6.00569612935471 246.483139844651
0.00211864406779661 1.32739347996095 0.135834659315651 0.693030746885002 0.581287439338998 2.11684451743544 1 9.4139150286766 6.42524712637566 0.050354469139294 6.2767687947738 246.747336756683
0.00211864406779661 1.34675056630937 0.152613350550626 0.767846421788691 0.443611334605596 1.46039871555828 1 9.37510311557256 6.06649471295797 0.0365670249396439 6.32070834041502 257.997911356736
0.00211864406779661 1.36429292347942 0.194445277969861 0.832007384731422 0.55472341164445 2.3157825845244 1 9.40865283444596 6.33138321889527 0.0460849145578358 6.33090855411835 235.80439077071
0.00211864406779661 1.34675056630937 0.152613350550626 0.767846421788691 0.443611334605596 1.46039871555828 1 9.37510311557256 6.06649471295797 0.0365670249396439 6.32070834041502 257.997911356736
0.00211864406779661 1.34403750051367 0.122644717103771 0.632768281980237 0.833656001004743 2.38246739795608 1 9.42774750143846 6.37314912655074 0.0471416502393692 6.29667951610207 252.205967419737
0.00211864406779661 1.37676587352377 0.241844443105933 0.75899641025169 0.482092092162931 1.89304049497527 1 9.22897237972406 6.08980044782884 0.043318653849929 6.14967838966961 235.000709258269
0.00211864406779661 1.34675056630937 0.152613350550626 0.767846421788691 0.443611334605596 1.46039871555828 1 9.37510311557256 6.06649471295797 0.0365670249396439 6.32070834041502 257.997911356736
0.00211864406779661 1.34675056630937 0.152613350550626 0.767846421788691 0.443611334605596 1.46039871555828 1 9.37510311557256 6.06649471295797 0.0365670249396439 6.32070834041502 257.997911356736
