0.00211864406779661 1.22676858187187 0.27266409934964 0.682167564425617 0.836107511585579 1.81735310377553 0.966666666666667 7.25268915171781 3.75072037447886 0.0301379899865673 4.26800805627294 209.523287170808
0.00211864406779661 1.25372485674452 0.331310334801674 0.856010644021444 0.729032299714163 1.49902637163177 1 7.31581701293757 3.56199260420808 0.0234279761508966 4.34898678059568 213.033182952807
0.00211864406779661 1.59635191210546 0.318802205310203 0.710185165796429 0.588153053401038 2.90293969446793 1 9.97908037413603 7.06663760404233 0.0543428205849356 7.61210613004941 143.3778433326
0.00211864406779661 1.47577610970475 0.215336757549085 0.811741191335022 0.412222352670506 2.23732862435281 1 9.89694788209595 6.87316383421252 0.0486169011674431 7.34613923384741 173.851966095126
0.00211864406779661 1.21746505736373 0.144351121853106 0.869716801599134 0.86807577428408 2.17235574126244 0.966666666666667 7.79876356917853 4.41592818634956 0.0339510538972981 4.77214469188814 220.49247303091
0.00211864406779661 1.49911597287282 0.106317439093255 0.827854083443526 0.745506019564345 1.66520499158651 0.966666666666667 10.0839251518881 6.61790994883451 0.0312412730858368 8.06851098142744 98.7778475856719
0.00211864406779661 1.41854234794155 0.378328891657293 0.894926086789928 0.673757089767605 2.98303882032633 0.966666666666667 8.85803517710709 5.7252740062552 0.0435972514456395 5.85279683343239 213.431721501733
0.00211864406779661 1.17027298079338 0.325422719423659 0.674025550868828 0.492361189797521 2.88607646524906 0.933333333333333 6.63622773100131 3.62338809822109 0.0491519070377659 3.75202191192271 202.665909749611
0.00211864406779661 1.40321741087828 0.32281833938323 0.698471350921318 0.317749164719135 1.32438098546118 1 9.04352595555998 5.65901753173639 0.0338942998814527 5.97338543370808 234.9775326775
0.00211864406779661 1.53872502371669 0.125716263917275 0.944375636370387 0.590225414698944 2.64734846446663 1 10.0436088506251 7.01283575543264 0.0482782999733429 7.98212041138503 111.272026894982
0.00211864406779661 1.61166795655154 0.390753676812165 0.891565699467901 0.686253002285957 2.2667832095176 1 9.95976548627462 6.56055907899795 0.0333997652563668 7.50931700100961 146.07453825183
0.00211864406779661 1.22578935928177 0.248717850935645 0.749401792581193 0.434883778262883 1.56420649169013 0.966666666666667 7.44192694048429 4.02226812369116 0.0327235977766549 4.46432144636614 221.203004362639
0.00211864406779661 1.17916797960643 0.348991196369752 0.718508001894224 0.756427720701322 2.20937159843743 0.9 6.47411929390728 2.9522060085041 0.0295428571428571 3.6307401672184 195.686107982028
0.00211864406779661 1.61448716381565 0.111549922614358 0.924979101237841 0.458497494226322 2.22141492087394 1 10.1119194157046 6.9073551989608 0.0405765803798676 8.29994887203302 78.0041193466367
0.00211864406779661 1.57602962581441 0.289668510737829 0.850156899727881 0.87346122614108 1.3388161836192 1 10.0795842192857 6.27231080855048 0.0222086503468748 7.91408169889238 107.025167632755
0.00211864406779661 1.43520286118146 0.198141685524024 0.60196730728494 0.672551242914051 2.39529639901593 1 9.93253004028051 6.998083371806 0.0531601263435333 7.24263100376102 191.830737279196
0.00211864406779661 1.60959556335583 0.28272146366071 0.911030476482119 0.738809465803206 1.5413778196089 1 10.0685767593726 6.39342351588686 0.0253455211890931 7.9708324986032 106.98993617787
0.00211864406779661 1.20498530797195 0.145355724659748 0.886185986315831 0.436376336077228 2.59831485757604 0.866666666666667 7.66449101036994 4.66814498514948 0.049969321832028 4.68533122985489 206.001303574945
0.00211864406779661 1.31427920607384 0.234888278716244 0.891389314911794 0.730883316183463 1.24711010884494 0.966666666666667 8.53442320880395 4.7126319407718 0.021888557483731 5.44762876973455 236.817618304887
0.00211864406779661 1.31643719316926 0.341362708178349 0.612016383581795 0.541150443954393 1.99890481773764 0.866666666666667 7.9703816170069 4.75756107653586 0.0402429461876852 4.912937651184 238.151215426381
0.00211864406779661 1.5946026032092 0.231501434394158 0.838262703665532 0.587508736085147 2.54395131999627 1 10.0719045541597 6.95999978748873 0.0445160817848683 7.98983159901015 110.611711305443
0.00211864406779661 1.19657618759666 0.393293534987606 0.773439308616798 0.364274535980076 1.58701426070184 0.933333333333333 6.67438100036449 3.03598267617529 0.0262944254014072 3.82397212730541 205.28231421837
0.00211864406779661 1.31148765617982 0.10933371738065 0.777200382086448 0.615239450382069 2.08875111816451 1 9.13055013242989 6.0333260012029 0.0451744267905687 6.12176154805584 235.459263359949
0.00211864406779661 1.51033816519193 0.110373916034587 0.823042191716377 0.59015061208047 1.93211330194026 0.966666666666667 10.0799630312785 6.81899943458517 0.038351424900606 8.05379939316546 98.5090428673724
0.00211864406779661 1.59008400326129 0.160525300493464 0.841695562726818 0.55101453945972 1.20077634369954 1 10.0427928689344 6.32274475702677 0.0242328019313165 8.12341947189766 119.747098841815
0.00211864406779661 1.39867235834245 0.341776982415468 0.818628622253891 0.557778843864799 1.36393241304904 0.966666666666667 8.79340804173746 5.15428770973106 0.0262754474726494 5.73634980331875 227.613050956225
0.00211864406779661 1.261519699567 0.308688191557303 0.685715255327523 0.546566438907757 2.71785456873477 0.933333333333333 7.40059876022067 4.40584778751411 0.0500490891240319 4.37440840378899 224.995611933647
0.00211864406779661 1.34607226736844 0.224192523164675 0.756822102924343 0.690397043712437 1.42028605332598 0.966666666666667 9.11216471128976 5.55509576730938 0.0285223027822369 5.9709099129876 240.226849526054
0.00211864406779661 1.16154696766753 0.284357443032786 0.835567905940115 0.46326027601026 2.89478374598548 0.933333333333333 6.5450417311557 3.40238714979774 0.0431680525613387 3.7021834197403 186.455618247108
0.00211864406779661 1.37721210040618 0.135639345319942 0.690263858751859 0.810493229515851 2.66164262732491 0.933333333333333 9.68059396997713 6.70782240649975 0.0511613168136537 6.82285854766937 215.928625225261
0.00211864406779661 1.15149559183046 0.234466501767747 0.88632196491817 0.717783092753962 1.32795313326642 0.933333333333333 6.65608364405339 2.89433215911226 0.023242994947175 3.80904061217529 194.011352696114
0.00211864406779661 1.6333254077239 0.313488397980109 0.739545928675216 0.697654188098386 2.3743764529936 1 10.0729715031952 6.86717631048422 0.0405266623148607 7.89534910062172 113.534694653038
0.00211864406779661 1.53294929335825 0.247045181458816 0.615989689948037 0.419007337186486 2.84847015701234 1 9.97610429431069 7.27114761066839 0.0668732204881965 7.63399868703127 136.637997834769
0.00211864406779661 1.54885832648724 0.302872675913386 0.727331146388315 0.570195151353255 2.40573393832892 1 9.8921518792057 6.84332341882275 0.0474144397601633 7.41774054975043 162.642894466544
0.00211864406779661 1.48877793699503 0.127476022625342 0.697007625270635 0.806293087732047 2.88344244845212 0.966666666666667 10.037842097657 7.1237005710866 0.0542505837326632 7.86001209658085 122.603378026817
0.00211864406779661 1.43756190882996 0.242358878534287 0.857942409941461 0.596631068643183 2.02903557103127 1 9.69673394920152 6.43009575132549 0.0381344121721879 6.88192451894762 196.995307141304
0.00211864406779661 1.47567533862311 0.160672061261721 0.691538069490343 0.540155172441155 2.98547917092219 0.966666666666667 9.99828349355928 7.29022231496641 0.0666659348379731 7.61187650657406 149.013437786038
0.00211864406779661 1.21468814820983 0.194046095549129 0.622905193769839 0.809046410908923 1.07627554889768 0.9 7.50870594576318 3.62975833110614 0.0206725692470149 4.4170540954858 227.056936631608
0.00211864406779661 1.45735976377036 0.275158052286133 0.682879037538078 0.586832660017535 1.30613671522588 0.966666666666667 9.80308979776931 6.29545684720504 0.0299677657325528 6.89194123841189 217.973747930583
0.00211864406779661 1.44306869953871 0.238324238685891 0.943746182206087 0.542239069892094 1.33406897587702 1 9.71378885140312 6.01680735477978 0.0247982672643933 6.90592026303641 193.975536011071
0.00211864406779661 1.38171820235439 0.209396763867699 0.896520428953227 0.644839297793806 1.66067213425413 0.966666666666667 9.37706973548813 5.86461031990427 0.0298234758446774 6.46914338779653 215.069007539007
0.00211864406779661 1.38678111797199 0.151603302336298 0.664506027300376 0.601500555686653 1.46918996283785 0.966666666666667 9.81078225294563 6.49035718620585 0.0361374676533345 7.00672646073207 216.244530593921
0.00211864406779661 1.29095178653952 0.20178711945191 0.879282172909006 0.792997577413917 2.45587696414441 0.9 8.22539401332899 4.97571150875118 0.0387865204196997 5.1954229433854 219.132646926724
0.00211864406779661 1.60268536848016 0.169541507400572 0.949904366233386 0.897230314509943 1.52254833700135 1 10.0886633653963 6.39476063793131 0.0248747330546854 8.16183167027432 88.7461145492345
0.00211864406779661 1.26462696129456 0.103484158148058 0.672802028991282 0.475316705089062 2.02699888451025 0.8 8.6055397877148 5.66469508594815 0.0528210918189863 5.46471418397636 245.838214182858
0.00211864406779661 1.60915995864198 0.231078233011067 0.727352293068543 0.500183378253132 2.96095694368705 1 10.0716538389863 7.23919104432384 0.058867695948611 7.98108394711575 111.834093953962
0.00211864406779661 1.54542044035625 0.350999539345503 0.734417914540972 0.463361604278907 1.35808141995221 1 9.87118816498565 6.35303581778421 0.0296541752018315 7.19135402599628 178.513841654034
0.00211864406779661 1.51253231728915 0.199511142657138 0.923682458791882 0.339284291490912 1.80930229928344 1 10.0455280564375 6.74731262390662 0.0369490466674571 7.80099571559091 121.371067780273
0.00211864406779661 1.189271589485 0.279865154763684 0.822977489221375 0.386278421524912 2.86755219008774 0.833333333333333 7.1372148422335 4.14313472639153 0.050082676163826 4.17807277775281 207.309630879992
0.00211864406779661 1.23509857405443 0.294122914131731 0.699132434651256 0.4859531623777 2.40228217234835 1 7.12340414853409 4.00672694089744 0.0443041375604514 4.16044436392662 216.802653734047
0.00211864406779661 1.53507470546756 0.261652476177551 0.901094078470487 0.69615651271306 2.21324471337721 1 10.0068034794462 6.68922606521867 0.0362405212646831 7.60549191187589 142.308697563459
0.00211864406779661 1.33362193170469 0.185594396060333 0.64553263715934 0.485697750281543 1.90439573349431 0.933333333333333 9.06801532622759 6.08246349885755 0.050511622161372 5.90856806892118 246.784798534051
0.00211864406779661 1.32825324914884 0.131690884148702 0.947239099035505 0.733124219672755 2.04543378204107 0.9 9.12354311347569 5.72237400818681 0.0333342758924352 6.07526088484997 236.330129418228
0.00211864406779661 1.61989512373693 0.236066282284446 0.627570551563986 0.831408666400239 1.05820641713217 1 10.089341751086 6.20455776256869 0.0205522678078135 8.1296760506087 93.1175437984856
0.00211864406779661 1.29758216124028 0.197775524109602 0.611768176930491 0.425920602260157 1.96388040063903 0.866666666666667 8.67350636652905 5.7264718312868 0.0524951478667061 5.50767400596578 240.502841847538
0.00211864406779661 1.19014252778143 0.291167917614803 0.705194234137889 0.554714712454006 1.73930880334228 0.9 6.85650097018941 3.41833366390514 0.0321235039569607 3.95975440824934 199.606367472489
0.00211864406779661 1.47504847063683 0.331065557524562 0.931635080080014 0.705828430037946 2.87232748325914 1 9.37781616258069 6.20253551718792 0.0417823764078997 6.41225604816999 207.38137220146
0.00211864406779661 1.40831388845108 0.370678197289817 0.699874721688684 0.442705890163779 2.00701091950759 1 8.93031777955853 5.74918064914134 0.0415383936841177 5.84855599267086 223.255595130595
0.00211864406779661 1.1543948860839 0.223785498156212 0.733115687291138 0.740697812335566 2.24586153449491 0.866666666666667 6.68369784866923 3.37785001766516 0.0366681102930562 3.82947716753649 193.108442131045
0.00211864406779661 1.3955380706815 0.160595757514238 0.731478865153622 0.794024039944634 2.89067386463284 1 9.62086598742419 6.69051095959892 0.0533780840756783 6.73125673549097 215.405160041142
0.00211864406779661 1.19912097146735 0.152995302178897 0.697311001468915 0.704699665680528 2.12119922507554 0.766666666666667 7.51711906857619 4.33073334028633 0.041320946504976 4.5227333102322 212.998778194889
0.00211864406779661 1.31088911821134 0.108506618067622 0.748550281487405 0.652616763487458 1.44097577221692 0.933333333333333 9.22755211080359 5.76664548576762 0.0314012799224885 6.10431480165871 255.383708117261
0.00211864406779661 1.15873966387007 0.336991459759884 0.813460125157144 0.378481572959572 2.38753336435184 0.866666666666667 6.52158361878657 3.32115467398862 0.0407447229924735 3.66651585802708 193.714435054707
0.00211864406779661 1.58274639011361 0.342839196207933 0.633938620577101 0.86065266863443 1.96503941901028 1 9.93827054895856 6.53480576255065 0.0332578387958219 7.46244466639452 154.388615618034
0.00211864406779661 1.31784885048401 0.244675503927283 0.789274578529876 0.739153549214825 1.65946644172072 1 8.55452751106293 5.05135061626055 0.0301016017366062 5.46820077822136 241.09546480519
0.00211864406779661 1.22362376572564 0.191599534731358 0.880775816412643 0.829090936621651 1.4473387687467 0.933333333333333 7.29844510150815 3.55228214186758 0.0236081577421226 4.30935993108577 212.163984097116
0.00211864406779661 1.54659028861206 0.292197899776511 0.844417010201141 0.875991130247712 1.3876618091017 1 9.95854375828421 6.13981271056524 0.0219556438892044 7.46473903472921 159.546529589896
0.00211864406779661 1.39489128915593 0.149046409479342 0.741588436253369 0.791176623757929 1.5519603821449 0.933333333333333 9.80858996617485 6.29684619665916 0.0298448265367631 7.13429306336436 203.98151005188
0.00211864406779661 1.44707457334734 0.125635808543302 0.705385259399191 0.745099645480514 2.23569259559736 0.966666666666667 10.0457097344045 6.93194313847018 0.0444332775487069 7.70082580675976 139.337118045431
0.00211864406779661 1.59242172047961 0.190699544851668 0.914022409927566 0.652018981100991 2.40015584276989 0.966666666666667 10.0969479904342 6.88540388910702 0.04029434665727 8.13039416234098 91.965074073678
0.00211864406779661 1.16591286389157 0.393141169799492 0.933159202011302 0.700739861140028 1.93008515471593 0.866666666666667 6.37187479753576 2.67414864942653 0.0247798080715131 3.59096974461198 196.504838651314
0.00211864406779661 1.45771510407794 0.339012677059509 0.725000650179572 0.749950908031315 2.71168683329597 1 9.33123264302072 6.25248175085027 0.0460167005857315 6.31872784464389 215.995263954902
0.00211864406779661 1.47507470005658 0.293079121806659 0.92438762615202 0.631194923724979 2.80860573193058 1 9.6561281499628 6.5369814106639 0.0441948620751479 6.86484777797086 197.038912042277
0.00211864406779661 1.28750526006334 0.120701865293086 0.667415434843861 0.767806996498257 2.74961918359622 1 8.63301875692183 5.71856161208279 0.0542334639591497 5.50817302353531 251.74944301763
0.00211864406779661 1.44681407497264 0.162378696305677 0.719122614315711 0.5733386318665 2.33896904438734 0.933333333333333 9.97995409312013 7.01208311875658 0.0514126527499541 7.48669338680777 163.821659283763
0.00211864406779661 1.19698031535372 0.107784675736912 0.761895851651207 0.55232346248813 1.66072025103495 0.833333333333333 7.85714030345269 4.50512883180787 0.0350138538457966 4.74214564101517 212.409141713841
0.00211864406779661 1.32035267211031 0.258012271579355 0.734651377808768 0.424271146114916 2.54032875550911 0.966666666666667 8.4656530426062 5.56107942986716 0.054772139765895 5.39174489753774 228.387247628078
0.00211864406779661 1.33574024818372 0.388240259070881 0.721565979579464 0.497640187991783 1.56526742037386 1 7.94230300824914 4.45821577303143 0.0306817508736599 4.92459314422393 221.711592782048
0.00211864406779661 1.52206782738212 0.11733582415618 0.737163825123571 0.498654214432463 2.17076617712155 1 10.0562644319888 7.01034195109057 0.0475524255442114 8.00158950419715 115.323250336849
0.00211864406779661 1.411930197943 0.132168760267086 0.664742266875692 0.453605659352615 1.41867143055424 1 9.9921239972765 6.68252622117691 0.0365308643858391 7.6110507905939 151.013588298472
0.00211864406779661 1.18162285930011 0.350461139739491 0.824639574706089 0.728479894855991 2.3024856899865 0.966666666666667 6.78324709391018 3.39774314679407 0.0338605741066198 3.89463126271628 190.568136497413
0.00211864406779661 1.43178842074703 0.258484016754664 0.920212284557056 0.752592172566801 2.51803541230038 0.933333333333333 9.5009502969388 6.24969941823346 0.0387257363231382 6.58710717770781 215.113845939787
0.00211864406779661 1.49027984749991 0.188143981504254 0.918294289836194 0.735002107545734 1.7488689692691 1 10.0067238135618 6.48544915367795 0.029561729991041 7.60852334667344 142.385560337513
0.00211864406779661 1.58169857049361 0.29089956022799 0.866213928314391 0.458240903075784 1.62278888979927 1 10.0461279568576 6.55838691022584 0.0305698500987732 7.83789631766634 119.896184976038
0.00211864406779661 1.19146051546559 0.273678476223722 0.780297957092989 0.800997425615787 2.09361323947087 0.9 7.12179081126562 3.65689177862054 0.0312761631383806 4.23410650459726 213.182369902846
0.00211864406779661 1.51571192892734 0.267833151738159 0.725568355398718 0.482932770391926 2.62954865768552 1 10.0174782210648 7.10252679024057 0.0542066637420161 7.54966179534849 149.288951508905
0.00211864406779661 1.27279822584242 0.208568703359924 0.617471842688974 0.4528427075129 2.32064989674836 0.9 8.1148675943263 5.25033243364843 0.0570096252893679 5.01334766168197 230.111755487232
0.00211864406779661 1.63516419879161 0.136417487543076 0.673784090427216 0.869953113561496 2.26678379066288 1 10.1000762917756 6.88175347644314 0.0400221264989471 8.24690562029321 82.6700215872528
0.00211864406779661 1.53255680236034 0.268238058988936 0.608032941480633 0.766967196576297 1.90302281500772 1 9.96191053684007 6.66738079073957 0.0370854805391622 7.56858585806554 151.980680114291
0.00211864406779661 1.24360201237723 0.288688418851234 0.748023667314555 0.575972599256784 2.05196389043704 0.966666666666667 7.62631810756747 4.33706533792384 0.0372816970063705 4.61032926879812 205.882328925637
0.00211864406779661 1.20899875285104 0.108139314688742 0.931298551498912 0.373205275833607 2.96431692969054 0.9 7.59290762287068 4.7452541377043 0.0579802128056748 4.57471097850338 203.613917740071
0.00211864406779661 1.20707035691012 0.108388291019946 0.893977516086306 0.79076846530661 1.66336059058085 0.9 8.08463091542371 4.55737952215174 0.0293855743544078 5.02995365988176 222.461236973931
0.00211864406779661 1.21936038809363 0.228757464233786 0.694151609065011 0.547929126676172 2.82286024279892 0.9 6.93785331013942 4.02137554235551 0.0541239892183288 3.96116584108774 193.83216642322
0.00211864406779661 1.21883983232547 0.194446384091862 0.722884284949396 0.569263077992946 1.09249626193196 0.933333333333333 7.77821147451249 4.01702631443813 0.0232561617611869 4.67416305747504 243.122746463851
0.00211864406779661 1.1656659897184 0.28095983362291 0.837732630048413 0.629913240484893 1.04687011614442 0.866666666666667 6.5620094055756 2.62243644837922 0.0194565217391304 3.71825153242627 207.426702079235
0.00211864406779661 1.37899278160185 0.119285118649714 0.847987495036796 0.399248923547566 1.6767636295408 0.9 9.78155843374329 6.52898619534812 0.0386745994887179 7.1883008358646 191.790809372738
0.00211864406779661 1.27864385708235 0.290189444832504 0.714016824413557 0.770795007236302 1.65143958386034 0.933333333333333 7.70094169943436 4.13858926401986 0.0283720028436632 4.67682617489453 226.626665478152
0.00211864406779661 1.54972077484708 0.350247058249079 0.793413848092314 0.837558411480859 1.60320825641975 1 9.96169985528446 6.29588081855093 0.0255832091124655 7.3783004282461 153.687620017757
0.00211864406779661 1.57093742394354 0.29232193720527 0.887281466787681 0.469285287056118 2.31795753957704 1 10.0416845028338 6.84410525190568 0.0408609985760341 7.80105029106198 125.130733823001
0.00211864406779661 1.33012545024976 0.286377430707216 0.880820542678703 0.691431337036192 1.52685587434098 0.933333333333333 8.14841468170968 4.43928424994241 0.024498817405315 5.10940269428444 214.129531208911
0.00211864406779661 1.36703748148866 0.283270124671981 0.936894124455284 0.575987764913589 2.33120202645659 1 8.87449460574808 5.61044811940213 0.0382333737524485 5.83021931591594 218.50962022862
0.00211864406779661 1.45547897215001 0.291935711400583 0.624319376482163 0.799804301653057 1.63644685735926 0.966666666666667 9.62098514587294 6.14854197431149 0.0310410992112226 6.74904248437843 220.659455894294
0.00211864406779661 1.48466649148613 0.341821576305665 0.774907215230633 0.540749555267394 1.82034051744267 1 9.57486310794863 6.25696491450102 0.0362288979228981 6.68227566787038 216.899900168386
0.00211864406779661 1.54330882462673 0.343617307348177 0.868522167531773 0.344359047571197 1.70328604988754 1 9.85440584587231 6.4684231013624 0.0338443656325819 7.19758504349138 176.985477125262
0.00211864406779661 1.52908026122022 0.381147007294931 0.767773451376706 0.47852113279514 2.9421167075634 0.966666666666667 9.62478344805344 6.754845208591 0.056702428444169 6.7048790880678 203.594066267262
0.00211864406779661 1.17969218057115 0.379283068166114 0.80290529965423 0.805406125355512 2.03194661112502 0.866666666666667 6.68801937657027 3.0297620221403 0.0257773944707968 3.8647701205776 197.474513630645
0.00211864406779661 1.32255907622166 0.160952360695228 0.850311000726651 0.668717798776925 1.75653794873506 0.966666666666667 9.03807429585008 5.65611237263807 0.0339807217267696 5.98463090605158 234.569654278372
0.00211864406779661 1.3782665851526 0.189306504605338 0.946247580193449 0.855012453580275 1.46700928732753 0.966666666666667 9.54529668183569 5.71498387192219 0.021702825708894 6.62287387868538 221.045905797691
0.00211864406779661 1.3617274136981 0.187040400784463 0.755110028258059 0.515614526672289 1.73864263575524 1 9.42288124637246 6.19277140381302 0.0395531539301163 6.51776974172236 227.52692278031
0.00211864406779661 1.40882098439615 0.197247936041094 0.937214157031849 0.480193201638758 1.61724129505455 0.9 9.67901209611145 6.21520051550113 0.0313101929651736 6.8671261670934 207.628726453049
0.00211864406779661 1.1691574889468 0.320819535781629 0.643549577065278 0.671905392408371 1.76245385687798 0.933333333333333 6.66481892175209 3.09266451373018 0.0280952597786986 3.79869432012114 200.962465296989
0.00211864406779661 1.53305035582744 0.332854903792031 0.896405830990989 0.588986049313098 1.46472928626463 1 9.90791938411344 6.25798682172414 0.0259928816174823 7.26445022272087 173.66332202912
0.00211864406779661 1.42997698145919 0.143340094876476 0.729193619277794 0.554690463747829 2.56705551128834 1 9.93017329946517 7.07239362759034 0.0573960569725118 7.35691824235602 174.287297971955
0.00211864406779661 1.37422048205044 0.234198620193638 0.768593858357053 0.523285649344325 2.52000872464851 1 9.11361652675092 6.16345514506357 0.0523312599599033 6.15046061193172 220.902054251343
0.00211864406779661 1.407600878831 0.360012332093902 0.727401438087691 0.426683938410133 1.57720926776528 0.966666666666667 8.75546042186939 5.38307044838115 0.0343075451600982 5.68170139158095 233.17696631939
0.00211864406779661 1.58979688349646 0.350141297769733 0.70455436904449 0.840026156650856 1.6284344936721 1 9.99943843613684 6.40401560160563 0.0274490743054073 7.59039747489693 146.41028543424
0.00211864406779661 1.53235708943102 0.270446081319824 0.846266073547304 0.385871668718755 1.63467874517664 1 9.98537164075053 6.57957523358351 0.0331803844606402 7.63401481099228 138.683143486768
0.00211864406779661 1.52862040405162 0.268103052792139 0.633135610970203 0.522868224279955 1.18782134586945 1 10.0484518810321 6.46152025833076 0.0276831425650844 7.75368076952906 127.309842088454
0.00211864406779661 1.36341998467688 0.258200277597643 0.822723490779754 0.747196359280497 1.12973619904369 0.933333333333333 8.82712761922115 4.95833899059754 0.0208836519670766 5.72835893648275 248.499204590882
0.00211864406779661 1.3971431735903 0.157232662755996 0.711814544000663 0.459032550081611 2.23066150629893 1 9.63968692365767 6.74177940072427 0.0551384754250601 6.84286113906415 212.052843709896
0.00211864406779661 1.26020514345728 0.307418597117066 0.654686876351479 0.371542418422177 2.83410239731893 1 7.47537702874754 4.61379951268615 0.0571784890971619 4.43793426661218 223.334615666972
0.00211864406779661 1.4314599070698 0.247413264354691 0.924698136048391 0.491647644666955 1.42340575251728 1 9.77348326568776 6.19433736157983 0.02789951694489 7.01379556354472 198.204090406722
0.00211864406779661 1.2946569878608 0.36139028344769 0.612845476984512 0.35022516134195 1.11937592690811 0.933333333333333 7.82461727622458 4.19773886042638 0.0265990862364363 4.8072360116994 234.005364804641
0.00211864406779661 1.34441972509958 0.239906331431121 0.694307692325674 0.431663926877081 1.09940286027268 1 8.94673066560112 5.39831351970671 0.0287701425707864 5.82658990391775 253.114372177715
0.00211864406779661 1.61312523353845 0.100075461925007 0.676853810600005 0.50557231111452 2.68606345402077 1 10.1010370183887 7.20054926332009 0.0549963887460194 8.26505842675143 82.2507508255576
0.00211864406779661 1.2895685786847 0.259553956217133 0.856413121090736 0.552098075766116 1.52672106958926 0.966666666666667 8.21027440047719 4.63873834876254 0.0281126380322091 5.15826227776139 217.860648798775
0.00211864406779661 1.59077050453052 0.384292859886773 0.758122953714337 0.716885037627071 2.36383940605447 0.966666666666667 9.89911074690175 6.65384141598302 0.0389580703312917 7.25434853861363 168.986672620551
0.00211864406779661 1.51220073641744 0.385578397405334 0.724314195045736 0.722929996624589 1.39719240460545 1 9.69481996701237 6.02360900043455 0.0254456374653747 6.77231730808703 209.67529248931
0.00211864406779661 1.34067877298221 0.283918047323823 0.66703762387624 0.448896276438609 2.43031282350421 0.966666666666667 8.19139618501654 5.28285358867839 0.0545551808794169 5.12846941401614 233.839372830665
0.00211864406779661 1.31756369802169 0.165930112171918 0.631840676162392 0.588344991859049 1.78464712481946 0.966666666666667 9.18849662853623 6.06097452625103 0.0438262598067204 6.06169802803105 234.497570141961
0.00211864406779661 1.4723256804049 0.180338038713671 0.735703013907187 0.613833932345733 1.69186939438805 0.933333333333333 10.0510035161271 6.69954432230494 0.0350331965615481 7.76620501116644 133.096301143399
0.00211864406779661 1.62476034902502 0.101369530544616 0.655635894928127 0.822579458355904 1.31249115196988 0.966666666666667 10.1057877973043 6.46276044446377 0.0261729890359062 8.31627495573999 77.0900412842981
0.00211864406779661 1.63783100105356 0.215038636303507 0.701407636224758 0.370022365171462 2.2127081877552 1 10.094470105498 6.98165608682167 0.0444756238442548 8.16537311020369 88.8383486315553
0.00211864406779661 1.30744089602958 0.399547703424469 0.83917300371686 0.401984318392351 1.68196896184236 0.966666666666667 7.35091473700468 3.79974204692575 0.0286909742976689 4.4209157278606 211.12146976194
0.00211864406779661 1.39299000331666 0.232379440637305 0.788071990967728 0.833351159887388 2.22668181313202 1 9.53195999545566 6.21560759875528 0.0362849437420253 6.58855960602615 218.419794223655
0.00211864406779661 1.34783987279516 0.323453162098303 0.758618195750751 0.300497966911644 2.15566889289767 1 8.22109356835878 5.13206598993158 0.0455462230070726 5.15982128929411 225.846679669339
0.00211864406779661 1.41846978603862 0.381452966737561 0.68516197380377 0.891985163837671 1.03281147312373 1 9.05284410189783 5.0166173657738 0.0176639977524933 5.97024091065636 227.425557495522
0.00211864406779661 1.4002960228594 0.269725687615573 0.639946011803113 0.671578576415777 2.36295284051448 1 9.32812044466521 6.32417973485148 0.049591258048172 6.27883407072146 226.689232793404
0.00211864406779661 1.43878080041613 0.393752444116399 0.653981502656825 0.535760480258614 1.36920474655926 1 8.83704715387436 5.2969831435349 0.0290114699887188 5.76278486633588 234.006770532084
0.00211864406779661 1.64304544040933 0.235103557980619 0.864018686988857 0.781882609147579 2.70021826634184 1 10.0930936238236 6.92461239604856 0.0420674402700258 8.1260056717262 93.1317590492727
0.00211864406779661 1.18721066168509 0.137466748571023 0.821703540231101 0.379511583829299 1.78011183394119 0.766666666666667 7.35639092596785 4.01755741900833 0.0354783188051746 4.36614024195426 233.338637780073
0.00211864406779661 1.31159550158773 0.274340832582675 0.765775535278954 0.341339428676292 2.5972617934458 1 7.93980032337813 5.03391769871847 0.0547004892879198 4.90230741721063 218.429036864652
0.00211864406779661 1.57959990608506 0.275490927416831 0.822068302577827 0.409133976465091 2.167351545766 1 10.0628972366697 6.90076423179328 0.0423353432117222 7.83422073897276 119.755376726593
0.00211864406779661 1.47223032217007 0.311086000991054 0.674668467382435 0.509360738564283 1.46626488631591 0.966666666666667 9.88277451093859 6.47607009920827 0.0331502701941525 7.15210682524634 191.538335103461
0.00211864406779661 1.22670400082134 0.212489820178598 0.715944030194078 0.821391566516832 2.58203954109922 0.9 7.45698932026666 4.31649997116342 0.0432616226850862 4.49485916517041 199.249045467943
0.00211864406779661 1.59993045600131 0.235396685427986 0.624999981559813 0.374739508749917 2.578710926231 1 10.0486537063991 7.24534593755534 0.0606092492998087 7.90512203063279 118.912862506388
0.00211864406779661 1.49469367552083 0.167844278737903 0.903103169554379 0.414820063440129 2.39389402186498 0.933333333333333 10.0496112038392 6.97521364037714 0.0462174630849701 7.86384348073036 118.607128474529
0.00211864406779661 1.54345775754191 0.201099111465737 0.747396907152142 0.480374135635793 1.59447506675497 1 10.0227080730345 6.65010654556819 0.0343002880301078 7.86863689418417 134.733608525633
0.00211864406779661 1.30786661661696 0.240457940497436 0.72424098883057 0.732471052184701 2.75367938680574 1 8.29422462479131 5.27998365985953 0.0490830771281692 5.22287517138118 230.581057575836
0.00211864406779661 1.2155768122524 0.339930247003213 0.601518098544329 0.654870573291555 1.91933923680335 0.866666666666667 6.96169698630299 3.5046329689104 0.0315221748478554 3.98255315623398 207.509419133216
0.00211864406779661 1.16680592796765 0.168069858872332 0.613126961269882 0.46656302944757 2.84427232248709 0.833333333333333 7.04748243814367 4.25362491986936 0.0611847368604125 4.12648901554867 197.656499999472
0.00211864406779661 1.33942560895812 0.133367767487653 0.749044521595351 0.891204001754522 1.30077925371006 0.966666666666667 9.4427429944524 5.66272098785843 0.0228221891809157 6.45958062017781 244.935588755927
0.00211864406779661 1.23039788971655 0.385001148516312 0.74520611326443 0.343834577221423 1.90389707125723 0.966666666666667 7.00488198971286 3.59305189911483 0.0329807872833093 4.05447996365817 207.267913736535
0.00211864406779661 1.18230860910844 0.274358878959902 0.915197112096939 0.41199123300612 2.09692454105243 0.866666666666667 6.78053360845694 3.46573590279973 0.036341399493317 3.90971264629496 205.091074639338
0.00211864406779661 1.26415618390311 0.225668823509477 0.643221467942931 0.628495885943994 2.12921656714752 0.866666666666667 7.97783618614916 4.82892893264622 0.0428989789726407 4.9035639140348 240.017770208481
0.00211864406779661 1.64189908790868 0.368876677914523 0.633784498798195 0.575666173780337 2.49046411830932 1 10.0721861816304 6.9883209268217 0.0457819552894864 7.82160302920515 112.887478083664
0.00211864406779661 1.43837686823681 0.338840089482255 0.641559270652942 0.856261780578643 2.87858107220381 1 8.82789330441322 5.77785870027426 0.0473572856046947 5.80282306156921 221.273319845209
0.00211864406779661 1.57717134219129 0.39624838642776 0.802832908998243 0.620736660249531 1.63798310048878 1 9.851525613603 6.27369428254803 0.027936217015233 7.2763489123144 173.668676638293
0.00211864406779661 1.59912409514654 0.393216298054904 0.704196651163511 0.558281266316772 2.54050046904013 0.966666666666667 9.89259743539454 6.83947643822884 0.0472113477352985 7.30798833292986 165.866962810763
0.00211864406779661 1.56321114148013 0.388034006278031 0.861624986655079 0.313230056734756 1.26402432564646 1 9.8767020012768 6.24772044987239 0.0265432035361265 7.16392088421613 179.693285016508
0.00211864406779661 1.50591562336776 0.257585293240845 0.835191910341382 0.741775868134573 1.83865505317226 1 9.87828939551303 6.41939757278441 0.0314646110721794 7.38952277514811 166.709854244033
0.00211864406779661 1.29691536838654 0.251340588601306 0.682655131095089 0.840958694647998 1.23471486382186 1 8.23210331188304 4.4414740933173 0.0225813887509752 5.11238931415997 236.895776951492
0.00211864406779661 1.47405119948089 0.386226426716894 0.762473078002222 0.646573232905939 2.01537826610729 1 9.32152091835063 5.96879280784357 0.0349887705463211 6.27067332235514 222.025074557607
0.00211864406779661 1.28101009069942 0.170465772389434 0.948356440290809 0.781968961609528 1.93587987171486 0.966666666666667 8.42248076395686 4.92450127506226 0.0302584592522954 5.36371758528309 225.510075925254
0.00211864406779661 1.34595297810156 0.321358177065849 0.938509616232477 0.756838407414034 2.59147709608078 0.966666666666667 8.16651990587526 4.86487840639747 0.0368226733652594 5.14669223048081 214.428749987493
0.00211864406779661 1.28483254541643 0.394396131043322 0.637195595027879 0.80175748122856 2.9193937946111 0.9 7.35627987655075 4.23945983643976 0.0442978099427652 4.42017840063826 206.108684688853
0.00211864406779661 1.31631940985098 0.270511742774397 0.808378920680843 0.644312027329579 1.73712210403755 0.933333333333333 8.28586444690494 4.83939497017026 0.0318579131671573 5.24627190965793 225.564081877663
0.00211864406779661 1.44450098110829 0.137420707405545 0.667724017077126 0.668196941027418 2.96784353954718 0.966666666666667 9.92103273175188 7.18690102041163 0.0649503783040189 7.36944861109424 178.037176379911
0.00211864406779661 1.29564581599552 0.392300892667845 0.935505598119926 0.779834766173735 1.91558827878907 0.933333333333333 7.3822799230218 3.74106520728451 0.0262204741906095 4.4019167931531 209.44010796377
0.00211864406779661 1.58896678660531 0.189631323958747 0.608121837186627 0.337624196335673 2.48617208283395 0.966666666666667 10.0500970611926 7.20260984336757 0.0579898538229824 8.01215538358378 111.992689053477
0.00211864406779661 1.33184049637057 0.315409529069439 0.939299671910703 0.494134137360379 2.68291436182335 0.966666666666667 7.73292840921096 4.59651212324498 0.0434381893451787 4.75477854537574 211.975656998047
0.00211864406779661 1.21582025589887 0.21603039028123 0.733411608962342 0.611940680723637 2.24972651340067 0.933333333333333 7.48495033602836 4.31510432218103 0.0420100663738996 4.46055721064132 221.490533841335
0.00211864406779661 1.18458263212815 0.282633794471622 0.618370602920186 0.743602414196357 1.25688400538638 0.9 7.05576012769226 3.22919279183913 0.0217842654997285 4.09742622875951 203.916332532376
0.00211864406779661 1.63910400550812 0.318151484709233 0.81419056262821 0.51941299228929 1.34305833373219 1 10.0195416870965 6.34446608568041 0.0253474891442106 7.90658406410226 121.186183401329
0.00211864406779661 1.24079036407638 0.376082254876383 0.86043487744173 0.377784237731248 2.06556595722213 0.966666666666667 6.87711830952025 3.49021823255892 0.0338133333333333 3.96964108372114 200.227070601134
0.00211864406779661 1.60749226689804 0.105858375248499 0.821724823815748 0.663107616780326 1.2497340766713 1 10.1019394245929 6.39012880398564 0.0244332438623057 8.27743741804637 82.8406200833912
0.00211864406779661 1.3760901076952 0.283071120339446 0.63525837387424 0.335924320528284 1.61026714835316 1 8.92745566264311 5.8040299409272 0.0440061570580586 5.7980820429546 247.314252000546
0.00211864406779661 1.19799913184252 0.334467251226306 0.733355143957306 0.654137241700664 1.27123139705509 0.833333333333333 6.96892563421194 3.15444396470881 0.022049140234037 4.01746351788614 198.732774084457
0.00211864406779661 1.47189656444825 0.103220810764469 0.875109813630115 0.337805392546579 1.3087152922526 0.966666666666667 10.0485621940819 6.53504106079226 0.029791828535552 7.9822632877054 111.983990357636
0.00211864406779661 1.34035005196929 0.358948385273106 0.619953288324177 0.80011164941825 1.44430244620889 1 8.24055216390361 4.54789411816836 0.0249057134568216 5.19221583566549 229.018165067872
0.00211864406779661 1.23472741418518 0.158603812754154 0.772112342168111 0.569832848478109 2.71422248380259 0.966666666666667 7.94978505285733 5.03515968395934 0.0542243413530542 4.90194869119658 218.162587700735
0.00211864406779661 1.28351182814222 0.288858225871809 0.777894820377696 0.73910274063237 1.19355257833377 1 8.02315913029008 4.18509892549057 0.0215353349940999 4.96865522185537 224.495550867695
0.00211864406779661 1.17107745467219 0.180780085059814 0.712886938964948 0.557695863721892 2.37372560426593 1 6.92608623566686 3.85156503639103 0.0462117493045328 4.03953632572711 197.816031468835
0.00211864406779661 1.43732096706517 0.394987390842289 0.641771682584658 0.697750624828041 2.47315262723714 1 8.70383318808959 5.56170674643077 0.0431908573451562 5.63288302489867 229.900850625895
0.00211864406779661 1.44170230589807 0.141455521038733 0.914885701891035 0.367493229964748 1.95799256442115 1 9.92749375073625 6.74519713302913 0.0414902583561403 7.52407540942876 149.565282138619
0.00211864406779661 1.27623742397409 0.134747458714992 0.82026958289789 0.852050001779571 1.59430748410523 0.833333333333333 8.43196640291908 4.82895353258964 0.027241523504199 5.31083864710171 235.511459645248
0.00211864406779661 1.27537631532177 0.292600450455211 0.818864944460802 0.552043055417016 2.30140362307429 0.966666666666667 7.79724877129839 4.58496747867057 0.0402646529617613 4.84119592175391 210.732954536977
0.00211864406779661 1.59284615200013 0.15152268554084 0.733378251385875 0.803615280333907 1.59416155563667 1 10.0950028283922 6.57883445851376 0.029713066813459 8.18926303380079 87.7282942032961
0.00211864406779661 1.44405166208744 0.331136743910611 0.844048986269627 0.409297386836261 1.47271684883162 1 9.14963449685879 5.65049889687443 0.0302234973258244 6.06719025763612 227.133130532224
0.00211864406779661 1.61847078751307 0.14270739578642 0.935980954300612 0.650598953571171 2.25879243714735 1 10.0910688636497 6.86150189446468 0.0395746321137004 8.19483685503044 87.0705156309418
0.00211864406779661 1.21258281052578 0.237824569060467 0.615071576891933 0.534910086030141 2.37823253730312 0.966666666666667 7.37068654412163 4.38718571748391 0.0506153278492827 4.35670882668959 222.99917852631
0.00211864406779661 1.26149556422606 0.375179593195207 0.899355610506609 0.526819252129644 1.54382205661386 1 7.21807908191474 3.5331998282664 0.0251002052986607 4.26736372635374 209.322181831518
0.00211864406779661 1.31379310702905 0.279779750644229 0.781018441531341 0.637421187199652 1.28084570076317 0.933333333333333 8.31611685813863 4.61476684751839 0.0246901719665674 5.27208338809197 227.752008989658
0.00211864406779661 1.46787339830771 0.390138903539628 0.753616862697527 0.695081452606246 1.03131427941844 1 9.45682016927686 5.52412403528173 0.0195907819118727 6.42248910067042 223.535417697582
0.00211864406779661 1.37735774563625 0.167587782721967 0.799404786014929 0.376318830857053 1.76020947704092 0.933333333333333 9.59609584846394 6.4574982530543 0.0433435404793069 6.68759833474227 227.958598385289
0.00211864406779661 1.42399807935581 0.144958987319842 0.875833431794308 0.768820893438533 2.22778565715998 0.966666666666667 9.8970079847141 6.62406522779989 0.0378947478021845 7.34210939694244 175.912240046701
0.00211864406779661 1.42372018864844 0.192452438990586 0.910386213986203 0.62469911291264 2.08664723625407 1 9.74182120066721 6.43395779549715 0.0365942774300352 6.95962007669721 207.605724673166
0.00211864406779661 1.45394849134609 0.299604720366187 0.736225692403968 0.70508061312139 2.89246300049126 0.966666666666667 9.55889206665531 6.59977666417476 0.0518647763387795 6.64235191837804 210.66230285571
0.00211864406779661 1.49772958524991 0.390475677931681 0.708209985611029 0.86875797919929 2.88760642148554 1 9.34947893168294 6.18614003444267 0.042284322113781 6.38136470294509 207.503718152704
0.00211864406779661 1.23023606077768 0.100968380831182 0.701123519462999 0.578820558032021 2.99713787902147 0.866666666666667 7.68572072829872 4.97034734498255 0.0661802377965832 4.66525167390867 208.095714333705
0.00211864406779661 1.53549375790171 0.388261002674699 0.793207194376737 0.477731437236071 1.57643395522609 1 9.77593255136853 6.30499709814987 0.0310879357451619 6.89060912014717 195.51336815983
0.00211864406779661 1.18041411750019 0.281268504541367 0.87923684483394 0.823258035443723 1.26093765115365 0.866666666666667 7.2360901008638 3.35796864711134 0.0206896551724138 4.29833143141877 210.646965703735
0.00211864406779661 1.30497897181194 0.222922541340813 0.609029494330753 0.399719927832484 2.4388672709465 0.866666666666667 8.41408654414415 5.62137586405332 0.0612549461045163 5.29465682879331 238.066731514062
0.00211864406779661 1.49669441822916 0.347595777828246 0.781580019462854 0.645595237053931 1.38640154851601 1 9.68898572044067 6.03826861330578 0.0259724970361405 6.83647407697717 202.552677031942
0.00211864406779661 1.35434467517771 0.110526692355052 0.845584003429394 0.632738502603024 2.0668814224191 0.966666666666667 9.64230638104151 6.44894395398537 0.0410336660084803 6.9121593598688 202.919831938046
0.00211864406779661 1.40175372452941 0.157773154904135 0.670839296269696 0.841703938879073 2.27394297998399 0.966666666666667 9.64242502664611 6.4802032123408 0.0423315836010163 6.93409497845053 217.7444160883
0.00211864406779661 1.61168738452252 0.260971270594746 0.687878698646091 0.762536242324859 1.499259498436 1 10.0898647629265 6.49006575625125 0.0273292148850643 8.07683638642796 95.5822858547543
0.00211864406779661 1.39677852168679 0.255331814242527 0.946614680753555 0.412533123185858 2.54807395394892 0.966666666666667 8.93139701696173 5.87744596870704 0.0471721761641501 5.88495394506692 225.818129721526
0.00211864406779661 1.4405915309675 0.248067115875892 0.814615799894091 0.47435403498821 1.29094219021499 1 9.77417771279539 6.22620723426554 0.0287829961249647 6.96331612108736 199.674506293227
0.00211864406779661 1.56926003305707 0.230261357314885 0.854778752312995 0.623994742054492 1.92227927222848 1 10.0502438180851 6.69200102609978 0.0347963496789922 7.90115518916772 114.546464430326
0.00211864406779661 1.24390200057533 0.342966816201806 0.601359435450286 0.774838784756139 2.23257132200524 0.966666666666667 7.19435918421357 3.85161387763259 0.0353398058252427 4.2563461165251 206.232792285137
0.00211864406779661 1.51181859998032 0.324542010645382 0.70682365585817 0.731101275561377 2.21325286943465 1 9.86605044780723 6.64474413866891 0.0399028986786123 7.11441708276996 185.383028295574
0.00211864406779661 1.53606208225247 0.160018321149983 0.749605556635652 0.83601970653981 1.4120035241358 0.966666666666667 10.0823130627459 6.44380227325631 0.026291468357241 8.05642676752298 100.470499203475
0.00211864406779661 1.22615466509014 0.35781656424515 0.666960300260689 0.570180573407561 1.98094717180356 0.933333333333333 6.86682167109048 3.45676723281697 0.0330394017189418 3.9743268887643 205.24897027304
0.00211864406779661 1.22469194859732 0.101556759700179 0.634426913736388 0.445103449886665 2.91910079307854 0.933333333333333 7.93423200798582 5.31338189600943 0.0727409985413414 4.89276296873938 210.869126551765
0.00211864406779661 1.49275974030606 0.229337236844003 0.93917139043333 0.350556133501232 1.04133680230007 1 10.0322691410128 6.23323356254536 0.0223923571172148 7.68833319303393 136.504541599986
0.00211864406779661 1.52083924107719 0.26655690765474 0.902941072604153 0.803891320712864 1.23239914467558 1 10.0092834733914 6.14210908760595 0.0209173904764475 7.65703071331968 141.305274416662
0.00211864406779661 1.62396192722954 0.38382742300164 0.803831514844205 0.658861209126189 2.96899358509108 1 9.90209491660204 6.86136223941243 0.0477998547979271 7.45701284336366 149.357759790891
0.00211864406779661 1.26197001032997 0.17600913727656 0.796791198523715 0.892683561472222 1.6930021205917 0.933333333333333 8.28957535970711 4.70048036579242 0.0276233183856502 5.18638770215474 230.687751604145
0.00211864406779661 1.54848482247908 0.204450380196795 0.913678556797095 0.395555316656828 2.52288614865392 1 10.023961778504 7.00796253939916 0.0489968514477283 7.83910538052718 120.990007007967
0.00211864406779661 1.38779142159037 0.343207601597533 0.653860165493097 0.325994765153155 1.35861164843664 1 8.73986729922575 5.38861500452882 0.035040445649158 5.63121178182137 237.789291844961
0.00211864406779661 1.59280388543848 0.14265894733835 0.713538147730287 0.408520695660263 2.03456795262173 1 10.0902354099034 6.95311098070293 0.0434074397741132 8.17178783973574 89.3120839256505
0.00211864406779661 1.47487863698043 0.272520078485832 0.772642235120293 0.353072721278295 1.4695782745257 1 9.85911586251698 6.50323971990956 0.0348787979629207 7.16144096767561 184.813979041395
0.00211864406779661 1.30275881928392 0.347966039180756 0.708293624431826 0.578789137070999 1.88218699255958 0.933333333333333 7.7154739946402 4.36673168963824 0.0351285072773018 4.70112950570486 230.886077438523
0.00211864406779661 1.54423050836194 0.279335322719999 0.634510837611742 0.435926989093423 1.26036144187674 0.966666666666667 10.0096989130194 6.48479315946365 0.029454583228035 7.72846131061606 147.37574986566
0.00211864406779661 1.28206935441121 0.378762138192542 0.650493605900556 0.818711923342198 1.67706227209419 0.933333333333333 7.46747310252808 3.79629143550483 0.0254463830221406 4.50179183153426 211.501351978459
0.00211864406779661 1.29321856515016 0.275560359819792 0.918205208983272 0.70752992508933 2.36791911069304 0.966666666666667 7.80787457589753 4.4859205581696 0.0360822574540561 4.75507541342008 222.916270274847
0.00211864406779661 1.1825504518114 0.138654714589939 0.756822852231562 0.393543701246381 1.46570479031652 0.833333333333333 7.22946189554572 3.85354607566917 0.034186795024212 4.25020806005303 199.406090174009
0.00211864406779661 1.27394702271558 0.267863723891787 0.641762482363265 0.425642054574564 2.56601447751746 0.966666666666667 7.80029020070877 4.88749309616225 0.0543235684623859 4.78662930202139 217.304588356235
0.00211864406779661 1.19189094144385 0.166194929322228 0.67005284500774 0.757915029348806 1.08236601063982 0.933333333333333 7.67956509447404 3.91701054693918 0.0232243368601753 4.62742079492291 226.116006998219
0.00211864406779661 1.57481660225894 0.179391758237034 0.847052488708869 0.696193320304155 1.40482142055407 1 10.0827739523421 6.43743159852548 0.0261124686201795 8.07141637523621 104.376438320836
0.00211864406779661 1.39445636069868 0.322321781958453 0.912441519112326 0.413327908655629 1.99169227015227 0.933333333333333 8.71597379008198 5.3910267646523 0.0359744244326299 5.65574202937731 220.879182796892
0.00211864406779661 1.40389012880623 0.174897357728332 0.655255127884448 0.564141349168494 2.84031203621998 1 9.76098652896742 7.06224875719017 0.067290394993773 6.90925415510587 206.893978361049
0.00211864406779661 1.40043573672883 0.145280300313607 0.744158974231686 0.592221671249717 2.41741788340732 0.933333333333333 9.54508407472679 6.60983045197316 0.0531172458557253 6.75792857063493 222.398032157775
0.00211864406779661 1.2981321254978 0.297314439364709 0.754179031273816 0.694647405529395 1.36873340280727 0.966666666666667 8.0943363405962 4.37640742818728 0.0242842105263158 5.0807616225949 228.023415369914
0.00211864406779661 1.40859354750719 0.129391701635905 0.876155178202316 0.337624155683443 1.93025157507509 0.9 9.79836774864564 6.69739997867541 0.0450056262175567 7.10219447772351 196.244822495592
0.00211864406779661 1.49534419025294 0.226483991323039 0.738387275696732 0.407545319851488 2.82455965410918 1 9.91384869008578 7.17966359731788 0.0649469112526371 7.36171421105902 172.121229852183
0.00211864406779661 1.27474076275248 0.331854296219535 0.723441689170431 0.588371583586559 1.52298142760992 0.933333333333333 7.38381197994095 3.82708739462236 0.0285321263755769 4.39928751907048 218.627387282886
0.00211864406779661 1.4624513104558 0.253912598290481 0.864915080077481 0.599463145108894 2.72593545448035 0.933333333333333 9.79977646946694 6.76988796922798 0.0483210256085193 6.99009205656067 188.162720479289
0.00211864406779661 1.41695214025676 0.186748645594344 0.815540239319671 0.67639716854319 2.1850703144446 0.966666666666667 9.7514730951073 6.55589630582399 0.0409429031364536 7.05676963775832 189.011752536297
0.00211864406779661 1.60334941253532 0.15146988814231 0.648167275905143 0.772672647982836 2.80961610889062 1 10.074255118301 7.12195226217144 0.0522193138118582 8.14757773620177 95.8308531969768
0.00211864406779661 1.20192753882147 0.233920825412497 0.606488381267991 0.651608746591955 1.59757256461307 0.933333333333333 7.06811115648306 3.58153284048448 0.0306054152722848 4.05982705733939 215.851167783456
0.00211864406779661 1.42678390359506 0.265189474611543 0.823338344902731 0.571633348194882 1.41279798699543 1 9.52028772318183 5.96512057176838 0.0285765978983193 6.5939117379212 223.345688070389
0.00211864406779661 1.56291390743572 0.24752042517066 0.933252533909399 0.527268853364512 1.56221705209464 1 10.0516072252028 6.49471152535042 0.0285272445317631 7.8707769133439 116.092121715999
0.00211864406779661 1.63914078995585 0.37912893097382 0.6668920216267 0.448564065853134 1.39012275496498 1 10.0454702156904 6.51288385908484 0.0292292208336828 7.76901239685302 129.032959471589
0.00211864406779661 1.35921317115426 0.188580960710533 0.801603042986244 0.518218218209222 1.0436927638948 0.966666666666667 9.43800060426423 5.72132878330561 0.0243147571957017 6.42838376991535 236.620849468347
0.00211864406779661 1.36789686381817 0.349036438949406 0.76309129622532 0.638689283234999 1.31413694517687 1 8.6591266873049 4.93423409621864 0.024115690527838 5.60947179518496 225.215005861665
0.00211864406779661 1.52862506392412 0.371470586583018 0.655442866054364 0.626240684185177 2.57043245341629 1 9.69651873212352 6.70445520380298 0.0501837741658416 6.81351785690077 202.068968846831
0.00211864406779661 1.30582101850305 0.152063059085049 0.798422070615925 0.80189303085208 2.69980098074302 0.966666666666667 8.67912436201069 5.59278669818393 0.0456689033832293 5.58232891776774 229.683673285272
0.00211864406779661 1.38365834983997 0.118053982197307 0.718137450364884 0.328180769551545 2.96538327727467 0.933333333333333 9.75272487693548 7.23456362331458 0.0806076876600039 7.00420117725039 206.661189539312
0.00211864406779661 1.18383452398702 0.226895609055646 0.687132319959346 0.714510319149122 1.4654639121145 1 6.95870184660024 3.30444171319785 0.0258806386213888 3.90667539910155 208.211675200817
0.00211864406779661 1.22407871680334 0.2902872110717 0.807615714566782 0.505180192412809 1.80058530764654 1 7.11501332106612 3.70212468086396 0.0329458939554038 4.14524889208387 216.147972559534
0.00211864406779661 1.60017214911059 0.30558685909491 0.692739197146147 0.635815343912691 2.24169040517882 1 10.0459444110851 6.82715964069286 0.0400036423448607 7.8701277486433 119.227923389666
0.00211864406779661 1.47104031555355 0.233154860488139 0.657168503140565 0.514746759273112 2.97253205021843 1 9.87131209650676 7.21648919813053 0.0703112898062313 7.07380629663919 200.732467847012
0.00211864406779661 1.47543122570496 0.299214476905763 0.72239665145753 0.652919172216207 2.7866005836986 0.966666666666667 9.56825110373864 6.61426325796981 0.0521313988977768 6.80568436580122 207.527824681303
0.00211864406779661 1.28378777471371 0.140864704712294 0.619492666726001 0.41696420093067 2.56502171885222 0.933333333333333 8.36642013432703 5.68600636401594 0.0685347906250519 5.25246039635605 243.172941582731
0.00211864406779661 1.15281822611578 0.392490405123681 0.67528994246386 0.718536248942837 2.90454411692917 0.833333333333333 6.08002472408746 2.86334308550825 0.0400878638110928 3.31054301339402 178.226917442003
0.00211864406779661 1.18138955566101 0.204154323623516 0.799899302620906 0.662939679762349 1.74793243920431 0.866666666666667 6.89591624257007 3.31138488239281 0.027749669183467 4.02603826817372 209.583751173235
0.00211864406779661 1.29174619631376 0.215435269637965 0.855432212748565 0.352877163514495 2.38143033673987 0.966666666666667 8.40397043153342 5.42038240905302 0.0506109145955297 5.34891214116538 232.248499020083
0.00211864406779661 1.319081997592 0.244300430943258 0.67245806112187 0.771742557641119 2.35089330701157 0.933333333333333 8.35653807016678 5.20066516062604 0.0426011977655131 5.29024919189853 229.297458433694
0.00211864406779661 1.47073638029397 0.274466584180482 0.925475112546701 0.417461251839995 2.61268518865108 1 9.55068130600408 6.52292578447404 0.0484242033261548 6.67938978368678 203.617134657233
0.00211864406779661 1.54052266860381 0.315151168499142 0.607142925204244 0.782095811935142 1.09289289265871 1 9.92083619087074 6.13736701807874 0.0227436527436527 7.35265475263196 180.40903332729
0.00211864406779661 1.39922819924541 0.391925659170374 0.895865045825485 0.624096645321697 1.65616901172325 1 8.4398944932804 4.8018328600527 0.0263032799873237 5.41446944328406 226.988229455557
0.00211864406779661 1.25382504318841 0.208023002906702 0.696941734966822 0.343009067326784 2.55982580780983 0.966666666666667 7.88637951652621 5.05865888099549 0.0591475188885865 4.83764933503273 228.168890502995
0.00211864406779661 1.50875885863788 0.38649067459628 0.819814336916897 0.877055820822716 1.43817638931796 1 9.58074233447936 5.72532650422092 0.021164800515541 6.67683154034896 207.959023624096
0.00211864406779661 1.4348035848001 0.253191007021815 0.869126264716033 0.708036222215742 1.47305904515088 0.933333333333333 9.52943545582564 5.88123106670828 0.0260378406580713 6.5540860175324 219.803681768017
0.00211864406779661 1.2627943204483 0.242641197657213 0.728957123251166 0.801312465872616 1.17953147692606 0.9 7.85725151787995 4.04629486458039 0.0221270009601743 4.83156769668875 225.65891828142
0.00211864406779661 1.36958893747069 0.305665380484425 0.809387752308976 0.758844468835741 2.3804355962202 0.966666666666667 8.35897332412382 5.06955460874723 0.0372755107811377 5.29986788800606 230.307616201662
0.00211864406779661 1.5874955148669 0.340814673574641 0.828958488046192 0.742758542206138 2.06772397272289 1 10.0055476277273 6.57901970373265 0.0324995861363192 7.63967435404262 138.550740385595
0.00211864406779661 1.57025891854428 0.248416914488189 0.833864078542683 0.326683286391199 2.50535795511678 1 10.026966925804 7.03503382994089 0.0501903201857242 7.87017867875446 116.297225335661
0.00211864406779661 1.49770175046287 0.18014552204404 0.804321945179254 0.489702158700675 1.67372731491923 0.966666666666667 10.0124192700618 6.66123721152388 0.0350429068419018 7.79325969690974 135.711295743765
0.00211864406779661 1.21076150306035 0.310585432196967 0.707934655586723 0.433617136627436 1.04258966026828 0.9 6.77595783194018 2.84834876812132 0.0196906955125496 3.87351315066627 207.850356634258
0.00211864406779661 1.64901162122842 0.182931880117394 0.786075966758653 0.409848765190691 1.12386137107387 1 10.1064828168207 6.3439390147186 0.0232245864170657 8.28190958020786 79.798205164267
0.00211864406779661 1.15531133671757 0.366368126426823 0.616832140414044 0.562034074310213 1.17409536987543 0.966666666666667 6.52604037149328 2.5937095096368 0.0195979391857763 3.68887945411394 194.962291362937
0.00211864406779661 1.43396768344101 0.176671606791206 0.75051579271676 0.431473595369607 2.40445108478889 0.966666666666667 9.80553249882407 6.94209007012938 0.0570719555792196 7.12705697706137 192.718678564594
0.00211864406779661 1.21823796336539 0.230500458157621 0.762530914251693 0.488568129809573 2.52909581642598 0.833333333333333 7.31944099890336 4.27611040908233 0.0476758361159697 4.35824610600848 206.310036861722
0.00211864406779661 1.39470023310278 0.35255839494057 0.685938971978612 0.723602802492678 1.49184180190787 1 8.73008706040943 5.13775730153559 0.0275341078086945 5.63752395665321 228.166547319769
0.00211864406779661 1.4117247744929 0.117882050853223 0.939974156382959 0.434933167090639 2.8205539197661 0.933333333333333 9.82360911708346 6.93890781748591 0.0558714758765822 7.19858418068335 184.193696354568
0.00211864406779661 1.30610748587642 0.118331424728967 0.945486498379614 0.62621750109829 2.64083848893642 0.933333333333333 9.05657295202881 5.97580688897443 0.0459240624427303 6.0170278606676 211.566002599171
0.00211864406779661 1.18221579664387 0.340481298044324 0.644094570248853 0.504059848375618 1.54162046220154 0.9 6.84580106995253 3.28895452638139 0.0285286468594846 3.91054042546792 216.394646965909
0.00211864406779661 1.4222166182939 0.283774886094034 0.893644231487997 0.4837529535871 1.58215617388487 1 9.56787727765247 6.07127645891943 0.0303002044570232 6.62371102607831 206.443441688668
0.00211864406779661 1.47375101349317 0.355352289532311 0.603643658699002 0.553679009154439 2.36853600014001 1 9.54106996063665 6.60100364381001 0.052862222967229 6.52302373726088 225.230850936087
0.00211864406779661 1.22093999069184 0.111211520596407 0.772000851447228 0.442233621329069 2.50612320983782 0.9 8.092465976571 5.23130665626508 0.0572024058992105 5.0441417059861 228.844032657271
0.00211864406779661 1.44346083395649 0.105806015385315 0.616221283900086 0.604659124463797 2.43203734327108 1 9.99744378586542 7.13735792535708 0.0572638433516864 7.69247840302929 145.280271599107
0.00211864406779661 1.3879592130892 0.271633875090629 0.803497608879115 0.740382415289059 1.5270686079748 1 9.07507795818911 5.47883173580629 0.0274264823733238 6.02296321416735 234.957562922358
0.00211864406779661 1.16510704611428 0.347274976200424 0.731667206517886 0.593422867264599 2.17780169472098 0.9 6.55530420615959 3.10442057930449 0.0317175974710221 3.68609781115206 185.42734420846
0.00211864406779661 1.28629310391843 0.299190226104111 0.668866607092787 0.70146295633167 2.31485896371305 0.966666666666667 7.67716082729659 4.5146416592856 0.0423189980190427 4.63773751465064 227.635491112396
0.00211864406779661 1.37579991084058 0.168049071123824 0.607857511669863 0.595681338105351 2.386676593218 1 9.48425054567726 6.64096456556173 0.0582339954730831 6.53924871185951 224.974790866567
0.00211864406779661 1.3824056813959 0.107104403758422 0.792473354260437 0.436715035373345 1.27421834506094 0.9 9.91925518015192 6.47051279831316 0.0317855853819484 7.38764047984149 181.234375601217
0.00211864406779661 1.41012301270384 0.242631997470744 0.781861326261423 0.359774736827239 1.85238685179502 1 9.64109412097661 6.52834770519326 0.0444786306267266 6.63935282126231 221.597923530554
0.00211864406779661 1.53663537078537 0.339124761265703 0.854606608697213 0.321677861642092 2.43549557588995 1 9.73478089099848 6.71615076858927 0.0488681158676858 7.07442723936307 185.491511955707
0.00211864406779661 1.59461311865598 0.105569360801019 0.713218288158532 0.597988886805251 1.85239825071767 1 10.0946545946426 6.82292334346544 0.0379406853277202 8.24098284416533 83.6144962523474
0.00211864406779661 1.40638154358603 0.311214094841853 0.890189894079231 0.583305011596531 1.85951992636546 1 8.73472636729862 5.31533835088234 0.0327324605392301 5.67160357629197 232.709964799606
0.00211864406779661 1.23040976396296 0.100910625257529 0.635428327915724 0.781868675211445 1.57418177183717 0.8 8.25709386005018 4.84811636459848 0.0330750024319855 5.0345145678862 268.156597307568
0.00211864406779661 1.35747764746193 0.186526108090766 0.838175700989086 0.552615463687107 1.92526328191161 0.9 9.22193950781953 5.9706947856216 0.0387259747391543 6.1790193003918 231.467727359643
0.00211864406779661 1.51404434905853 0.228712163050659 0.755900263541844 0.789945577690378 2.37304102815688 0.966666666666667 9.95468860128987 6.77169853284726 0.0414614968794535 7.5258630192238 154.225141163723
0.00211864406779661 1.3816590679111 0.219730132515542 0.702687699301168 0.535974013851956 2.53486275859177 0.933333333333333 9.35035073069841 6.48697709330767 0.0570758817685047 6.30933369180475 219.428414908189
0.00211864406779661 1.21899332546163 0.375915242033079 0.686996488529257 0.344671311741695 1.89354654215276 0.9 6.63087881265101 3.19791697384736 0.0322911577918906 3.70995215324917 209.005441529877
0.00211864406779661 1.38517691774759 0.227104869205505 0.80198866459541 0.807374291634187 1.79134492902085 1 9.47457980030141 5.98779114174167 0.0305989783278564 6.4393503711001 220.948963825491
0.00211864406779661 1.23356445457321 0.332049974333495 0.680848026426975 0.752633148338646 2.95519208721817 0.933333333333333 7.25622162437098 4.18314006100523 0.0462783253094044 4.29485290684373 203.755864074733
0.00211864406779661 1.35082080829889 0.242506302311085 0.816625990858301 0.723206656984985 2.68026215257123 0.933333333333333 8.39022794946633 5.28862771600052 0.0449771708013333 5.30454791629867 231.486897602752
0.00211864406779661 1.18831910062581 0.142293034447357 0.734522903279867 0.651887510810047 2.06693046865985 0.833333333333333 7.2338019289769 4.01674331619855 0.0400727545688137 4.25476128362801 216.968305718596
0.00211864406779661 1.26708939156961 0.353541336674243 0.916802084562369 0.470349678536877 2.77628582995385 0.966666666666667 7.25833929704306 4.10804340658026 0.0428394492070816 4.30917781640268 205.643853277149
0.00211864406779661 1.54365212270059 0.155845075496472 0.700696916982997 0.774987099319697 1.09926005359739 0.966666666666667 10.0843554670971 6.28020209683036 0.0222780504439639 8.09686997034921 96.0201895972124
0.00211864406779661 1.42755102317315 0.103659349982627 0.725477601541206 0.624422341352329 1.16344123473391 1 10.0277120197778 6.39964817890209 0.0265675736941424 7.81930143982554 126.035776703883
0.00211864406779661 1.43608725895174 0.240886784717441 0.672278021951206 0.431938850646839 2.74722270248458 1 9.63755609987808 6.92027655953581 0.066054208025745 6.78630301995137 206.105605671333
0.00211864406779661 1.41573992718477 0.190223649097607 0.901083511812612 0.58412559167482 2.6958002820611 0.966666666666667 9.43469698034254 6.41999492814714 0.0490604507632115 6.60976741020797 212.29226626094
0.00211864406779661 1.64987247725949 0.250770123815164 0.672295171185397 0.395299870893359 2.95944215916097 1 10.0901731839998 7.24055411023704 0.0578663594916124 8.1059313144609 93.212712119891
0.00211864406779661 1.51315740621649 0.148282400891185 0.751777155708987 0.442659577773884 1.54891225742176 1 10.0601294125101 6.70105905904653 0.0347675654724074 7.97194864077979 109.610837556566
0.00211864406779661 1.32354671179783 0.122034440864809 0.641650915285572 0.45101934154518 1.21537537686527 0.933333333333333 9.46306214281915 6.13857519785889 0.0359909793707196 6.39728673431296 260.095595041033
0.00211864406779661 1.40119016494136 0.108662541932426 0.665493978641462 0.793816121388227 2.73509660968557 0.966666666666667 9.89480862001002 6.99025650049388 0.054773317008355 7.24116865486318 180.513439211777
0.00211864406779661 1.25890292120166 0.276238088239916 0.807200278271921 0.589851287333295 2.05309084476903 0.966666666666667 7.13711395906708 3.76918737860377 0.0344610154622217 4.11987786422727 220.954456666633
0.00211864406779661 1.34768799154554 0.278527856688015 0.633746231975965 0.405919575830922 2.33562467154115 1 8.67164668253439 5.79858747637451 0.056525737919373 5.53510080356628 241.110781357639
0.00211864406779661 1.39895779904909 0.277088121697307 0.880685916088987 0.534790022391826 1.34808827005327 1 9.19846007994547 5.55772855703279 0.026233146797006 6.20145531184389 227.786225357487
0.00211864406779661 1.3048529798165 0.294634978636168 0.675852116092574 0.706599357398227 1.74339435482398 1 7.94878553468462 4.52033825047139 0.0324372675486088 4.87596039076965 223.786835347153
0.00211864406779661 1.53120777881704 0.186997460643761 0.734454916301183 0.761214783042669 2.89284131815657 1 10.0390974086581 7.0889651069234 0.0523327817725911 7.85522162832474 111.895188941707
0.00211864406779661 1.4969249184709 0.179237480438314 0.616927265352569 0.633192425128073 1.481019068975 0.966666666666667 10.059206952018 6.67054777504873 0.0337539045842807 7.84189947811037 123.299009744005
0.00211864406779661 1.37570721560623 0.101939561986364 0.695504452078603 0.828642538608983 2.19082608819008 0.966666666666667 9.88974528274045 6.72432966466505 0.0421966004992274 7.20473878624137 196.936989469316
0.00211864406779661 1.48133094722871 0.156258665630594 0.604646516323555 0.821809903811664 1.36978329531848 1 10.0617839128569 6.49183571297011 0.0281573121944835 7.86618553705038 120.274215978162
0.00211864406779661 1.33916593387257 0.13493402430322 0.749973061308265 0.538416177593172 1.78639041492715 1 9.69293934579162 6.52366019661017 0.0420338871470775 6.71121308654821 227.17509966412
0.00211864406779661 1.32709402297623 0.216854448360391 0.651647010631859 0.794148534536362 1.35994299454615 0.966666666666667 9.01973911563334 5.42099263027715 0.0273579946093444 5.84364436206168 247.463209374657
0.00211864406779661 1.29116569573525 0.204554183641449 0.874930701579433 0.834450754662976 1.85181196872145 0.966666666666667 8.21353124459433 4.64040418289755 0.0280679461065535 5.17478507693754 224.303898877742
0.00211864406779661 1.63999204731081 0.15865311245434 0.908251388580538 0.388305470393971 1.17929621180519 1 10.1002775459871 6.37752028391802 0.0241672404800594 8.25881962019615 79.9932250261319
0.00211864406779661 1.48554270025343 0.239134066388942 0.771528113889508 0.724965493334457 1.86607605963945 0.933333333333333 9.93417262736803 6.56787724922609 0.0345172742228764 7.39646674878862 161.709958764673
0.00211864406779661 1.57183721798938 0.396313848602586 0.850164066592697 0.450164914643392 1.30425154557452 1 9.94053282420848 6.24565446682752 0.0248504763556703 7.30402266184736 164.541534872344
0.00211864406779661 1.4931636209134 0.31218206747435 0.940101349144243 0.780776648456231 2.0309600699693 1 9.58900737472112 6.05694012906689 0.0292443979812874 6.74472641556859 198.096373779097
0.00211864406779661 1.53188567932229 0.121881957980804 0.768164581269957 0.370146033167839 2.34027321310714 1 10.0811677995406 7.11308781841689 0.0514019082808449 8.0691962945891 98.2841777356282
0.00211864406779661 1.36835275378544 0.394871408073232 0.624758985289372 0.46495783100836 2.0509943771176 0.966666666666667 8.26817464774163 5.08717053152146 0.04154391924768 5.24375193690139 226.642375725658
0.00211864406779661 1.18905333043076 0.286095636500977 0.877609295933507 0.640162755874917 2.10605618776754 0.966666666666667 6.99111343937041 3.50586800422604 0.0306462358427715 4.08858085750535 201.076100599543
0.00211864406779661 1.22056294369977 0.332508516404778 0.932879281206988 0.44169990378432 1.01877914555371 0.933333333333333 7.08410666878959 3.04111527940181 0.0175449101796407 4.12713438504509 209.700286580024
0.00211864406779661 1.21445789895952 0.331254753423855 0.793362281576265 0.624214852787554 1.98595560062677 0.966666666666667 7.04273820383076 3.62296067050741 0.0327197131752584 4.13819644475095 197.28029676509
0.00211864406779661 1.42304670354351 0.241628065914847 0.678802940319292 0.733720474736765 1.70314986072481 1 9.82676848212272 6.47012848406558 0.0348521657758822 6.92647889298024 199.628585692317
0.00211864406779661 1.56211234778166 0.33488491398748 0.882050377805717 0.791065968526527 2.78749227337539 1 9.91751865461575 6.70482276828406 0.0402479629501806 7.31829637134578 169.732666663592
0.00211864406779661 1.20785686697345 0.379988694144413 0.702170424780343 0.623750896286219 2.75115756457672 0.933333333333333 6.66686591225465 3.52320428843472 0.0431246023811688 3.80029304148484 197.136583301365
0.00211864406779661 1.17031106199138 0.133002511039376 0.748000301152933 0.775280825514346 2.95866904966533 0.8 7.12041068818196 4.14643614900059 0.0510998079967663 4.17886441200808 181.77705078398
0.00211864406779661 1.39926191335544 0.263204726134427 0.627826795889996 0.828559698583558 1.24001847393811 1 9.351043899906 5.63704895367551 0.0243799319481648 6.20966255602918 247.384115453915
0.00211864406779661 1.16017063728068 0.111853582272306 0.923615954618435 0.367031206190586 2.24245019163936 0.8 6.70935515197549 3.52636052461616 0.0414613078603729 3.85014760171006 176.57949366973
0.00211864406779661 1.4382861001417 0.305606075795367 0.764330976002384 0.520824071997777 1.25929541653022 0.966666666666667 9.54244594572989 5.95583736946483 0.0276920869502834 6.55780643252206 220.924886829736
0.00211864406779661 1.34104624330066 0.159642177517526 0.815057241264731 0.828635768266395 1.08065448375419 0.966666666666667 9.60604071821909 5.68557168316514 0.0198317907575452 6.59276107403755 234.334459708502
0.00211864406779661 1.51013052042108 0.113447992433794 0.863047546369489 0.890153707517311 1.72128147259355 0.966666666666667 10.0380651649232 6.52153483320602 0.0297023137633731 8.00800989645063 111.502475620332
0.00211864406779661 1.63370531527326 0.346706398040988 0.869940119679086 0.334804815100506 1.5144658042118 1 10.0750093344682 6.52155343705482 0.0286255415813755 7.89815112586307 109.917835687082
0.00211864406779661 1.5751275700517 0.124139812751673 0.926536439114716 0.838519097585231 2.86721209669486 0.966666666666667 10.0864568879819 7.01942001912354 0.0465589108207182 8.1188646264636 92.1230821777036
0.00211864406779661 1.54872859558091 0.375802790839225 0.871588848263491 0.840999947860837 1.41833209106699 1 9.70751119179353 5.83743885946887 0.0208568607454295 6.95718016230966 194.054294183669
0.00211864406779661 1.38807621968444 0.300011374265887 0.653919862909243 0.560985608864576 1.80832788487896 1 9.07848376658844 5.86722320139055 0.0403057731801932 6.00544963167464 228.103429477474
0.00211864406779661 1.57966659914237 0.28712243263144 0.686212913074996 0.808374619390815 2.88106825295836 1 9.99179142722396 6.97899007991059 0.0491537888774962 7.66545660555758 137.854505022662
0.00211864406779661 1.28020491006318 0.255799799994566 0.692834945814684 0.737846649158746 2.46215514605865 0.966666666666667 7.90878008411337 4.7604040228313 0.0429217726299249 4.87176950178279 218.938010176468
0.00211864406779661 1.25989660059568 0.288914503296837 0.609264615608845 0.736730330809951 2.46246870933101 0.933333333333333 7.64979465932203 4.49543503619122 0.0426657143828861 4.63922648759415 213.064377648559
0.00211864406779661 1.19235290724318 0.232381674693897 0.844587780616712 0.887629802757874 2.77043579053134 0.866666666666667 7.06077344963103 3.80666248977032 0.0386151358130631 4.18263716936778 194.324813071396
0.00211864406779661 1.33444970238488 0.209625012311153 0.772576697589829 0.746714593749493 1.27922896388918 0.966666666666667 8.830492595956 5.11261077664375 0.0242853541719183 5.69152373434847 243.630401008314
0.00211864406779661 1.51442584672477 0.362110518245026 0.941573002864607 0.608329167449847 1.59741728007793 1 9.707194852245 6.06486989152426 0.0261913791949507 6.85884510761213 193.963200688129
0.00211864406779661 1.32273916944396 0.1558634680463 0.887868428183719 0.805869431002066 2.80819584196433 0.933333333333333 8.91941972767388 5.79170613380259 0.0438178682501995 5.85404806627189 231.65459115832
0.00211864406779661 1.52467287445907 0.134817146626301 0.627823150076438 0.372346241399646 2.99860669719055 1 10.0774170498523 7.42484126571894 0.0704694649592497 8.0072449604064 110.333154018158
0.00211864406779661 1.41633513066918 0.15276435050182 0.659105501824524 0.345664619794115 2.80184639664367 0.966666666666667 9.91922004192148 7.34818803694798 0.0764566011028569 7.28079218469852 184.264479600787
0.00211864406779661 1.56606860491447 0.356117933010683 0.861416067660321 0.46465242463164 1.48592678690329 1 9.98397785233306 6.40847387466969 0.0280013101826721 7.4276199273988 155.311037809049
0.00211864406779661 1.62544497356284 0.301217499817722 0.665425590972882 0.892529507540166 1.6950276773423 1 10.0791341031844 6.51614376516251 0.0283539100404077 7.98019469334622 107.317737803464
0.00211864406779661 1.23407036529388 0.149794586119242 0.898524353199173 0.468087067175657 1.87112649809569 0.966666666666667 7.75100060395359 4.44224549466694 0.0365616607066016 4.67282883446191 220.377328373406
0.00211864406779661 1.57891404614784 0.337889279145747 0.75795871616574 0.597550335852429 1.23519048281014 1 10.0120758532863 6.30627528694802 0.0245805311428153 7.59377713459949 143.644599380659
0.00211864406779661 1.37035038273316 0.332422173093073 0.736110267310869 0.483971307612956 1.37926634820178 1 8.57340337805306 5.0522036766663 0.0295639459769463 5.45873408795394 227.089527585232
0.00211864406779661 1.39225084087811 0.147024984308518 0.836977440665942 0.578641228470951 2.50989648792893 0.933333333333333 9.6501862026536 6.66541070508562 0.0505508510643193 6.69994007456919 218.648968172458
0.00211864406779661 1.15613289931789 0.157420019106939 0.711290245305281 0.300808380637318 1.70791393565014 0.933333333333333 7.07505383925321 3.85545265393975 0.0399709961026013 4.06963706856863 213.749477525561
0.00211864406779661 1.39380041146651 0.296262053842656 0.645782786712516 0.344848123798147 2.70827504200861 0.966666666666667 8.95503424360795 6.26805080530471 0.0680860155704029 5.8630432284964 231.825256284914
0.00211864406779661 1.60885766204447 0.148394142976031 0.689247370744124 0.534652286628261 2.39931449107826 0.966666666666667 10.0850861469063 7.08757370555797 0.0499110707882277 8.13926945183107 95.9626594916116
0.00211864406779661 1.18585795674007 0.118646304332651 0.663336752413306 0.807677308749408 1.44694269774482 0.766666666666667 7.47755505843502 3.9653576930149 0.0298312921154887 4.44826208477796 199.581173534282
0.00211864406779661 1.3029827225022 0.126871293107979 0.633456262061372 0.714006527932361 1.8831465151161 0.866666666666667 8.87980432740536 5.72659715242237 0.0427149127502409 5.73706845228967 240.907362678898
0.00211864406779661 1.32984269803856 0.166320360661484 0.759922331187408 0.89436856568791 2.00161610124633 0.966666666666667 9.15068919861881 5.73735063743064 0.0329310742404111 6.0440242806022 229.902371581807
0.00211864406779661 1.46920206628274 0.103103267354891 0.650080412148964 0.549725835816935 2.84434404782951 0.966666666666667 10.0368542764311 7.30815008353389 0.0653038560659557 7.84200786450798 122.114357764835
0.00211864406779661 1.19354304890148 0.252220145426691 0.760389529820532 0.656166382692754 1.28798996424302 0.933333333333333 6.97497992140644 3.27714473299218 0.0247771062209904 4.10027929774192 202.75283942504
0.00211864406779661 1.28122299453244 0.242127517680638 0.90540175717324 0.41473531848751 1.88359331013635 0.9 7.60243831654671 4.25008128520499 0.0350017565593625 4.58760948813341 213.484486140016
0.00211864406779661 1.59943253183737 0.147595757688396 0.826896176917944 0.685760254506022 1.781172697898 1 10.0969770704078 6.6778388433805 0.0327406377818005 8.20889109102071 85.7664111570759
0.00211864406779661 1.21269840861205 0.295797568443231 0.702356182073709 0.543797510443255 1.16379694873467 0.866666666666667 7.26760594420659 3.51154543883102 0.0233756474598105 4.27452708076731 216.253371236721
0.00211864406779661 1.19613991640508 0.371036700578407 0.912785862653982 0.306507629435509 1.11913368152454 0.9 6.91865858428708 3.00861193641765 0.0200395662368113 4.00396050075383 199.024217955615
0.00211864406779661 1.51992388858926 0.181627099355683 0.658121627382934 0.56939955772832 2.02678939374164 0.966666666666667 10.0758995391404 6.92931430745943 0.0429987070785635 7.95538880334525 106.906150668384
0.00211864406779661 1.45005252931733 0.283136665006168 0.65901790271746 0.387585093593225 2.91898560523987 1 9.59922884367955 6.96718703275155 0.0719314417919485 6.69216645207204 209.319421272302
0.00211864406779661 1.44231271939352 0.142358117131516 0.781139326421544 0.740359958773479 2.48120394907892 0.966666666666667 10.0068343178211 6.94415371085641 0.0467621760465709 7.57285768299878 157.310699891137
0.00211864406779661 1.25618350713048 0.392780001135543 0.774323365231976 0.59976892573759 2.46292312536389 0.966666666666667 7.32351207312685 4.08336496622507 0.0391581342434585 4.38159550726906 203.898185014909
0.00211864406779661 1.15113055459224 0.199323752848431 0.867153893923387 0.42722445060499 1.3966963076964 0.8 6.94713623570599 3.3787245258101 0.0282006088767826 4.03054650761225 195.509445373297
0.00211864406779661 1.54112285291776 0.221097032190301 0.713067475473508 0.665816137008369 2.40971674304456 1 9.99744833746808 6.93052734932433 0.0465643064131935 7.72136338792251 134.0139781455
0.00211864406779661 1.46711995322257 0.147858165181242 0.942692964943126 0.703383344085887 1.60710921790451 0.966666666666667 10.0097593769639 6.4371997733427 0.028083878009153 7.72020158672999 138.176898073361
0.00211864406779661 1.6226482864935 0.10125280066859 0.695745713275392 0.832278619380668 2.12518250849098 1 10.1049606532578 6.85026739910951 0.0385926569853472 8.28771293888419 80.7238581672796
0.00211864406779661 1.18783767123241 0.262424779497087 0.941281753545627 0.443233416695148 2.53837836161256 0.866666666666667 7.05428357552307 3.85991966644385 0.0409925921004551 4.13331869665388 203.088660006125
0.00211864406779661 1.24031244099606 0.331123175215907 0.86167923087487 0.416284960415214 1.56359126232564 0.966666666666667 7.39658912238327 3.8286413964891 0.0282136965441394 4.40587785049606 203.82922447332
0.00211864406779661 1.24484575688839 0.234153082640842 0.855215890239924 0.31862629596144 1.94194417633116 1 7.59594016771227 4.35884329921822 0.0392777582366045 4.56226268497681 214.738346409365
0.00211864406779661 1.31564277291764 0.184629005403258 0.919893283734564 0.61934137288481 1.65880957292393 0.966666666666667 8.57324102710668 5.03336354517381 0.0290168819567159 5.48594093475942 236.901400253514
0.00211864406779661 1.52521003570873 0.268223901535384 0.720925901306327 0.446919416310266 1.5051039531827 0.966666666666667 10.0159353080665 6.63770986574 0.0341079275470396 7.58122741031437 146.096049292626
0.00211864406779661 1.1839419497177 0.199773205444217 0.739573542622384 0.556136824004352 1.43193093175068 0.8 7.12034331635683 3.55891312765391 0.0283981808994442 4.09364987653942 206.641588994449
0.00211864406779661 1.47598625170067 0.203377597453073 0.817181158566382 0.363106014160439 2.26009820774198 0.966666666666667 9.99728875741964 6.99146235219332 0.0494978321544398 7.51986068975376 156.309357736414
0.00211864406779661 1.31997619124595 0.231615211535245 0.753543596342206 0.411186297610402 2.22105880454183 0.966666666666667 8.68556735929319 5.69164008783048 0.0500903316044058 5.60529483828614 227.43297411408
0.00211864406779661 1.49509890840854 0.207763458392583 0.925062550266739 0.7919861856848 2.86205225111917 1 9.84887119903886 6.7044960509733 0.043093842906907 7.33311015655899 157.036066644996
0.00211864406779661 1.18681129170582 0.146601323946379 0.712553757207934 0.451038742018864 2.90301167638972 0.866666666666667 7.34504199941326 4.56514915266404 0.0620451553612677 4.39587264245729 207.357643880254
0.00211864406779661 1.48756361948326 0.186614207201637 0.617249002878088 0.444860031176358 2.20866971230134 1 10.0122717008697 7.12375336213548 0.0556586187669388 7.66067966357794 139.951987887807
0.00211864406779661 1.32999731434975 0.232274660421535 0.88719502313761 0.692088815197349 1.64934216998518 0.9 8.69494258338128 5.14188012391011 0.028636806171362 5.62388378953273 233.78052561082
0.00211864406779661 1.32864936159458 0.257095951656811 0.716482787870336 0.404865777818486 2.98132866900414 1 8.17039313937019 5.43343084035521 0.064766790516965 5.11879189705608 226.032531147544
0.00211864406779661 1.58913481163327 0.311223538522609 0.821795427624602 0.344234772445634 1.73690156312659 1 10.049613261101 6.69604610529359 0.0349594256953795 7.76580936887843 126.076749463084
0.00211864406779661 1.430807590927 0.393493571970612 0.821286553167738 0.80779760023579 1.8692245814018 0.966666666666667 8.65817178467581 5.0636856646107 0.0274747982965266 5.64459360326587 222.652800017888
0.00211864406779661 1.5378661376657 0.263176695234142 0.886502587643918 0.801042110938579 1.77094714203849 1 9.98025413032104 6.41324035404046 0.0282400590238225 7.69487841633327 136.161749181886
0.00211864406779661 1.41959433185402 0.272030993388034 0.783429870824329 0.680572212673724 1.56056931288913 1 9.61915320353317 6.1001694640162 0.0296295311942841 6.62927518262846 218.361109461038
0.00211864406779661 1.60181501354091 0.383520707441494 0.865507179219276 0.402226256998256 1.01067418931052 1 9.96208816664588 6.06757646240668 0.0203533104583228 7.51130592573033 148.077139441875
0.00211864406779661 1.32425036546774 0.379620087239891 0.727019875939004 0.549112484464422 2.11881327303126 1 7.7614185513655 4.47201967320059 0.0372762502306699 4.73327018861541 214.737270209448
0.00211864406779661 1.25398042970337 0.332403227617033 0.75148796052672 0.437990146083757 1.31655556568876 0.933333333333333 7.40943924483084 3.75953760491995 0.0259936853942304 4.39444915467244 217.772549425212
0.00211864406779661 1.47144133653492 0.16935522002168 0.821914609032683 0.612014939356595 2.40768283838406 1 9.87501262935207 6.80269101573353 0.0463135078778234 7.50631701705221 152.44640876995
0.00211864406779661 1.5756253313506 0.118382097943686 0.926745647727512 0.343508431920782 2.15160268265754 0.966666666666667 10.0973358117145 6.91951346597213 0.0416763129750067 8.18753903806096 89.0664715852935
0.00211864406779661 1.40747545505874 0.260085629555397 0.838839791074861 0.831414520600811 2.7825490962714 1 9.23982150129835 6.08616848257728 0.0426958728186008 6.17197891636623 220.236023619878
0.00211864406779661 1.53546101085376 0.177849646122195 0.677776841295417 0.665173390880227 2.68498832592741 1 10.0148216905316 7.08470130233925 0.053390610159231 7.83465618996831 129.591179850954
0.00211864406779661 1.51471446289215 0.359125383966602 0.615941907209344 0.646997660631314 1.37385733611882 0.966666666666667 9.79753107388702 6.25753546130519 0.0290134543760746 7.07996844645533 189.126375669458
0.00211864406779661 1.48942715963349 0.212483119405806 0.942150674562436 0.711980682145804 2.52462936844677 1 9.86115573825587 6.6423129487938 0.0400013214380724 7.35844865969337 169.717869296186
0.00211864406779661 1.16830602402333 0.262912732339464 0.873581169371027 0.678445727471262 1.4638870744966 0.9 6.81649245313515 3.120895416508 0.0248326232501522 4.00193141652705 199.944119700124
0.00211864406779661 1.45577514029574 0.147761290008202 0.944258392404299 0.371448831260204 1.92700055986643 1 10.0099669420211 6.78045206994159 0.0395766938911888 7.54813439400343 154.513873610318
0.00211864406779661 1.28079035934061 0.110204467200674 0.696081118995789 0.58209790145047 2.59214348671958 0.9 8.79693829373213 5.98346971043658 0.059996528108323 5.65417716352993 241.326227772962
0.00211864406779661 1.25621760436334 0.356704647582956 0.892373261391185 0.684786181105301 1.03099989425391 0.866666666666667 7.18033347538802 3.06805293513362 0.0163703985708847 4.24849524204936 205.594638655934
0.00211864406779661 1.38441385186743 0.315163210709579 0.805229528329801 0.567126986430958 1.67916866671294 0.933333333333333 8.98907006504365 5.56643428350498 0.0326263256394261 5.90263333340137 227.558119513743
0.00211864406779661 1.40051728449762 0.34699760582298 0.645206836832222 0.689519139099866 1.67603321699426 1 8.98054138899513 5.55037226135667 0.0323814637092715 5.89834363577233 226.265999731183
0.00211864406779661 1.60931826042943 0.353606084990315 0.600217902369332 0.364193173404783 2.51714973291382 0.966666666666667 9.98858114347323 7.10329370459227 0.0558387370054551 7.6393436912598 142.596274704896
0.00211864406779661 1.49988968551625 0.152084850636311 0.683308861916885 0.50521087073721 2.83917425433174 1 10.0233957358731 7.24736544429428 0.0622852716295407 7.80824177931132 125.205719233243
0.00211864406779661 1.3672986707883 0.282206642627716 0.920984432811383 0.666447689943016 1.27313422504812 1 8.56416583187378 4.74319148388547 0.0219064459908151 5.49607473147183 234.51629651486
0.00211864406779661 1.29437009219546 0.280143313598819 0.909729085979052 0.594684625742957 2.97485355380923 0.966666666666667 7.66910881490975 4.64106974032645 0.0484104744419751 4.67765121963125 220.546758995393
0.00211864406779661 1.36007100003771 0.153176069376059 0.901521474262699 0.606086037587374 1.99901151005179 0.966666666666667 9.12926868681098 5.82762628926133 0.0368226402958675 6.10978383742156 228.170807863197
0.00211864406779661 1.49151979617309 0.322417935798876 0.640372951410245 0.304413207666948 2.88289521308616 1 9.57995260051878 6.95323839358455 0.072315686671949 6.75328232500792 211.120015351553
0.00211864406779661 1.27935193954036 0.398003619047813 0.822585461300332 0.662658386025578 2.79773534741253 0.933333333333333 6.9886108430116 3.74529354339403 0.039034191975756 4.10087083872338 208.018923096903
0.00211864406779661 1.37136606893037 0.104561676736921 0.692301830393262 0.494075235491619 1.58809643145651 0.966666666666667 9.82734727792726 6.6129675613517 0.0401802492381083 7.27993695587269 196.827700360195
0.00211864406779661 1.36014193363953 0.140552377747372 0.880528150207829 0.895325865643099 1.08751600096002 0.933333333333333 9.74434526868958 5.73956321193704 0.0182282615523126 6.95790506266761 211.323472875235
0.00211864406779661 1.20436367646325 0.392236129404046 0.623500714136753 0.492049133358523 1.36021099193022 0.9 6.80362856977324 3.06027079469156 0.0236744759556104 3.88270861775937 208.226222651153
0.00211864406779661 1.40632893189322 0.128177716652863 0.707955351786222 0.738235474610701 2.61297186883166 0.933333333333333 9.65180673061066 6.70498317074877 0.052506224218872 7.07924456851226 192.471009187868
0.00211864406779661 1.30051027969457 0.315716962469742 0.651344742707442 0.752572294324636 1.61807023081928 0.966666666666667 7.64270604111362 4.13984524974113 0.0301111184602156 4.61852883643244 231.209197617252
0.00211864406779661 1.44201276612002 0.316742753889412 0.91718194168061 0.484693119814619 2.98549812147394 1 9.08088447275863 6.14718542210476 0.0531998846614967 6.0965750315106 214.050416820147
0.00211864406779661 1.55612709592096 0.232683618855663 0.921630972239655 0.457027597585693 1.36075233109295 1 10.0738447656027 6.43374362833886 0.0262496890097085 7.92525391635087 111.207358281203
0.00211864406779661 1.50687200166285 0.195540484809317 0.619838616612833 0.541458756336942 1.93374550901353 0.966666666666667 10.0200944178481 6.89439050485673 0.0439060167277091 7.78417184286859 145.630856987423
0.00211864406779661 1.21292654236313 0.221264673117548 0.818158680968918 0.561087758280337 1.60860710125417 0.8 7.68503295466253 4.17886441200808 0.0300116829142168 4.61015772749913 219.023124265414
0.00211864406779661 1.17224958559964 0.141835866868496 0.856988802214619 0.551502060703933 2.73282390786335 0.866666666666667 7.27846966860847 4.24077319595545 0.0479452054794521 4.29309032927467 203.900083284915
0.00211864406779661 1.28273479358759 0.327760742837563 0.917978558014147 0.684547962527722 2.85464818961918 0.966666666666667 7.53599605465163 4.30406509320417 0.0394811884831202 4.58108945512543 211.4606594464
0.00211864406779661 1.40550102698617 0.315373285510577 0.83603930802783 0.882783848466352 2.81918051838875 1 8.81518196685666 5.58123812189811 0.039401797379152 5.78166901331327 222.041693562892
0.00211864406779661 1.42479447831865 0.170456727128476 0.923268757597543 0.815519825974479 2.43763274373487 0.9 9.9048144495965 6.61913449447308 0.0374151358289087 7.16431927860604 176.230801278443
0.00211864406779661 1.53405433052685 0.170612950017676 0.914118118258193 0.836303286021575 1.00401904713362 1 10.0798036123782 6.07664786532699 0.018257930469799 8.02629001347596 108.764842451605
0.00211864406779661 1.32870086873882 0.201809092191979 0.865492307161912 0.729404760617763 2.20276703219861 0.966666666666667 8.79742342986017 5.49532933942245 0.036806011526957 5.71680081541546 235.003250372015
0.00211864406779661 1.51461471603252 0.196707058534957 0.683856276434381 0.470324905682355 2.22293273452669 0.966666666666667 10.0617578140403 7.02948454102334 0.0482059282371295 7.87127173353424 118.212702991239
0.00211864406779661 1.21624188914429 0.264110252121463 0.75259187357733 0.428966966830194 1.53598950477317 0.866666666666667 7.35569025389216 3.85178292505079 0.0300796225302271 4.35966303858702 217.383708790859
0.00211864406779661 1.60638284587767 0.258922174945474 0.801214307534974 0.619675894081593 1.77302844915539 1 10.0560555520139 6.62958339653135 0.0325013986404213 7.94658217691421 117.143089496701
0.00211864406779661 1.18153122402728 0.250262644561008 0.932036232436076 0.750126507086679 1.3692502938211 0.833333333333333 6.58208053902026 2.82137888640921 0.0232674090078112 3.74431416100204 190.562822903087
0.00211864406779661 1.15752762763295 0.16391357043758 0.882756697607692 0.716794993216172 2.43736682645977 0.9 6.87576760348874 3.59680477516776 0.0376673040152964 3.98623679208914 196.582360760882
0.00211864406779661 1.29735690294765 0.323740373528563 0.709073886636179 0.844308882253245 2.69122167769819 0.966666666666667 7.73705971192211 4.5047781498804 0.0394673487812218 4.7677580786251 217.628653603982
0.00211864406779661 1.54646400045604 0.273978330288082 0.624936664896086 0.309817051095888 2.33523738151416 1 10.0331201045497 7.14792636876287 0.0558439695130343 7.68317345197488 132.673406068869
0.00211864406779661 1.42308892423753 0.135328003508039 0.694487278815359 0.34309986778535 2.82931795390323 1 9.78369374663557 7.18490710246074 0.0743637531892188 7.22419486185311 185.048098457972
0.00211864406779661 1.5066724153934 0.186692103301175 0.827785834553652 0.688380539277568 2.5080831903033 0.966666666666667 9.87154128186893 6.75897520904831 0.0444866527580977 7.58475555573175 149.092736197569
0.00211864406779661 1.17417046006303 0.177365964837372 0.869296954700258 0.755845695594326 2.11450293194503 0.8 6.77327105160234 3.3886185994553 0.0338894184938036 3.93590227921809 188.09077860175
0.00211864406779661 1.19609927826095 0.349256815738045 0.884597018058412 0.517348091863096 2.95643245149404 0.866666666666667 6.69499037500593 3.56736349823382 0.0438216681733834 3.81940151554775 201.711003850048
0.00211864406779661 1.30347507118713 0.353392207738943 0.790270355017856 0.546942119579762 2.89004484983161 0.933333333333333 7.45362394553201 4.43081679884331 0.0486644182822619 4.49024021931411 217.297092384487
0.00211864406779661 1.48291155402549 0.340054772188887 0.804423679667525 0.456080540874973 1.08429638948292 0.933333333333333 9.66807710527402 5.91649081567744 0.0234804694738079 6.85826486969831 209.097160483516
0.00211864406779661 1.41003597164527 0.118941559456289 0.949981289403513 0.710028528375551 1.55168315768242 0.933333333333333 9.98613181827591 6.38525462363564 0.0272997647337348 7.49756370826443 160.215581536653
0.00211864406779661 1.60015079597943 0.263237887038849 0.832989854679909 0.549218894680962 1.02065746625885 1 10.0589245475623 6.17489659818596 0.0205678120019803 7.97791093557373 109.665666072811
0.00211864406779661 1.43809113998432 0.267178857303225 0.857358800258953 0.654575299937278 1.33000043220818 1 9.62153790717275 5.9220251473707 0.0247355757014673 6.82103476877757 205.677794374713
0.00211864406779661 1.35479674264789 0.358806343586184 0.931356242124457 0.592663245135918 2.3937963321805 1 8.09154578394558 4.76587079667908 0.0359482459541642 5.09436350962697 210.323810879274
0.00211864406779661 1.24033583779819 0.283202320244163 0.626990938186646 0.526255149766803 2.24686948908493 0.966666666666667 7.2676216765349 4.11087386417331 0.0425639421573109 4.25095526789022 209.129613623424
0.00211864406779661 1.33699183221906 0.30853087301366 0.668447191035375 0.74480179916136 2.32116430765018 0.966666666666667 8.35849656221695 5.15925345635379 0.0407930683306122 5.26998884168758 226.132279434869
0.00211864406779661 1.55623178484384 0.190820361045189 0.739268040657043 0.639417748712003 1.79166348278522 1 10.0539012585665 6.72743172485086 0.035919694747121 7.95579915667006 114.870626806678
0.00211864406779661 1.48665320859291 0.124577961373143 0.641824701428413 0.343236878933385 1.25144193181768 0.966666666666667 10.0276654232506 6.65304098904595 0.0342309718800157 7.88891637348011 123.302184571459
0.00211864406779661 1.55659150795545 0.104993967106566 0.698642415273935 0.5078129905276 2.12449649488553 1 10.0659280622925 6.92873368536733 0.0434044036286512 8.19257047115217 89.1957480083819
0.00211864406779661 1.60761865249369 0.33770146863535 0.609596732037608 0.824794380320236 2.54150111274794 1 10.002896895039 6.88093206493826 0.0440704922658595 7.60642054022599 140.648079144059
0.00211864406779661 1.34450028974097 0.261311693000607 0.626076017529704 0.768616832653061 1.65898892423138 0.933333333333333 9.03551068094052 5.61221528113071 0.0326048118151501 5.92977909495282 235.748327732682
0.00211864406779661 1.36929066639859 0.175970569625497 0.861966681096237 0.828955197986216 2.16432282887399 1 9.37534903285231 6.01485549989856 0.0347181201794128 6.35233899411047 226.110311944896
0.00211864406779661 1.36654893225059 0.283423372753896 0.777985414268915 0.398971099499613 1.06049356982112 1 9.02777078442514 5.3482180250015 0.0252342580960078 5.91898345599356 232.801433021398
0.00211864406779661 1.53913406454958 0.398479709750973 0.776516420813277 0.580566644808278 1.73651940841228 0.966666666666667 9.90281836316161 6.4585544528225 0.0319282554536483 7.14489694959519 182.573146445972
0.00211864406779661 1.5273425394902 0.230002684728242 0.660452914377674 0.457773606944829 2.21655707992613 0.966666666666667 10.0414142286315 7.08878289554811 0.0522021637875745 7.71359978794979 134.967005167006
0.00211864406779661 1.6372295394307 0.365356301423162 0.815883371338714 0.536662926804274 1.29931471077725 0.966666666666667 10.0591080875574 6.36593706697384 0.0248929407285638 7.75625438802454 121.568405596144
0.00211864406779661 1.52540731288027 0.140929761831649 0.891822442272678 0.611330089392141 2.4183525829576 1 10.0327847854113 6.92667516383465 0.0447748078914263 7.89125596054902 126.500066498845
0.00211864406779661 1.33236995046027 0.174811474513263 0.936106594337616 0.662379496917129 1.78687237994745 0.966666666666667 8.76964643460276 5.24666102986207 0.0295112006472319 5.67616316968363 235.123423725363
0.00211864406779661 1.63514080105815 0.182963678473607 0.903792064846493 0.59447193746455 1.68058003298938 1 10.0867433949715 6.56625039983285 0.0295848463866414 8.13163854792685 92.4615029206527
0.00211864406779661 1.62738003579434 0.337086163111962 0.900144878984429 0.305528981192037 1.79097380721942 0.966666666666667 10.0791548347633 6.66770232475186 0.0329932425396017 7.90630588744051 107.58940183413
0.00211864406779661 1.40784291012678 0.314590169116855 0.726638492825441 0.857168852398172 2.98475708765909 0.966666666666667 8.87197461964714 5.79846549859174 0.0462585428849195 5.88255367508442 215.814610972833
0.00211864406779661 1.56390060074627 0.158752612979151 0.823570967675187 0.360174503317103 2.55680543836206 1 10.0535054183259 7.1190421501802 0.0531592439102412 7.99230244932541 108.260657291332
0.00211864406779661 1.50950627259444 0.325109247211367 0.808473588700872 0.404383391048759 2.51566844107583 1 9.78401120904289 6.80409701737115 0.050797192500061 6.98286275146894 189.746152696617
0.00211864406779661 1.40725719332695 0.135617486364208 0.947803576325532 0.633203216409311 2.96331063844264 1 9.61531424833868 6.61829384663028 0.0499356350563277 6.95001623769665 212.270251719252
0.00211864406779661 1.30242122404743 0.265395042253658 0.837774035730399 0.718129422934726 1.45230093505234 0.933333333333333 8.25406434901923 4.58606017592007 0.0255273673450423 5.22343986761529 216.970220265719
0.00211864406779661 1.33291198904626 0.318797473725863 0.882907580293249 0.821701931767166 1.00002074195072 1 8.09355392932916 3.97968165390196 0.0163443619588794 5.04728861174429 226.989083039655
