0 1.3751123781729 0.216395936263975 0.923136743575576 0.471484782086563 2.16565535790175 1 9.27299274044564 6.0701987066981 0.0406484719643578 6.31088750534383 227.920628360192
0.00420168067226891 1.31997039079926 0.119646635945761 0.879330514355603 0.366135792374629 2.09647887251611 1 9.1593873705596 6.09432193254769 0.0466507890296987 6.16947125275066 227.821205195272
0 1.31756369802169 0.165930112171918 0.631840676162392 0.588344991859049 1.78464712481946 0.966666666666667 9.18849662853623 6.06097452625103 0.0438262598067204 6.06169802803105 234.497570141961
0 1.41302201751438 0.274461683215902 0.631346438100439 0.859137141296833 2.73761837636525 1 9.10426478590162 6.05982388462133 0.0476229304651102 5.99495843636224 226.528379944698
0.00420168067226891 1.38713708989246 0.253848632776313 0.627434709278088 0.826394294569968 2.04155223355333 1 9.09737322130766 5.83471326642556 0.0382864222963643 5.96117714616953 248.002191084085
0.00420168067226891 1.32133596827742 0.17521209728004 0.754846977513292 0.508051815587524 2.00141375453647 1 8.88148902248633 5.79433387466032 0.0456315850411022 5.74332364927673 250.659136351532
0 1.36270473419506 0.191605826355499 0.945743819547856 0.591538707844694 2.29261524567297 1 9.18001517613007 5.97508106785746 0.0405615742220115 6.12482925917541 226.716648232243
0.00420168067226891 1.36185705281449 0.193524474473266 0.698616927371377 0.464513022284115 1.81896618182635 1 9.39615581802439 6.29206284482631 0.0448651940430715 6.40792454483825 243.047309708042
0 1.3448276808383 0.227827824534016 0.809166886868097 0.300485318734605 1.99260979412956 0.966666666666667 9.07926507398086 6.02160904990595 0.0469977277551951 5.98904783610955 236.70801435467
0.00420168067226891 1.36429292347942 0.194445277969861 0.832007384731422 0.55472341164445 2.3157825845244 1 9.40865283444596 6.33138321889527 0.0460849145578358 6.33090855411835 235.80439077071
0.00420168067226891 1.36429292347942 0.194445277969861 0.832007384731422 0.55472341164445 2.3157825845244 1 9.40865283444596 6.33138321889527 0.0460849145578358 6.33090855411835 235.80439077071
0.00420168067226891 1.39950481847108 0.280595453536137 0.683554046577421 0.407511873758034 1.73811312710991 1 9.2558585222752 6.12037067634082 0.043478537826742 6.18908514119111 240.927988538217
0 1.3751123781729 0.216395936263975 0.923136743575576 0.471484782086563 2.16565535790175 1 9.27299274044564 6.0701987066981 0.0406484719643578 6.31088750534383 227.920628360192
0 1.37722405788244 0.273049763002031 0.662042872875372 0.715704331606196 2.38090404394112 1 9.04980379005396 5.94192410154785 0.0446956235861389 5.99844016084441 224.831058154629
0 1.44000619449077 0.306846548049717 0.645573552830406 0.781283710669494 2.28716890966192 0.966666666666667 9.38101680048984 6.221686436054 0.0424541603797995 6.31672888907502 230.205108258687
0 1.44000619449077 0.306846548049717 0.645573552830406 0.781283710669494 2.28716890966192 0.966666666666667 9.38101680048984 6.221686436054 0.0424541603797995 6.31672888907502 230.205108258687
0 1.31756369802169 0.165930112171918 0.631840676162392 0.588344991859049 1.78464712481946 0.966666666666667 9.18849662853623 6.06097452625103 0.0438262598067204 6.06169802803105 234.497570141961
0 1.45362126184607 0.312160123705959 0.732213358818384 0.753166084362015 2.80427804972444 1 9.28386650822955 6.25177542276363 0.0482147115572224 6.28847794698865 223.426472684929
0.00420168067226891 1.33319915797389 0.204921512778794 0.659127719539738 0.625413487264489 2.1822727695299 0.966666666666667 9.1296463027875 6.08982649186932 0.047843509595616 6.0635446023585 242.207292916835
0 1.35991651966821 0.204945342233855 0.646399684798683 0.686912957213374 1.61230181448208 1 9.30079331996061 5.96938933945612 0.0357428875064327 6.19099823278306 239.215920649822
0 1.40842260133253 0.308315425850155 0.643463603859097 0.721757139832742 2.33693000883102 1 8.89272587193804 5.78515762756352 0.0447095459437181 5.85057280007717 233.225960331534
0 1.31756369802169 0.165930112171918 0.631840676162392 0.588344991859049 1.78464712481946 0.966666666666667 9.18849662853623 6.06097452625103 0.0438262598067204 6.06169802803105 234.497570141961
0.00420168067226891 1.36464192870852 0.214670649048822 0.766351694961957 0.472902669700313 1.82902322749139 1 9.21534118039756 6.04524225278845 0.0419994427934621 6.22449242049617 236.230773182802
0 1.40182854907708 0.264614452803674 0.808056229933705 0.561308776112074 2.19687849903036 1 9.32602639562418 6.17489659818596 0.0428037399827194 6.30335130825658 221.410483465605
0.00420168067226891 1.38690326915867 0.217726509827569 0.788017648448329 0.49935984527338 2.21061509371651 1 9.48964747204577 6.45880839226201 0.048275114454551 6.46328943352424 229.470077387533
0 1.38877376169753 0.237030948429237 0.789658291134865 0.458897847786607 2.16326429752603 0.966666666666667 9.24641289871257 6.21080778291386 0.0480455809374293 6.14581225185953 237.507951976657
0.00420168067226891 1.36793704457771 0.237035160432953 0.669056842499721 0.834397896095731 1.95081312369986 1 9.07427243169966 5.74161333352043 0.0356980541180514 5.94052206837041 253.281027647653
0 1.45371568348288 0.314882297426076 0.696358266085948 0.573444448641544 2.14685577172892 1 9.43001123381142 6.33930054237951 0.0454696280438855 6.40108766536481 221.073709737015
0.00420168067226891 1.33336495164912 0.14715773057082 0.778590007307103 0.55524930459059 2.30094989592255 1 9.17867425089717 6.20084718317215 0.0509033232524454 6.06742199839649 239.251128279632
0 1.37976915683423 0.234942115580429 0.680141747752409 0.789643039169474 2.66933468372391 1 9.23196160604207 6.21180417108946 0.0487935359492688 6.21380777825142 226.483056366824
0 1.3448276808383 0.227827824534016 0.809166886868097 0.300485318734605 1.99260979412956 0.966666666666667 9.07926507398086 6.02160904990595 0.0469977277551951 5.98904783610955 236.70801435467
0 1.40050910399491 0.247310913711971 0.777076360103742 0.825530206142219 2.56299131183068 0.966666666666667 9.05940520649224 5.890500483146 0.042049628667212 5.95878104047231 235.020411939835
0.00420168067226891 1.33336495164912 0.14715773057082 0.778590007307103 0.55524930459059 2.30094989592255 1 9.17867425089717 6.20084718317215 0.0509033232524454 6.06742199839649 239.251128279632
0.00420168067226891 1.39950481847108 0.280595453536137 0.683554046577421 0.407511873758034 1.73811312710991 1 9.2558585222752 6.12037067634082 0.043478537826742 6.18908514119111 240.927988538217
0.00420168067226891 1.39950481847108 0.280595453536137 0.683554046577421 0.407511873758034 1.73811312710991 1 9.2558585222752 6.12037067634082 0.043478537826742 6.18908514119111 240.927988538217
0 1.36493056120206 0.206177076829341 0.730102951353908 0.743303458411311 2.31864025129844 0.966666666666667 9.06515512936784 5.91638793621392 0.0429049878394003 5.97582565322353 243.157825746482
0.00420168067226891 1.34675056630937 0.152613350550626 0.767846421788691 0.443611334605596 1.46039871555828 1 9.37510311557256 6.06649471295797 0.0365670249396439 6.32070834041502 257.997911356736
0 1.41375285505957 0.299975930541821 0.610801546932532 0.611367651382911 1.92512316556992 1 9.088146372306 5.93700836131192 0.0428033884132538 6.03212652882687 227.723996081833
0.00420168067226891 1.33336495164912 0.14715773057082 0.778590007307103 0.55524930459059 2.30094989592255 1 9.17867425089717 6.20084718317215 0.0509033232524454 6.06742199839649 239.251128279632
0.00420168067226891 1.39950481847108 0.280595453536137 0.683554046577421 0.407511873758034 1.73811312710991 1 9.2558585222752 6.12037067634082 0.043478537826742 6.18908514119111 240.927988538217
0 1.31756369802169 0.165930112171918 0.631840676162392 0.588344991859049 1.78464712481946 0.966666666666667 9.18849662853623 6.06097452625103 0.0438262598067204 6.06169802803105 234.497570141961
0.00420168067226891 1.34675056630937 0.152613350550626 0.767846421788691 0.443611334605596 1.46039871555828 1 9.37510311557256 6.06649471295797 0.0365670249396439 6.32070834041502 257.997911356736
0 1.36270473419506 0.191605826355499 0.945743819547856 0.591538707844694 2.29261524567297 1 9.18001517613007 5.97508106785746 0.0405615742220115 6.12482925917541 226.716648232243
0 1.31756369802169 0.165930112171918 0.631840676162392 0.588344991859049 1.78464712481946 0.966666666666667 9.18849662853623 6.06097452625103 0.0438262598067204 6.06169802803105 234.497570141961
0 1.32454447699898 0.158133564118672 0.770133985988468 0.503553667665002 2.01318838679218 0.966666666666667 9.05509714150978 5.99086091668393 0.0466894885219493 5.96958908331466 234.126351608001
0 1.37976915683423 0.234942115580429 0.680141747752409 0.789643039169474 2.66933468372391 1 9.23196160604207 6.21180417108946 0.0487935359492688 6.21380777825142 226.483056366824
0.00420168067226891 1.36429292347942 0.194445277969861 0.832007384731422 0.55472341164445 2.3157825845244 1 9.40865283444596 6.33138321889527 0.0460849145578358 6.33090855411835 235.80439077071
0 1.45340446742009 0.345010723311092 0.673404975037742 0.635879047492628 2.30595765901475 0.966666666666667 9.06733766675585 5.97196532205655 0.0452581576874418 5.9946491261216 234.022318340345
0 1.44000619449077 0.306846548049717 0.645573552830406 0.781283710669494 2.28716890966192 0.966666666666667 9.38101680048984 6.221686436054 0.0424541603797995 6.31672888907502 230.205108258687
0.00420168067226891 1.37277910238727 0.192703983933204 0.689827032601416 0.323749334893783 1.43168211895985 1 9.61732654490073 6.41863678587672 0.0408156472924548 6.65535454660081 236.53554108949
0 1.40165934272477 0.282267770314404 0.71691209944438 0.765246673841056 2.50043766735233 0.966666666666667 9.05910039447066 5.9414408638459 0.0442606379564855 6.01008324191915 233.201983253824
0.00420168067226891 1.33319915797389 0.204921512778794 0.659127719539738 0.625413487264489 2.1822727695299 0.966666666666667 9.1296463027875 6.08982649186932 0.047843509595616 6.0635446023585 242.207292916835
0.00420168067226891 1.36692550299748 0.199889568724001 0.692619153977709 0.375728877999626 1.6490416944127 1 9.22157370780919 6.12336961798792 0.0451301794066364 6.19433736157983 251.227713499768
0.00420168067226891 1.37676587352377 0.241844443105933 0.75899641025169 0.482092092162931 1.89304049497527 1 9.22897237972406 6.08980044782884 0.043318653849929 6.14967838966961 235.000709258269
0 1.3423980415232 0.225875314554266 0.706943418605761 0.702245399524823 1.69676472360067 1 9.18273276491463 5.81343377173118 0.0344137531653594 6.06106834305369 242.508824441996
0.00420168067226891 1.35055166878658 0.204444744403982 0.637611267157177 0.856728949416331 2.13386142429963 1 9.42747121647693 6.17766745060991 0.0387818174013822 6.32983973387528 233.585093005661
0 1.31756369802169 0.165930112171918 0.631840676162392 0.588344991859049 1.78464712481946 0.966666666666667 9.18849662853623 6.06097452625103 0.0438262598067204 6.06169802803105 234.497570141961
0.00420168067226891 1.36464192870852 0.214670649048822 0.766351694961957 0.472902669700313 1.82902322749139 1 9.21534118039756 6.04524225278845 0.0419994427934621 6.22449242049617 236.230773182802
0 1.31756369802169 0.165930112171918 0.631840676162392 0.588344991859049 1.78464712481946 0.966666666666667 9.18849662853623 6.06097452625103 0.0438262598067204 6.06169802803105 234.497570141961
0.00420168067226891 1.37676587352377 0.241844443105933 0.75899641025169 0.482092092162931 1.89304049497527 1 9.22897237972406 6.08980044782884 0.043318653849929 6.14967838966961 235.000709258269
0.00420168067226891 1.351601388392 0.185616024704856 0.739897327551007 0.753637741824624 2.02386104076684 1 9.11038743121717 5.87014401187143 0.0391543630094598 6.00569612935471 246.483139844651
0.00420168067226891 1.37676587352377 0.241844443105933 0.75899641025169 0.482092092162931 1.89304049497527 1 9.22897237972406 6.08980044782884 0.043318653849929 6.14967838966961 235.000709258269
0 1.34567754556874 0.230209855081518 0.622113950418445 0.702925907405993 2.5706510919526 1 8.86061739747865 5.92247167562103 0.0529638474452037 5.77237526612181 238.089062303749
0.00420168067226891 1.35496138144685 0.208400881503865 0.655000320590152 0.45836833017072 1.92214087387804 0.966666666666667 9.19564324114865 6.19052736755953 0.0495330144277371 6.10602400180112 250.859534979627
0 1.36270473419506 0.191605826355499 0.945743819547856 0.591538707844694 2.29261524567297 1 9.18001517613007 5.97508106785746 0.0405615742220115 6.12482925917541 226.716648232243
0 1.30915816576806 0.115344698276019 0.879856503351428 0.853934676774057 2.75445037074122 1 8.95049825754593 5.79626036448301 0.0426709083993222 5.85974104307712 227.2689770062
0.00420168067226891 1.36429292347942 0.194445277969861 0.832007384731422 0.55472341164445 2.3157825845244 1 9.40865283444596 6.33138321889527 0.0460849145578358 6.33090855411835 235.80439077071
0 1.40842260133253 0.308315425850155 0.643463603859097 0.721757139832742 2.33693000883102 1 8.89272587193804 5.78515762756352 0.0447095459437181 5.85057280007717 233.225960331534
0 1.34712342073437 0.169288498133741 0.863636346913029 0.489519843114705 1.74529044674105 1 9.18445488152316 5.87689509236485 0.036605389725451 6.13981271056524 232.644979348129
0 1.35339941986527 0.217558372906469 0.800283066267283 0.566517720125978 2.27055114850621 1 8.96847685707387 5.88758441662059 0.0459182590458885 5.86976761213046 226.0764522256
0.00420168067226891 1.38690326915867 0.217726509827569 0.788017648448329 0.49935984527338 2.21061509371651 1 9.48964747204577 6.45880839226201 0.048275114454551 6.46328943352424 229.470077387533
0 1.31756369802169 0.165930112171918 0.631840676162392 0.588344991859049 1.78464712481946 0.966666666666667 9.18849662853623 6.06097452625103 0.0438262598067204 6.06169802803105 234.497570141961
0 1.36493056120206 0.206177076829341 0.730102951353908 0.743303458411311 2.31864025129844 0.966666666666667 9.06515512936784 5.91638793621392 0.0429049878394003 5.97582565322353 243.157825746482
0.00420168067226891 1.36464192870852 0.214670649048822 0.766351694961957 0.472902669700313 1.82902322749139 1 9.21534118039756 6.04524225278845 0.0419994427934621 6.22449242049617 236.230773182802
0.00420168067226891 1.39950481847108 0.280595453536137 0.683554046577421 0.407511873758034 1.73811312710991 1 9.2558585222752 6.12037067634082 0.043478537826742 6.18908514119111 240.927988538217
0 1.32520199584368 0.191141719486348 0.643766724649755 0.68082014904952 2.2113612337787 0.966666666666667 8.93259042149437 5.88389853599797 0.0474209158241188 5.77637040872172 241.88963251155
0.00420168067226891 1.36793704457771 0.237035160432953 0.669056842499721 0.834397896095731 1.95081312369986 1 9.07427243169966 5.74161333352043 0.0356980541180514 5.94052206837041 253.281027647653
0.00420168067226891 1.37277910238727 0.192703983933204 0.689827032601416 0.323749334893783 1.43168211895985 1 9.61732654490073 6.41863678587672 0.0408156472924548 6.65535454660081 236.53554108949
0 1.36493149123117 0.214321784720403 0.672412675535611 0.862208463679392 2.72284955795398 1 8.90197475099769 5.86287331273499 0.0478778914126519 5.86258896601965 233.220722007893
0 1.31756369802169 0.165930112171918 0.631840676162392 0.588344991859049 1.78464712481946 0.966666666666667 9.18849662853623 6.06097452625103 0.0438262598067204 6.06169802803105 234.497570141961
0 1.40165934272477 0.282267770314404 0.71691209944438 0.765246673841056 2.50043766735233 0.966666666666667 9.05910039447066 5.9414408638459 0.0442606379564855 6.01008324191915 233.201983253824
0.00420168067226891 1.37277910238727 0.192703983933204 0.689827032601416 0.323749334893783 1.43168211895985 1 9.61732654490073 6.41863678587672 0.0408156472924548 6.65535454660081 236.53554108949
0 1.40487750640985 0.271806526381007 0.768882408749961 0.633132305174888 2.582241783013 1 9.232186661206 6.20785199392518 0.0485901391271451 6.27073635219979 225.725902027079
0.00420168067226891 1.351601388392 0.185616024704856 0.739897327551007 0.753637741824624 2.02386104076684 1 9.11038743121717 5.87014401187143 0.0391543630094598 6.00569612935471 246.483139844651
0 1.45362126184607 0.312160123705959 0.732213358818384 0.753166084362015 2.80427804972444 1 9.28386650822955 6.25177542276363 0.0482147115572224 6.28847794698865 223.426472684929
0.00420168067226891 1.3691119094644 0.213762243207827 0.792897534398647 0.689084537493221 2.43714932314101 1 9.0808010006212 5.97448792290086 0.0447656991083286 5.98124584691365 235.802233909796
0.00420168067226891 1.3364856442226 0.109816336312081 0.896848958567953 0.576227834104742 2.20475635202714 1 9.42004738935343 6.26415987725144 0.0426005756834552 6.4534675061764 229.466947211207
0.00420168067226891 1.36464192870852 0.214670649048822 0.766351694961957 0.472902669700313 1.82902322749139 1 9.21534118039756 6.04524225278845 0.0419994427934621 6.22449242049617 236.230773182802
0 1.45340446742009 0.345010723311092 0.673404975037742 0.635879047492628 2.30595765901475 0.966666666666667 9.06733766675585 5.97196532205655 0.0452581576874418 5.9946491261216 234.022318340345
0 1.31756369802169 0.165930112171918 0.631840676162392 0.588344991859049 1.78464712481946 0.966666666666667 9.18849662853623 6.06097452625103 0.0438262598067204 6.06169802803105 234.497570141961
0.00420168067226891 1.39950481847108 0.280595453536137 0.683554046577421 0.407511873758034 1.73811312710991 1 9.2558585222752 6.12037067634082 0.043478537826742 6.18908514119111 240.927988538217
0 1.40182854907708 0.264614452803674 0.808056229933705 0.561308776112074 2.19687849903036 1 9.32602639562418 6.17489659818596 0.0428037399827194 6.30335130825658 221.410483465605
0.00420168067226891 1.37676587352377 0.241844443105933 0.75899641025169 0.482092092162931 1.89304049497527 1 9.22897237972406 6.08980044782884 0.043318653849929 6.14967838966961 235.000709258269
0.00420168067226891 1.351601388392 0.185616024704856 0.739897327551007 0.753637741824624 2.02386104076684 1 9.11038743121717 5.87014401187143 0.0391543630094598 6.00569612935471 246.483139844651
0.00420168067226891 1.40088883122262 0.227906554915078 0.671156476040981 0.862636748635887 2.47391231147483 0.966666666666667 9.31715155903918 6.18918418401306 0.0438067495119155 6.25382881157547 238.425146771842
0.00420168067226891 1.41846083040713 0.282213673623528 0.739928344224374 0.66858439849328 2.4616540000524 1 9.21648478965317 6.14796959608898 0.0464901324834603 6.11198457452363 232.933311925993
0.00420168067226891 1.36464192870852 0.214670649048822 0.766351694961957 0.472902669700313 1.82902322749139 1 9.21534118039756 6.04524225278845 0.0419994427934621 6.22449242049617 236.230773182802
0 1.42370291336791 0.377201599740352 0.614123824082949 0.44782178979453 1.78033914479073 1 8.94133174923445 5.74556400867116 0.0409350857830842 5.86040628425157 230.348423156279
0 1.31756369802169 0.165930112171918 0.631840676162392 0.588344991859049 1.78464712481946 0.966666666666667 9.18849662853623 6.06097452625103 0.0438262598067204 6.06169802803105 234.497570141961
0 1.36081457527911 0.222446716773408 0.768773340284197 0.82801607104779 2.51477126853896 1 8.91148050453415 5.75532018361652 0.0425889554559796 5.80322551654999 237.276071370605
0 1.40050910399491 0.247310913711971 0.777076360103742 0.825530206142219 2.56299131183068 0.966666666666667 9.05940520649224 5.890500483146 0.042049628667212 5.95878104047231 235.020411939835
0 1.31756369802169 0.165930112171918 0.631840676162392 0.588344991859049 1.78464712481946 0.966666666666667 9.18849662853623 6.06097452625103 0.0438262598067204 6.06169802803105 234.497570141961
0.00420168067226891 1.36185705281449 0.193524474473266 0.698616927371377 0.464513022284115 1.81896618182635 1 9.39615581802439 6.29206284482631 0.0448651940430715 6.40792454483825 243.047309708042
0.00420168067226891 1.36464192870852 0.214670649048822 0.766351694961957 0.472902669700313 1.82902322749139 1 9.21534118039756 6.04524225278845 0.0419994427934621 6.22449242049617 236.230773182802
0 1.44000619449077 0.306846548049717 0.645573552830406 0.781283710669494 2.28716890966192 0.966666666666667 9.38101680048984 6.221686436054 0.0424541603797995 6.31672888907502 230.205108258687
0.00420168067226891 1.36429292347942 0.194445277969861 0.832007384731422 0.55472341164445 2.3157825845244 1 9.40865283444596 6.33138321889527 0.0460849145578358 6.33090855411835 235.80439077071
0 1.40182854907708 0.264614452803674 0.808056229933705 0.561308776112074 2.19687849903036 1 9.32602639562418 6.17489659818596 0.0428037399827194 6.30335130825658 221.410483465605
0.00420168067226891 1.30550777237329 0.154294894636172 0.72351684710201 0.412256070369852 1.96561126964664 0.966666666666667 9.19593014503781 6.17450423678738 0.0487316818902155 6.14470348137228 239.935359976058
0.00420168067226891 1.351601388392 0.185616024704856 0.739897327551007 0.753637741824624 2.02386104076684 1 9.11038743121717 5.87014401187143 0.0391543630094598 6.00569612935471 246.483139844651
0.00420168067226891 1.37676587352377 0.241844443105933 0.75899641025169 0.482092092162931 1.89304049497527 1 9.22897237972406 6.08980044782884 0.043318653849929 6.14967838966961 235.000709258269
0 1.3751123781729 0.216395936263975 0.923136743575576 0.471484782086563 2.16565535790175 1 9.27299274044564 6.0701987066981 0.0406484719643578 6.31088750534383 227.920628360192
0.00420168067226891 1.30901749436415 0.17433484231065 0.620248995615949 0.61004594768771 1.78460049720608 1 8.96829853432621 5.83899301228291 0.0437481688442382 5.84315786890131 243.090863272277
0 1.37641569145501 0.298290704410425 0.622121164532094 0.628630687711599 2.05059617380028 1 8.87051318044889 5.73398831671327 0.0434334731795025 5.76456394691606 238.512691637523
0.00420168067226891 1.32739347996095 0.135834659315651 0.693030746885002 0.581287439338998 2.11684451743544 1 9.4139150286766 6.42524712637566 0.050354469139294 6.2767687947738 246.747336756683
0 1.41375285505957 0.299975930541821 0.610801546932532 0.611367651382911 1.92512316556992 1 9.088146372306 5.93700836131192 0.0428033884132538 6.03212652882687 227.723996081833
0.00420168067226891 1.35509000926937 0.226532827527173 0.721933776530682 0.519760391893422 2.05063149323053 1 9.00336130197587 5.92220378259804 0.0459060886962868 5.89293251604371 239.619826824951
0.00420168067226891 1.36426082804771 0.220203385126864 0.811409941193611 0.693375080748113 2.55409640674534 1 9.25986994525499 6.17260485094173 0.0456265682844118 6.16078529172469 230.580863761705
0 1.40182854907708 0.264614452803674 0.808056229933705 0.561308776112074 2.19687849903036 1 9.32602639562418 6.17489659818596 0.0428037399827194 6.30335130825658 221.410483465605
0.00420168067226891 1.38385730256416 0.239691126717216 0.739919248584636 0.594320837972118 2.23614588776038 1 9.28222372864963 6.22323742512025 0.046935249209732 6.18593423783758 236.448393999143
0 1.37976915683423 0.234942115580429 0.680141747752409 0.789643039169474 2.66933468372391 1 9.23196160604207 6.21180417108946 0.0487935359492688 6.21380777825142 226.483056366824
0.00420168067226891 1.37676587352377 0.241844443105933 0.75899641025169 0.482092092162931 1.89304049497527 1 9.22897237972406 6.08980044782884 0.043318653849929 6.14967838966961 235.000709258269
0.00420168067226891 1.35496138144685 0.208400881503865 0.655000320590152 0.45836833017072 1.92214087387804 0.966666666666667 9.19564324114865 6.19052736755953 0.0495330144277371 6.10602400180112 250.859534979627
0.00420168067226891 1.44166211173631 0.33038058234489 0.618736947161152 0.541623241641341 2.09719480397598 1 9.35456192072556 6.30237474567897 0.0472554553272042 6.32978032146401 227.744756108605
0 1.40487750640985 0.271806526381007 0.768882408749961 0.633132305174888 2.582241783013 1 9.232186661206 6.20785199392518 0.0485901391271451 6.27073635219979 225.725902027079
0 1.31756369802169 0.165930112171918 0.631840676162392 0.588344991859049 1.78464712481946 0.966666666666667 9.18849662853623 6.06097452625103 0.0438262598067204 6.06169802803105 234.497570141961
0 1.31756369802169 0.165930112171918 0.631840676162392 0.588344991859049 1.78464712481946 0.966666666666667 9.18849662853623 6.06097452625103 0.0438262598067204 6.06169802803105 234.497570141961
0.00420168067226891 1.34675056630937 0.152613350550626 0.767846421788691 0.443611334605596 1.46039871555828 1 9.37510311557256 6.06649471295797 0.0365670249396439 6.32070834041502 257.997911356736
0.00420168067226891 1.351601388392 0.185616024704856 0.739897327551007 0.753637741824624 2.02386104076684 1 9.11038743121717 5.87014401187143 0.0391543630094598 6.00569612935471 246.483139844651
0.00420168067226891 1.36429292347942 0.194445277969861 0.832007384731422 0.55472341164445 2.3157825845244 1 9.40865283444596 6.33138321889527 0.0460849145578358 6.33090855411835 235.80439077071
0.00420168067226891 1.36464192870852 0.214670649048822 0.766351694961957 0.472902669700313 1.82902322749139 1 9.21534118039756 6.04524225278845 0.0419994427934621 6.22449242049617 236.230773182802
0 1.37976915683423 0.234942115580429 0.680141747752409 0.789643039169474 2.66933468372391 1 9.23196160604207 6.21180417108946 0.0487935359492688 6.21380777825142 226.483056366824
0 1.39634889429381 0.287255291331744 0.60894478467703 0.560358209707376 1.57111256532827 0.966666666666667 9.30788942294735 6.03391280475213 0.037855590134964 6.22455842927536 241.088874694628
0.00420168067226891 1.31997039079926 0.119646635945761 0.879330514355603 0.366135792374629 2.09647887251611 1 9.1593873705596 6.09432193254769 0.0466507890296987 6.16947125275066 227.821205195272
0 1.35339941986527 0.217558372906469 0.800283066267283 0.566517720125978 2.27055114850621 1 8.96847685707387 5.88758441662059 0.0459182590458885 5.86976761213046 226.0764522256
0 1.40487750640985 0.271806526381007 0.768882408749961 0.633132305174888 2.582241783013 1 9.232186661206 6.20785199392518 0.0485901391271451 6.27073635219979 225.725902027079
0.00420168067226891 1.36733614386129 0.262527371216747 0.629686534791005 0.430278601769423 1.84786161197057 1 9.25766279287058 6.22336960409076 0.0481086545981726 6.13224046798676 241.920040879386
0 1.40050910399491 0.247310913711971 0.777076360103742 0.825530206142219 2.56299131183068 0.966666666666667 9.05940520649224 5.890500483146 0.042049628667212 5.95878104047231 235.020411939835
0.00420168067226891 1.34101147812092 0.180393444592898 0.799422115581091 0.675141440167759 2.36376045781928 0.966666666666667 9.12771559800456 6.0227794228869 0.0448273795701905 5.99739520181963 241.001806561123
0 1.37976915683423 0.234942115580429 0.680141747752409 0.789643039169474 2.66933468372391 1 9.23196160604207 6.21180417108946 0.0487935359492688 6.21380777825142 226.483056366824
0.00420168067226891 1.36429292347942 0.194445277969861 0.832007384731422 0.55472341164445 2.3157825845244 1 9.40865283444596 6.33138321889527 0.0460849145578358 6.33090855411835 235.80439077071
0 1.44324173105877 0.307328410340212 0.823693415051255 0.726515285871878 2.74464629102198 1 9.20147451953034 6.08290360742476 0.0442203180069413 6.16947125275066 224.55671202492
0 1.41375285505957 0.299975930541821 0.610801546932532 0.611367651382911 1.92512316556992 1 9.088146372306 5.93700836131192 0.0428033884132538 6.03212652882687 227.723996081833
0 1.41375285505957 0.299975930541821 0.610801546932532 0.611367651382911 1.92512316556992 1 9.088146372306 5.93700836131192 0.0428033884132538 6.03212652882687 227.723996081833
0.00420168067226891 1.351601388392 0.185616024704856 0.739897327551007 0.753637741824624 2.02386104076684 1 9.11038743121717 5.87014401187143 0.0391543630094598 6.00569612935471 246.483139844651
0 1.37976915683423 0.234942115580429 0.680141747752409 0.789643039169474 2.66933468372391 1 9.23196160604207 6.21180417108946 0.0487935359492688 6.21380777825142 226.483056366824
0 1.39997245796245 0.169850670680517 0.73749076950656 0.758118125601083 2.5121477611129 0.966666666666667 9.42787928106704 6.37930396701251 0.0474264440708623 6.49724297241108 232.50893857799
0.00420168067226891 1.32739347996095 0.135834659315651 0.693030746885002 0.581287439338998 2.11684451743544 1 9.4139150286766 6.42524712637566 0.050354469139294 6.2767687947738 246.747336756683
0.00420168067226891 1.351601388392 0.185616024704856 0.739897327551007 0.753637741824624 2.02386104076684 1 9.11038743121717 5.87014401187143 0.0391543630094598 6.00569612935471 246.483139844651
0 1.31756369802169 0.165930112171918 0.631840676162392 0.588344991859049 1.78464712481946 0.966666666666667 9.18849662853623 6.06097452625103 0.0438262598067204 6.06169802803105 234.497570141961
0 1.36270473419506 0.191605826355499 0.945743819547856 0.591538707844694 2.29261524567297 1 9.18001517613007 5.97508106785746 0.0405615742220115 6.12482925917541 226.716648232243
0 1.45371568348288 0.314882297426076 0.696358266085948 0.573444448641544 2.14685577172892 1 9.43001123381142 6.33930054237951 0.0454696280438855 6.40108766536481 221.073709737015
0.00420168067226891 1.36793704457771 0.237035160432953 0.669056842499721 0.834397896095731 1.95081312369986 1 9.07427243169966 5.74161333352043 0.0356980541180514 5.94052206837041 253.281027647653
0 1.41430878729513 0.299652589950589 0.781869521733827 0.43137100713942 1.71846063011107 0.966666666666667 9.28158587679228 6.02127440588041 0.0383764430101312 6.16244328099306 239.557894443205
0 1.40165934272477 0.282267770314404 0.71691209944438 0.765246673841056 2.50043766735233 0.966666666666667 9.05910039447066 5.9414408638459 0.0442606379564855 6.01008324191915 233.201983253824
0.00420168067226891 1.29894196073291 0.162264951526599 0.641607713642586 0.599834955790772 1.5926559023626 1 9.13873695311649 5.89834363577233 0.0391484942886812 5.94288686036362 246.402444058814
0 1.36132022794871 0.193712018317155 0.920729251415191 0.492193957028994 2.55900192703651 1 9.0759171532215 6.05966821836945 0.048984618669595 6.041444479413 226.003664139632
0 1.38984580169591 0.248303881197013 0.697260173941 0.830424474868665 2.27802847677183 1 9.44961708121315 6.22567991238924 0.039798057722534 6.38142112839298 229.527107485768
0 1.40050910399491 0.247310913711971 0.777076360103742 0.825530206142219 2.56299131183068 0.966666666666667 9.05940520649224 5.890500483146 0.042049628667212 5.95878104047231 235.020411939835
0 1.36493056120206 0.206177076829341 0.730102951353908 0.743303458411311 2.31864025129844 0.966666666666667 9.06515512936784 5.91638793621392 0.0429049878394003 5.97582565322353 243.157825746482
0.00420168067226891 1.35641570004616 0.14118320299273 0.665326424625619 0.662502160602161 1.62081562872749 1 9.5047025825396 6.21073393687359 0.0371062950573779 6.64703965476017 249.644106550346
0 1.45371568348288 0.314882297426076 0.696358266085948 0.573444448641544 2.14685577172892 1 9.43001123381142 6.33930054237951 0.0454696280438855 6.40108766536481 221.073709737015
0.00420168067226891 1.37149910976436 0.222916496048959 0.70058782649555 0.589915467595951 2.11674115720054 1 9.42279499974478 6.34808948979667 0.0462032327708193 6.40500804806742 234.530672963099
0.00420168067226891 1.39883893257579 0.258794362769858 0.617565570565217 0.344221206922313 1.6400582673058 1 9.44860896103546 6.38710376106486 0.046817172950895 6.41553330694769 238.320247136884
0.00420168067226891 1.36426082804771 0.220203385126864 0.811409941193611 0.693375080748113 2.55409640674534 1 9.25986994525499 6.17260485094173 0.0456265682844118 6.16078529172469 230.580863761705
0.00420168067226891 1.35496138144685 0.208400881503865 0.655000320590152 0.45836833017072 1.92214087387804 0.966666666666667 9.19564324114865 6.19052736755953 0.0495330144277371 6.10602400180112 250.859534979627
0.00420168067226891 1.351601388392 0.185616024704856 0.739897327551007 0.753637741824624 2.02386104076684 1 9.11038743121717 5.87014401187143 0.0391543630094598 6.00569612935471 246.483139844651
0 1.37951720279951 0.214397494802735 0.906765055879288 0.793223137870799 2.87190516328858 1 8.98826708106227 5.85402074909211 0.0435325505604415 5.9622931698077 225.00245166702
0.00420168067226891 1.35719748201191 0.216076021112378 0.756375406622147 0.446639010638226 1.58409551885142 1 9.36285542918747 6.07932278762967 0.0374955641791728 6.29323441887738 237.32149075078
0 1.40182854907708 0.264614452803674 0.808056229933705 0.561308776112074 2.19687849903036 1 9.32602639562418 6.17489659818596 0.0428037399827194 6.30335130825658 221.410483465605
0 1.36270473419506 0.191605826355499 0.945743819547856 0.591538707844694 2.29261524567297 1 9.18001517613007 5.97508106785746 0.0405615742220115 6.12482925917541 226.716648232243
0 1.36493056120206 0.206177076829341 0.730102951353908 0.743303458411311 2.31864025129844 0.966666666666667 9.06515512936784 5.91638793621392 0.0429049878394003 5.97582565322353 243.157825746482
0.00420168067226891 1.31997039079926 0.119646635945761 0.879330514355603 0.366135792374629 2.09647887251611 1 9.1593873705596 6.09432193254769 0.0466507890296987 6.16947125275066 227.821205195272
0 1.31756369802169 0.165930112171918 0.631840676162392 0.588344991859049 1.78464712481946 0.966666666666667 9.18849662853623 6.06097452625103 0.0438262598067204 6.06169802803105 234.497570141961
0 1.3751123781729 0.216395936263975 0.923136743575576 0.471484782086563 2.16565535790175 1 9.27299274044564 6.0701987066981 0.0406484719643578 6.31088750534383 227.920628360192
0 1.31756369802169 0.165930112171918 0.631840676162392 0.588344991859049 1.78464712481946 0.966666666666667 9.18849662853623 6.06097452625103 0.0438262598067204 6.06169802803105 234.497570141961
0 1.40050910399491 0.247310913711971 0.777076360103742 0.825530206142219 2.56299131183068 0.966666666666667 9.05940520649224 5.890500483146 0.042049628667212 5.95878104047231 235.020411939835
0 1.37976915683423 0.234942115580429 0.680141747752409 0.789643039169474 2.66933468372391 1 9.23196160604207 6.21180417108946 0.0487935359492688 6.21380777825142 226.483056366824
0.00420168067226891 1.39950481847108 0.280595453536137 0.683554046577421 0.407511873758034 1.73811312710991 1 9.2558585222752 6.12037067634082 0.043478537826742 6.18908514119111 240.927988538217
0.00420168067226891 1.38713708989246 0.253848632776313 0.627434709278088 0.826394294569968 2.04155223355333 1 9.09737322130766 5.83471326642556 0.0382864222963643 5.96117714616953 248.002191084085
0 1.31756369802169 0.165930112171918 0.631840676162392 0.588344991859049 1.78464712481946 0.966666666666667 9.18849662853623 6.06097452625103 0.0438262598067204 6.06169802803105 234.497570141961
0 1.41375285505957 0.299975930541821 0.610801546932532 0.611367651382911 1.92512316556992 1 9.088146372306 5.93700836131192 0.0428033884132538 6.03212652882687 227.723996081833
0.00420168067226891 1.351601388392 0.185616024704856 0.739897327551007 0.753637741824624 2.02386104076684 1 9.11038743121717 5.87014401187143 0.0391543630094598 6.00569612935471 246.483139844651
0.00420168067226891 1.37147515121711 0.224468584241453 0.679770772916249 0.508261440288085 1.74528799131575 1 9.47927021527045 6.30145835132092 0.0416767498197769 6.45031243178126 228.900146639224
0 1.45362126184607 0.312160123705959 0.732213358818384 0.753166084362015 2.80427804972444 1 9.28386650822955 6.25177542276363 0.0482147115572224 6.28847794698865 223.426472684929
0 1.31756369802169 0.165930112171918 0.631840676162392 0.588344991859049 1.78464712481946 0.966666666666667 9.18849662853623 6.06097452625103 0.0438262598067204 6.06169802803105 234.497570141961
0.00420168067226891 1.36426082804771 0.220203385126864 0.811409941193611 0.693375080748113 2.55409640674534 1 9.25986994525499 6.17260485094173 0.0456265682844118 6.16078529172469 230.580863761705
0.00420168067226891 1.29894196073291 0.162264951526599 0.641607713642586 0.599834955790772 1.5926559023626 1 9.13873695311649 5.89834363577233 0.0391484942886812 5.94288686036362 246.402444058814
0.00420168067226891 1.31997039079926 0.119646635945761 0.879330514355603 0.366135792374629 2.09647887251611 1 9.1593873705596 6.09432193254769 0.0466507890296987 6.16947125275066 227.821205195272
0.00420168067226891 1.36429292347942 0.194445277969861 0.832007384731422 0.55472341164445 2.3157825845244 1 9.40865283444596 6.33138321889527 0.0460849145578358 6.33090855411835 235.80439077071
0.00420168067226891 1.36464192870852 0.214670649048822 0.766351694961957 0.472902669700313 1.82902322749139 1 9.21534118039756 6.04524225278845 0.0419994427934621 6.22449242049617 236.230773182802
0.00420168067226891 1.31997039079926 0.119646635945761 0.879330514355603 0.366135792374629 2.09647887251611 1 9.1593873705596 6.09432193254769 0.0466507890296987 6.16947125275066 227.821205195272
0 1.3751123781729 0.216395936263975 0.923136743575576 0.471484782086563 2.16565535790175 1 9.27299274044564 6.0701987066981 0.0406484719643578 6.31088750534383 227.920628360192
0 1.40165934272477 0.282267770314404 0.71691209944438 0.765246673841056 2.50043766735233 0.966666666666667 9.05910039447066 5.9414408638459 0.0442606379564855 6.01008324191915 233.201983253824
0 1.34712342073437 0.169288498133741 0.863636346913029 0.489519843114705 1.74529044674105 1 9.18445488152316 5.87689509236485 0.036605389725451 6.13981271056524 232.644979348129
0 1.30915816576806 0.115344698276019 0.879856503351428 0.853934676774057 2.75445037074122 1 8.95049825754593 5.79626036448301 0.0426709083993222 5.85974104307712 227.2689770062
0.00420168067226891 1.35719748201191 0.216076021112378 0.756375406622147 0.446639010638226 1.58409551885142 1 9.36285542918747 6.07932278762967 0.0374955641791728 6.29323441887738 237.32149075078
0 1.40182854907708 0.264614452803674 0.808056229933705 0.561308776112074 2.19687849903036 1 9.32602639562418 6.17489659818596 0.0428037399827194 6.30335130825658 221.410483465605
0.00420168067226891 1.36464192870852 0.214670649048822 0.766351694961957 0.472902669700313 1.82902322749139 1 9.21534118039756 6.04524225278845 0.0419994427934621 6.22449242049617 236.230773182802
0.00420168067226891 1.351601388392 0.185616024704856 0.739897327551007 0.753637741824624 2.02386104076684 1 9.11038743121717 5.87014401187143 0.0391543630094598 6.00569612935471 246.483139844651
0 1.3448276808383 0.227827824534016 0.809166886868097 0.300485318734605 1.99260979412956 0.966666666666667 9.07926507398086 6.02160904990595 0.0469977277551951 5.98904783610955 236.70801435467
0 1.36081457527911 0.222446716773408 0.768773340284197 0.82801607104779 2.51477126853896 1 8.91148050453415 5.75532018361652 0.0425889554559796 5.80322551654999 237.276071370605
0.00420168067226891 1.33319915797389 0.204921512778794 0.659127719539738 0.625413487264489 2.1822727695299 0.966666666666667 9.1296463027875 6.08982649186932 0.047843509595616 6.0635446023585 242.207292916835
0.00420168067226891 1.34675056630937 0.152613350550626 0.767846421788691 0.443611334605596 1.46039871555828 1 9.37510311557256 6.06649471295797 0.0365670249396439 6.32070834041502 257.997911356736
0.00420168067226891 1.31997039079926 0.119646635945761 0.879330514355603 0.366135792374629 2.09647887251611 1 9.1593873705596 6.09432193254769 0.0466507890296987 6.16947125275066 227.821205195272
0.00420168067226891 1.36793704457771 0.237035160432953 0.669056842499721 0.834397896095731 1.95081312369986 1 9.07427243169966 5.74161333352043 0.0356980541180514 5.94052206837041 253.281027647653
0.00420168067226891 1.32739347996095 0.135834659315651 0.693030746885002 0.581287439338998 2.11684451743544 1 9.4139150286766 6.42524712637566 0.050354469139294 6.2767687947738 246.747336756683
0 1.36493056120206 0.206177076829341 0.730102951353908 0.743303458411311 2.31864025129844 0.966666666666667 9.06515512936784 5.91638793621392 0.0429049878394003 5.97582565322353 243.157825746482
0 1.39997245796245 0.169850670680517 0.73749076950656 0.758118125601083 2.5121477611129 0.966666666666667 9.42787928106704 6.37930396701251 0.0474264440708623 6.49724297241108 232.50893857799
0.00420168067226891 1.36464192870852 0.214670649048822 0.766351694961957 0.472902669700313 1.82902322749139 1 9.21534118039756 6.04524225278845 0.0419994427934621 6.22449242049617 236.230773182802
0.00420168067226891 1.36464192870852 0.214670649048822 0.766351694961957 0.472902669700313 1.82902322749139 1 9.21534118039756 6.04524225278845 0.0419994427934621 6.22449242049617 236.230773182802
0.00420168067226891 1.35719748201191 0.216076021112378 0.756375406622147 0.446639010638226 1.58409551885142 1 9.36285542918747 6.07932278762967 0.0374955641791728 6.29323441887738 237.32149075078
0 1.36081457527911 0.222446716773408 0.768773340284197 0.82801607104779 2.51477126853896 1 8.91148050453415 5.75532018361652 0.0425889554559796 5.80322551654999 237.276071370605
0 1.41302201751438 0.274461683215902 0.631346438100439 0.859137141296833 2.73761837636525 1 9.10426478590162 6.05982388462133 0.0476229304651102 5.99495843636224 226.528379944698
0.00420168067226891 1.36426082804771 0.220203385126864 0.811409941193611 0.693375080748113 2.55409640674534 1 9.25986994525499 6.17260485094173 0.0456265682844118 6.16078529172469 230.580863761705
0.00420168067226891 1.32202390198592 0.170759164815922 0.824280357204744 0.357379903827928 2.13196366752368 1 9.14853234187497 6.15542410506874 0.0501313741272751 6.10613162208611 233.410946752662
0.00420168067226891 1.36464192870852 0.214670649048822 0.766351694961957 0.472902669700313 1.82902322749139 1 9.21534118039756 6.04524225278845 0.0419994427934621 6.22449242049617 236.230773182802
0.00420168067226891 1.351601388392 0.185616024704856 0.739897327551007 0.753637741824624 2.02386104076684 1 9.11038743121717 5.87014401187143 0.0391543630094598 6.00569612935471 246.483139844651
0.00420168067226891 1.36793704457771 0.237035160432953 0.669056842499721 0.834397896095731 1.95081312369986 1 9.07427243169966 5.74161333352043 0.0356980541180514 5.94052206837041 253.281027647653
0.00420168067226891 1.33336495164912 0.14715773057082 0.778590007307103 0.55524930459059 2.30094989592255 1 9.17867425089717 6.20084718317215 0.0509033232524454 6.06742199839649 239.251128279632
0.00420168067226891 1.4071179229444 0.310326752829559 0.708341714028274 0.404063789126939 1.60894618221709 1 9.19112357304905 5.92193581778915 0.0380373101362602 6.10308045692832 238.922977354528
0.00420168067226891 1.36426082804771 0.220203385126864 0.811409941193611 0.693375080748113 2.55409640674534 1 9.25986994525499 6.17260485094173 0.0456265682844118 6.16078529172469 230.580863761705
0 1.36493056120206 0.206177076829341 0.730102951353908 0.743303458411311 2.31864025129844 0.966666666666667 9.06515512936784 5.91638793621392 0.0429049878394003 5.97582565322353 243.157825746482
0 1.45362126184607 0.312160123705959 0.732213358818384 0.753166084362015 2.80427804972444 1 9.28386650822955 6.25177542276363 0.0482147115572224 6.28847794698865 223.426472684929
0.00420168067226891 1.351601388392 0.185616024704856 0.739897327551007 0.753637741824624 2.02386104076684 1 9.11038743121717 5.87014401187143 0.0391543630094598 6.00569612935471 246.483139844651
0.00420168067226891 1.38690326915867 0.217726509827569 0.788017648448329 0.49935984527338 2.21061509371651 1 9.48964747204577 6.45880839226201 0.048275114454551 6.46328943352424 229.470077387533
0.00420168067226891 1.351601388392 0.185616024704856 0.739897327551007 0.753637741824624 2.02386104076684 1 9.11038743121717 5.87014401187143 0.0391543630094598 6.00569612935471 246.483139844651
0 1.44844191441656 0.30846336032289 0.67294513430623 0.72360075481502 2.71321769564405 1 9.06143038016737 6.09522378139883 0.05149829396427 5.99038062654494 229.932818698399
0.00420168067226891 1.3364856442226 0.109816336312081 0.896848958567953 0.576227834104742 2.20475635202714 1 9.42004738935343 6.26415987725144 0.0426005756834552 6.4534675061764 229.466947211207
0 1.46835989252553 0.357325445578431 0.647511513119267 0.507207979848973 1.5880653289674 1 9.39945822597793 6.08472717756767 0.0363438219916955 6.39057618124397 237.57136732295
0 1.45340446742009 0.345010723311092 0.673404975037742 0.635879047492628 2.30595765901475 0.966666666666667 9.06733766675585 5.97196532205655 0.0452581576874418 5.9946491261216 234.022318340345
0.00420168067226891 1.34675056630937 0.152613350550626 0.767846421788691 0.443611334605596 1.46039871555828 1 9.37510311557256 6.06649471295797 0.0365670249396439 6.32070834041502 257.997911356736
0 1.37951720279951 0.214397494802735 0.906765055879288 0.793223137870799 2.87190516328858 1 8.98826708106227 5.85402074909211 0.0435325505604415 5.9622931698077 225.00245166702
0.00420168067226891 1.30901749436415 0.17433484231065 0.620248995615949 0.61004594768771 1.78460049720608 1 8.96829853432621 5.83899301228291 0.0437481688442382 5.84315786890131 243.090863272277
0 1.44000619449077 0.306846548049717 0.645573552830406 0.781283710669494 2.28716890966192 0.966666666666667 9.38101680048984 6.221686436054 0.0424541603797995 6.31672888907502 230.205108258687
0.00420168067226891 1.36793704457771 0.237035160432953 0.669056842499721 0.834397896095731 1.95081312369986 1 9.07427243169966 5.74161333352043 0.0356980541180514 5.94052206837041 253.281027647653
0 1.38984580169591 0.248303881197013 0.697260173941 0.830424474868665 2.27802847677183 1 9.44961708121315 6.22567991238924 0.039798057722534 6.38142112839298 229.527107485768
0 1.44360645016717 0.318417728557611 0.636896248652137 0.38375979615885 1.33118136074973 1 9.46933228980282 6.13404859056377 0.035604483813454 6.4897620202967 236.334774982346
0.00420168067226891 1.32202390198592 0.170759164815922 0.824280357204744 0.357379903827928 2.13196366752368 1 9.14853234187497 6.15542410506874 0.0501313741272751 6.10613162208611 233.410946752662
0 1.35360865309457 0.182750428419738 0.670853553106396 0.451792909028413 2.2409188846035 1 9.278413264857 6.42367977029206 0.0575711621041749 6.19868194787193 250.986561282978
0.00420168067226891 1.351601388392 0.185616024704856 0.739897327551007 0.753637741824624 2.02386104076684 1 9.11038743121717 5.87014401187143 0.0391543630094598 6.00569612935471 246.483139844651
0 1.34712342073437 0.169288498133741 0.863636346913029 0.489519843114705 1.74529044674105 1 9.18445488152316 5.87689509236485 0.036605389725451 6.13981271056524 232.644979348129
0 1.40182854907708 0.264614452803674 0.808056229933705 0.561308776112074 2.19687849903036 1 9.32602639562418 6.17489659818596 0.0428037399827194 6.30335130825658 221.410483465605
0 1.45362126184607 0.312160123705959 0.732213358818384 0.753166084362015 2.80427804972444 1 9.28386650822955 6.25177542276363 0.0482147115572224 6.28847794698865 223.426472684929
0 1.36493056120206 0.206177076829341 0.730102951353908 0.743303458411311 2.31864025129844 0.966666666666667 9.06515512936784 5.91638793621392 0.0429049878394003 5.97582565322353 243.157825746482
0.00420168067226891 1.36686115737643 0.27600031638233 0.62890538452147 0.870111395403873 2.24941958706005 1 9.05506962065854 5.81830092809879 0.0392906503669385 5.9283472377925 238.39626781152
0 1.31756369802169 0.165930112171918 0.631840676162392 0.588344991859049 1.78464712481946 0.966666666666667 9.18849662853623 6.06097452625103 0.0438262598067204 6.06169802803105 234.497570141961
0 1.41743681554974 0.271080334767713 0.675910457332921 0.897725532066655 2.9328949773668 1 9.01953089448587 5.98452384942865 0.0480743241880373 5.91458350277202 229.127828316614
0.00420168067226891 1.36426082804771 0.220203385126864 0.811409941193611 0.693375080748113 2.55409640674534 1 9.25986994525499 6.17260485094173 0.0456265682844118 6.16078529172469 230.580863761705
0 1.44844191441656 0.30846336032289 0.67294513430623 0.72360075481502 2.71321769564405 1 9.06143038016737 6.09522378139883 0.05149829396427 5.99038062654494 229.932818698399
0 1.36493056120206 0.206177076829341 0.730102951353908 0.743303458411311 2.31864025129844 0.966666666666667 9.06515512936784 5.91638793621392 0.0429049878394003 5.97582565322353 243.157825746482
0.00420168067226891 1.36464192870852 0.214670649048822 0.766351694961957 0.472902669700313 1.82902322749139 1 9.21534118039756 6.04524225278845 0.0419994427934621 6.22449242049617 236.230773182802
0.00420168067226891 1.351601388392 0.185616024704856 0.739897327551007 0.753637741824624 2.02386104076684 1 9.11038743121717 5.87014401187143 0.0391543630094598 6.00569612935471 246.483139844651
0 1.36493056120206 0.206177076829341 0.730102951353908 0.743303458411311 2.31864025129844 0.966666666666667 9.06515512936784 5.91638793621392 0.0429049878394003 5.97582565322353 243.157825746482
0.00420168067226891 1.36464192870852 0.214670649048822 0.766351694961957 0.472902669700313 1.82902322749139 1 9.21534118039756 6.04524225278845 0.0419994427934621 6.22449242049617 236.230773182802
0.00420168067226891 1.3385613240305 0.201807082200537 0.656273283568234 0.325719375794453 1.29928108934885 1 9.26357145430602 6.01461124994823 0.0388145460521741 6.12124934667633 261.702087599534
0.00420168067226891 1.37149910976436 0.222916496048959 0.70058782649555 0.589915467595951 2.11674115720054 1 9.42279499974478 6.34808948979667 0.0462032327708193 6.40500804806742 234.530672963099
0.00420168067226891 1.36464192870852 0.214670649048822 0.766351694961957 0.472902669700313 1.82902322749139 1 9.21534118039756 6.04524225278845 0.0419994427934621 6.22449242049617 236.230773182802
0 1.37641569145501 0.298290704410425 0.622121164532094 0.628630687711599 2.05059617380028 1 8.87051318044889 5.73398831671327 0.0434334731795025 5.76456394691606 238.512691637523
0 1.31756369802169 0.165930112171918 0.631840676162392 0.588344991859049 1.78464712481946 0.966666666666667 9.18849662853623 6.06097452625103 0.0438262598067204 6.06169802803105 234.497570141961
0 1.41743681554974 0.271080334767713 0.675910457332921 0.897725532066655 2.9328949773668 1 9.01953089448587 5.98452384942865 0.0480743241880373 5.91458350277202 229.127828316614
0.00420168067226891 1.38713708989246 0.253848632776313 0.627434709278088 0.826394294569968 2.04155223355333 1 9.09737322130766 5.83471326642556 0.0382864222963643 5.96117714616953 248.002191084085
0.00420168067226891 1.32305925901206 0.120988743719464 0.64286961984563 0.302344968864356 1.69805551392099 1 9.31383514822417 6.40390526895257 0.0544795498809781 6.18751093053782 259.498319538576
0.00420168067226891 1.29894196073291 0.162264951526599 0.641607713642586 0.599834955790772 1.5926559023626 1 9.13873695311649 5.89834363577233 0.0391484942886812 5.94288686036362 246.402444058814
0 1.40182854907708 0.264614452803674 0.808056229933705 0.561308776112074 2.19687849903036 1 9.32602639562418 6.17489659818596 0.0428037399827194 6.30335130825658 221.410483465605
0.00420168067226891 1.36429292347942 0.194445277969861 0.832007384731422 0.55472341164445 2.3157825845244 1 9.40865283444596 6.33138321889527 0.0460849145578358 6.33090855411835 235.80439077071
0 1.35339941986527 0.217558372906469 0.800283066267283 0.566517720125978 2.27055114850621 1 8.96847685707387 5.88758441662059 0.0459182590458885 5.86976761213046 226.0764522256
0 1.36081457527911 0.222446716773408 0.768773340284197 0.82801607104779 2.51477126853896 1 8.91148050453415 5.75532018361652 0.0425889554559796 5.80322551654999 237.276071370605
0 1.45340446742009 0.345010723311092 0.673404975037742 0.635879047492628 2.30595765901475 0.966666666666667 9.06733766675585 5.97196532205655 0.0452581576874418 5.9946491261216 234.022318340345
0.00420168067226891 1.31997039079926 0.119646635945761 0.879330514355603 0.366135792374629 2.09647887251611 1 9.1593873705596 6.09432193254769 0.0466507890296987 6.16947125275066 227.821205195272
0 1.38984580169591 0.248303881197013 0.697260173941 0.830424474868665 2.27802847677183 1 9.44961708121315 6.22567991238924 0.039798057722534 6.38142112839298 229.527107485768
0 1.32520199584368 0.191141719486348 0.643766724649755 0.68082014904952 2.2113612337787 0.966666666666667 8.93259042149437 5.88389853599797 0.0474209158241188 5.77637040872172 241.88963251155
0.00420168067226891 1.351601388392 0.185616024704856 0.739897327551007 0.753637741824624 2.02386104076684 1 9.11038743121717 5.87014401187143 0.0391543630094598 6.00569612935471 246.483139844651
0 1.3423980415232 0.225875314554266 0.706943418605761 0.702245399524823 1.69676472360067 1 9.18273276491463 5.81343377173118 0.0344137531653594 6.06106834305369 242.508824441996
0 1.41743681554974 0.271080334767713 0.675910457332921 0.897725532066655 2.9328949773668 1 9.01953089448587 5.98452384942865 0.0480743241880373 5.91458350277202 229.127828316614
0 1.41375285505957 0.299975930541821 0.610801546932532 0.611367651382911 1.92512316556992 1 9.088146372306 5.93700836131192 0.0428033884132538 6.03212652882687 227.723996081833
0 1.41743681554974 0.271080334767713 0.675910457332921 0.897725532066655 2.9328949773668 1 9.01953089448587 5.98452384942865 0.0480743241880373 5.91458350277202 229.127828316614
0.00420168067226891 1.35650715995585 0.205306184453345 0.777920897211544 0.425090933152544 1.97076059950814 1 9.26104932900524 6.19024709750926 0.046383929278687 6.16485747315764 233.220341127788
0 1.31756369802169 0.165930112171918 0.631840676162392 0.588344991859049 1.78464712481946 0.966666666666667 9.18849662853623 6.06097452625103 0.0438262598067204 6.06169802803105 234.497570141961
0.00420168067226891 1.351601388392 0.185616024704856 0.739897327551007 0.753637741824624 2.02386104076684 1 9.11038743121717 5.87014401187143 0.0391543630094598 6.00569612935471 246.483139844651
0.00420168067226891 1.31997039079926 0.119646635945761 0.879330514355603 0.366135792374629 2.09647887251611 1 9.1593873705596 6.09432193254769 0.0466507890296987 6.16947125275066 227.821205195272
0 1.41375285505957 0.299975930541821 0.610801546932532 0.611367651382911 1.92512316556992 1 9.088146372306 5.93700836131192 0.0428033884132538 6.03212652882687 227.723996081833
0.00420168067226891 1.37676587352377 0.241844443105933 0.75899641025169 0.482092092162931 1.89304049497527 1 9.22897237972406 6.08980044782884 0.043318653849929 6.14967838966961 235.000709258269
0.00420168067226891 1.31997039079926 0.119646635945761 0.879330514355603 0.366135792374629 2.09647887251611 1 9.1593873705596 6.09432193254769 0.0466507890296987 6.16947125275066 227.821205195272
0 1.36132022794871 0.193712018317155 0.920729251415191 0.492193957028994 2.55900192703651 1 9.0759171532215 6.05966821836945 0.048984618669595 6.041444479413 226.003664139632
0.00420168067226891 1.38674655800005 0.222120639334559 0.664878763993791 0.728723765521251 1.70493819130669 1 9.35968523663631 6.02739459554781 0.0357112097427093 6.29514299264436 250.960255900175
0.00420168067226891 1.351601388392 0.185616024704856 0.739897327551007 0.753637741824624 2.02386104076684 1 9.11038743121717 5.87014401187143 0.0391543630094598 6.00569612935471 246.483139844651
0.00420168067226891 1.3364856442226 0.109816336312081 0.896848958567953 0.576227834104742 2.20475635202714 1 9.42004738935343 6.26415987725144 0.0426005756834552 6.4534675061764 229.466947211207
0 1.35339941986527 0.217558372906469 0.800283066267283 0.566517720125978 2.27055114850621 1 8.96847685707387 5.88758441662059 0.0459182590458885 5.86976761213046 226.0764522256
0.00420168067226891 1.39950481847108 0.280595453536137 0.683554046577421 0.407511873758034 1.73811312710991 1 9.2558585222752 6.12037067634082 0.043478537826742 6.18908514119111 240.927988538217
0 1.36132843709363 0.240096893350968 0.713251868356695 0.65958930123876 2.25103527387759 1 8.73534296119994 5.66006276729988 0.046176688142534 5.63526568030274 245.147491940912
0.00420168067226891 1.41461210052848 0.255235170079807 0.638624501822988 0.715871290010772 2.38622513346392 0.966666666666667 9.23840156859871 6.20553255724273 0.0481772186700553 6.21129226228106 238.8337999881
0.00420168067226891 1.36793704457771 0.237035160432953 0.669056842499721 0.834397896095731 1.95081312369986 1 9.07427243169966 5.74161333352043 0.0356980541180514 5.94052206837041 253.281027647653
0 1.44844191441656 0.30846336032289 0.67294513430623 0.72360075481502 2.71321769564405 1 9.06143038016737 6.09522378139883 0.05149829396427 5.99038062654494 229.932818698399
0.00420168067226891 1.39950481847108 0.280595453536137 0.683554046577421 0.407511873758034 1.73811312710991 1 9.2558585222752 6.12037067634082 0.043478537826742 6.18908514119111 240.927988538217
0.00420168067226891 1.36793704457771 0.237035160432953 0.669056842499721 0.834397896095731 1.95081312369986 1 9.07427243169966 5.74161333352043 0.0356980541180514 5.94052206837041 253.281027647653
0.00420168067226891 1.36429292347942 0.194445277969861 0.832007384731422 0.55472341164445 2.3157825845244 1 9.40865283444596 6.33138321889527 0.0460849145578358 6.33090855411835 235.80439077071
0.00420168067226891 1.32114737581868 0.158763329037868 0.726561577448952 0.363118588484472 1.70251728653904 1 8.87714476134809 5.79889061384968 0.046039564814944 5.77050610669911 241.624375678062
0.00420168067226891 1.31997039079926 0.119646635945761 0.879330514355603 0.366135792374629 2.09647887251611 1 9.1593873705596 6.09432193254769 0.0466507890296987 6.16947125275066 227.821205195272
0.00420168067226891 1.351601388392 0.185616024704856 0.739897327551007 0.753637741824624 2.02386104076684 1 9.11038743121717 5.87014401187143 0.0391543630094598 6.00569612935471 246.483139844651
0 1.31756369802169 0.165930112171918 0.631840676162392 0.588344991859049 1.78464712481946 0.966666666666667 9.18849662853623 6.06097452625103 0.0438262598067204 6.06169802803105 234.497570141961
0 1.44000619449077 0.306846548049717 0.645573552830406 0.781283710669494 2.28716890966192 0.966666666666667 9.38101680048984 6.221686436054 0.0424541603797995 6.31672888907502 230.205108258687
0 1.37641569145501 0.298290704410425 0.622121164532094 0.628630687711599 2.05059617380028 1 8.87051318044889 5.73398831671327 0.0434334731795025 5.76456394691606 238.512691637523
0 1.4188737155039 0.377904678872444 0.626613986472956 0.403203165371202 1.5746078627968 1 9.09430081557617 5.79899163925765 0.0370565862569816 6.02069967237632 234.140798422255
0 1.45362126184607 0.312160123705959 0.732213358818384 0.753166084362015 2.80427804972444 1 9.28386650822955 6.25177542276363 0.0482147115572224 6.28847794698865 223.426472684929
0.00420168067226891 1.31997039079926 0.119646635945761 0.879330514355603 0.366135792374629 2.09647887251611 1 9.1593873705596 6.09432193254769 0.0466507890296987 6.16947125275066 227.821205195272
0 1.41430878729513 0.299652589950589 0.781869521733827 0.43137100713942 1.71846063011107 0.966666666666667 9.28158587679228 6.02127440588041 0.0383764430101312 6.16244328099306 239.557894443205
0 1.31756369802169 0.165930112171918 0.631840676162392 0.588344991859049 1.78464712481946 0.966666666666667 9.18849662853623 6.06097452625103 0.0438262598067204 6.06169802803105 234.497570141961
0 1.36270473419506 0.191605826355499 0.945743819547856 0.591538707844694 2.29261524567297 1 9.18001517613007 5.97508106785746 0.0405615742220115 6.12482925917541 226.716648232243
0.00420168067226891 1.34675056630937 0.152613350550626 0.767846421788691 0.443611334605596 1.46039871555828 1 9.37510311557256 6.06649471295797 0.0365670249396439 6.32070834041502 257.997911356736
0 1.40182854907708 0.264614452803674 0.808056229933705 0.561308776112074 2.19687849903036 1 9.32602639562418 6.17489659818596 0.0428037399827194 6.30335130825658 221.410483465605
0 1.45371568348288 0.314882297426076 0.696358266085948 0.573444448641544 2.14685577172892 1 9.43001123381142 6.33930054237951 0.0454696280438855 6.40108766536481 221.073709737015
0 1.31756369802169 0.165930112171918 0.631840676162392 0.588344991859049 1.78464712481946 0.966666666666667 9.18849662853623 6.06097452625103 0.0438262598067204 6.06169802803105 234.497570141961
0 1.40772966630622 0.249146083296075 0.723091868209207 0.311997015529577 2.15524963280498 1 9.53306134907248 6.61798213287005 0.0541997373655447 6.54098189798496 233.62153757447
0.00420168067226891 1.351601388392 0.185616024704856 0.739897327551007 0.753637741824624 2.02386104076684 1 9.11038743121717 5.87014401187143 0.0391543630094598 6.00569612935471 246.483139844651
0.00420168067226891 1.36429292347942 0.194445277969861 0.832007384731422 0.55472341164445 2.3157825845244 1 9.40865283444596 6.33138321889527 0.0460849145578358 6.33090855411835 235.80439077071
0 1.45362126184607 0.312160123705959 0.732213358818384 0.753166084362015 2.80427804972444 1 9.28386650822955 6.25177542276363 0.0482147115572224 6.28847794698865 223.426472684929
0 1.3448276808383 0.227827824534016 0.809166886868097 0.300485318734605 1.99260979412956 0.966666666666667 9.07926507398086 6.02160904990595 0.0469977277551951 5.98904783610955 236.70801435467
0.00420168067226891 1.38690326915867 0.217726509827569 0.788017648448329 0.49935984527338 2.21061509371651 1 9.48964747204577 6.45880839226201 0.048275114454551 6.46328943352424 229.470077387533
0 1.44844191441656 0.30846336032289 0.67294513430623 0.72360075481502 2.71321769564405 1 9.06143038016737 6.09522378139883 0.05149829396427 5.99038062654494 229.932818698399
0.00420168067226891 1.39950481847108 0.280595453536137 0.683554046577421 0.407511873758034 1.73811312710991 1 9.2558585222752 6.12037067634082 0.043478537826742 6.18908514119111 240.927988538217
0 1.31756369802169 0.165930112171918 0.631840676162392 0.588344991859049 1.78464712481946 0.966666666666667 9.18849662853623 6.06097452625103 0.0438262598067204 6.06169802803105 234.497570141961
0.00420168067226891 1.36119915438752 0.23811634780554 0.668824577769419 0.578526132422502 2.04391363238446 0.966666666666667 9.03558049828606 5.95824647167839 0.0460819462753746 5.90338677099587 244.304675246
0 1.41357756928686 0.206758899233227 0.652754210990518 0.71242795829543 2.46337040924013 1 9.51782507172414 6.55791407462197 0.0518235294117647 6.44925852432217 234.137842305578
0.00420168067226891 1.36429292347942 0.194445277969861 0.832007384731422 0.55472341164445 2.3157825845244 1 9.40865283444596 6.33138321889527 0.0460849145578358 6.33090855411835 235.80439077071
0 1.35991651966821 0.204945342233855 0.646399684798683 0.686912957213374 1.61230181448208 1 9.30079331996061 5.96938933945612 0.0357428875064327 6.19099823278306 239.215920649822
0 1.38984580169591 0.248303881197013 0.697260173941 0.830424474868665 2.27802847677183 1 9.44961708121315 6.22567991238924 0.039798057722534 6.38142112839298 229.527107485768
0.00420168067226891 1.36464192870852 0.214670649048822 0.766351694961957 0.472902669700313 1.82902322749139 1 9.21534118039756 6.04524225278845 0.0419994427934621 6.22449242049617 236.230773182802
0 1.40182854907708 0.264614452803674 0.808056229933705 0.561308776112074 2.19687849903036 1 9.32602639562418 6.17489659818596 0.0428037399827194 6.30335130825658 221.410483465605
0.00420168067226891 1.36464192870852 0.214670649048822 0.766351694961957 0.472902669700313 1.82902322749139 1 9.21534118039756 6.04524225278845 0.0419994427934621 6.22449242049617 236.230773182802
0.00420168067226891 1.31997039079926 0.119646635945761 0.879330514355603 0.366135792374629 2.09647887251611 1 9.1593873705596 6.09432193254769 0.0466507890296987 6.16947125275066 227.821205195272
0 1.40182854907708 0.264614452803674 0.808056229933705 0.561308776112074 2.19687849903036 1 9.32602639562418 6.17489659818596 0.0428037399827194 6.30335130825658 221.410483465605
0 1.32520199584368 0.191141719486348 0.643766724649755 0.68082014904952 2.2113612337787 0.966666666666667 8.93259042149437 5.88389853599797 0.0474209158241188 5.77637040872172 241.88963251155
0.00420168067226891 1.33177465674183 0.208018895148597 0.637833394738808 0.569495675672536 2.05153524025758 1 8.95380806851662 5.90599743167791 0.0474627238614676 5.78955234054902 243.105714621
0.00420168067226891 1.37277910238727 0.192703983933204 0.689827032601416 0.323749334893783 1.43168211895985 1 9.61732654490073 6.41863678587672 0.0408156472924548 6.65535454660081 236.53554108949
0 1.35991651966821 0.204945342233855 0.646399684798683 0.686912957213374 1.61230181448208 1 9.30079331996061 5.96938933945612 0.0357428875064327 6.19099823278306 239.215920649822
0.00420168067226891 1.36793704457771 0.237035160432953 0.669056842499721 0.834397896095731 1.95081312369986 1 9.07427243169966 5.74161333352043 0.0356980541180514 5.94052206837041 253.281027647653
0.00420168067226891 1.31997039079926 0.119646635945761 0.879330514355603 0.366135792374629 2.09647887251611 1 9.1593873705596 6.09432193254769 0.0466507890296987 6.16947125275066 227.821205195272
0.00420168067226891 1.36464192870852 0.214670649048822 0.766351694961957 0.472902669700313 1.82902322749139 1 9.21534118039756 6.04524225278845 0.0419994427934621 6.22449242049617 236.230773182802
0.00420168067226891 1.33855424623813 0.234052575065785 0.631713716714764 0.44130982760199 1.6724928127728 1 9.02390235417039 5.89357604628886 0.0437035341181574 5.84692035464806 259.627617730931
0.00420168067226891 1.38690326915867 0.217726509827569 0.788017648448329 0.49935984527338 2.21061509371651 1 9.48964747204577 6.45880839226201 0.048275114454551 6.46328943352424 229.470077387533
0 1.35360865309457 0.182750428419738 0.670853553106396 0.451792909028413 2.2409188846035 1 9.278413264857 6.42367977029206 0.0575711621041749 6.19868194787193 250.986561282978
0.00420168067226891 1.351601388392 0.185616024704856 0.739897327551007 0.753637741824624 2.02386104076684 1 9.11038743121717 5.87014401187143 0.0391543630094598 6.00569612935471 246.483139844651
0 1.45362126184607 0.312160123705959 0.732213358818384 0.753166084362015 2.80427804972444 1 9.28386650822955 6.25177542276363 0.0482147115572224 6.28847794698865 223.426472684929
0.00420168067226891 1.351601388392 0.185616024704856 0.739897327551007 0.753637741824624 2.02386104076684 1 9.11038743121717 5.87014401187143 0.0391543630094598 6.00569612935471 246.483139844651
0.00420168067226891 1.34675056630937 0.152613350550626 0.767846421788691 0.443611334605596 1.46039871555828 1 9.37510311557256 6.06649471295797 0.0365670249396439 6.32070834041502 257.997911356736
0 1.44844191441656 0.30846336032289 0.67294513430623 0.72360075481502 2.71321769564405 1 9.06143038016737 6.09522378139883 0.05149829396427 5.99038062654494 229.932818698399
0.00420168067226891 1.31997039079926 0.119646635945761 0.879330514355603 0.366135792374629 2.09647887251611 1 9.1593873705596 6.09432193254769 0.0466507890296987 6.16947125275066 227.821205195272
0.00420168067226891 1.35765515590615 0.198290533886322 0.743849174359513 0.569212214062556 1.73086035548441 1 9.02335596095457 5.78187456315983 0.0391059207432978 5.94873100452108 243.368911631732
0 1.35339941986527 0.217558372906469 0.800283066267283 0.566517720125978 2.27055114850621 1 8.96847685707387 5.88758441662059 0.0459182590458885 5.86976761213046 226.0764522256
0 1.44844191441656 0.30846336032289 0.67294513430623 0.72360075481502 2.71321769564405 1 9.06143038016737 6.09522378139883 0.05149829396427 5.99038062654494 229.932818698399
0.00420168067226891 1.3364856442226 0.109816336312081 0.896848958567953 0.576227834104742 2.20475635202714 1 9.42004738935343 6.26415987725144 0.0426005756834552 6.4534675061764 229.466947211207
0.00420168067226891 1.30901749436415 0.17433484231065 0.620248995615949 0.61004594768771 1.78460049720608 1 8.96829853432621 5.83899301228291 0.0437481688442382 5.84315786890131 243.090863272277
0 1.37976915683423 0.234942115580429 0.680141747752409 0.789643039169474 2.66933468372391 1 9.23196160604207 6.21180417108946 0.0487935359492688 6.21380777825142 226.483056366824
0.00420168067226891 1.35641570004616 0.14118320299273 0.665326424625619 0.662502160602161 1.62081562872749 1 9.5047025825396 6.21073393687359 0.0371062950573779 6.64703965476017 249.644106550346
0 1.35339941986527 0.217558372906469 0.800283066267283 0.566517720125978 2.27055114850621 1 8.96847685707387 5.88758441662059 0.0459182590458885 5.86976761213046 226.0764522256
0.00420168067226891 1.32739347996095 0.135834659315651 0.693030746885002 0.581287439338998 2.11684451743544 1 9.4139150286766 6.42524712637566 0.050354469139294 6.2767687947738 246.747336756683
0.00420168067226891 1.36429292347942 0.194445277969861 0.832007384731422 0.55472341164445 2.3157825845244 1 9.40865283444596 6.33138321889527 0.0460849145578358 6.33090855411835 235.80439077071
0.00420168067226891 1.38690326915867 0.217726509827569 0.788017648448329 0.49935984527338 2.21061509371651 1 9.48964747204577 6.45880839226201 0.048275114454551 6.46328943352424 229.470077387533
0.00420168067226891 1.36185705281449 0.193524474473266 0.698616927371377 0.464513022284115 1.81896618182635 1 9.39615581802439 6.29206284482631 0.0448651940430715 6.40792454483825 243.047309708042
0 1.41375285505957 0.299975930541821 0.610801546932532 0.611367651382911 1.92512316556992 1 9.088146372306 5.93700836131192 0.0428033884132538 6.03212652882687 227.723996081833
0 1.41302201751438 0.274461683215902 0.631346438100439 0.859137141296833 2.73761837636525 1 9.10426478590162 6.05982388462133 0.0476229304651102 5.99495843636224 226.528379944698
0 1.36493056120206 0.206177076829341 0.730102951353908 0.743303458411311 2.31864025129844 0.966666666666667 9.06515512936784 5.91638793621392 0.0429049878394003 5.97582565322353 243.157825746482
0.00420168067226891 1.37277910238727 0.192703983933204 0.689827032601416 0.323749334893783 1.43168211895985 1 9.61732654490073 6.41863678587672 0.0408156472924548 6.65535454660081 236.53554108949
0.00420168067226891 1.33177465674183 0.208018895148597 0.637833394738808 0.569495675672536 2.05153524025758 1 8.95380806851662 5.90599743167791 0.0474627238614676 5.78955234054902 243.105714621
0.00420168067226891 1.30901749436415 0.17433484231065 0.620248995615949 0.61004594768771 1.78460049720608 1 8.96829853432621 5.83899301228291 0.0437481688442382 5.84315786890131 243.090863272277
0.00420168067226891 1.36793704457771 0.237035160432953 0.669056842499721 0.834397896095731 1.95081312369986 1 9.07427243169966 5.74161333352043 0.0356980541180514 5.94052206837041 253.281027647653
0 1.41375285505957 0.299975930541821 0.610801546932532 0.611367651382911 1.92512316556992 1 9.088146372306 5.93700836131192 0.0428033884132538 6.03212652882687 227.723996081833
0 1.37641569145501 0.298290704410425 0.622121164532094 0.628630687711599 2.05059617380028 1 8.87051318044889 5.73398831671327 0.0434334731795025 5.76456394691606 238.512691637523
0 1.32520199584368 0.191141719486348 0.643766724649755 0.68082014904952 2.2113612337787 0.966666666666667 8.93259042149437 5.88389853599797 0.0474209158241188 5.77637040872172 241.88963251155
0 1.36493056120206 0.206177076829341 0.730102951353908 0.743303458411311 2.31864025129844 0.966666666666667 9.06515512936784 5.91638793621392 0.0429049878394003 5.97582565322353 243.157825746482
0 1.44000619449077 0.306846548049717 0.645573552830406 0.781283710669494 2.28716890966192 0.966666666666667 9.38101680048984 6.221686436054 0.0424541603797995 6.31672888907502 230.205108258687
0.00420168067226891 1.38713708989246 0.253848632776313 0.627434709278088 0.826394294569968 2.04155223355333 1 9.09737322130766 5.83471326642556 0.0382864222963643 5.96117714616953 248.002191084085
0.00420168067226891 1.36464192870852 0.214670649048822 0.766351694961957 0.472902669700313 1.82902322749139 1 9.21534118039756 6.04524225278845 0.0419994427934621 6.22449242049617 236.230773182802
0 1.36132022794871 0.193712018317155 0.920729251415191 0.492193957028994 2.55900192703651 1 9.0759171532215 6.05966821836945 0.048984618669595 6.041444479413 226.003664139632
0.00420168067226891 1.36793704457771 0.237035160432953 0.669056842499721 0.834397896095731 1.95081312369986 1 9.07427243169966 5.74161333352043 0.0356980541180514 5.94052206837041 253.281027647653
0.00420168067226891 1.34403750051367 0.122644717103771 0.632768281980237 0.833656001004743 2.38246739795608 1 9.42774750143846 6.37314912655074 0.0471416502393692 6.29667951610207 252.205967419737
0.00420168067226891 1.351601388392 0.185616024704856 0.739897327551007 0.753637741824624 2.02386104076684 1 9.11038743121717 5.87014401187143 0.0391543630094598 6.00569612935471 246.483139844651
0.00420168067226891 1.3364856442226 0.109816336312081 0.896848958567953 0.576227834104742 2.20475635202714 1 9.42004738935343 6.26415987725144 0.0426005756834552 6.4534675061764 229.466947211207
0 1.41743681554974 0.271080334767713 0.675910457332921 0.897725532066655 2.9328949773668 1 9.01953089448587 5.98452384942865 0.0480743241880373 5.91458350277202 229.127828316614
0.00420168067226891 1.31997039079926 0.119646635945761 0.879330514355603 0.366135792374629 2.09647887251611 1 9.1593873705596 6.09432193254769 0.0466507890296987 6.16947125275066 227.821205195272
0 1.45371568348288 0.314882297426076 0.696358266085948 0.573444448641544 2.14685577172892 1 9.43001123381142 6.33930054237951 0.0454696280438855 6.40108766536481 221.073709737015
0 1.44844191441656 0.30846336032289 0.67294513430623 0.72360075481502 2.71321769564405 1 9.06143038016737 6.09522378139883 0.05149829396427 5.99038062654494 229.932818698399
0 1.45362126184607 0.312160123705959 0.732213358818384 0.753166084362015 2.80427804972444 1 9.28386650822955 6.25177542276363 0.0482147115572224 6.28847794698865 223.426472684929
0.00420168067226891 1.36464192870852 0.214670649048822 0.766351694961957 0.472902669700313 1.82902322749139 1 9.21534118039756 6.04524225278845 0.0419994427934621 6.22449242049617 236.230773182802
0 1.4081387380387 0.325854587894288 0.771260948918486 0.397804291337309 2.22162618278897 1 9.15969248330464 6.10813585391167 0.0472852614452424 6.10285683499753 223.539255856932
0.00420168067226891 1.27988065309193 0.117301176483806 0.710564870718258 0.300331941298742 1.381525117582 1 8.95432921703636 5.76707021389212 0.041284877712711 5.77527592080245 259.467742756666
0.00420168067226891 1.33732461288877 0.203734946460799 0.677617646516099 0.689015323441232 2.18459514376437 0.966666666666667 9.03023979525491 5.92490098845954 0.0448093342801935 5.91042277731966 245.816371874179
0 1.45128023802469 0.349766153461221 0.686154498662265 0.382938276377355 1.64824951613988 1 9.40440657846296 6.1920215997494 0.0402604782939331 6.3441147359081 226.318169421863
0 1.40182854907708 0.264614452803674 0.808056229933705 0.561308776112074 2.19687849903036 1 9.32602639562418 6.17489659818596 0.0428037399827194 6.30335130825658 221.410483465605
0.00420168067226891 1.39130134903244 0.247361937179841 0.618276302743375 0.403310670390405 1.59321837578553 0.966666666666667 9.22670233375383 6.10779058315843 0.0442052485887972 6.16375028088867 249.811486822528
0 1.38984580169591 0.248303881197013 0.697260173941 0.830424474868665 2.27802847677183 1 9.44961708121315 6.22567991238924 0.039798057722534 6.38142112839298 229.527107485768
0 1.31756369802169 0.165930112171918 0.631840676162392 0.588344991859049 1.78464712481946 0.966666666666667 9.18849662853623 6.06097452625103 0.0438262598067204 6.06169802803105 234.497570141961
0.00420168067226891 1.38674655800005 0.222120639334559 0.664878763993791 0.728723765521251 1.70493819130669 1 9.35968523663631 6.02739459554781 0.0357112097427093 6.29514299264436 250.960255900175
0.00420168067226891 1.34675056630937 0.152613350550626 0.767846421788691 0.443611334605596 1.46039871555828 1 9.37510311557256 6.06649471295797 0.0365670249396439 6.32070834041502 257.997911356736
0 1.45362126184607 0.312160123705959 0.732213358818384 0.753166084362015 2.80427804972444 1 9.28386650822955 6.25177542276363 0.0482147115572224 6.28847794698865 223.426472684929
0 1.30915816576806 0.115344698276019 0.879856503351428 0.853934676774057 2.75445037074122 1 8.95049825754593 5.79626036448301 0.0426709083993222 5.85974104307712 227.2689770062
0 1.40487750640985 0.271806526381007 0.768882408749961 0.633132305174888 2.582241783013 1 9.232186661206 6.20785199392518 0.0485901391271451 6.27073635219979 225.725902027079
0.00420168067226891 1.36464192870852 0.214670649048822 0.766351694961957 0.472902669700313 1.82902322749139 1 9.21534118039756 6.04524225278845 0.0419994427934621 6.22449242049617 236.230773182802
0 1.41375285505957 0.299975930541821 0.610801546932532 0.611367651382911 1.92512316556992 1 9.088146372306 5.93700836131192 0.0428033884132538 6.03212652882687 227.723996081833
0 1.44844191441656 0.30846336032289 0.67294513430623 0.72360075481502 2.71321769564405 1 9.06143038016737 6.09522378139883 0.05149829396427 5.99038062654494 229.932818698399
0.00420168067226891 1.36429292347942 0.194445277969861 0.832007384731422 0.55472341164445 2.3157825845244 1 9.40865283444596 6.33138321889527 0.0460849145578358 6.33090855411835 235.80439077071
0.00420168067226891 1.38713708989246 0.253848632776313 0.627434709278088 0.826394294569968 2.04155223355333 1 9.09737322130766 5.83471326642556 0.0382864222963643 5.96117714616953 248.002191084085
0.00420168067226891 1.36429292347942 0.194445277969861 0.832007384731422 0.55472341164445 2.3157825845244 1 9.40865283444596 6.33138321889527 0.0460849145578358 6.33090855411835 235.80439077071
0.00420168067226891 1.35256251761978 0.222908374533473 0.664850641037577 0.693958461625874 1.72950356065213 1 9.10101645686143 5.79707040907976 0.0367379114422977 5.92816969673567 255.267047186987
0 1.37976915683423 0.234942115580429 0.680141747752409 0.789643039169474 2.66933468372391 1 9.23196160604207 6.21180417108946 0.0487935359492688 6.21380777825142 226.483056366824
0 1.41430878729513 0.299652589950589 0.781869521733827 0.43137100713942 1.71846063011107 0.966666666666667 9.28158587679228 6.02127440588041 0.0383764430101312 6.16244328099306 239.557894443205
0 1.35339941986527 0.217558372906469 0.800283066267283 0.566517720125978 2.27055114850621 1 8.96847685707387 5.88758441662059 0.0459182590458885 5.86976761213046 226.0764522256
0 1.41375285505957 0.299975930541821 0.610801546932532 0.611367651382911 1.92512316556992 1 9.088146372306 5.93700836131192 0.0428033884132538 6.03212652882687 227.723996081833
0 1.45128023802469 0.349766153461221 0.686154498662265 0.382938276377355 1.64824951613988 1 9.40440657846296 6.1920215997494 0.0402604782939331 6.3441147359081 226.318169421863
0.00420168067226891 1.36429292347942 0.194445277969861 0.832007384731422 0.55472341164445 2.3157825845244 1 9.40865283444596 6.33138321889527 0.0460849145578358 6.33090855411835 235.80439077071
0 1.31756369802169 0.165930112171918 0.631840676162392 0.588344991859049 1.78464712481946 0.966666666666667 9.18849662853623 6.06097452625103 0.0438262598067204 6.06169802803105 234.497570141961
0 1.45362126184607 0.312160123705959 0.732213358818384 0.753166084362015 2.80427804972444 1 9.28386650822955 6.25177542276363 0.0482147115572224 6.28847794698865 223.426472684929
0.00420168067226891 1.39950481847108 0.280595453536137 0.683554046577421 0.407511873758034 1.73811312710991 1 9.2558585222752 6.12037067634082 0.043478537826742 6.18908514119111 240.927988538217
0.00420168067226891 1.36429292347942 0.194445277969861 0.832007384731422 0.55472341164445 2.3157825845244 1 9.40865283444596 6.33138321889527 0.0460849145578358 6.33090855411835 235.80439077071
0.00420168067226891 1.37729114024723 0.187990338150522 0.665626340225975 0.557532688664978 1.79068586597692 1 9.56213509364496 6.42993450868183 0.0436216983012298 6.6082704944112 236.850142830052
0 1.40487750640985 0.271806526381007 0.768882408749961 0.633132305174888 2.582241783013 1 9.232186661206 6.20785199392518 0.0485901391271451 6.27073635219979 225.725902027079
0.00420168067226891 1.3364856442226 0.109816336312081 0.896848958567953 0.576227834104742 2.20475635202714 1 9.42004738935343 6.26415987725144 0.0426005756834552 6.4534675061764 229.466947211207
0 1.41375285505957 0.299975930541821 0.610801546932532 0.611367651382911 1.92512316556992 1 9.088146372306 5.93700836131192 0.0428033884132538 6.03212652882687 227.723996081833
0.00420168067226891 1.351601388392 0.185616024704856 0.739897327551007 0.753637741824624 2.02386104076684 1 9.11038743121717 5.87014401187143 0.0391543630094598 6.00569612935471 246.483139844651
0 1.38583607111508 0.261025998563404 0.779877879299672 0.669876145140927 2.76386824704692 1 9.04354564761562 6.04973345523196 0.0500960962853272 5.95488700436673 232.106906419604
0.00420168067226891 1.33177465674183 0.208018895148597 0.637833394738808 0.569495675672536 2.05153524025758 1 8.95380806851662 5.90599743167791 0.0474627238614676 5.78955234054902 243.105714621
0 1.44000619449077 0.306846548049717 0.645573552830406 0.781283710669494 2.28716890966192 0.966666666666667 9.38101680048984 6.221686436054 0.0424541603797995 6.31672888907502 230.205108258687
0 1.31756369802169 0.165930112171918 0.631840676162392 0.588344991859049 1.78464712481946 0.966666666666667 9.18849662853623 6.06097452625103 0.0438262598067204 6.06169802803105 234.497570141961
0.00420168067226891 1.29894196073291 0.162264951526599 0.641607713642586 0.599834955790772 1.5926559023626 1 9.13873695311649 5.89834363577233 0.0391484942886812 5.94288686036362 246.402444058814
0 1.44000619449077 0.306846548049717 0.645573552830406 0.781283710669494 2.28716890966192 0.966666666666667 9.38101680048984 6.221686436054 0.0424541603797995 6.31672888907502 230.205108258687
0.00420168067226891 1.36793704457771 0.237035160432953 0.669056842499721 0.834397896095731 1.95081312369986 1 9.07427243169966 5.74161333352043 0.0356980541180514 5.94052206837041 253.281027647653
0.00420168067226891 1.351601388392 0.185616024704856 0.739897327551007 0.753637741824624 2.02386104076684 1 9.11038743121717 5.87014401187143 0.0391543630094598 6.00569612935471 246.483139844651
0.00420168067226891 1.36429292347942 0.194445277969861 0.832007384731422 0.55472341164445 2.3157825845244 1 9.40865283444596 6.33138321889527 0.0460849145578358 6.33090855411835 235.80439077071
0.00420168067226891 1.36793704457771 0.237035160432953 0.669056842499721 0.834397896095731 1.95081312369986 1 9.07427243169966 5.74161333352043 0.0356980541180514 5.94052206837041 253.281027647653
0 1.31756369802169 0.165930112171918 0.631840676162392 0.588344991859049 1.78464712481946 0.966666666666667 9.18849662853623 6.06097452625103 0.0438262598067204 6.06169802803105 234.497570141961
0 1.31756369802169 0.165930112171918 0.631840676162392 0.588344991859049 1.78464712481946 0.966666666666667 9.18849662853623 6.06097452625103 0.0438262598067204 6.06169802803105 234.497570141961
0.00420168067226891 1.37676587352377 0.241844443105933 0.75899641025169 0.482092092162931 1.89304049497527 1 9.22897237972406 6.08980044782884 0.043318653849929 6.14967838966961 235.000709258269
0 1.40165934272477 0.282267770314404 0.71691209944438 0.765246673841056 2.50043766735233 0.966666666666667 9.05910039447066 5.9414408638459 0.0442606379564855 6.01008324191915 233.201983253824
0.00420168067226891 1.37676587352377 0.241844443105933 0.75899641025169 0.482092092162931 1.89304049497527 1 9.22897237972406 6.08980044782884 0.043318653849929 6.14967838966961 235.000709258269
0 1.39960786114575 0.268128867104669 0.628885105003955 0.455740024568044 1.84814200877601 0.966666666666667 9.35019226532812 6.27534630405143 0.0461967439210866 6.31479664176956 234.689796549567
0.00420168067226891 1.39950481847108 0.280595453536137 0.683554046577421 0.407511873758034 1.73811312710991 1 9.2558585222752 6.12037067634082 0.043478537826742 6.18908514119111 240.927988538217
0.00420168067226891 1.36426082804771 0.220203385126864 0.811409941193611 0.693375080748113 2.55409640674534 1 9.25986994525499 6.17260485094173 0.0456265682844118 6.16078529172469 230.580863761705
0.00420168067226891 1.36464192870852 0.214670649048822 0.766351694961957 0.472902669700313 1.82902322749139 1 9.21534118039756 6.04524225278845 0.0419994427934621 6.22449242049617 236.230773182802
0 1.45128023802469 0.349766153461221 0.686154498662265 0.382938276377355 1.64824951613988 1 9.40440657846296 6.1920215997494 0.0402604782939331 6.3441147359081 226.318169421863
0 1.40182854907708 0.264614452803674 0.808056229933705 0.561308776112074 2.19687849903036 1 9.32602639562418 6.17489659818596 0.0428037399827194 6.30335130825658 221.410483465605
0 1.37980338587323 0.174498527155679 0.840860911979528 0.590906090665387 2.21301400470873 1 9.45824677731622 6.31932840919259 0.0433296392838747 6.50408855281535 224.37554260419
0 1.40842260133253 0.308315425850155 0.643463603859097 0.721757139832742 2.33693000883102 1 8.89272587193804 5.78515762756352 0.0447095459437181 5.85057280007717 233.225960331534
0 1.40487750640985 0.271806526381007 0.768882408749961 0.633132305174888 2.582241783013 1 9.232186661206 6.20785199392518 0.0485901391271451 6.27073635219979 225.725902027079
0.00420168067226891 1.32981473385844 0.192004195486881 0.692113987021544 0.315415605621425 1.56882251008002 0.966666666666667 9.24835014002972 6.11893233455878 0.0437432569256561 6.12044898003036 251.545574042608
0 1.37951720279951 0.214397494802735 0.906765055879288 0.793223137870799 2.87190516328858 1 8.98826708106227 5.85402074909211 0.0435325505604415 5.9622931698077 225.00245166702
0.00420168067226891 1.35496138144685 0.208400881503865 0.655000320590152 0.45836833017072 1.92214087387804 0.966666666666667 9.19564324114865 6.19052736755953 0.0495330144277371 6.10602400180112 250.859534979627
0 1.40842260133253 0.308315425850155 0.643463603859097 0.721757139832742 2.33693000883102 1 8.89272587193804 5.78515762756352 0.0447095459437181 5.85057280007717 233.225960331534
0.00420168067226891 1.37639784025182 0.257827267550514 0.680454753612359 0.519321008976187 1.88266216287895 1 9.07696515763139 5.94060975305633 0.04344083400307 5.965035010271 239.591047921554
0.00420168067226891 1.351601388392 0.185616024704856 0.739897327551007 0.753637741824624 2.02386104076684 1 9.11038743121717 5.87014401187143 0.0391543630094598 6.00569612935471 246.483139844651
0.00420168067226891 1.35496138144685 0.208400881503865 0.655000320590152 0.45836833017072 1.92214087387804 0.966666666666667 9.19564324114865 6.19052736755953 0.0495330144277371 6.10602400180112 250.859534979627
0.00420168067226891 1.31997039079926 0.119646635945761 0.879330514355603 0.366135792374629 2.09647887251611 1 9.1593873705596 6.09432193254769 0.0466507890296987 6.16947125275066 227.821205195272
0 1.45371568348288 0.314882297426076 0.696358266085948 0.573444448641544 2.14685577172892 1 9.43001123381142 6.33930054237951 0.0454696280438855 6.40108766536481 221.073709737015
0 1.41542551222414 0.188321659514571 0.611936144833227 0.402649191202361 1.50185976824352 1 9.80166890519893 6.66048978554752 0.043231792381107 7.05499642860369 232.2887670632
0.00420168067226891 1.39511889656056 0.258933628460225 0.655783192743684 0.641790088349937 2.01416351595054 0.966666666666667 9.30929593690054 6.15361271822819 0.0426092795902113 6.29022724344974 242.392448727447
0 1.40182854907708 0.264614452803674 0.808056229933705 0.561308776112074 2.19687849903036 1 9.32602639562418 6.17489659818596 0.0428037399827194 6.30335130825658 221.410483465605
0.00420168067226891 1.37149910976436 0.222916496048959 0.70058782649555 0.589915467595951 2.11674115720054 1 9.42279499974478 6.34808948979667 0.0462032327708193 6.40500804806742 234.530672963099
0.00420168067226891 1.33177465674183 0.208018895148597 0.637833394738808 0.569495675672536 2.05153524025758 1 8.95380806851662 5.90599743167791 0.0474627238614676 5.78955234054902 243.105714621
0.00420168067226891 1.351601388392 0.185616024704856 0.739897327551007 0.753637741824624 2.02386104076684 1 9.11038743121717 5.87014401187143 0.0391543630094598 6.00569612935471 246.483139844651
0.00420168067226891 1.3364856442226 0.109816336312081 0.896848958567953 0.576227834104742 2.20475635202714 1 9.42004738935343 6.26415987725144 0.0426005756834552 6.4534675061764 229.466947211207
0.00420168067226891 1.31997039079926 0.119646635945761 0.879330514355603 0.366135792374629 2.09647887251611 1 9.1593873705596 6.09432193254769 0.0466507890296987 6.16947125275066 227.821205195272
0 1.40842260133253 0.308315425850155 0.643463603859097 0.721757139832742 2.33693000883102 1 8.89272587193804 5.78515762756352 0.0447095459437181 5.85057280007717 233.225960331534
0 1.31756369802169 0.165930112171918 0.631840676162392 0.588344991859049 1.78464712481946 0.966666666666667 9.18849662853623 6.06097452625103 0.0438262598067204 6.06169802803105 234.497570141961
0.00420168067226891 1.38674655800005 0.222120639334559 0.664878763993791 0.728723765521251 1.70493819130669 1 9.35968523663631 6.02739459554781 0.0357112097427093 6.29514299264436 250.960255900175
0.00420168067226891 1.3396566773425 0.196667784066532 0.610224827735859 0.751635781760611 1.85207319507815 0.966666666666667 9.0602269338092 5.81196658641885 0.0388417201905624 5.89847924887781 259.169283601843
0.00420168067226891 1.36426082804771 0.220203385126864 0.811409941193611 0.693375080748113 2.55409640674534 1 9.25986994525499 6.17260485094173 0.0456265682844118 6.16078529172469 230.580863761705
0.00420168067226891 1.36464192870852 0.214670649048822 0.766351694961957 0.472902669700313 1.82902322749139 1 9.21534118039756 6.04524225278845 0.0419994427934621 6.22449242049617 236.230773182802
0.00420168067226891 1.31997039079926 0.119646635945761 0.879330514355603 0.366135792374629 2.09647887251611 1 9.1593873705596 6.09432193254769 0.0466507890296987 6.16947125275066 227.821205195272
0 1.31756369802169 0.165930112171918 0.631840676162392 0.588344991859049 1.78464712481946 0.966666666666667 9.18849662853623 6.06097452625103 0.0438262598067204 6.06169802803105 234.497570141961
0.00420168067226891 1.39446997952169 0.224216611279183 0.619272867034203 0.482819521374679 1.85916150354743 1 9.40868017119092 6.39024066706535 0.0488774319119331 6.39926027055443 248.308844703283
0 1.40182854907708 0.264614452803674 0.808056229933705 0.561308776112074 2.19687849903036 1 9.32602639562418 6.17489659818596 0.0428037399827194 6.30335130825658 221.410483465605
0 1.41430878729513 0.299652589950589 0.781869521733827 0.43137100713942 1.71846063011107 0.966666666666667 9.28158587679228 6.02127440588041 0.0383764430101312 6.16244328099306 239.557894443205
0 1.36493056120206 0.206177076829341 0.730102951353908 0.743303458411311 2.31864025129844 0.966666666666667 9.06515512936784 5.91638793621392 0.0429049878394003 5.97582565322353 243.157825746482
