0.00337837837837838 1.43122972357394 0.191072127635301 0.841306771518406 0.82969626648118 2.80975568803774 8.21292811942643 4.95438882925037 0.0384445133017573 5.5824984196181
0.00337837837837838 1.33131223949604 0.263401960209012 0.875721752422396 0.751817092113197 2.89026890276 6.77847017723907 3.45302244952674 0.035956416464891 4.08579750164364
0.00337837837837838 1.46862068357436 0.369978941511789 0.721363453668617 0.764585548718847 2.3103362164953 7.66984999666811 4.32730642247365 0.035346935727753 4.82767353241488
0.00337837837837838 1.43463910613209 0.189785133698024 0.8916732695885 0.723179313819855 2.53110100887716 8.3517140023174 5.01879634637695 0.0356888253022414 5.70683337148946
0 1.58320914625656 0.246024849731475 0.674441117141396 0.889189172443003 1.55875578196719 8.62728002043815 4.95992662410419 0.0255439853693129 6.275703197782
0.00337837837837838 1.37329799003246 0.238608289109124 0.744675399289186 0.603366077538402 2.0281685929569 8.03343276111039 4.75227748580769 0.0375848109122198 5.2548878086207
0 1.16407883642241 0.308790395176038 0.602901798835956 0.683496918389574 2.7882520891726 5.7209360937808 2.57949506846392 0.0432204712123576 3.41146198027404
0.00337837837837838 1.45874984812964 0.145575400311144 0.713899869024465 0.746091948794723 1.69298847967217 8.58277071342175 5.12359948149509 0.0314558207985321 6.23011982025159
0 1.25863638692535 0.262178744096309 0.741569911618717 0.789517356455326 1.12713817832991 6.492916588563 2.54511399640539 0.0192970587287781 3.81279024875148
0 1.64333984497935 0.136938961222768 0.75083809888456 0.581204698886722 1.74214190803468 8.63064835681953 5.36529431854514 0.0381834143002745 6.50966912927388
0.00337837837837838 1.34698028685525 0.267088550329208 0.903102210734505 0.379549433570355 1.65083687845618 7.23413112545182 3.6387053540234 0.0274489936904159 4.56678316776778
0 1.30315825934522 0.325962941395119 0.703627435432281 0.766401209263131 2.60437804600224 6.19821921214415 2.95224716161425 0.0389307033480405 3.67495314441574
0 1.61632921043783 0.146934035560116 0.893091699597426 0.540801604650915 1.25163554260507 8.63300738710528 4.86409154189852 0.0230770688446306 6.4120627963821
0.00337837837837838 1.3384609820554 0.282931760791689 0.691575470473617 0.432642065361142 1.56137330876663 7.20059589822322 3.85809466340259 0.0353484323265611 4.27173499952438
0 1.20882020026911 0.208325383276679 0.656238250085153 0.366233403375372 1.51409556576982 6.27660076799164 2.8530683973662 0.0325970863416927 3.63997564712377
0.00337837837837838 1.47292505691294 0.239957315963693 0.902029979485087 0.532002311618999 2.40103388205171 8.45885454172994 5.12654862803779 0.0357106643437221 5.89362399469638
0.00337837837837838 1.37174251277465 0.384618293284439 0.751679890824016 0.795712126744911 2.51230396609753 6.59600352912727 3.15221259916406 0.0319433604638198 4.04305126783455
0.00337837837837838 1.49087366588601 0.316649224611954 0.817468161813926 0.382165134260874 1.11475817906306 8.51027347195103 4.67068479309872 0.0215024439363108 5.97904398023252
0.00337837837837838 1.48156377463646 0.184709002237535 0.850248430429136 0.657345873876251 2.46589313302678 8.43718653751452 5.18966345174055 0.0388703672588675 5.88944312168013
0 1.5788569468772 0.276188158779405 0.789486106205732 0.406859775306657 1.24857147783041 8.67730322184497 5.00394630594546 0.0253910909648615 6.2861098201109
0.00337837837837838 1.38135278824613 0.248584658454645 0.82076962115053 0.791305315544711 1.19656085733348 8.03335388086439 4.051962394348 0.0186596566040484 5.20959766664137
0.00337837837837838 1.58788554503096 0.3237035280857 0.871246404682287 0.420464381003303 2.24638167687145 8.6138588158267 5.26785815906333 0.0352249494322247 6.18957742869695
0.00337837837837838 1.5534380975645 0.218286044592969 0.905268912785687 0.822385397739708 1.93712013587356 8.5985851422978 4.95060216398078 0.0260436063554807 6.18863366464996
0 1.55102675242815 0.16112760163378 0.609169284335803 0.352192048821598 2.13384135812521 8.63739325834624 5.86119314107067 0.062274694888017 6.29028335486354
0.00337837837837838 1.35458177755456 0.303684501056462 0.664036410392485 0.58153034577962 1.80135626645812 7.43833346621291 4.14313472639153 0.0370606788825473 4.60367971408436
0 1.2156212590402 0.30030345027335 0.704012348479591 0.561240128148347 1.62834452884272 6.06915631535006 2.52572864430826 0.0289140491843195 3.62434093297637
0 1.22014193269424 0.315256839990616 0.632245425030123 0.499124494800344 1.855232717935 5.87030080329212 2.46621451677585 0.0332371754672018 3.48907258297896
0.00337837837837838 1.40481401517526 0.293270755751835 0.876196760123538 0.660791187615428 1.23580547195966 7.67826969179199 3.76451686831956 0.0199654335445728 4.74723648106245
0 1.61303798863664 0.180194848147221 0.723919549235143 0.33250043601729 1.50024174666032 8.62489748888261 5.43077675621122 0.0410025617438916 6.37318047500448
0 1.21951989606023 0.188850598782301 0.798565258132294 0.454226708924398 1.45959639362991 6.42057642493622 2.84850203657131 0.0280975080417006 3.80295191037378
0.00337837837837838 1.21361391061259 0.220785713034424 0.652497435663711 0.533579165845697 1.45612152416657 6.42735108420948 2.91596730508513 0.029855572321621 3.8155121050473
0 1.56697943292093 0.278363378462382 0.756944557244424 0.721939941449091 1.54986907262355 8.64404079721872 4.99396375980828 0.0259891265666236 6.24649428728451
0.00337837837837838 1.4715992016485 0.326626560627483 0.74960830132477 0.731611834466458 2.065618599765 8.18615814644207 4.78365104339611 0.0332897045308975 5.44293705615798
0.00337837837837838 1.36707714913984 0.258544697170555 0.886858426750822 0.628019592329182 2.80797442736231 7.22988708616314 4.01457959375324 0.0401429882614366 4.3564238858129
0 1.31916383442003 0.163500424893573 0.617461783799808 0.635474626393989 2.54508690908551 7.38079002403706 4.51466477132119 0.0569190467712811 4.50996204179428
0.00337837837837838 1.41041359317452 0.28896371606924 0.755077389312055 0.710101054146025 1.75044719569528 8.12244071043658 4.58691954522689 0.0291435644189601 5.23621559044641
0 1.1723406041041 0.23947811787948 0.878928725793958 0.657642122078687 2.06891916785389 5.76635685883672 2.11933287070714 0.0260685938979101 3.39106874033898
0 1.60235569542274 0.364516523713246 0.627830922987778 0.3775022582151 2.77362021291628 8.63544545030351 5.76512840489461 0.0566809532948092 6.19977868417619
0.00337837837837838 1.40169975644217 0.303061529434555 0.703717360707103 0.554380703255096 1.2473535555374 8.05605140428993 4.38990369230076 0.0255748019263632 5.33940055144491
0 1.28767545879818 0.273169901454821 0.920734927849844 0.79009048724547 2.491794237867 6.26631464074439 2.72857878124334 0.0290790917531865 3.74347285271811
0 1.57273945966735 0.273542725923471 0.648986569151748 0.831268549058586 1.82654598122463 8.66462995468995 5.16911942807636 0.0303332585471929 6.3147429842282
0.00337837837837838 1.47367754185772 0.247549955537281 0.906296014281165 0.870118265292943 1.86053690649157 8.34058488289371 4.57512326463579 0.0231569201105347 5.78234716752686
0 1.26556176422164 0.308929010480642 0.745647685835138 0.699054791964591 1.45466432534158 6.55062568625176 2.81568086529458 0.0238744884038199 3.98729912619935
0.00337837837837838 1.23665273308977 0.138008698275486 0.908920880554878 0.535070545409852 1.61157025867892 6.86688698709388 3.18451439735089 0.0251632020000926 4.20369709914946
0 1.23693766151555 0.388023687386885 0.878333116765134 0.32734245294705 1.15614991867915 5.925823969654 1.93026037738819 0.0183970750391736 3.50372780943997
0 1.57457076255232 0.307449595071375 0.892430342058651 0.517053662845865 1.23836397798732 8.65223772438057 4.76147597629795 0.0204297777650986 6.21174686614116
0.00337837837837838 1.47230127414963 0.199445060957806 0.801886890035798 0.781902284982775 2.87371792826707 8.36555849278835 5.22173497711856 0.0431176214246098 5.79411575119077
0 1.51261952505447 0.316249667620286 0.849684630497359 0.591212304728106 1.06454414362088 8.47626915087314 4.45648075682332 0.0179567642956764 6.01426388027277
0.00337837837837838 1.38667774994876 0.138286801965407 0.7546226331663 0.845553704711952 1.68711553330198 8.38361707729483 4.79848185429934 0.0277329172484732 5.80794662277778
0.00337837837837838 1.63347611190387 0.292507484710862 0.849039883030242 0.62219095825383 2.24966807850614 8.64601141113721 5.26506215767198 0.0340151504051341 6.17751179378102
0 1.344836749346 0.397164756502025 0.846848324942402 0.791028972482309 2.50943195167929 6.42220023986321 2.79048321211633 0.0264706944494601 3.92395157629342
0.00337837837837838 1.49410713945838 0.371814364585285 0.628031248402243 0.465993841732987 1.55460623893292 8.42615591057935 4.9629873345056 0.0313303320353539 5.91079664404053
0 1.62501182230189 0.192059608735144 0.821807439927943 0.511517255986109 1.31377349095419 8.62749587442138 5.00890045680254 0.0268203213996575 6.33295986121152
0.00337837837837838 1.52042352364482 0.158786534113287 0.852403853925526 0.531304730457714 1.86757218205223 8.61010656177231 5.24801042765719 0.034662525439689 6.17854904860649
0.00337837837837838 1.45885280855 0.144067180273123 0.911050212883856 0.716229134844616 2.97877630032599 8.51827704827557 5.36929345534403 0.0428957042140967 6.03898406307596
0 1.16338413951453 0.291236881469376 0.706144625833258 0.585883802874014 1.22391854971647 5.77534753380581 1.89711998488588 0.0206874602164227 3.38308563171911
0.00337837837837838 1.48948103733477 0.391554364494271 0.90471436572932 0.603441097132398 1.38838776944155 7.86007834045686 3.93432563402641 0.0197272824293373 5.08061113384821
0.00337837837837838 1.29271523371102 0.280392377329742 0.760890166186592 0.839126895202325 1.96833173264699 6.70060024861354 3.12152100301573 0.0279013767471078 4.11157121427131
0.00337837837837838 1.44114056224722 0.311260458048659 0.634173607746002 0.746615699417153 1.25783939485656 8.33382945909291 4.55000258628083 0.0227355187934534 5.75322030724206
0 1.16265970780514 0.189534563338384 0.644323303061537 0.875493476400152 2.24699600972235 5.86039045031787 2.484906649788 0.034201567571847 3.45350867623017
0 1.31168101911899 0.139061929378659 0.653949403541628 0.514311480056495 2.51561460504308 7.5998257931883 4.74493212836325 0.0575619416546066 4.79417227679083
0.00337837837837838 1.39651706730947 0.200120741990395 0.929757052403875 0.550250106118619 2.3534237826243 7.95784820014542 4.61388212659011 0.0352966904796618 5.29278123709014
0.00337837837837838 1.37825447117199 0.26742860931854 0.716657877427018 0.359264420010883 1.41313524523074 8.07035566559363 4.66936897551037 0.0333403571258641 5.14458326660599
0 1.56251194046345 0.314385786885396 0.629778693686239 0.678665942838416 2.73389435792342 8.64026651716861 5.57416953673602 0.0466026915734047 6.29496472855946
0 1.62653420513961 0.386947466945276 0.864420126355253 0.885046552447602 1.45073669310659 8.53630146005417 4.48413185761104 0.0173846159883527 6.09501342273654
0.00337837837837838 1.48680880021086 0.334671761666862 0.739674553405667 0.773313449535043 1.85782968315708 8.29563511726248 4.71977356872709 0.0279912995196398 5.64732009703823
0 1.53388539187144 0.17588942553848 0.808000162465032 0.543898101942614 2.72804798930883 8.57336178220961 5.58439815763284 0.0503395804026561 6.14919452787387
0 1.18448101319373 0.16940411333926 0.661758141790051 0.542301640799269 2.98522777343169 6.04153148006556 3.27391818029668 0.062811738777404 3.61420847171732
0 1.35127512363251 0.348563634720631 0.902881866169628 0.782819969533011 1.2256805440411 6.69152923580533 2.55838118934944 0.0160323287815958 4.06080978113553
0 1.46615056539886 0.214953061053529 0.689244832552504 0.642831998504698 1.00999400345609 8.57176640709873 4.72031937061456 0.0212489661516105 6.13865226617999
0 1.49480076329783 0.164022400369868 0.946426307526417 0.835925826290622 1.53866869816557 8.59398832372853 4.71028067039071 0.0205744008458193 6.17165710307605
0 1.63275567777455 0.367353327502497 0.883672397641931 0.439543628320098 1.14895092509687 8.6471858300301 4.68083408990908 0.0189424140777296 6.28982688196787
0 1.17537692990154 0.374248076393269 0.920297417591792 0.784715898614377 2.63444103812799 5.49423653160737 1.77575912788161 0.0242708944999021 3.29318785783275
0 1.64119863030501 0.356897481787019 0.606030627491418 0.355429252842441 2.76143454620615 8.63698664926341 5.77666112006877 0.0572501206460953 6.28566284278756
0.00337837837837838 1.24905657276977 0.183221778296866 0.946225271048024 0.312234341679141 2.39391028648242 6.45827013327832 3.16161510400479 0.0370067470864854 3.9271257736139
0.00337837837837838 1.30299259595726 0.234527402454902 0.770848160724498 0.756315683750094 2.45858026760953 6.92511534516986 3.66415777133359 0.0383516558864535 4.10820159688353
0 1.26145622667391 0.30394579442218 0.925777217000723 0.600158989196643 1.81083611957729 6.21405794711671 2.45100509811232 0.023212767021862 3.7117411232572
0.00337837837837838 1.27172244372801 0.111207973152988 0.822476740175646 0.589781592593039 1.27533532838878 7.5394432504241 3.85199603107184 0.0250358315224929 4.61425919034529
0 1.16179605675861 0.263181726890616 0.873303330002818 0.45336406971328 2.47908540349454 5.72099777838743 2.31873307940203 0.0332977750685767 3.45183154414131
0 1.6469478007406 0.326463542249985 0.7251032100874 0.700153144681826 1.40708065638319 8.67293802847081 4.99382817577987 0.0252454369942355 6.25113287310456
0 1.61510405675508 0.229695947933942 0.627789208048489 0.524401686619967 2.74927337327972 8.67244763504989 5.89524579140825 0.0622123439187277 6.29156913955832
0 1.51578201130033 0.161128580220975 0.756801023962907 0.466556549957022 2.94259914336726 8.51494483241703 5.71442013799914 0.0607781642939769 6.09591840187301
0 1.51443747812882 0.231785188848153 0.75774510941701 0.383206488098949 1.03953235410154 8.62298281499409 4.86614887560532 0.0233575749288405 6.25544289286053
0 1.52367962836288 0.38618426581379 0.617625288013369 0.8830629367847 1.03264492982998 8.54881050354901 4.44265125649032 0.0164709139083323 6.08128659630556
0 1.45165205197409 0.149655761406757 0.912137792340945 0.321513423509896 1.16014298330992 8.57944785653896 4.79579054559674 0.0227393741973878 6.14619541573602
0 1.52221538531594 0.158444995316677 0.915786349284463 0.737039807997644 2.94884630991146 8.61708558410225 5.39969998083664 0.0400596533013831 6.21276640354282
0 1.2271882062545 0.224469269579276 0.872371593001299 0.39080244214274 2.7407754464075 5.93800516575695 2.77397664751463 0.0422551720096114 3.51980312407
0 1.28592639262788 0.240701212733984 0.664910447841976 0.507541455561295 2.83413663739339 6.76575039756686 3.96868484209335 0.0609887684535779 3.96626938198174
0 1.63177485947963 0.325904995622113 0.628797661315184 0.553380770143121 2.09803401073441 8.67968272048182 5.48105550322721 0.0408182000550816 6.37570601876452
0 1.58772414058913 0.193871733732522 0.683656671748031 0.480698353098705 2.28160927724093 8.59144686724038 5.69474173000405 0.055204813012961 6.1880998385414
0 1.64843639577739 0.244143458432518 0.750878314801957 0.523109494289383 1.23211218090728 8.64934363096383 5.03773151975796 0.0270082714145521 6.29426919482987
0 1.31865148826037 0.327307501831092 0.778883969143499 0.720588199188933 2.67313518607989 6.12328570151274 2.81042754812963 0.0364119539372465 3.59643749744767
0 1.24642596519552 0.278170768264681 0.721479330328293 0.881652538664639 1.26941429404542 6.3304498570797 2.38959646998368 0.0194316249696381 3.77014518980749
0.00337837837837838 1.23480208431269 0.229732054409878 0.66962272569228 0.718516638683558 1.93935168309953 6.49667214655951 3.16278635821716 0.0356542905139017 3.86835605877566
0.00337837837837838 1.53316449228303 0.310044489067658 0.768573402286804 0.749117881879607 1.61590558357438 8.60910614148757 4.89875318104653 0.0244688851987818 6.15407785990662
0.00337837837837838 1.35079507213086 0.308269504806958 0.889663400838617 0.593721338314936 2.29383243760094 7.04596189590675 3.56442527964053 0.0307601082162843 4.32877173113834
0 1.55801591577474 0.269255730859004 0.611241536110174 0.885381665965542 1.43543386086822 8.640691419757 4.92841243383842 0.0244218028579307 6.30170280527313
0 1.17425732649863 0.146659091464244 0.7143040674855 0.828409974882379 1.45102727226913 6.27624998650553 2.55234793058353 0.0241395898018979 3.72653364574288
0 1.23522720495239 0.381517545110546 0.645783588581253 0.815244869654998 1.53470485797152 5.88856312660784 2.0358932964341 0.0212229989294036 3.49443930840242
0.00337837837837838 1.31788288066164 0.367564894421957 0.667168706515804 0.798960577184334 2.79937794385478 6.28075436899092 2.98825759913729 0.0371609511291672 3.80144797214754
0.00337837837837838 1.23220542164054 0.115030845277943 0.702799267601222 0.419677258562297 1.32248008437455 7.27401745155677 3.91424276216646 0.0347430860488406 4.26611684339918
0.00337837837837838 1.31900758120553 0.296692004730598 0.819465702877144 0.593554299026749 2.54019304649053 6.58240018397476 3.31570000950374 0.0381320488044074 3.97107776820946
0 1.56247587034013 0.298406728822738 0.626941643224563 0.370446298923343 2.72412205068395 8.61148467070316 5.74850086834447 0.0570981362842167 6.30842625662474
0.00337837837837838 1.32785441885636 0.272908142920248 0.600993057019232 0.728287011274827 2.47619446551762 7.02541132244837 3.92942178541293 0.0452302333176095 4.16808803646765
0.00337837837837838 1.4836489403308 0.350482344844528 0.774543796575955 0.792264808160088 1.86245021362772 8.21378815849922 4.57285358451155 0.0262278206691047 5.55148563096794
0.00337837837837838 1.38934197614096 0.106585378719415 0.638672452178498 0.874557869593471 2.08414244192823 8.36095352562078 5.08062766591629 0.0376159972720852 5.89612311681537
0 1.23472131099552 0.346383296488784 0.883889962965622 0.719710983289406 2.39107927447185 5.8022469266049 2.24792668045618 0.0286008098206826 3.50293431880537
0.00337837837837838 1.27771291452173 0.242251684695219 0.919263022364915 0.414010196926163 2.70704642177912 6.40553832737175 3.19013335600255 0.0401390753554339 3.82136863716002
0 1.2469272145303 0.327738347230479 0.727585539733991 0.366881352709606 2.52449495811015 6.11353788315802 2.98809448410587 0.0439174563471066 3.62318084003883
0 1.45863027530722 0.216687039472163 0.875019591418095 0.501800043694675 1.11314770905301 8.4978772211935 4.56795562243566 0.0196452127017681 6.00755882638096
0.00337837837837838 1.22462878026985 0.17079781938002 0.657249619514827 0.684837972783629 1.26566789339282 6.68959926917897 3.08892605045194 0.0273053337961356 3.91712624081332
0.00337837837837838 1.46407093798359 0.282385426477546 0.756383452789863 0.894706077255692 2.07486313042843 8.32393531580188 4.7530622544465 0.0281312826201064 5.63449801547218
0 1.43713181428611 0.200344356708229 0.818753308767918 0.399839831795543 1.01680941693485 8.53970586869763 4.66513576715553 0.0207632620496535 6.17657388110426
0 1.64042392906267 0.341558192111552 0.807134553801734 0.570979588944465 2.67683452088386 8.6399133527191 5.44811573163643 0.0410979259982593 6.17457745736584
0 1.21525566417258 0.29812242584303 0.94052699720487 0.583393143676221 2.23524707881734 5.91117471587868 2.29323923057581 0.0268380268380268 3.49861949466962
0 1.56315192822367 0.19177696921397 0.818367913947441 0.515470962552354 2.4368681460619 8.60894975476523 5.51941801623245 0.0455232662059104 6.1895205098799
0.00337837837837838 1.47800834093517 0.104771015916538 0.944378036065814 0.535666574207596 2.36884318354237 8.59235477499312 5.30008663380459 0.0371694481591132 6.18001665365257
0 1.23519217092544 0.169703019689769 0.614661989919841 0.845493655325845 2.187004822772 6.20014503639464 2.8687726460927 0.0357440166493236 3.71669414229681
0.00337837837837838 1.48765422203552 0.388571700125434 0.9448262566071 0.538091270927989 1.32357435059135 8.03480600141302 4.04340208348453 0.0184737602623002 5.26331175734922
0 1.63078393784817 0.275933149573393 0.932003179879393 0.370085124811158 2.63817606912926 8.59340943522945 5.387206231654 0.0405101303691713 6.15598402519374
0.00337837837837838 1.57053076555021 0.242952212016098 0.926980854652356 0.419079108349979 1.84544048830867 8.59993492220754 5.08532618669784 0.0297594444903695 6.22581042354241
0 1.23627128356602 0.231516820844263 0.704131643159781 0.860514626791701 1.25678126281127 6.78082542479735 2.88530845593962 0.0203328602760934 4.07367792541354
0.00337837837837838 1.61919697482905 0.325294259690129 0.721583411676867 0.519997300027343 1.66340299512815 8.63786366438769 5.17684129553362 0.031397645628785 6.2593082773401
0 1.18803580300882 0.143260272266343 0.899458159250207 0.756080544646829 1.83648510603234 6.18208490671663 2.55128171873287 0.0264948954788527 3.79151567401033
0.00337837837837838 1.46805836818841 0.177664145647525 0.82840267946782 0.793149087159993 2.2894832829279 8.5052597705392 5.1454332454077 0.0347412851618997 5.99073511447
0 1.63432918672916 0.305665112263523 0.862003846978769 0.481996326008812 1.27431553369388 8.66900399300517 4.87213921684233 0.0224410192965273 6.24300117292341
0 1.6017592274351 0.340455705928616 0.65233851216035 0.369963352242485 2.34339933516458 8.64606373915857 5.61513711037492 0.0482708882015659 6.25692448598482
0.00337837837837838 1.38123185902916 0.237247805143043 0.643536094118851 0.312492499910884 1.99071907255577 8.01772944305962 5.06789740626305 0.052348497831446 5.17298087523674
0 1.265706396522 0.256748870317824 0.908677597867791 0.571311379875988 2.99431362608448 6.17289284792472 2.89940116461556 0.0378739520830674 3.75453342433537
0 1.22089514506515 0.286788053857163 0.934440973459277 0.832034850586206 2.11734565906227 5.77613919111135 1.98180307211592 0.0224978367464667 3.45183154414131
0 1.18470193990506 0.19677645615302 0.733576771430671 0.420567464735359 2.2452007830143 6.0171111053958 2.87944268736397 0.0433838330331603 3.55036673113921
0.00337837837837838 1.38573903204557 0.36083257500739 0.685066065032606 0.327169884329 1.68572839195859 7.34978987424355 4.09904364912668 0.0387452843370127 4.50990348349948
0 1.34124000018928 0.365679745795205 0.851363008422777 0.693562997085974 1.66274952283129 6.32892413807971 2.51632284602138 0.0220906399453427 3.72799787070941
0.00337837837837838 1.57692097483199 0.13912506717397 0.797384923940388 0.659126505736845 1.80058324766106 8.61149729943732 5.21670880771887 0.0335476490274079 6.32377361078781
0.00337837837837838 1.53177543831265 0.282652411145652 0.692734023394504 0.752470606942395 2.64295995502551 8.51400853393674 5.36215411088562 0.0427727345314285 5.94627503565845
0 1.20987350549549 0.288786992337555 0.843477222241927 0.688410048885271 1.08812713716179 5.95849452787041 1.75972011548344 0.0150139664804469 3.48910925398504
0.00337837837837838 1.52899088300765 0.223258785577491 0.873192280472722 0.708319154195488 2.54945972841233 8.58801676709359 5.25898236114936 0.0358276833687605 6.20125402221087
0.00337837837837838 1.37333309364086 0.393492241919072 0.787514612957564 0.329134504222987 2.92670017281311 6.71816738619614 3.72617523885763 0.050187356460776 4.11316631646269
0 1.16604384102393 0.134985816292465 0.681978808843996 0.358333144057542 2.5903628161177 6.06653965940429 3.21980562502817 0.0580335472736098 3.56526549814676
0 1.43351603914052 0.210208217590116 0.856896766507998 0.885066471062601 1.20340661611408 8.5086465687811 4.479884586557 0.017796348516971 5.96614673912369
0.00337837837837838 1.3916441966148 0.277160506985726 0.69584142377084 0.831133019008395 2.01110700342291 7.90525726628112 4.42700000031661 0.0308611469666236 5.1240830199367
0 1.60931123371702 0.165018381550908 0.738744502677582 0.739903524611145 1.7371378284879 8.6446382426416 5.22914226271434 0.0328601047067743 6.34828233798646
0 1.43969329560641 0.245368336816318 0.652291348099243 0.444081221614033 2.38327631959692 8.4585969797343 5.53938269249617 0.0539760803389576 5.76093703046402
0.00337837837837838 1.50104950311397 0.282636177252013 0.917842988463871 0.721235751528378 1.56802567025435 8.45054132763126 4.59111351899836 0.0210800579000111 5.93989709233489
0.00337837837837838 1.36733200255063 0.376638506975697 0.796328711069635 0.805576264438194 2.41352229145251 6.82920388299277 3.3499040872746 0.0308289900678533 4.19514926134407
0.00337837837837838 1.29813217124902 0.108471905463375 0.928418592503294 0.747571292985231 1.74413397349417 7.31772537588817 3.60351960516278 0.0243747926030951 4.53211061511859
0 1.16411494135391 0.27717140505556 0.751541710423771 0.420340502355248 1.96422283444554 5.75387419273914 2.36952457566915 0.0338996829526055 3.38569319512619
0.00337837837837838 1.30146252103731 0.129807789770759 0.682934401044534 0.853662877504309 1.29585137672621 8.20281370740925 4.46242706011192 0.0237449204468733 5.40173413388535
0.00337837837837838 1.55808361885138 0.384017973067239 0.640768956893589 0.693961869506165 2.86384245706722 8.21271484804687 5.13885259189701 0.0462422102539905 5.6561316611802
0 1.34253390748054 0.353385884920135 0.945620745141059 0.404556778399274 1.03606472583488 6.43021024118566 2.30258509299405 0.0161211186654517 3.87481765137808
0.00337837837837838 1.30816013289582 0.106296631288446 0.749151157597755 0.712467939576688 2.14517825335962 7.90943299230649 4.68497617925645 0.0397773822640337 5.15772815900647
0 1.56052926564589 0.179976685997099 0.617800490220543 0.783326398674399 2.18467803113163 8.66007027669154 5.53046030165905 0.0437348516108004 6.25140279425067
0 1.15043021212332 0.197120603057556 0.86211937344633 0.674006561608985 1.13930933922529 5.60938244964101 1.46257766586952 0.0158148677626876 3.32871410523544
0.00337837837837838 1.42986861866699 0.315199997574674 0.928471129812469 0.517031011862566 1.3425591289913 7.86235579118284 4.02170071917327 0.0214795260991169 4.97602976491878
0 1.15458682584576 0.358609946165234 0.76883966983296 0.700824392912909 2.82527553336695 5.33545691349749 1.8051824895602 0.029296875 3.08735014147119
0 1.15004468369298 0.175932313641533 0.94635408091126 0.62979469508864 1.42859985260293 5.83202909410073 1.89836920428631 0.0195719102770855 3.47196645255036
0.00337837837837838 1.34112016719089 0.239902901753059 0.827657088961927 0.893780374406075 2.10734169799685 7.05679353372433 3.45755031821329 0.0273444084430543 4.27303635096548
0.00337837837837838 1.48263772388455 0.264148977561854 0.749403176375199 0.636413240851834 2.8518594596535 8.27026911143662 5.2657520083269 0.0495626822157434 5.58556567146689
0.00337837837837838 1.25091015114449 0.245607144851238 0.759889316931367 0.409368509799242 1.99689089413732 6.38400558900977 3.18277750469572 0.0407121752810713 3.67630067190708
0 1.56388504381757 0.241685133473948 0.900920488801785 0.560988184483722 1.37648453982547 8.59527952509908 4.82237614463555 0.0229852314431159 6.19953506892467
0.00337837837837838 1.5085362399526 0.126892037239499 0.901125192556478 0.503993572282734 1.83578644576929 8.66120518446004 5.22815763378517 0.0322883901749426 6.16215408769944
0.00337837837837838 1.4335355863087 0.278251869861626 0.69862758483706 0.40442116086192 1.38136737759771 8.45410694854523 4.9463930253679 0.0299653392624941 5.90547537476185
0 1.59012191903312 0.207829890912399 0.872292175807524 0.811838456243277 1.66670224396512 8.64579394841055 4.91603153138728 0.0239985368032669 6.29589311103837
0.00337837837837838 1.48127277882494 0.311745970354281 0.782901169614752 0.658007690010724 1.40648616709514 8.45942847616567 4.69336419672401 0.0231429685381069 6.00787908837608
0.00337837837837838 1.43970847651362 0.198958395048976 0.825462647166569 0.895345148490742 2.69794119661674 8.23665290254711 4.87597595751597 0.0347117530407906 5.59304091603951
0 1.50501643049065 0.139153387886472 0.926351858384442 0.319669302972034 2.79666759818792 8.54585601085146 5.52406975677872 0.0487141247957354 6.14763941594872
0 1.23579339296557 0.348863719776273 0.700110562692862 0.899978588009253 2.38656416442245 5.92084697989403 2.34049375697594 0.0278658536585366 3.51763270821967
0.00337837837837838 1.38659017268862 0.388296458485255 0.924642964241042 0.706357328990381 1.63907961823127 6.99447938066962 3.07839021645461 0.0199188419368684 4.34408170310976
0.00337837837837838 1.33397105016919 0.31185527431476 0.819109428909024 0.57415244166048 2.18381099461644 6.65084486519711 3.3027573088489 0.0351515151515151 4.00049165341575
0 1.22056803104933 0.329405646491796 0.902891397243366 0.585240659443662 2.00850777328014 6.06078329141854 2.29589610484325 0.0231702260004147 3.68498298383481
0 1.50593647346832 0.187923692446202 0.692431604699232 0.493631929764524 1.28228668635711 8.66064224109282 5.14528273037897 0.0297371102224132 6.30140945335873
0 1.22567713805474 0.214758624159731 0.798099974205252 0.598654221044853 1.13410917622969 6.35983335057497 2.56302442905195 0.0224422727665831 3.78077471881819
0 1.545052541513 0.122343682590872 0.698098482040223 0.618765179486945 2.24110186565667 8.65168212545162 5.64190707093811 0.0493027679483055 6.31115387819474
0.00337837837837838 1.54675091435127 0.363243370412866 0.781562861684618 0.819455168080233 2.24389155971694 8.26008429328803 4.76371121411664 0.0303071057981285 5.71643542077952
0.00337837837837838 1.42367311526516 0.236588318083723 0.878548227933476 0.832996159625579 2.96678629598736 8.01952068489516 4.70066216744731 0.0361941231429211 5.34156840854235
0 1.62623784071766 0.215237789764069 0.831373792304657 0.604052785271779 1.40932143107057 8.62889197773067 5.00139271272932 0.0265825773402398 6.242106527124
0.00337837837837838 1.33500265913759 0.151394279449903 0.690814612813882 0.649710668604 1.5252582652155 8.15711245434267 4.71832028392075 0.0321034374014506 5.26991789202634
0 1.58119299260434 0.117838863655925 0.647482602158561 0.691449386067688 1.10775924380869 8.60727637618196 4.99348221487001 0.0269494022641228 6.46439755500078
0 1.57858403397258 0.36064105508849 0.900324804149568 0.839930169610307 1.39991716947407 8.53082387018587 4.48953484238917 0.0175748033981636 6.08586522252947
0 1.22011975708883 0.177790867746808 0.855155493470374 0.832278276700527 1.93958846060559 6.46165417096041 2.8004702054843 0.0257020643481495 3.94389074427617
0.00337837837837838 1.48593062940054 0.140819152072072 0.767595230590086 0.429576076380909 1.27642916003242 8.65300997055444 5.14981735822959 0.0301011286177227 6.25820384253984
0 1.63382708977442 0.12219850376714 0.811631928163115 0.384337433706969 2.89067619107664 8.59822379400639 5.8651374617296 0.0650183115714829 6.36801214390225
0.00337837837837838 1.41674970169389 0.302352316652533 0.785554109505192 0.497097956466822 2.34174593153129 7.36538676961321 4.21318523943662 0.0427578903869002 4.48565095013047
0 1.15838383927476 0.288999226735905 0.639014510228299 0.600691138766706 1.70433722250164 5.91998306034968 2.40034926175994 0.0296102765077292 3.5135603498492
0 1.18285024256911 0.140968603710644 0.604167589626741 0.749035044433549 2.86565820267424 6.17442247544868 3.26978015472997 0.0547683766121103 3.70404170185361
0 1.52377170100808 0.124463188112713 0.6905612272094 0.639467820664868 1.15960316732526 8.64469152808481 5.06823490295155 0.0279746475074544 6.29550150797604
0.00337837837837838 1.3984217482731 0.369859714088383 0.742128836113856 0.483950202801187 2.16682673351174 7.43118622715593 4.23101817601537 0.0407553544190503 4.62622359518592
0 1.58778477737214 0.138844298641197 0.946073000738397 0.695830309996381 1.52452406240627 8.61034194611426 4.81353845172015 0.0224423945640208 6.33305757862174
0.00337837837837838 1.42792427386157 0.368751450814307 0.659890969167463 0.848796901199967 2.82058126293123 7.31000187991492 4.11185698730673 0.0408378924276676 4.46613797729253
0.00337837837837838 1.54696720127735 0.35439937737072 0.93337094453812 0.569206934167704 2.12134599106746 8.45423209216101 4.82382367202944 0.0265053568766108 5.94568235445285
0.00337837837837838 1.3358331834743 0.212495253214605 0.639606496107046 0.468868701180022 2.31573807081548 7.51048756989593 4.60224925756043 0.0545717836740744 4.59848119783729
0 1.16033261592966 0.319128364091739 0.72177849158179 0.709769625216722 1.97488357545808 5.68281416822 1.94947521521981 0.0239128584801294 3.37502450735813
0.00337837837837838 1.51670871439856 0.153884221380577 0.831557543051895 0.592681574821472 1.83828302053735 8.63080829403522 5.24746257249639 0.0339337317807027 6.27499739843498
0 1.15675565656275 0.303177243052051 0.821384110685904 0.308427262399346 2.9969361028634 5.56251940615477 2.39393487158227 0.042063094641963 3.30065615244028
0.00337837837837838 1.35723913778074 0.179274021649121 0.821192547887936 0.68174217483587 2.21891369010323 7.75826846157071 4.43004009977514 0.0358565737051793 4.88691072941872
0.00337837837837838 1.32744467814919 0.17707878833171 0.846834981651045 0.563039143430069 2.22011802624911 7.45980681568236 4.23229326747308 0.0396559789844903 4.64258638737351
0 1.30792166581377 0.342026172345504 0.882369622611441 0.880237590707839 1.0017336034216 6.58883676595618 2.28060618627527 0.0134573402314663 4.04457565837365
0 1.56901642247103 0.132081119995564 0.737264884787146 0.501344333728775 1.90515953255817 8.61881793776919 5.52465580875877 0.0453129629763462 6.32058842195942
0.00337837837837838 1.48804495853838 0.239346137549728 0.907808181794826 0.573052261210978 2.39856633590534 8.51794707384212 5.16299866334942 0.034911171158418 5.96908046572444
0.00337837837837838 1.22363981951494 0.122174007445574 0.944879136595409 0.678460421646014 1.85173443611711 6.59857889272884 2.99701350371004 0.0272809836523683 4.05245362051294
0.00337837837837838 1.49143241797574 0.278958133445121 0.811358255334198 0.724118393752724 2.90643818024546 8.11868979426662 4.93461780767234 0.041416663190948 5.49610208339536
0.00337837837837838 1.57660308163613 0.367738145287149 0.738091360300314 0.685733146872372 2.63316907035187 8.50043726514822 5.27790639098026 0.0398540648904864 5.98732333103598
0 1.17690209262073 0.252144062123261 0.729381603468209 0.32075302451849 1.11906588543206 6.13590659619356 2.41450300919803 0.0241999772235508 3.59297699368291
0.00337837837837838 1.43186313905567 0.208828948689164 0.733319117956353 0.855592496421724 1.95676886336512 8.50969708054255 5.03902285365335 0.0310960577933075 5.86042245481871
0 1.5910441381624 0.306569191603921 0.729427232651506 0.310814196802676 1.04360018251464 8.65886982134587 4.95116833526271 0.0245338499085231 6.24039279739592
0.00337837837837838 1.32139619600493 0.226292897970416 0.724481934250798 0.709943874087185 2.30899639520794 7.18309482823553 3.94739014926544 0.0393324784017279 4.37729322753463
0 1.53049785210751 0.288354641059414 0.747349150001537 0.332715846877545 1.0004377705045 8.57864916024503 4.80016618367877 0.0228573402577064 6.13379638765857
0 1.57912196926773 0.244650089577772 0.864630549016874 0.723645377252251 1.60189949115738 8.65204870700289 4.92532932663278 0.0240716764572656 6.20822039346618
0.00337837837837838 1.52523362493422 0.385418735605181 0.784708874067833 0.426426389492375 1.37568532971141 8.24259734184596 4.54129810939368 0.024691425720098 5.59695483391378
0 1.5945866656024 0.196235757600516 0.690858079341706 0.572841932717711 1.06177829578519 8.64675722446712 4.99016044090687 0.025820235221359 6.32015659641023
0 1.43976697823964 0.184614037210122 0.69738535254728 0.482463036943227 1.04240654082969 8.64322150621961 4.91025103842466 0.0239216716383538 6.26246488252153
0.00337837837837838 1.58399311916222 0.371982998379235 0.627460824621395 0.86854551851605 1.79080354631662 8.62743497428147 4.99734739976932 0.0265138623686577 6.16398826142183
0.00337837837837838 1.40247145615379 0.294653954254068 0.787143951529228 0.812022670069263 1.37618451767238 7.94314071544956 4.0400606113999 0.0201796601718029 4.98448062030731
0 1.54567312935833 0.114479678985663 0.931487815175205 0.415182401658967 2.37090722005814 8.57956610400932 5.38017945425228 0.0407872131549883 6.24843753865437
0.00337837837837838 1.34352587626754 0.332746287001307 0.689495434484802 0.572419422292388 2.39244266957701 6.74321750626839 3.58020658034313 0.0422981924329179 4.00386397099846
0 1.18201524133328 0.354447817569599 0.682453371712472 0.435811356967315 2.63945021713153 5.62752118863435 2.42036812865043 0.0404716698311182 3.2419410977992
0.00337837837837838 1.41512006332632 0.152896238281392 0.68649210795993 0.834248783066869 1.47372356941923 8.52257443121977 4.88698401007144 0.0263683613523626 6.08962366290332
0 1.5801280452637 0.103464928665198 0.851442769425921 0.710685685928911 1.57189549179748 8.60396236220556 5.00147784610729 0.0272559204814227 6.33888249121261
0.00337837837837838 1.45534189334139 0.320691791805439 0.679033956502099 0.615759524982423 1.72711331443861 8.16527477438917 4.72517297838279 0.0320614214370768 5.4165632580331
0 1.52638061505277 0.24993831072934 0.761963939678389 0.447211357019842 2.89908241434023 8.53900660085636 5.60482620013741 0.0531742830557142 6.14348467904569
0 1.3372830450302 0.363986705360003 0.93638320841128 0.733953519444913 2.06604285119101 6.49802019793597 2.67414864942653 0.0218430704741944 3.96329456044896
0.00337837837837838 1.34086291462154 0.191095570082747 0.637926886359614 0.620868381573684 1.80403048132112 7.95424059251412 4.69611478991156 0.0384604129171971 5.23998178953507
0 1.21295719998889 0.355015343870036 0.783153880317695 0.488440169161186 1.5967399510555 5.66922389273349 1.8754584881047 0.0225106802497535 3.32366474862707
0.00337837837837838 1.48524178899603 0.150949791724613 0.786207027431251 0.666143469552371 1.58166688257055 8.64879511965429 5.12383996377713 0.0294531281391891 6.1878362423692
0.00337837837837838 1.20620726861525 0.155750292236917 0.858600320504047 0.49839405301027 2.40643678465858 6.30347331155082 3.0808900818943 0.0398519783660689 3.91645760249601
0 1.25002345009707 0.382886763778515 0.856156646960881 0.896420210693032 2.97027009539306 5.85627064370985 2.28143271798882 0.0280199667221298 3.53792134701724
0 1.6125118279364 0.159730997751467 0.886735684121959 0.666156957764179 1.62955995416269 8.62075709413112 4.96618984463681 0.0258726914812088 6.25650951016201
0 1.21578113860451 0.210280097019859 0.909518031112384 0.595338916126639 1.66775584965944 6.199252710339 2.55574966056311 0.0261605415860735 3.65127647933507
0.00337837837837838 1.48532602991907 0.335256698040522 0.930672206257656 0.329356111381577 1.86290125895852 8.17886673679484 4.65038252880964 0.0293493697073829 5.41758078737485
0 1.37902794356924 0.258417805656791 0.7315725882072 0.327654869388789 2.57276032818481 7.39888418984282 4.54116485601218 0.0573995202428159 4.65109911787649
0 1.22286573993042 0.131926633627154 0.670101423340384 0.66289446526207 2.88277072831988 6.37003615754175 3.45165699530113 0.0540211759405271 3.86183713086584
0 1.24978863259312 0.292601608275436 0.934152819484007 0.671907974872738 2.27433378342539 5.97836779418366 2.33390756412309 0.0261355132116746 3.5481795720108
0 1.50576700815 0.196180806821212 0.861507895973045 0.387524997862056 2.56607622234151 8.54432996907168 5.49357571437271 0.047323217167744 5.95810164343886
0.00337837837837838 1.34813267455902 0.368932972941548 0.735615666769445 0.57232192447409 2.41448382893577 6.38983790140239 3.06712226964066 0.0360547871626158 3.83254680392635
0.00337837837837838 1.36146228202823 0.397638662255763 0.899130074000192 0.700562520068101 2.86933479289867 6.40645857856202 2.9466761165648 0.0314365999297506 3.87562383987789
0.00337837837837838 1.38875922313891 0.156201529898681 0.798437999526504 0.727517274348065 1.44704935047776 8.45443464546618 4.75706909235377 0.0247887451575633 5.7874845996004
0 1.51503646301571 0.212170368945226 0.720138916932046 0.379102224810049 2.51950628682971 8.50602691326536 5.59238525619894 0.0542777087239556 6.09863592216977
0 1.22734468369745 0.19156474256888 0.874063029978424 0.806602190528065 2.25699832011014 6.14449962230134 2.66145275312379 0.0307136877354542 3.75892867803325
0.00337837837837838 1.31503358772025 0.23796128698159 0.608799973339774 0.438273174175993 1.32705107238144 7.77949257335793 4.43880232222224 0.0354125057612536 4.70639973194798
0 1.1972992232535 0.24241169388406 0.749930113984738 0.842765579698607 2.96273249620572 5.85549858237408 2.56167066599984 0.0371115173674589 3.48874053212882
0 1.6293924537953 0.251738502969965 0.685301949363202 0.468455660389736 1.60841007577255 8.63196398507301 5.39603651629338 0.0393237165024236 6.20957504567145
0 1.19535898996983 0.279243467957713 0.673295510420576 0.419737439230084 1.27324642939493 6.15411718859614 2.4633583135818 0.0249530586026287 3.59380180541169
0 1.60165555935819 0.134475230285898 0.662826042459346 0.327594155492261 1.71540129790083 8.63962319096959 5.68371581250589 0.0520314269535674 6.48249554354579
0 1.17726825198624 0.177717504720204 0.691652257717215 0.390013674180955 2.53455286798999 5.88623629783485 2.89827693740328 0.0503901600317418 3.5193330888087
0 1.30112080133986 0.337240103259683 0.948911346250679 0.704238057648763 2.31177880428731 6.21426021182971 2.53438670705137 0.0252261656228253 3.75511490421802
0.00337837837837838 1.20852365169078 0.156017253182868 0.794830804679293 0.713671907689746 2.27148428920067 6.31031731168412 3.02694729290192 0.0375016623077264 3.8286413964891
0 1.16540802489035 0.360798100731336 0.678654823673423 0.80424511260353 1.81120437942445 5.61824421357255 1.94204167227739 0.0253189401373896 3.2674085556471
0.00337837837837838 1.29153289472679 0.15502657573435 0.726221336908889 0.417619687453242 2.39716420560804 7.59576428168596 4.70501552095781 0.0555346149013695 4.6915563675838
0.00337837837837838 1.55900795914616 0.268611358668465 0.88903211684656 0.834643686692108 2.67511313245296 8.51255846765769 5.06890420222023 0.0319477262863481 5.94117075305352
0.00337837837837838 1.39047143658783 0.326556746655295 0.859252866674972 0.730662950405131 1.35864656051504 7.48400574973287 3.52206208385595 0.0190260979522064 4.66284929757477
0 1.25700895718765 0.368576321774162 0.825927932478953 0.856477998616174 1.51722124963999 6.00163487576206 1.99847247914617 0.0182578090629124 3.62995477546391
0.00337837837837838 1.42944684917502 0.350732418412335 0.703873231614313 0.762619166768379 1.50475723499397 7.61262349899278 3.93417581006928 0.0252621591436958 4.63259078156408
0 1.28731316605117 0.293944524950348 0.874268632952589 0.529400714021176 2.30208528740332 6.33262299125559 2.85846721137742 0.0309879834627719 3.89713004509886
0 1.40975217530504 0.135832626069896 0.609078900446184 0.666455063782632 2.31185648497194 8.54002834569649 5.51007721980342 0.0483179995674381 6.10806485051532
0.00337837837837838 1.58232982838526 0.355013857758604 0.705599490611348 0.368176894728094 1.94521863246337 8.61278333202788 5.35894198836447 0.0386255484827885 6.12319431778588
0 1.16894332922529 0.311570014199242 0.739350782346446 0.3073389260564 1.66170070180669 5.58742284408263 2.00399098709128 0.0277801968126796 3.25630602724769
0 1.55122494776733 0.179552519228309 0.602335976297036 0.538109945459291 2.32742737140507 8.61176491681203 5.81191913326078 0.0608194412602758 6.17802709815919
0.00337837837837838 1.39294300241076 0.369964172276706 0.709099571921661 0.57727595472837 1.04619180466697 7.51086135248422 3.57996653685174 0.0196261029497358 4.72001747447228
0.00337837837837838 1.35588625984299 0.216408801070827 0.741938578985051 0.821756458431436 2.65868250903585 7.35121285034506 4.18577876818173 0.0421958213846784 4.55901484549247
0.00337837837837838 1.25687681648415 0.205865235184319 0.795482561702374 0.781263361126185 1.67435497604311 6.79508126305329 3.16439508141691 0.0264979957311677 4.13087830555456
0 1.31295371938031 0.307667434378527 0.841331414168235 0.358383680647239 1.0810898244381 6.46794024283056 2.64222690437654 0.0218028771518267 3.86189861824558
0 1.24204859193414 0.308502027112991 0.847867447056342 0.438750059483573 2.14879288710654 5.98872824871626 2.56852078982913 0.0327056491575818 3.63819796763779
0 1.2699227264151 0.204204213968478 0.698651507764589 0.370213532075286 2.53740264335647 6.63124025196488 3.69772906939092 0.0532098801605673 3.9495328541778
0.00337837837837838 1.37442139612473 0.292639322988257 0.827240166572747 0.716312963180203 1.45218818983315 7.17483368910911 3.35240721749272 0.0218746582084655 4.25575743809114
0 1.15673420762178 0.319082501460798 0.643148713267874 0.58785970620811 2.58536054659635 5.54983502620857 2.30014308933849 0.0387861545756283 3.25715801143922
0.00337837837837838 1.5937708307798 0.270294260090445 0.913758238011425 0.652363260784591 2.18690270721475 8.6500443527359 5.12812198955192 0.0295425889604931 6.19611820910835
0.00337837837837838 1.49545704793037 0.351715191124497 0.943870769183774 0.803731813514756 1.39416644519663 7.98997702921908 3.87812145375246 0.0163773568922553 5.27598654606302
0.00337837837837838 1.3647313694004 0.378036414086819 0.918978961789981 0.409451547218487 2.87622278602794 6.44465024857041 3.19072827124467 0.0386224340889192 3.94573406277046
0 1.63279329924844 0.29316297408659 0.851657322852407 0.477672030357644 2.2910829577595 8.65014941866486 5.38467853219608 0.0381789528979163 6.25309777520272
0.00337837837837838 1.24802640683483 0.142726907879114 0.702312741405331 0.888326271995902 2.76737987762317 6.57852631165215 3.41415652630466 0.0422407541696882 3.90109393489596
0.00337837837837838 1.4849481250386 0.278708154118836 0.664422215046475 0.557762647417385 2.19654363628153 8.38890053077578 5.26680563817888 0.0440647607203679 5.7681296509579
0.00337837837837838 1.34509662130375 0.106360408041531 0.695990015387234 0.859243488678445 1.3015344205055 8.44712987142727 4.70972603015855 0.0238158526746783 5.90772843299535
0 1.35547046116553 0.281851906655356 0.65029793534195 0.460930304741487 2.86616212828085 6.9403967036979 4.16075632774135 0.0620608219284152 4.24534743575863
0.00337837837837838 1.3983373908346 0.322208512553115 0.801668890233473 0.885147247480918 2.58441608173955 7.29950774953357 3.89431613967245 0.0332004579373509 4.58725557119248
0 1.51766145681031 0.145018189609982 0.917012765468098 0.545023174630478 2.39675509557128 8.64914017735722 5.39431900684319 0.0385877206686455 6.39420856510179
0.00337837837837838 1.41987029687976 0.131366474939592 0.78766754103057 0.653383747427048 1.64252998840656 8.53262352907159 5.04476830046571 0.0305663597722088 6.04515340733506
0.00337837837837838 1.43504943719599 0.194786987476982 0.945105383289047 0.57643226897344 2.41469959449023 8.24240540694969 4.86897571902119 0.0342718936468936 5.66534478819082
0.00337837837837838 1.43648584424858 0.215785618044108 0.743580080558691 0.666951934121348 2.45189142115498 8.39187117059358 5.25804929659742 0.0435510322207216 5.7793635254304
0.00337837837837838 1.491417291106 0.375383897306047 0.920805459648751 0.597376457784017 2.74507958965542 7.83925772385681 4.46106884201383 0.034109174572158 5.13814861439522
0 1.58995590682607 0.233120325999334 0.707876618625596 0.709442607080564 2.47451022220775 8.63874511588024 5.50865932602504 0.0437140468701295 6.22764277669265
0.00337837837837838 1.42278731204569 0.166224817442708 0.805744732660241 0.857609524670988 1.44953831052408 8.56171488678686 4.78393934117768 0.022873515968726 6.09121360325415
0 1.55275800530799 0.163844610494562 0.753052879893221 0.369395248219371 2.22587811946869 8.63645532590315 5.71981272123756 0.0541150683239881 6.24471550490175
0 1.27032261164859 0.210257878550328 0.897322287911083 0.772105919150636 1.76135285850614 6.61819265151589 2.84385174226127 0.0229522132491347 3.97499780458953
0 1.24832503797952 0.317930119694211 0.698704859579448 0.660706829326227 1.405245909933 5.90499021596606 2.12117221413631 0.0227357204807335 3.4543072069761
0.00337837837837838 1.47840271819138 0.197411416086894 0.942933616499914 0.426014554848053 1.59019360750927 8.39481799525911 4.73834437196477 0.0258234154442292 6.00398784308163
0.00337837837837838 1.23393245526635 0.220432997158022 0.762986275459942 0.72721778554876 1.86996768794248 6.61404022985347 3.11104312006499 0.0301070140400036 3.96398274435886
0.00337837837837838 1.39458724771686 0.348836418307826 0.706996094066344 0.546562418824827 1.97534726997164 7.12928152315994 3.82428409112014 0.0366993060786231 4.48164569970259
0 1.27058419082314 0.34064939788077 0.919823803601321 0.65441741743125 2.24125514924526 6.02864513714632 2.3176878611798 0.02445410273865 3.60679662332546
0.00337837837837838 1.53324875479468 0.11960677202039 0.893951046419684 0.889521781939971 2.61331286916025 8.53249633210281 5.11599580975408 0.0328271119117279 6.04500531403601
0 1.5585908458801 0.205027910927311 0.651451798458584 0.616581158945337 2.50782355992123 8.63564800138172 5.65248918026865 0.0506326415315575 6.28439532099543
0 1.31423782112543 0.142370584444143 0.706944212911185 0.376930547459051 2.34907663846388 7.45632616899039 4.59624155524379 0.0572639147461 4.68336503357315
0.00337837837837838 1.2769010019995 0.105576924236706 0.816875932958553 0.397775411538445 2.0394525324342 7.6322579697729 4.47319602181217 0.0424655573053754 4.73060067288167
0.00337837837837838 1.43690093349943 0.226105399228617 0.82575665273938 0.662272731284522 1.53577568734125 8.51596264737334 4.84719812921529 0.0255079651145451 5.96396213967485
0 1.3332494426053 0.152098049060442 0.61663545431802 0.378641145117581 2.91813054447994 7.84579048556117 5.29755620737466 0.0782196582941937 5.09521618361079
0.00337837837837838 1.43212301270105 0.164093124843203 0.899129902466666 0.831007816269994 2.83702126145363 8.25093552414958 4.95244693828341 0.0369389552904327 5.62664641820579
0 1.16825106528122 0.376825291174464 0.920106434950139 0.373279148060828 1.96584383351728 5.54355646677063 1.81188087242748 0.0239526672392404 3.27114425341396
0 1.30243449481204 0.331056527839974 0.670262859156355 0.35144580071792 2.20388170843944 6.31358659009178 3.27029677068243 0.0476777799190595 3.70261448250409
0.00337837837837838 1.50808133462339 0.281325971508726 0.857198704008431 0.729657216801074 2.02854796098136 8.43985307844146 4.84925950181776 0.0275819535603994 6.02410314882022
0.00337837837837838 1.46936174712609 0.160462043178268 0.865132876916323 0.886288880556822 2.05298339016736 8.52349668683454 4.97069943166766 0.0286444017827694 6.07642151026939
0 1.29232291968074 0.301125254807994 0.785523699305486 0.733630910608918 1.10351496469229 6.93064034300894 2.92635939066212 0.018237398103477 4.12713438504509
0.00337837837837838 1.60641804568004 0.234324248577468 0.844905367656611 0.850019814027474 2.65174333797768 8.5570829115037 5.20806437757047 0.0351188051073512 6.15888394964983
0.00337837837837838 1.25295820457692 0.145907234810529 0.900492076758888 0.870278647605835 1.87483116982605 6.86997742684311 3.13549421592915 0.0238855116514691 4.17626168468999
0 1.1621063120896 0.322619148762897 0.83644208596088 0.655323200812563 1.26333736954257 5.62614847986482 1.5864483942094 0.0176027509415425 3.3125317445765
0.00337837837837838 1.36334563777782 0.338667020015419 0.929480112530291 0.634265324939042 2.38834972772747 7.12605446220897 3.59926729542425 0.0293992190832431 4.49503639157761
0.00337837837837838 1.25050776286516 0.136625961749814 0.711213144322392 0.65997280580923 1.13851897837594 7.69063842009181 3.99628755779124 0.0248635883176369 4.60141313711038
0.00337837837837838 1.3505532264011 0.145899984054267 0.875932849908713 0.353334776312113 2.72727184789255 7.99070001549812 5.01214929892747 0.0508665004463324 5.22964911769013
0 1.19593785002362 0.169358154735528 0.799175226641819 0.764993416517973 2.21074709761888 5.87630003135353 2.40892074281008 0.0311986863711002 3.52922585608945
0 1.61601880621165 0.286149517889135 0.765880132617895 0.648706518206745 1.65847038198262 8.66160171300662 5.09754666608555 0.0283237374454281 6.37280771309574
0.00337837837837838 1.39722258758266 0.343294683424756 0.901924361067358 0.582555694039911 2.02421090984717 6.93244789157251 3.29356671746979 0.0262817322050772 4.29073896595804
0.00337837837837838 1.39555164866734 0.351534036353503 0.679853144095801 0.735548635073258 1.56400423896387 7.52970234338626 3.95789345949424 0.0281049690461842 4.57344782044069
0 1.25069461259991 0.385519576841034 0.733581417705864 0.692427410837263 1.51391492551193 5.9298365150671 2.03181349269058 0.0202819688350235 3.48445495190097
0.00337837837837838 1.48448576275259 0.345530825783499 0.915255431260448 0.805466360785067 2.7546822107397 7.86735817891498 4.36431755904913 0.030105704109991 5.10142204130876
0 1.30639802196529 0.300312051572837 0.864676759392023 0.819920726213604 1.65848318580538 6.66174106542867 2.83451967997027 0.0217700221679077 4.01377702549186
0 1.47090521592181 0.166783052892424 0.77009773880709 0.424416242726147 2.57220639660954 8.5427097551575 5.61201024660031 0.0533596995209524 6.0085122827322
0 1.45832808709238 0.1353065994801 0.821605256060138 0.307480189204216 2.7611151416786 8.45085713731652 5.6277679242319 0.0594220913749864 5.89967367746458
0.00337837837837838 1.27279880041781 0.100012858631189 0.833651509956194 0.890704713612548 2.37656987724893 7.06966152082516 3.64354920661463 0.0325130960895367 4.3141492122708
0.00337837837837838 1.55346848126501 0.220904747419991 0.729616711463314 0.601333260443062 1.80507975677028 8.6479958644695 5.31129402877382 0.0355540275823046 6.1754853396549
0.00337837837837838 1.40105404667556 0.288145016436465 0.793071120837703 0.784420069679618 2.17316011153162 7.76023611309711 4.32247565504735 0.0321365760068217 4.82313367726076
0.00337837837837838 1.29757110839106 0.128117640825559 0.71878917537046 0.627650432003752 1.1677108447569 7.98097982715081 4.25722327547479 0.0241431024702582 5.21109935664105
0.00337837837837838 1.29345287314673 0.179758267831983 0.760932115018983 0.693943483896255 1.91656733509925 7.37639686996363 4.02057841198249 0.0348808099913772 4.379244991712
0 1.23560836070683 0.355254458612762 0.776265914249234 0.312936894921586 1.90980642521754 5.96320307370306 2.45812853070661 0.0300445336511322 3.61879713922475
0 1.60598753856029 0.173073930083774 0.91872731851181 0.403276925906539 2.05821058480069 8.6373063899518 5.31058870353928 0.0359107822838693 6.26568912538465
0 1.16504036341794 0.134637865959667 0.939434216031805 0.606706345360726 1.74179746303707 5.88583299201226 2.16696091969639 0.0242613174301979 3.52276727605004
0.00337837837837838 1.32125866841525 0.18451685840264 0.741429447033442 0.547859441768378 1.21098858630285 7.87712282021803 4.23379810058556 0.0261652072152052 4.97099463462183
0.00337837837837838 1.30703847887926 0.266077393572778 0.77051651768852 0.827766766352579 2.56595898699015 6.71659477352098 3.42482898619543 0.0371881250657964 3.98575823731539
0.00337837837837838 1.46620287919656 0.39681073209309 0.600786593249414 0.599205671050628 1.67154654778512 7.99999268124244 4.58648608184776 0.0329255410266659 5.27854878122561
0 1.25712215246167 0.329326853668317 0.618167507415637 0.742067289585248 1.37660187063739 6.2607757792672 2.50552593699074 0.0233946049176414 3.71102818336857
0 1.19747468663845 0.165424376144074 0.723863780975807 0.849609771883115 1.50090685160831 6.4585621722968 2.69204985975577 0.0231326020446235 3.82188987772433
0.00337837837837838 1.30708834657219 0.189315305457458 0.766379507479431 0.620003902139786 1.0194705374047 7.48754286466647 3.60042074925871 0.0205042701319859 4.7310015548273
0 1.55545947302598 0.182020979374647 0.84538662286941 0.745515653584153 2.43096367968246 8.65397643389836 5.3380285402536 0.0362996240815629 6.28123627145036
0 1.59155049952678 0.157776169874705 0.801831274712458 0.364521480258554 2.32259223051369 8.63766105506841 5.68114726796362 0.0519998842115166 6.29398496437813
0.00337837837837838 1.38606739087308 0.293939237144583 0.699239837226646 0.890404283738485 1.53932481746069 7.65792611252915 3.94054842946468 0.0242976003858676 4.81701611628247
0.00337837837837838 1.38116975043708 0.282090468631994 0.719252170352391 0.634400549115384 1.65494140133621 7.85262106145297 4.35425081643932 0.030246637883976 4.99346749047389
0 1.58731622991618 0.177360433130525 0.893473803740926 0.845058902772144 2.60419593611732 8.62822697138875 5.26469726716805 0.0346128698803014 6.32424923505361
0 1.53376601831987 0.322816800326109 0.717027219175361 0.430534746637568 2.42823196714744 8.61826780099196 5.54054299751106 0.0460639420345461 6.14159842401753
0.00337837837837838 1.43042100647193 0.365229427321296 0.768394042372451 0.87336201722273 1.24757399825897 7.63412565618701 3.62877553004423 0.0182179095754864 4.76909437764233
0 1.22521866972093 0.353512080479413 0.92138784865383 0.31310425219126 1.29708371451125 5.80520501409566 1.74005809485116 0.0171604678854101 3.47369830462127
0.00337837837837838 1.36065130876377 0.236867157835513 0.816469322983175 0.590062700444832 1.78016276052222 7.82472911082371 4.3623021293261 0.0313535750570443 5.02989311070067
0.00337837837837838 1.49546342434693 0.337050078127825 0.726830709808411 0.430967234363257 2.57119143316179 8.12557664573739 5.11321644067968 0.0491754774743224 5.54581499630224
0.00337837837837838 1.34234937615693 0.295257603097707 0.843722248717677 0.667017613677308 2.95883804978803 6.59625557335267 3.3491410197061 0.0388862502968416 4.01245836893302
0.00337837837837838 1.51668233044804 0.276530590235155 0.914028434585785 0.655144809860808 2.70535337056689 8.3960600504182 5.02611486494464 0.0343915224468234 5.94348155708583
0 1.58106211791746 0.123267151997425 0.946119291055947 0.628140271268785 2.37833072477952 8.62066692822579 5.24130600071953 0.0340692204806059 6.37747071885147
0 1.5233970761532 0.154544480866753 0.896173737582285 0.802307840343565 1.30637971125543 8.57576240099893 4.63055941999291 0.0193472888389317 6.13260087732113
0.00337837837837838 1.45436403723434 0.324134855158627 0.619411753769964 0.7578077331651 1.34619580209255 8.32276342522297 4.64304383841617 0.0252300486818964 5.58649931404147
0.00337837837837838 1.35954945206176 0.292185015254654 0.83311430234462 0.80403564828448 1.71716787852347 7.32219389337089 3.58583107821449 0.02384065850872 4.42309859794934
0.00337837837837838 1.57221583810169 0.24921316455584 0.692829572968185 0.414641070412472 1.32739744335413 8.67478821837797 5.22165228161255 0.0316462400016401 6.22728737557927
0 1.24640365070663 0.297747841663659 0.731512608996127 0.777074666507542 1.69882594980299 6.05952080990115 2.32779651234054 0.0239515006956867 3.57401767933197
0 1.62451395401731 0.241049966402352 0.854793965246063 0.530575283244252 2.48374314373359 8.66374593704871 5.48546061362121 0.0416570222380372 6.23335134123933
0 1.1700242428109 0.378394091827795 0.883028908411506 0.833152626827359 1.45497051766142 5.42803831716119 1.16713223510487 0.0141095122407027 3.20602768239035
0 1.64211630295031 0.287411813857034 0.823302117059939 0.873557644709945 1.08655500784516 8.66226968218028 4.55891680147063 0.016517202247502 6.27219753047156
0 1.16738793239929 0.206793039431796 0.619878118019551 0.87984768692404 2.99909776821733 5.6608275251858 2.50737950564006 0.0427046263345196 3.44201937618241
0 1.20198573379312 0.302424684003927 0.710298376786523 0.636990898707882 1.91890214430168 5.97609056042898 2.48917104857446 0.0305949746126806 3.61851201196382
0.00337837837837838 1.26517569737043 0.140558121236973 0.8678833513055 0.373479904141277 1.71180798206478 7.14750681767637 3.74714836223791 0.0333613092740243 4.40996600336312
0.00337837837837838 1.43542468908106 0.181727959737806 0.860559213250292 0.495250843438875 2.4344113738799 8.46066336595569 5.28772959853241 0.0418805497019146 5.95235872097196
0 1.50326378315222 0.169584345212206 0.830510797374882 0.495670334435999 2.95393367810175 8.60409333773017 5.675004999752 0.0534457403935744 6.1369333332579
0 1.21609307415783 0.386532274121419 0.924290762608871 0.581159790046513 1.02673291880637 5.79781237397164 1.530875589931 0.0140246780392421 3.44963474992036
0 1.16663512689993 0.110008520935662 0.801477970043197 0.776409735437483 1.08845669170842 6.45658275016445 2.50649728238037 0.0192530561890164 3.95581202255181
0.00337837837837838 1.35574589178432 0.322298103151843 0.74735899734078 0.435231239441782 2.13094726437703 6.84372819166584 3.68273818609185 0.0423837601444703 4.12482757894718
0 1.2375028584851 0.180979367322288 0.609176039346494 0.548409834410995 2.81485083373263 6.37471503048237 3.54030034543027 0.0587529047250194 3.74629036132728
0.00337837837837838 1.32431908100843 0.234257024875842 0.859533458086662 0.616758268559352 2.36368484469131 6.83797638437422 3.52111804865131 0.0362665904162795 4.12820907617486
0.00337837837837838 1.39483180535026 0.351636402355507 0.779612022603396 0.784279643185437 2.74964244710281 6.87655621920993 3.61560725300761 0.0383519860048893 4.19948766294266
0.00337837837837838 1.27884317247534 0.101073737489444 0.821696245607881 0.560811939633621 2.94363279297739 6.9956620882859 4.05454792568102 0.0528068605207835 4.2951185581337
0.00337837837837838 1.38430940181121 0.285136139987128 0.729703934931993 0.758983317584044 1.24420793948918 7.89289190858017 4.06464871355309 0.0217477887120596 5.01374157571533
0.00337837837837838 1.32384826200478 0.172851209018596 0.688056372756458 0.501653007671865 1.46070640470471 8.07928841194086 4.73675820211748 0.0353474081204753 5.19070846227366
0.00337837837837838 1.36300253410817 0.249446426571674 0.934835893570749 0.673718716811706 2.65244927732805 7.46612584750913 4.07073469658297 0.0335274373188221 4.72758445621175
0 1.60510653429665 0.397563367825933 0.909748449642211 0.535843646479771 2.15911068022251 8.62788626368741 5.04600243793355 0.0278232347285534 6.28633323387412
0.00337837837837838 1.35683820677395 0.190159598577922 0.666494162019217 0.598672950718026 2.2352872817716 7.93964196523503 4.87043621915554 0.046458039687693 5.14412964899785
0 1.22134194357786 0.369291560607962 0.698150432296097 0.324247080786154 1.36962986877188 5.92840011627022 2.30045516673622 0.0265707325364002 3.51566523549941
0 1.60018080645241 0.124249987350777 0.879687583155464 0.480810498353094 2.18200499843806 8.58779999790439 5.37556181423275 0.0402663887663355 6.34999491154617
0 1.52583036359865 0.145527374860831 0.848775720025878 0.870122259669006 1.52102346671745 8.53645946041222 4.74794444569379 0.0226291809133349 6.18212707145427
0.00337837837837838 1.54938330402821 0.284533159435243 0.803823100094447 0.49528489796941 1.42132404307416 8.58725977198552 4.92814060317543 0.0257551887115556 6.15229838416525
0.00337837837837838 1.46839159012214 0.154323333504612 0.874891288388085 0.841366665490081 2.82752871922139 8.40479910923164 5.12503483440475 0.0376371277800406 5.94494929336651
0.00337837837837838 1.25909177456051 0.157010754733346 0.725275818444788 0.821018543466926 2.31634067511186 6.80898913420442 3.55923659522911 0.0387838041242286 4.03020999988623
0.00337837837837838 1.31621541627268 0.181676450490268 0.794345817417309 0.841099399793881 2.61594504810978 7.21667611277116 3.94422614592278 0.0379134265594233 4.43027552684092
0 1.62843266883865 0.344455230352469 0.625323420367204 0.307411717716604 2.82270425697789 8.62540523759375 5.89335545399766 0.0650857411575505 6.18579701656807
0 1.25918555373792 0.375549583951943 0.846991363086272 0.586418685363606 1.78336027776822 6.02285554256563 2.24307096546164 0.022827608484979 3.54705984062931
0 1.60391673862468 0.261439072713256 0.812980878038797 0.455589707521722 2.65962376166135 8.64922095415572 5.6278369177414 0.0487337224179329 6.21712492854647
0.00337837837837838 1.38726400229189 0.223843561026019 0.874095395403272 0.605609373684782 1.93205305734413 8.06896937414061 4.57514957500164 0.030384587199968 5.2981045779527
0 1.28762042520102 0.371493824012578 0.846351663989481 0.877208811370656 2.23150708852336 6.27254152050763 2.55291137890206 0.0242429326398792 3.72596112901847
0.00337837837837838 1.29054587066448 0.192294022680547 0.733988905934057 0.689350222042996 2.62580335775477 6.74160020981262 3.65038188368524 0.045446551940711 4.05603123868476
0 1.23298354642466 0.23429059649352 0.73980542961508 0.390053806453943 2.18432655604556 6.24008089439522 3.14952574673341 0.0454767011113277 3.71296212462989
0.00337837837837838 1.4990419454358 0.379162512412603 0.872429297751589 0.708585197467323 1.43499915004971 8.18781096119392 4.25134831103177 0.0195171317044962 5.56605180119012
0 1.17736689161975 0.244382315431722 0.773714929562993 0.455684686498717 2.32143151201308 5.80405865840466 2.59561000985632 0.0404192691506928 3.34571822934193
0.00337837837837838 1.63083065924964 0.368551213548499 0.627107804284896 0.861877450789418 2.39867755443375 8.64604221024703 5.26806853036946 0.034116515723451 6.24812181979938
0.00337837837837838 1.48346426549275 0.395385441058395 0.821463948972592 0.813742409311142 1.87580650458194 7.74751911546526 3.98042903809221 0.023119240700918 4.95469966176595
0.00337837837837838 1.31914372764002 0.217114979702982 0.754029075147645 0.603885750298738 2.92073634018013 6.98815243888023 4.00851825351258 0.0508114180257166 4.30582617378847
0.00337837837837838 1.42412779545436 0.279710001368449 0.804117744341057 0.531388401801024 1.78444373843622 7.86923006956293 4.41514556725795 0.03161623570169 5.18247122940228
0.00337837837837838 1.44783067304257 0.18252653513057 0.649937740107716 0.808892684320513 1.76971645060655 8.617319214665 5.18829748681558 0.0324186395175793 6.14886068360171
0.00337837837837838 1.52884421482603 0.388329783020446 0.672136240698253 0.36885654331294 1.18030872086083 8.49374440495333 4.83103004479653 0.0256627601287438 5.97029198187518
0 1.1626454384299 0.194994322094135 0.870802813011687 0.811005712347105 2.44374383613467 5.60825004793464 1.98863509372165 0.0267929910350448 3.35670353066353
0 1.22498353451956 0.29192263437435 0.923983790876809 0.490870621846989 1.72612871881574 6.01099480616061 2.32673555322633 0.0251157722691365 3.60791039158027
0.00337837837837838 1.46574747422081 0.306698331679737 0.737080326507072 0.411463073959831 2.54671622990115 8.09631199129593 5.09021963159512 0.0494846697348804 5.51702556429291
0.00337837837837838 1.51676620886428 0.285697996850588 0.659752881220807 0.73626627340319 1.74249430933721 8.60803156942021 5.08264583007253 0.0294404488390017 6.24494329821826
0 1.1754469376523 0.269707712484524 0.602462807483971 0.647731358511373 2.01703110989183 5.84150016824006 2.55616966980949 0.0374282130833718 3.35388340012609
0 1.2287646175595 0.377779498905875 0.791221133549698 0.411845351429656 2.41211812989786 5.84593286676088 2.470215934378 0.0341935950263862 3.48966602964976
0 1.19712613183074 0.203196621336974 0.645321123744361 0.879322462063283 2.64933985099196 6.14273463413225 2.89037175789616 0.0386826973340303 3.61091791264422
0.00337837837837838 1.57323674690074 0.35372268719949 0.620681057087278 0.560604754677067 1.5678748060405 8.60188691874317 5.13363523466844 0.0311714806453307 6.17582484059179
0 1.64665975803509 0.319368360890076 0.922704820672516 0.388241219613701 2.19567352673039 8.67563180774686 5.24733981178317 0.0324423050662297 6.29316046532018
0.00337837837837838 1.61120951324701 0.266262130159885 0.788626382721122 0.640689870156348 1.72084540640935 8.63225965163169 5.14271563445346 0.0305147832163345 6.1884694408125
0 1.36498386317398 0.375733032799326 0.805576339329127 0.646498434618116 1.14017950790003 6.83267247285778 2.82088273159874 0.018100970176069 4.13716455940503
0.00337837837837838 1.41468354393728 0.393551114224829 0.908226625504903 0.633795442432165 2.55118635389954 7.03912361960981 3.54832638255206 0.0304765654360314 4.24849524204936
0 1.56293974639848 0.286220275121741 0.819307053484954 0.519221578259021 1.67551504261792 8.61392595654498 5.03085502254551 0.0277902251340452 6.33206956937982
0.00337837837837838 1.30256782483308 0.289915325252972 0.610414599016 0.42615723260997 1.8943956683697 7.07303528680953 3.97908493583353 0.0453225602827926 4.29220667513978
0 1.62053086466622 0.209772474435158 0.834097201097757 0.557645663106814 2.07652404159307 8.64326108702292 5.35446620063902 0.0372987715801064 6.23344988010037
0.00337837837837838 1.50390496687703 0.329482154886186 0.830046523630748 0.456407423190238 1.47309403738001 8.42850025297128 4.76269708416883 0.0255836150682854 5.87899263752096
0.00337837837837838 1.55274188097101 0.30657294949051 0.643961710378062 0.533800990786403 1.66223752545193 8.62422167694071 5.24298456936058 0.0340053604132336 6.20447179282999
0.00337837837837838 1.53497557367178 0.304699891990428 0.618846112564223 0.743770074778671 1.94399960121839 8.54354097899347 5.19623943915672 0.0351791556843616 6.04963718567713
0.00337837837837838 1.44604533221573 0.166448905738071 0.821152844326571 0.503784668818116 1.21923556830734 8.52969028661333 4.80016618367877 0.0240042566742314 6.03034179469031
0.00337837837837838 1.39520355230197 0.139037744724192 0.846342991257552 0.57958993781358 1.97691857768223 8.43238198966759 5.08557868007124 0.0351966873706004 5.78902357815294
0 1.41820203207899 0.107789789745584 0.673339494795073 0.610142878443003 2.18125945422798 8.43297716168543 5.40497296159575 0.0484121627621974 5.87825014098515
0 1.23218293963 0.399358524638228 0.644933512131683 0.571955653885379 2.4144551907666 5.86224279152 2.61552683220506 0.0389017532252729 3.50142848528068
0.00337837837837838 1.45509646990124 0.326301298053877 0.684995193598881 0.768938040616726 2.05405111611734 8.11797726642548 4.71439821317241 0.0332540387446197 5.37662780547928
0 1.48931234164629 0.104052902688272 0.857660848321393 0.877356036985293 2.86442293506116 8.6198513088831 5.38792952523772 0.0394815508353168 6.23248894564088
0.00337837837837838 1.36315744121924 0.2666101179189 0.773451627638901 0.721480069899397 2.15448583792847 7.16071649870553 3.7470500869688 0.0329202795392779 4.35724287209614
0 1.22235123938881 0.322766247880645 0.718945676274598 0.546831297269091 1.4821271658875 5.97670499605289 2.23773644625312 0.0237786169459523 3.49014486767865
0 1.53401354372036 0.119288846151903 0.843780845357105 0.689498344575986 1.41512274416164 8.61920043155025 4.94543461524637 0.0253807106598985 6.29093852310986
0 1.40681445817463 0.163401721627451 0.679932359966915 0.308852187590674 2.75539052160457 8.39615966587093 5.69258526748496 0.0669657222721182 5.87588652542898
0.00337837837837838 1.32783831851557 0.330773541936651 0.715582896303385 0.349391845241189 2.23039290728047 6.67917142410115 3.64149787189507 0.0479463044175848 3.94220132240298
0 1.52956144136842 0.242271517799236 0.63125510312384 0.549105445062742 2.44731733435765 8.62374972625178 5.65470655537695 0.0513524223256087 6.21301499336925
0.00337837837837838 1.37544044262949 0.295550914386591 0.758316339276526 0.58239205737194 1.62606597993317 7.8472055339717 4.33269110905597 0.029762251253607 4.94649385723086
0 1.54863608137239 0.139328249823302 0.799545035301708 0.897272834787145 1.4775162586011 8.63456369754957 4.88067845750816 0.0234265510397177 6.275778453652
0.00337837837837838 1.34757219811436 0.358205087948591 0.724782254628371 0.842834858922288 1.92022282863036 6.56875067194923 2.92226512167212 0.0260826339951461 3.9556410872504
0.00337837837837838 1.50097595075208 0.261848592802691 0.679949494551394 0.723592932444208 1.84310790117391 8.64883716568895 5.17831111670055 0.0311006658832746 6.22809125878986
0 1.63439999856055 0.286679217987694 0.67706120905932 0.733145993063226 2.46178649319336 8.64790561447696 5.51246053566495 0.0434803973184514 6.19912891157373
0 1.23729029248934 0.354162536910735 0.792394945432898 0.70023562037386 1.53010500362143 6.10530463436481 2.22236875913724 0.0205902858470834 3.53975086467575
0 1.49629413322546 0.136642849398777 0.771788215741981 0.508382954355329 2.95335877686739 8.61064636047335 5.76985043784567 0.0583791821561338 6.23489080253988
0 1.61020267263521 0.237060201447457 0.863267530745361 0.686428190907463 1.04935404192656 8.67537573235687 4.66607712089161 0.0181461182536837 6.36914727420369
0.00337837837837838 1.48692146261929 0.393191174927091 0.662167916611083 0.303350630798613 1.64557059224993 8.28147602450543 4.98918232614494 0.037168498225274 5.57949876348279
0 1.54138342801016 0.214632868929766 0.757330036896747 0.74380255183205 1.12370922975242 8.64081447046397 4.78090984585523 0.0210700089875641 6.265018024031
0 1.25976090503391 0.340513484412804 0.831977688043844 0.654321509879082 2.94309974787757 6.01295808760842 2.7253598386373 0.0373434314011069 3.63695939693558
0 1.18814771352336 0.195743815391324 0.802868613018654 0.859458100050688 2.40645723091438 5.99106674072079 2.57191802677763 0.0327402944352868 3.61581988324443
0.00337837837837838 1.53794182075922 0.253263288841058 0.755222359012362 0.486402144443636 1.52947417792953 8.60931648029204 5.12479696570715 0.0306684906520748 6.15613116866322
0 1.46935906631406 0.104033228335902 0.833778995706234 0.754248046316206 1.13563818531111 8.61114437770612 4.72810997075672 0.020588257150713 6.22722208409104
0 1.54292324066628 0.284148928034119 0.727242656180169 0.528081926889718 2.59867756860331 8.49131845181755 5.45060041422276 0.0478005545735564 6.09467479340911
0 1.59753253040835 0.215853515500203 0.764968877576757 0.863736510509625 1.293790650554 8.66193649500461 4.81648899778106 0.0213768333468712 6.30261897574491
0 1.18414892021101 0.398550622188486 0.720739614893682 0.755353020178154 2.27200049487874 5.78298566919802 2.10745457790751 0.0253359462486002 3.42736709939554
0.00337837837837838 1.27440637702398 0.117646467980153 0.856905593460141 0.695596941547561 1.99207901065097 7.45130620736083 4.00773714403417 0.0319504484160268 4.72067903269773
0.00337837837837838 1.36359244314954 0.279885439877398 0.859697013394907 0.752626282162964 2.80779886199161 7.12797901622939 3.84635792403387 0.0375673073494277 4.3612568731875
0.00337837837837838 1.45284482857461 0.333014468257885 0.698883382687058 0.464784212469623 1.50724057854639 8.279189777195 4.79475695377346 0.0306711494544532 5.5678672906764
0.00337837837837838 1.25478650572336 0.127392104893058 0.685315986813961 0.882981097831168 1.88070773095897 7.11584698708988 3.68833582811523 0.0324676471107502 4.34887442735698
0.00337837837837838 1.34778673025811 0.246374548456551 0.888627912013771 0.678468494218068 1.92568523507836 7.42872062591081 3.86392825157881 0.0283028612746617 4.63261616259684
0 1.16397663494572 0.391337664541788 0.712946235935669 0.595478066056967 1.71923472685739 5.6439961765619 1.81707727721234 0.0217766082932583 3.32853478128624
0.00337837837837838 1.33847531301435 0.383630724949762 0.606346686417237 0.743409441551194 2.16544246766716 6.64469512026248 3.30545232470377 0.0354638009049774 4.04533698311541
0.00337837837837838 1.40968087578635 0.135004616315671 0.700934574980891 0.736920050343669 1.94417043431307 8.41237419577664 5.1302684690408 0.0375491053457155 5.82353887059776
0 1.59726005650591 0.206184932217002 0.808743527298793 0.375604473939165 2.73143287515268 8.63752993757182 5.755540200186 0.0560231804445182 6.23115135214214
0.00337837837837838 1.29323899279403 0.25193105879185 0.72055837583101 0.463872300442551 1.98189477483667 7.03796449260935 3.85203706849798 0.0413398884076632 4.26455605019954
0.00337837837837838 1.1811906512361 0.158211429882795 0.79833454110194 0.338611379871145 2.14812773419544 6.3381080944078 3.10121778139997 0.039285872111008 3.79661215391682
0 1.26254268197808 0.332633978826925 0.841316611866932 0.322951395995915 1.89895495679229 6.03879592181375 2.54111979462855 0.0302676399026764 3.64080332067816
0 1.30604538167827 0.288996374583803 0.678077815310098 0.849432990700007 1.24366276245564 6.55039557684049 2.71220821125087 0.0215325967179915 3.83631118369245
0 1.53289201573934 0.257032736111432 0.682538052310701 0.549710939079523 2.5557151613757 8.59966434520042 5.59811957012398 0.0497102179191316 6.16112120759384
0 1.23687496767379 0.281460802792572 0.767160133679863 0.378646712377667 1.00065797334537 6.25061853594523 2.32145357729843 0.0196600826825907 3.71878493689284
0 1.15532044260763 0.261347020626999 0.872564426460303 0.331008423585445 2.72104076808318 5.66997166296516 2.46048812243985 0.0403774612104165 3.3545102676895
0 1.51843945621513 0.117457068315707 0.810466046549845 0.355585999321193 1.50492773670703 8.63669578796912 5.28309571988116 0.0349582751198882 6.30902813361601
0 1.19212487034965 0.151915943203494 0.760508148616645 0.531945173162967 2.89119174424559 5.87539878609109 2.88772274972459 0.050404438799385 3.58484081571403
0.00337837837837838 1.26674719861579 0.234916718997891 0.63898135676016 0.745176340674808 1.15751487906563 6.92629349068399 3.13549421592915 0.0225775489725579 4.11668572215983
0.00337837837837838 1.62679972928017 0.38127030110918 0.829678125714417 0.472045610239729 1.83632125658914 8.58863532767059 5.06990998555873 0.0296371883775148 6.11177771261799
0.00337837837837838 1.40987346493671 0.366336491254494 0.766300758356763 0.695983821842305 1.92970024428825 7.14603476573014 3.6364657114299 0.0299098011601784 4.30348988467522
0.00337837837837838 1.31911718285467 0.100661536367813 0.757226155374624 0.353032124776381 1.00785633592134 8.33746581783781 4.68477323658706 0.0259212396859749 5.63062643022786
0.00337837837837838 1.34485526392236 0.316121500078589 0.632683683291543 0.732591262785718 1.30792438797653 7.30183668903147 3.54249991901156 0.0232991879716507 4.53259949315326
0 1.25706866567489 0.202128045121208 0.861889573268127 0.764110945863649 1.32410479290411 6.65764013127671 2.73292346584735 0.0197477312938759 3.97781074596615
0.00337837837837838 1.31351803194266 0.278898903424852 0.679016507952474 0.886514278175309 1.74808428157121 7.20692216813171 3.57497917690798 0.0264647137150466 4.35592358911489
0.00337837837837838 1.5533421088654 0.285021825928713 0.90322699698394 0.730340856161114 2.26427513709173 8.57645029036407 5.06638530920075 0.0298949717637656 6.16923409253387
0.00337837837837838 1.40156851659995 0.308836504584178 0.683981429238338 0.408189565362409 1.7127312393859 7.76805857981577 4.50681455718148 0.038340671674005 5.08102401632695
0.00337837837837838 1.386766653624 0.193572047031266 0.787783142696467 0.880132518705307 2.22654054105236 8.05960522903396 4.63947301768439 0.0327081102697403 5.2433654002648
0.00337837837837838 1.48004172390793 0.270324111706577 0.763078463391866 0.592462899489328 1.56605842569843 8.48052497297691 4.89157593408027 0.0276273504418259 5.99416497928936
0.00337837837837838 1.47690413043336 0.329606079641485 0.676972758492062 0.614023732105042 2.35760768895172 8.24837426280064 5.11958121124816 0.0437705942354832 5.52577811594954
0.00337837837837838 1.3072049152331 0.204579613410163 0.902465355998122 0.463812283604823 2.43949464079894 7.06340173398967 3.82627565135923 0.0392766107875788 4.26176090010423
0.00337837837837838 1.28694908039179 0.161036464292556 0.729927710955963 0.810089914826676 1.91546958126128 7.47808725247251 4.0517849478033 0.0325069194982628 4.54129810939368
0.00337837837837838 1.40466756626134 0.3978382153352 0.745698080824411 0.6344998193608 2.99782421653139 6.88461197579598 3.74589613455417 0.043338415589298 4.27411183921096
0.00337837837837838 1.39700424321321 0.268262364140749 0.805060281759219 0.748592619859294 2.74322810121097 7.41987793358028 4.16748955819842 0.0386817109708676 4.70626630285946
0 1.16775001257192 0.384936972125433 0.923731547337957 0.609271010058001 2.39224126189947 5.60064171573669 1.95223928410696 0.0260326845692699 3.3369551129338
0.00337837837837838 1.56446111759671 0.32066059189165 0.911811134725577 0.383470625362432 2.05651860483389 8.59647006745403 5.11005821708733 0.0306105104461508 6.21860011969173
0 1.29561271073762 0.3781800001394 0.902015681855846 0.389609295409173 2.06015978660434 6.06289416363088 2.5214642455218 0.0289718700475436 3.58999907895263
0 1.25824401990976 0.327903761714697 0.881383992044721 0.319786537578329 1.23371829511598 5.97250822825843 2.03688192726104 0.0195334616691201 3.6346578999473
0 1.61499384543858 0.232059748703614 0.621897816180717 0.524042862793431 1.05450002476573 8.65106302676256 5.05993326581754 0.0275671685134582 6.38862863017676
0 1.19223971487954 0.167490168823861 0.895925567357335 0.365853745350614 2.19161484204233 6.05459242701976 2.79143181004126 0.0382672585335986 3.64556341000703
0.00337837837837838 1.52382300074707 0.318048299978256 0.870965570546282 0.412642220937411 1.24773130244416 8.45634279411444 4.58944722552286 0.0209232234176865 6.07608139282786
0 1.16333892950788 0.319442797987722 0.891233728826046 0.777382095856592 1.47184446081519 5.92328303469191 1.8470221479031 0.016970802919708 3.52903075317204
0.00337837837837838 1.33058492895216 0.149173867353238 0.618871509132441 0.339372872840613 1.49420228460804 8.34040605884617 5.15194642345824 0.04123533950189 5.59859420945096
0 1.32232020886149 0.270421108067967 0.626277549390215 0.465643912553787 2.38745657540858 7.10634529894282 4.22882247645065 0.0562739909812544 4.30651908216574
0.00337837837837838 1.59844283675775 0.309034317708574 0.774254187429324 0.361117023602128 1.74281215621158 8.57494498472732 5.21254158952663 0.0346518766305599 6.22122615072377
0 1.54363468880765 0.32387786237523 0.871814184379764 0.835134234186262 1.37817342439666 8.51635684177336 4.53817531716381 0.0187196496270882 6.03844354830198
0 1.45876805237494 0.187345906207338 0.881084095907863 0.686420612689108 1.11882421234623 8.49563179390025 4.48265659110402 0.0180795248859343 6.05893244689262
0.00337837837837838 1.23715513686184 0.136028732568957 0.623649257631041 0.734264054289088 2.26217031572014 7.11442906145673 4.04468192453506 0.0464328945377515 4.18718516941834
0.00337837837837838 1.3215452313656 0.21951311128214 0.932619712874293 0.61891708150506 2.21781711140648 6.9266814271638 3.43535894681273 0.0304605620276421 4.19704196046044
0 1.22884051848669 0.180100344633684 0.86243130445946 0.472448512120172 2.24660047050565 6.23061565474982 2.93603052121703 0.0370834265265041 3.63638927149254
0 1.64566281272564 0.255697993119247 0.747402524470817 0.506325266277418 2.85106685990468 8.59834543717083 5.7430672883191 0.0575398142615828 6.11328387042908
0 1.17498761634342 0.377714193891734 0.635138116870075 0.575422281911597 1.27739730570465 5.62190203602864 1.66170634097986 0.0190593840995323 3.26836261045208
0.00337837837837838 1.23572136377916 0.229786642850377 0.81924502478214 0.768291935138404 2.54906449047849 6.38780081224622 3.01809930370089 0.0343999038885107 3.75397585532176
0 1.63005964653566 0.267616248549894 0.802672324678861 0.785136501258239 2.33461094088852 8.66478526768909 5.2855360321833 0.0340730259525124 6.26606138001111
0.00337837837837838 1.54564424353155 0.362171869743541 0.86302451624095 0.886956438926874 2.67023817998064 8.27531524204578 4.72703377374493 0.0287740462993153 5.58266889890336
0.00337837837837838 1.35670044856837 0.135420541739189 0.883585109074137 0.44691656830307 1.39087955073356 8.20513099087905 4.5485998344997 0.0258219297862108 5.62380087622657
0 1.16356134621892 0.100002212962136 0.852596338931471 0.777012354321778 2.41183680715039 6.09797213190311 2.69278272897142 0.0332005312084993 3.65183818243359
0 1.61875595254824 0.119877258548513 0.893167730525602 0.744317957572639 1.20998203428462 8.63258607133751 4.65570809310168 0.0187440674699146 6.45622486233976
0 1.62887123771943 0.290057556284592 0.733479823626112 0.314906720677391 2.92655500490218 8.65856080054006 5.8664680569333 0.0612928094679159 6.25782083284501
0 1.42147175732534 0.202502608555369 0.615413684817031 0.604846010589972 2.64162436779588 8.31259657738861 5.4402508624367 0.0565660829275954 5.65305042624943
0.00337837837837838 1.61671370225219 0.317909488775401 0.766114854306726 0.748706750676586 2.57908178465495 8.6412710397687 5.39044065542384 0.0387420237010027 6.14289725086819
0 1.6163418472046 0.193804850475863 0.727958287764341 0.756376513279974 1.42685791663826 8.6118231399157 4.98168697214036 0.0265125740048688 6.34756432567082
0.00337837837837838 1.59256630958989 0.369542743894272 0.901548885053489 0.346161520108581 2.97452414641157 8.42729036548692 5.30688059720852 0.0441390779195204 5.88159387597227
0.00337837837837838 1.51004464956932 0.326403430453502 0.712592435721308 0.657681466033682 1.53110391506925 8.52437550004135 4.86186692898796 0.025668041788577 6.11620743369942
0 1.20489910417236 0.344651665422134 0.757888521114364 0.318280685925856 1.99368182523176 5.88723974991408 2.46771424924763 0.0327279606507756 3.47492649417884
0 1.20453173001297 0.180993935279548 0.794550949707627 0.751483050081879 1.05843723984435 6.28275616872064 2.28092359621287 0.0182821048885726 3.76396483960005
0.00337837837837838 1.46493026379197 0.179291716731296 0.865727562893217 0.832768309500488 1.90524597043936 8.536211197252 4.9328899454714 0.0272331240188383 6.09085729098602
0.00337837837837838 1.45663505161647 0.240519083058462 0.934061143477447 0.740379026485607 1.6665524202399 8.19726337141434 4.39838152309016 0.0223957997620959 5.57150662582676
0.00337837837837838 1.44529628894998 0.242966233560776 0.878398135463605 0.793965781303182 2.51989064473746 8.1855341527509 4.78998862298063 0.0335222617913093 5.47386603905456
0.00337837837837838 1.51352284846362 0.378430158528499 0.792867307807319 0.384203689964488 2.02873312449083 8.29281888303117 4.98058837274396 0.0364348148222313 5.63078158177171
0.00337837837837838 1.51669552430976 0.365466246008873 0.616739839210641 0.610911792190745 2.64338039187714 8.2987883944492 5.28279755489 0.0489972630007465 5.67812272787562
0.00337837837837838 1.38875923175689 0.251237161853937 0.773683422835926 0.766960761960591 1.55563377689113 7.75095356216389 4.03968614968424 0.0244465198044278 5.03860914613866
0.00337837837837838 1.32375145109194 0.236904688188946 0.887494689952109 0.541555520845429 1.91945179269824 7.13191056321991 3.69142722619273 0.0320491910229645 4.46590811865458
0 1.22557071419433 0.254531611688435 0.915357712469995 0.583752666413784 1.91582593740895 6.17459070436658 2.51842934182664 0.0258314803425273 3.64414356027254
0.00337837837837838 1.42677244599909 0.358870849106461 0.767660064692609 0.332276359247044 2.71192495990545 7.58642055004774 4.68232017374736 0.0547980660724084 4.73977243361411
0 1.61434714470524 0.168927664449438 0.908040076610632 0.716896215593442 1.00715287122875 8.6285556592697 4.55807857845424 0.0170692431561997 6.30466815678984
0 1.60871864166111 0.232743825577199 0.684687089291401 0.522943826811388 2.74713995773345 8.65113521400645 5.80106967227981 0.0578405297824108 6.26967589306579
0.00337837837837838 1.31452582587954 0.255530132027343 0.917521180398762 0.386689890129492 2.07286490267143 6.8833942780692 3.46920211077621 0.0329029760684928 4.18560615350043
0.00337837837837838 1.28738515973091 0.272129702521488 0.759318177774548 0.704000626271591 2.13158657681197 6.47076432162699 3.08170144096518 0.0337402807585406 3.80968821068686
0.00337837837837838 1.32741188488435 0.276939898985438 0.914583131799009 0.675583765748888 2.25203831540421 6.78558764500793 3.22227429882731 0.0283447529751172 4.19447867805728
0.00337837837837838 1.22523276118427 0.137987505092185 0.72963146901658 0.395173778565135 1.54156329648779 6.42806855589951 3.07332442862713 0.0349183036533872 3.8000751844708
0 1.53920363376383 0.211803997005336 0.639154070103541 0.401026477804407 2.71378290234134 8.62757109888585 5.85799267652151 0.062688427211128 6.24432869987127
0.00337837837837838 1.64622659293356 0.376948933888727 0.895965699691387 0.700909894215514 2.35871496798056 8.58500509917329 5.03578308762891 0.0287469957875615 6.21708502829708
0 1.60740033406764 0.104270472167991 0.753742037829943 0.428756554517895 2.23974367557094 8.63329704024944 5.74200108330634 0.0555042348829703 6.45326404136691
0 1.26117668240331 0.225110971950926 0.865767666848842 0.692296162806451 2.6472251014784 6.2964685509893 2.87085894367258 0.0325294447560292 3.85061002946396
0.00337837837837838 1.28907406394765 0.19630251760159 0.835118745072082 0.642702753526089 2.30087908820658 6.85509486910695 3.57640147068725 0.0376774540806028 4.11574513337447
0.00337837837837838 1.4950877466239 0.284857276664116 0.88267417390598 0.584529638802633 1.69734769780189 8.47590340042144 4.80184403642139 0.0253732613041814 5.97671342516197
0.00337837837837838 1.40468298532019 0.187746892344338 0.929729311648962 0.611473659560931 2.13420215382852 8.1983760964167 4.72493706812196 0.0310102021106604 5.44710414225542
0.00337837837837838 1.44877532937098 0.377964645368047 0.670261394849513 0.365197751065716 1.85726669291034 7.88331064949115 4.67730478374729 0.0405181253392846 5.1104202954209
0.00337837837837838 1.37707514290232 0.26970414291136 0.826850298128556 0.810236276406795 1.67383009940386 7.64744520219144 3.9314253925749 0.0243306158626265 4.77963785231704
0 1.62001129644923 0.180030699749477 0.786267154675443 0.878191837621853 2.03089278424159 8.61730813635799 5.10359267732269 0.0297860397787281 6.40714936448026
0 1.1574506807141 0.125348160625435 0.941279143071733 0.879776199348271 2.90987953683361 6.08026004589111 2.57587842799373 0.0300653594771242 3.7212083412293
0 1.27642939400394 0.306670299987309 0.861947114521172 0.311460833111778 2.41422636667266 6.03680963035582 2.73436750941958 0.0367932041412264 3.62463718538558
0 1.20307577177882 0.230265444959514 0.729810140375048 0.498304761154577 2.30444211745635 6.0746974270387 2.91568956588045 0.0424678541937006 3.63013607447179
0.00337837837837838 1.33981989810709 0.170030494849198 0.739004891784862 0.855007045157254 2.5181179875508 7.54151009448968 4.29610162389647 0.0389526500951612 4.89100272301626
0 1.58940682662651 0.107703589764424 0.668587810371537 0.863674888852984 2.84721825830638 8.56102648415824 5.56631721261842 0.050051176272961 6.26700690395603
0 1.51967610439751 0.135861284495331 0.902681231847964 0.348826777562499 1.1843466674909 8.61715541246552 4.86577007434625 0.0234851883829567 6.2390567788245
0 1.22458659878466 0.34840775562916 0.836369185498916 0.782577811880037 2.39760855352506 5.70968170658719 2.01156411927675 0.0247701101814266 3.37929254627411
0 1.53144330016803 0.106872893706895 0.900369556003716 0.342480742698535 2.79330238141119 8.6302703873765 5.69455637128291 0.0530927966580518 6.29962428907171
0.00337837837837838 1.39548632049462 0.33156262924772 0.739825823443818 0.671962580047244 2.57206998910703 7.32592841264556 4.14572288700807 0.0415771090811392 4.53501045322522
0.00337837837837838 1.4540644187713 0.335182210383937 0.658065694430843 0.670954593457282 1.123002294451 8.32134556844056 4.48933837046297 0.0216660838363412 5.68852782295605
0 1.20174819682725 0.352458089683205 0.7583492212696 0.381860889075324 2.92662261240184 5.68142047740411 2.50701810339543 0.0418190887928168 3.3208158632112
0.00337837837837838 1.45605418196466 0.287890133890833 0.644802416316244 0.790544244283737 1.33447517057933 8.4106878126148 4.63596763413532 0.0229435098315803 5.8901148897231
0.00337837837837838 1.30355114505618 0.18013291975507 0.676085227786747 0.36364174903821 1.46820228242422 8.01110632199742 4.78034823300742 0.0395275220480495 5.03749358159912
0 1.56841105604544 0.17590350524988 0.620353884994984 0.43096457538195 2.8081040517427 8.57748834719999 5.98911804622686 0.0751423998493621 6.14744391101569
0 1.52897258088924 0.13868807463441 0.877965932025108 0.813286009524018 1.21631619380787 8.63869552412663 4.69592454925656 0.0193943988267717 6.2439727070521
0.00337837837837838 1.48230757323277 0.337231035984765 0.75642881792475 0.453496141130472 1.30261139093272 8.22354893597802 4.5615230238819 0.0256804336891522 5.57468567909954
0.00337837837837838 1.51863830080256 0.242810310097411 0.905222122196574 0.687072986830026 1.7116830162704 8.52389981830036 4.79733893300287 0.0240754920017383 6.14802304011083
0.00337837837837838 1.35975046970739 0.296056710739366 0.909517857182063 0.657127638004631 1.81698120083129 7.05266583162894 3.38402957803979 0.0255112370925289 4.26686648602725
0 1.22355486450251 0.307182034454308 0.748267644352745 0.519072253536433 2.18338223174214 5.91488343379014 2.49778631265166 0.0328075331374078 3.57234563785798
0 1.18395603271201 0.370403293776326 0.736429843213409 0.697660163696855 2.22233768599108 5.55332865671027 1.93908418398491 0.0269372693726937 3.24889684112306
0 1.47281939405948 0.207356909266673 0.82168226740323 0.88858673167415 1.40681486390531 8.538946529218 4.6427870495594 0.0203198003897618 6.10246537624948
0 1.62576896252576 0.102988746040501 0.77476985413814 0.503852237993851 2.77818923955783 8.64384741902953 5.8433669389938 0.060780851622369 6.47121011006433
0.00337837837837838 1.28768297235947 0.190010259253904 0.921346238837577 0.794152576429769 2.14661913178861 6.80632222592152 3.17544626694086 0.0264929674890477 4.12948377360686
0 1.61255181403831 0.243029520334676 0.669128565955907 0.497082405025139 2.83552894322202 8.60303443962769 5.82728983579506 0.0623030683104408 6.17009004577543
0 1.41694576744921 0.228047539945692 0.73926699757576 0.637119630770758 1.01083565037698 8.51596326870462 4.59869090739033 0.0198952879581152 6.06242769854022
0 1.15807022117078 0.126860597450286 0.908298545959406 0.409435592545196 1.24395062448457 6.06194753588867 2.1675488091901 0.0203556100551809 3.66288665454141
0.00337837837837838 1.1931304114812 0.109476503456053 0.644676068759307 0.879941897369145 1.78204033656201 6.74614769878529 3.31418600467253 0.0323234697775558 3.94594122363161
0 1.21150730478112 0.235053599043749 0.876463684160262 0.723643435304985 1.06074910005555 6.33234668864645 2.14593128294867 0.0152006755855816 3.87691382831458
0 1.17029203157872 0.256347437156364 0.824252126319334 0.533905579475686 2.84281279658899 5.69557427620242 2.45059450479922 0.0389693526446347 3.3415147763263
0.00337837837837838 1.33234710277878 0.282418626304332 0.888481197468373 0.835033478454039 2.10112109125811 6.60287654246267 2.97095987054641 0.0264654102571503 4.00423360894231
0.00337837837837838 1.39083104852664 0.368037324303542 0.69137348944178 0.466567591089378 2.74831864159093 6.99622392696975 4.0203391489116 0.0510022883295195 4.26042381291463
0 1.59180437782779 0.211931463819929 0.627300534164533 0.48328574099578 2.19012902956456 8.63180385347361 5.75334979060362 0.0562216107617051 6.24353265955158
0.00337837837837838 1.42225244404605 0.208129729257215 0.923338650813859 0.491601750316784 1.80305090454773 8.36688749112449 4.83222444784284 0.0291685838839898 5.80193339002121
0.00337837837837838 1.39392077187076 0.365319993812591 0.840419598796871 0.728649833891541 1.57783521804959 7.21738353800781 3.3616500845739 0.02115807915188 4.44958991335124
0.00337837837837838 1.41128601202766 0.193100951187889 0.830951297191856 0.746584008022886 2.48977354765755 8.1414460961759 4.8793109878732 0.0383065220683309 5.39044065542384
0 1.49516496490687 0.125627068732865 0.931566067622043 0.48214847180061 1.00996540347114 8.62976721886277 4.66689864013411 0.0190085086052525 6.25335774302629
0 1.60516274229158 0.109688733168878 0.624926093919203 0.862639199802652 1.93678338127211 8.64450930917346 5.33522772056813 0.0365424168145832 6.55512926988969
0.00337837837837838 1.45910276497337 0.390818012821942 0.724304410761371 0.438677515147608 2.76662183414371 7.39720608020043 4.41739377851117 0.0508023684888012 4.50909971723736
0.00337837837837838 1.49391049226469 0.353793990095116 0.890677023614042 0.85656775646706 2.27618822953525 8.00118408857735 4.34909224357827 0.0259368161925602 5.24282622949636
0.00337837837837838 1.29271012278618 0.256215969781631 0.765081005412934 0.759412700885601 2.24733787152412 6.76893332021584 3.39479394462695 0.0342475799354649 4.05344868790424
0 1.58242635740899 0.204970879410394 0.626208905025851 0.525695245480165 1.5234604482539 8.63377728640819 5.39362754635236 0.0391580311341946 6.27064810930486
0.00337837837837838 1.29909362292383 0.266734905540943 0.915701767941937 0.513201701827347 1.75813619093969 6.56100119822997 2.93230424670045 0.0265507588035951 3.88199325897645
0 1.18842333948705 0.25895846222993 0.641272012097761 0.32823529955931 1.54400252830237 6.02791700911029 2.78037086268184 0.0388694708930939 3.4980215662977
0 1.1685948216822 0.11726577966474 0.810562127211597 0.537140724202618 1.89770817104727 6.27267300817745 2.84585174292794 0.0324900540650821 3.71686262577741
0 1.32259085131809 0.133364362688735 0.667046789301094 0.390226033749059 2.99750539939851 7.83927725044663 5.24656630149559 0.0748169400077078 4.94768005996086
0.00337837837837838 1.23361181500368 0.161909850081429 0.622821167297661 0.645085480855778 2.07468296028674 6.55137929367308 3.36488715760556 0.04131654986881 3.8407018441816
0.00337837837837838 1.34231384550221 0.242057619593106 0.759728664648719 0.836284413048998 1.61848596762866 7.38943760508169 3.69454519164961 0.0248501270585593 4.59190071651998
0 1.26057566106319 0.27703240159899 0.657811429922003 0.491371268592775 2.28852780628949 6.26477522700812 3.13271514975888 0.0436278279169533 3.75921893624415
0.00337837837837838 1.44020530232471 0.299527686250858 0.878695516510256 0.635958386617828 1.02828553232014 8.19295662606272 4.11053227578399 0.0168665256801065 5.41970500890786
0.00337837837837838 1.49694336368489 0.292776508623662 0.83844431161524 0.458728851422367 2.34712002333556 8.4400134029524 5.20388977587072 0.0393160035854651 5.90489794546579
0.00337837837837838 1.23897146733943 0.133741314616054 0.901383379183244 0.524487751722336 1.56565487710759 6.94099221591096 3.33867702468082 0.0272605359773122 4.16348893738331
0.00337837837837838 1.35135234249756 0.324653757899068 0.696975936542731 0.587143082404509 1.07472844282165 7.04376573903527 3.24386704891752 0.0223730383512353 4.15055770706265
0.00337837837837838 1.34504538379426 0.163757265443625 0.870941247317026 0.504068562195263 1.61821402071022 8.01976629139093 4.49560330510305 0.0294764692554506 5.32809189524927
0 1.28583827461116 0.319989274535328 0.874274519272149 0.473517818190157 1.4674230767414 6.64652302660834 2.86511209113693 0.0227905127865377 4.04519719140483
0 1.60166218839586 0.354842018056661 0.848186748090666 0.581103593017906 1.49668303690851 8.58641355475545 4.79385443656987 0.022537850962703 6.23620302763826
0.00337837837837838 1.49669280028902 0.334166368353181 0.616455468197819 0.534382004477084 1.2125511248596 8.55724288779104 4.84827974994318 0.024502916251346 6.19372488750577
0.00337837837837838 1.40326470163126 0.369271330942929 0.711786216021731 0.424945743856173 1.83463423139289 7.36080347382846 4.05629649458457 0.0367173097705168 4.59552380893629
0.00337837837837838 1.40156935187988 0.292143696313724 0.818881215632427 0.635174575354904 2.84358250489458 7.27655640271871 4.07511320029421 0.0407034182967793 4.57513167686886
0 1.23012080006301 0.315942722954787 0.913894662051462 0.55737889953889 2.01661978848279 6.04814277321248 2.33467340754555 0.024392748934422 3.64952829767069
0.00337837837837838 1.38103115521071 0.15375500865404 0.84411953010346 0.818381907692096 2.92400941613503 7.76955309512625 4.55958141363018 0.0403577561271246 5.05013467521846
0.00337837837837838 1.40692168739624 0.32164662014693 0.682918873708695 0.573162087192759 2.37352240690961 7.49073133707396 4.42165642944465 0.046464118583272 4.55163473819485
0 1.1518877745606 0.340413866052404 0.654082193574868 0.489543806668371 2.48075870564207 5.55011948076887 2.30745128264522 0.0390595373530527 3.2524521204018
0 1.25174660931807 0.312114877230488 0.698862399812788 0.82055103443563 1.05126891937107 6.33509197524705 2.21363760697755 0.0162209061073598 3.73716290431256
