0 1.33134720399464 0.169548942310756 0.718163893018076 0.444740005101223 1.62020179666837 7.97623732557231 4.71087106924621 0.0381829477761941 5.08917113870745
0 1.39555164866734 0.351534036353503 0.679853144095801 0.735548635073258 1.56400423896387 7.52970234338626 3.95789345949424 0.0281049690461842 4.57344782044069
0.00333333333333333 1.36493498838275 0.207191339454032 0.807794307515584 0.812632795923343 2.15930403689847 7.73878172341734 4.29432331874497 0.0319220461927444 4.98583760352162
0 1.38103115521071 0.15375500865404 0.84411953010346 0.818381907692096 2.92400941613503 7.76955309512625 4.55958141363018 0.0403577561271246 5.05013467521846
0.00333333333333333 1.35458177755456 0.303684501056462 0.664036410392485 0.58153034577962 1.80135626645812 7.43833346621291 4.14313472639153 0.0370606788825473 4.60367971408436
0.00333333333333333 1.34911267603968 0.197779766068107 0.902396617559972 0.677354759997099 2.54549158596815 7.78772146339984 4.47500972874802 0.0364172857196727 4.92064427576953
0 1.22824780943372 0.125789890477955 0.669610848431491 0.458633965074969 1.29362340926609 7.31742818853048 3.91601502669768 0.0333261414369409 4.35702928815684
0.00333333333333333 1.37812287922656 0.280191439294458 0.811787070340464 0.461518373191826 2.01248075974739 7.36228987732394 4.07889245766318 0.0375006347433098 4.61095343074382
0 1.3916441966148 0.277160506985726 0.69584142377084 0.831133019008395 2.01110700342291 7.90525726628112 4.42700000031661 0.0308611469666236 5.1240830199367
0 1.42412779545436 0.279710001368449 0.804117744341057 0.531388401801024 1.78444373843622 7.86923006956293 4.41514556725795 0.03161623570169 5.18247122940228
0 1.41193297858043 0.281686536373418 0.87852924231865 0.470248749351977 1.66135591694405 7.80478944720618 4.24666986886226 0.0284923520072185 4.97893235085478
0.00333333333333333 1.37953907429069 0.210569455907018 0.808628071948615 0.858230382981094 2.30932866502852 7.82043115178548 4.40748115206302 0.032943872473174 4.91326744318247
0.00333333333333333 1.35000689035322 0.168177623743446 0.901698496203811 0.739804964687697 2.55398149005021 7.81335072173954 4.48312275154525 0.0357849462365591 4.98491733332102
0.00333333333333333 1.37669808442747 0.248019202042604 0.701952324100813 0.765885698327604 1.91233454202338 7.67776704540927 4.30011586381184 0.0341275200154336 4.7201715786826
0 1.38102519577561 0.327751219292871 0.765922919944892 0.769696465395362 2.35040475681063 7.21660459343826 3.85101565732012 0.0345416672910641 4.34035393827331
0.00333333333333333 1.34437767564181 0.223472677661317 0.899911431948152 0.431553158005776 2.3359484610126 7.46969218057167 4.2273202449129 0.0390711109421915 4.69114398784573
0.00333333333333333 1.35117267146909 0.294434564657577 0.766403440870407 0.314202268521486 1.5292965201989 7.3610841963996 3.96239921275321 0.0334171852244141 4.43896801107402
0.00333333333333333 1.40105404667556 0.288145016436465 0.793071120837703 0.784420069679618 2.17316011153162 7.76023611309711 4.32247565504735 0.0321365760068217 4.82313367726076
0.00333333333333333 1.31503358772025 0.23796128698159 0.608799973339774 0.438273174175993 1.32705107238144 7.77949257335793 4.43880232222224 0.0354125057612536 4.70639973194798
0 1.43840694836619 0.325939637971217 0.750694159740601 0.347753701609875 1.96487851321369 7.66813187228736 4.47268780563996 0.0409483375471068 4.88789099209384
0.00333333333333333 1.42250802667605 0.368118978015874 0.736904545155307 0.657510826258249 2.32531266068737 7.39487227397196 4.08041825252391 0.0363538916050093 4.6478627702894
0.00333333333333333 1.33334122077654 0.192877949788884 0.845304083706882 0.815403589989684 2.59961075902398 7.45873588416692 4.11201693916918 0.0351996568502607 4.64528495373825
0 1.31621541627268 0.181676450490268 0.794345817417309 0.841099399793881 2.61594504810978 7.21667611277116 3.94422614592278 0.0379134265594233 4.43027552684092
0 1.38116975043708 0.282090468631994 0.719252170352391 0.634400549115384 1.65494140133621 7.85262106145297 4.35425081643932 0.030246637883976 4.99346749047389
0 1.40156851659995 0.308836504584178 0.683981429238338 0.408189565362409 1.7127312393859 7.76805857981577 4.50681455718148 0.038340671674005 5.08102401632695
0 1.48448576275259 0.345530825783499 0.915255431260448 0.805466360785067 2.7546822107397 7.86735817891498 4.36431755904913 0.030105704109991 5.10142204130876
0 1.3984217482731 0.369859714088383 0.742128836113856 0.483950202801187 2.16682673351174 7.43118622715593 4.23101817601537 0.0407553544190503 4.62622359518592
0 1.3373059336876 0.252299682314111 0.762169445964254 0.465247554594335 2.03209366676251 7.41217375407149 4.19100063724978 0.0399082137920855 4.54447611731583
0.00333333333333333 1.40326470163126 0.369271330942929 0.711786216021731 0.424945743856173 1.83463423139289 7.36080347382846 4.05629649458457 0.0367173097705168 4.59552380893629
0 1.35064000960335 0.236111952934946 0.867916258938444 0.689336605088962 2.18253027676056 7.39380298039653 3.94019388239484 0.0316312697695436 4.51488816013034
0 1.491417291106 0.375383897306047 0.920805459648751 0.597376457784017 2.74507958965542 7.83925772385681 4.46106884201383 0.034109174572158 5.13814861439522
0 1.40156851659995 0.308836504584178 0.683981429238338 0.408189565362409 1.7127312393859 7.76805857981577 4.50681455718148 0.038340671674005 5.08102401632695
0 1.35552852553447 0.141578030265292 0.835089557500072 0.680384588197124 1.78724572588465 7.83624073973228 4.35775485188957 0.0308540922397039 5.13038163175004
0 1.29604481491951 0.132088026717796 0.781585158977723 0.863938256813716 1.93801207571854 7.43556626604749 3.92197333628131 0.0297896896640164 4.53353407266053
0 1.48448576275259 0.345530825783499 0.915255431260448 0.805466360785067 2.7546822107397 7.86735817891498 4.36431755904913 0.030105704109991 5.10142204130876
0 1.32608091313163 0.133941262359474 0.845754432755434 0.611518587594732 1.89453588381722 7.87913250196821 4.45341663076055 0.0325259882343143 5.14888885305611
0.00333333333333333 1.31791292885944 0.159244885735239 0.678128235618873 0.673712192040205 1.57716273707962 7.75145661751935 4.35837967085441 0.0336051165052175 4.88181329175943
0.00333333333333333 1.37669808442747 0.248019202042604 0.701952324100813 0.765885698327604 1.91233454202338 7.67776704540927 4.30011586381184 0.0341275200154336 4.7201715786826
0 1.42181313364811 0.332450365549896 0.813764749816592 0.735819460049041 2.91505626460471 7.36599157436321 4.1197438886228 0.0389199741541676 4.56253495434366
0 1.38116975043708 0.282090468631994 0.719252170352391 0.634400549115384 1.65494140133621 7.85262106145297 4.35425081643932 0.030246637883976 4.99346749047389
0.00333333333333333 1.40105404667556 0.288145016436465 0.793071120837703 0.784420069679618 2.17316011153162 7.76023611309711 4.32247565504735 0.0321365760068217 4.82313367726076
0 1.30152164260793 0.153446173654176 0.704019324432251 0.860644323981503 2.45300453256074 7.5462182550475 4.32893747030352 0.040063852515093 4.70233814318709
0.00333333333333333 1.40906707702342 0.329916369813804 0.76070759630096 0.756591343324129 2.52388468585906 7.72879029765374 4.44164950333868 0.0373605182356025 4.883446460153
0 1.38116975043708 0.282090468631994 0.719252170352391 0.634400549115384 1.65494140133621 7.85262106145297 4.35425081643932 0.030246637883976 4.99346749047389
0.00333333333333333 1.40326470163126 0.369271330942929 0.711786216021731 0.424945743856173 1.83463423139289 7.36080347382846 4.05629649458457 0.0367173097705168 4.59552380893629
0 1.38103115521071 0.15375500865404 0.84411953010346 0.818381907692096 2.92400941613503 7.76955309512625 4.55958141363018 0.0403577561271246 5.05013467521846
0 1.31652388297666 0.208082634097582 0.629024668080422 0.605965417484916 1.14406583407548 7.78502239827742 4.18783490530944 0.0274006787781992 4.86645694708034
0 1.42099331133771 0.241235885297744 0.843799333715911 0.785736914176128 2.83190663811027 7.92644374179888 4.64304383841617 0.0375005416022762 5.17660160786394
0.00333333333333333 1.40326470163126 0.369271330942929 0.711786216021731 0.424945743856173 1.83463423139289 7.36080347382846 4.05629649458457 0.0367173097705168 4.59552380893629
0.00333333333333333 1.32738300812688 0.217338443679412 0.61201725744143 0.823720377987881 1.74603340377569 7.51996351703673 4.09543092843432 0.0325644984501514 4.66896114516214
0.00333333333333333 1.36126161222974 0.243955305535542 0.615718315925267 0.621109469306644 1.74413719670127 7.69523943866748 4.45620603284813 0.0392017689934755 4.78365104339611
0.00333333333333333 1.27616287013832 0.103655379098782 0.831037633952506 0.48275546295446 1.68878858074927 7.69604090742961 4.34898678059568 0.0351878605417092 4.76179399558346
0 1.39555164866734 0.351534036353503 0.679853144095801 0.735548635073258 1.56400423896387 7.52970234338626 3.95789345949424 0.0281049690461842 4.57344782044069
0.00333333333333333 1.42993398398539 0.312201022209536 0.84299605445726 0.822557978543703 2.91729701630237 7.41297337316583 4.10584282890947 0.0366211057751508 4.70805825992422
0.00333333333333333 1.36679185420185 0.252105803275478 0.661937192502156 0.78826692971822 1.99128396872562 7.64990093534647 4.28530921517208 0.0345761299729223 4.80726032810447
0.00333333333333333 1.36319422123657 0.217335643759621 0.800975531690417 0.708015984466677 2.16833600594187 7.63338940569282 4.29185628451003 0.0353826701963728 4.79071782589245
0 1.37524060805596 0.269424461644817 0.817052936044314 0.490097428215497 2.30990289682739 7.54345364058496 4.37481987720453 0.0420610239769245 4.61385576119206
0.00333333333333333 1.36679185420185 0.252105803275478 0.661937192502156 0.78826692971822 1.99128396872562 7.64990093534647 4.28530921517208 0.0345761299729223 4.80726032810447
0 1.37825447117199 0.26742860931854 0.716657877427018 0.359264420010883 1.41313524523074 8.07035566559363 4.66936897551037 0.0333403571258641 5.14458326660599
0 1.361298248547 0.278065493583451 0.797308867267491 0.694753920433062 2.31880250082004 7.25918793467892 3.98063485195335 0.0376827411896487 4.32372711383644
0 1.31621541627268 0.181676450490268 0.794345817417309 0.841099399793881 2.61594504810978 7.21667611277116 3.94422614592278 0.0379134265594233 4.43027552684092
0.00333333333333333 1.34437767564181 0.223472677661317 0.899911431948152 0.431553158005776 2.3359484610126 7.46969218057167 4.2273202449129 0.0390711109421915 4.69114398784573
0 1.34431677510606 0.214878653122862 0.842953890597368 0.563043319711907 2.16980764016085 7.25644738082363 3.93723442477464 0.0361812968217508 4.57821437599956
0.00333333333333333 1.319923819796 0.128809834057578 0.866623712967201 0.344534584745321 1.56336641021107 7.87142286550819 4.47372720345084 0.0334502619262512 5.04169269661038
0.00333333333333333 1.39512767528104 0.395575522636347 0.634382549609851 0.502109201641018 1.67245656482627 7.49001650262904 4.15952063518235 0.0357753608317942 4.63115613806134
0.00333333333333333 1.3879639658562 0.330257734381683 0.724418872191786 0.431599966470451 1.66440290677206 7.37674276713133 4.00429828153732 0.0343056750345403 4.5755697162118
0.00333333333333333 1.3325176212449 0.106142574107908 0.91074424021559 0.393910966926708 2.01132911029692 7.62068280495009 4.32503531917169 0.037044051783685 5.01396308418893
0.00333333333333333 1.34437767564181 0.223472677661317 0.899911431948152 0.431553158005776 2.3359484610126 7.46969218057167 4.2273202449129 0.0390711109421915 4.69114398784573
0 1.44591417393227 0.32841203674326 0.816929012595975 0.744158613501448 2.53479417764456 7.87589498415905 4.50373713292748 0.0343155096292311 5.129405496664
0 1.40767816999575 0.345200543177908 0.683489604941167 0.503963945295893 2.05105174197472 7.50789289216792 4.30435882209452 0.0406184017464123 4.57515910757205
0 1.41193297858043 0.281686536373418 0.87852924231865 0.470248749351977 1.66135591694405 7.80478944720618 4.24666986886226 0.0284923520072185 4.97893235085478
0 1.38103115521071 0.15375500865404 0.84411953010346 0.818381907692096 2.92400941613503 7.76955309512625 4.55958141363018 0.0403577561271246 5.05013467521846
0 1.37987771472102 0.242104003261633 0.870966192322302 0.799523345992085 2.68417708968142 7.22657258036463 3.8336109120247 0.0336089906700594 4.46638693120862
0 1.42807808260085 0.289990785812109 0.764652262247767 0.778563547688349 2.09103117503549 7.96084705234844 4.53109298259178 0.032394906680621 5.1481919079704
0 1.3984217482731 0.369859714088383 0.742128836113856 0.483950202801187 2.16682673351174 7.43118622715593 4.23101817601537 0.0407553544190503 4.62622359518592
0.00333333333333333 1.32738300812688 0.217338443679412 0.61201725744143 0.823720377987881 1.74603340377569 7.51996351703673 4.09543092843432 0.0325644984501514 4.66896114516214
0.00333333333333333 1.42825321882429 0.339857427877153 0.836266020198454 0.746490722397045 2.58533543676027 7.37391402613284 3.97480999352691 0.0334031847213683 4.63044799317236
0.00333333333333333 1.42772238625833 0.272485534090187 0.947766298710548 0.798882387786252 2.69965112224659 7.65022819455356 4.17085539915086 0.030826739643445 4.902647874355
0.00333333333333333 1.41905501322666 0.264211591811544 0.908876737984883 0.635710472208093 2.29460434860278 7.89806197877775 4.47255266137325 0.0325327072947854 4.92710874711796
0.00333333333333333 1.3879639658562 0.330257734381683 0.724418872191786 0.431599966470451 1.66440290677206 7.37674276713133 4.00429828153732 0.0343056750345403 4.5755697162118
0.00333333333333333 1.46862068357436 0.369978941511789 0.721363453668617 0.764585548718847 2.3103362164953 7.66984999666811 4.32730642247365 0.035346935727753 4.82767353241488
0.00333333333333333 1.46862068357436 0.369978941511789 0.721363453668617 0.764585548718847 2.3103362164953 7.66984999666811 4.32730642247365 0.035346935727753 4.82767353241488
0.00333333333333333 1.36319422123657 0.217335643759621 0.800975531690417 0.708015984466677 2.16833600594187 7.63338940569282 4.29185628451003 0.0353826701963728 4.79071782589245
0.00333333333333333 1.41811389363133 0.234756324499753 0.895321288498537 0.593765391904277 2.44209479715181 7.86598672631364 4.57513167686886 0.0372220091274159 5.02682998001624
0.00333333333333333 1.31503358772025 0.23796128698159 0.608799973339774 0.438273174175993 1.32705107238144 7.77949257335793 4.43880232222224 0.0354125057612536 4.70639973194798
0 1.34662646221934 0.222160682374697 0.876356046471527 0.769024518307399 2.63086328123003 7.24260417488898 3.91410417163197 0.0358468348958877 4.45579972933382
0.00333333333333333 1.27616287013832 0.103655379098782 0.831037633952506 0.48275546295446 1.68878858074927 7.69604090742961 4.34898678059568 0.0351878605417092 4.76179399558346
0.00333333333333333 1.40952550606047 0.33400563417166 0.891050631215403 0.535463893558213 2.43235650165436 7.36797909854943 4.01509519056796 0.034983319808854 4.62216776235666
0 1.36420966884991 0.256379372218934 0.74629582483605 0.757749073741372 1.6954311279793 7.55110689882653 3.98333203313293 0.0282185739909289 4.80366460202765
0.00333333333333333 1.31051722400701 0.140119506503147 0.830218138449315 0.483417075894022 1.56539521809551 7.79708126336577 4.32897741358407 0.0311760891997772 4.91884483871413
0.00333333333333333 1.28694908039179 0.161036464292556 0.729927710955963 0.810089914826676 1.91546958126128 7.47808725247251 4.0517849478033 0.0325069194982628 4.54129810939368
0 1.43356236033583 0.384769909208516 0.883177387563752 0.379388406430613 2.76231679590047 7.29444661809296 4.08099048601078 0.0402173762355649 4.55021821970485
0.00333333333333333 1.41811389363133 0.234756324499753 0.895321288498537 0.593765391904277 2.44209479715181 7.86598672631364 4.57513167686886 0.0372220091274159 5.02682998001624
0.00333333333333333 1.43556640707476 0.295188193180527 0.766341858109869 0.811456306778682 2.71857197964083 7.75914203287658 4.50640724374337 0.0386683134149442 4.96744643456573
0.00333333333333333 1.32483373538034 0.171429775942693 0.720854733115479 0.736336674304451 2.02646908802911 7.82423322737274 4.52778352237267 0.0370143462500638 4.94103433502596
0 1.45820585232811 0.32896950418066 0.812559870501849 0.773307350311053 2.90173842356506 7.82873703160972 4.59759051229316 0.0395121713412851 5.11395290812428
0.00333333333333333 1.36679185420185 0.252105803275478 0.661937192502156 0.78826692971822 1.99128396872562 7.64990093534647 4.28530921517208 0.0345761299729223 4.80726032810447
0 1.31621541627268 0.181676450490268 0.794345817417309 0.841099399793881 2.61594504810978 7.21667611277116 3.94422614592278 0.0379134265594233 4.43027552684092
0.00333333333333333 1.28516071669047 0.153089684798159 0.709909839713697 0.800360720068976 2.01697796547766 7.48281638884478 4.14416938763231 0.0354849363326116 4.60864241169884
0.00333333333333333 1.34753727295476 0.210070581897427 0.78880681133493 0.567029835521136 1.81029678407718 7.87720755897052 4.54639281528559 0.0357639547379733 4.90156419904189
0 1.38116975043708 0.282090468631994 0.719252170352391 0.634400549115384 1.65494140133621 7.85262106145297 4.35425081643932 0.030246637883976 4.99346749047389
0 1.39661120301988 0.288204307180457 0.7324559445946 0.574716387681016 1.73896973526033 8.00067733486507 4.60716818865076 0.0335905955272137 5.11466158674095
0.00333333333333333 1.40326470163126 0.369271330942929 0.711786216021731 0.424945743856173 1.83463423139289 7.36080347382846 4.05629649458457 0.0367173097705168 4.59552380893629
0 1.31621541627268 0.181676450490268 0.794345817417309 0.841099399793881 2.61594504810978 7.21667611277116 3.94422614592278 0.0379134265594233 4.43027552684092
0 1.31890928463446 0.262701084371365 0.77444771662823 0.342987005514448 1.77395176715833 7.24000731354065 3.96279533080157 0.0377333114156343 4.38176618409291
0 1.36524539498199 0.255024590786133 0.679834997228974 0.678806701721612 1.52553995985991 7.86455595669442 4.32164612368497 0.0289290258560671 4.98003289193814
0 1.37524060805596 0.269424461644817 0.817052936044314 0.490097428215497 2.30990289682739 7.54345364058496 4.37481987720453 0.0420610239769245 4.61385576119206
0.00333333333333333 1.28694908039179 0.161036464292556 0.729927710955963 0.810089914826676 1.91546958126128 7.47808725247251 4.0517849478033 0.0325069194982628 4.54129810939368
0 1.39555164866734 0.351534036353503 0.679853144095801 0.735548635073258 1.56400423896387 7.52970234338626 3.95789345949424 0.0281049690461842 4.57344782044069
0.00333333333333333 1.43020807490474 0.376094575602799 0.738003159586111 0.594406674255359 2.09298379935145 7.56163091176341 4.21212759787848 0.035101784340704 4.8633590790451
0 1.40869679398553 0.302962977212347 0.872226187377462 0.662198591554783 1.99359666547912 7.63913045425418 4.08829794945473 0.0287007362051135 4.90606249017668
0 1.42858174549214 0.317421355185262 0.72817602723264 0.536605359581408 2.09527027483595 7.79231302069323 4.57672597974489 0.0401317679161281 4.8831312491166
0 1.33983772178949 0.26410362998899 0.851222496962319 0.615646146792285 2.50021201271599 7.31217984591505 4.0384794293807 0.0378660473559168 4.52070102936164
0.00333333333333333 1.48835073725069 0.384607490874307 0.874295911081423 0.670314125431428 2.98088004202256 7.61186258549267 4.31884773305235 0.037141703673799 4.89905745611354
0 1.3984217482731 0.369859714088383 0.742128836113856 0.483950202801187 2.16682673351174 7.43118622715593 4.23101817601537 0.0407553544190503 4.62622359518592
0.00333333333333333 1.32738300812688 0.217338443679412 0.61201725744143 0.823720377987881 1.74603340377569 7.51996351703673 4.09543092843432 0.0325644984501514 4.66896114516214
0 1.38116975043708 0.282090468631994 0.719252170352391 0.634400549115384 1.65494140133621 7.85262106145297 4.35425081643932 0.030246637883976 4.99346749047389
0.00333333333333333 1.36902926954792 0.292182467713356 0.852239606533182 0.559979292266916 1.88084333831464 7.48160469029928 3.98575823731539 0.0303230705170598 4.60321174776013
0 1.37825447117199 0.26742860931854 0.716657877427018 0.359264420010883 1.41313524523074 8.07035566559363 4.66936897551037 0.0333403571258641 5.14458326660599
0.00333333333333333 1.31503358772025 0.23796128698159 0.608799973339774 0.438273174175993 1.32705107238144 7.77949257335793 4.43880232222224 0.0354125057612536 4.70639973194798
0 1.31842750707552 0.12920282164439 0.703346899907844 0.669371368190529 1.78328986652948 7.94879610333062 4.63492710611042 0.0363751657347092 5.19170890699917
0.00333333333333333 1.40275509689461 0.25624174255837 0.923451227531024 0.794823921721705 2.51041604653391 7.71110125184016 4.21197641487117 0.0302238226235411 4.90889633060853
0.00333333333333333 1.36493498838275 0.207191339454032 0.807794307515584 0.812632795923343 2.15930403689847 7.73878172341734 4.29432331874497 0.0319220461927444 4.98583760352162
0.00333333333333333 1.40105404667556 0.288145016436465 0.793071120837703 0.784420069679618 2.17316011153162 7.76023611309711 4.32247565504735 0.0321365760068217 4.82313367726076
0.00333333333333333 1.36319422123657 0.217335643759621 0.800975531690417 0.708015984466677 2.16833600594187 7.63338940569282 4.29185628451003 0.0353826701963728 4.79071782589245
0 1.39555164866734 0.351534036353503 0.679853144095801 0.735548635073258 1.56400423896387 7.52970234338626 3.95789345949424 0.0281049690461842 4.57344782044069
0 1.45820585232811 0.32896950418066 0.812559870501849 0.773307350311053 2.90173842356506 7.82873703160972 4.59759051229316 0.0395121713412851 5.11395290812428
0 1.36345808480578 0.267751111208611 0.857892830820403 0.86782439052943 2.86226543938717 7.19241103763183 3.83476626840438 0.0348171649113626 4.53189798488177
0.00333333333333333 1.44191440515073 0.326642282710395 0.849360216987418 0.419567769198711 2.12696502612138 7.84641437145299 4.52974266229036 0.0362733593569142 4.99334379698619
0.00333333333333333 1.36402261171405 0.185228291676558 0.898182074370476 0.766986250755219 2.83911964984517 7.41632939040357 4.0868334309721 0.0358111507921898 4.65725908216793
0 1.34798643527659 0.234326497446017 0.771020767378771 0.665351147645617 2.29672453589176 7.32269535745282 4.06560209335645 0.0385001452835671 4.57471097850338
0 1.40156851659995 0.308836504584178 0.683981429238338 0.408189565362409 1.7127312393859 7.76805857981577 4.50681455718148 0.038340671674005 5.08102401632695
0.00333333333333333 1.37669808442747 0.248019202042604 0.701952324100813 0.765885698327604 1.91233454202338 7.67776704540927 4.30011586381184 0.0341275200154336 4.7201715786826
0.00333333333333333 1.28694908039179 0.161036464292556 0.729927710955963 0.810089914826676 1.91546958126128 7.47808725247251 4.0517849478033 0.0325069194982628 4.54129810939368
0 1.40217179430723 0.313777004524415 0.884316930924905 0.335930924979954 2.47319473086515 7.51984239056035 4.325118502402 0.0409778382805921 4.73787677046677
0 1.30152164260793 0.153446173654176 0.704019324432251 0.860644323981503 2.45300453256074 7.5462182550475 4.32893747030352 0.040063852515093 4.70233814318709
0 1.3373059336876 0.252299682314111 0.762169445964254 0.465247554594335 2.03209366676251 7.41217375407149 4.19100063724978 0.0399082137920855 4.54447611731583
0.00333333333333333 1.42772238625833 0.272485534090187 0.947766298710548 0.798882387786252 2.69965112224659 7.65022819455356 4.17085539915086 0.030826739643445 4.902647874355
0 1.33983772178949 0.26410362998899 0.851222496962319 0.615646146792285 2.50021201271599 7.31217984591505 4.0384794293807 0.0378660473559168 4.52070102936164
0 1.37825447117199 0.26742860931854 0.716657877427018 0.359264420010883 1.41313524523074 8.07035566559363 4.66936897551037 0.0333403571258641 5.14458326660599
0 1.3916441966148 0.277160506985726 0.69584142377084 0.831133019008395 2.01110700342291 7.90525726628112 4.42700000031661 0.0308611469666236 5.1240830199367
0 1.3916441966148 0.277160506985726 0.69584142377084 0.831133019008395 2.01110700342291 7.90525726628112 4.42700000031661 0.0308611469666236 5.1240830199367
0 1.43308359888088 0.289198407948659 0.804121774652361 0.610224899645841 2.34524061362668 7.91723148609405 4.63234850704204 0.0374449666825321 5.2019862576096
0 1.44742229884929 0.301310338349746 0.920072470833095 0.609489416665091 2.37551241511752 7.97005635927661 4.52687764655651 0.0319629227274651 5.23579042626656
0.00333333333333333 1.37251183724304 0.311687603806297 0.694845400158422 0.833349848399659 2.65818961810928 7.48995875399545 4.26359801023512 0.0397017209341867 4.61167075059118
0 1.32862109389318 0.14582859008583 0.733856044430683 0.765243741106902 2.35376000206657 7.63494431145275 4.43798924338451 0.0408865112724494 4.88121504047606
0 1.38830620370958 0.31015965200187 0.799330659187917 0.871737372070133 2.93014721384032 7.24034242739178 3.89015293632376 0.0350777065589604 4.51130793701764
0.00333333333333333 1.36878184181317 0.283367328576869 0.666764272229869 0.752358930293912 1.90352581266636 7.61349986136726 4.20344806415876 0.0330394889782651 4.75197250404558
0 1.38116975043708 0.282090468631994 0.719252170352391 0.634400549115384 1.65494140133621 7.85262106145297 4.35425081643932 0.030246637883976 4.99346749047389
0.00333333333333333 1.33138007314592 0.216319044198405 0.648209496201114 0.433105736500692 1.39481902294562 7.84539156487567 4.49818798573995 0.0351826020279144 5.03125458129899
0.00333333333333333 1.28694908039179 0.161036464292556 0.729927710955963 0.810089914826676 1.91546958126128 7.47808725247251 4.0517849478033 0.0325069194982628 4.54129810939368
0.00333333333333333 1.36902926954792 0.292182467713356 0.852239606533182 0.559979292266916 1.88084333831464 7.48160469029928 3.98575823731539 0.0303230705170598 4.60321174776013
0.00333333333333333 1.43556640707476 0.295188193180527 0.766341858109869 0.811456306778682 2.71857197964083 7.75914203287658 4.50640724374337 0.0386683134149442 4.96744643456573
0 1.33605658713212 0.191928677955882 0.915171559634967 0.446467638860056 2.30460664964355 7.26140827011317 3.94915122984973 0.0364338482202821 4.44316263466561
0 1.40156851659995 0.308836504584178 0.683981429238338 0.408189565362409 1.7127312393859 7.76805857981577 4.50681455718148 0.038340671674005 5.08102401632695
0.00333333333333333 1.45421479601286 0.361983363544452 0.799805840129971 0.654288387386755 2.20290003926503 7.70231142811128 4.28874564467066 0.0329235924175969 4.77964856532102
0.00333333333333333 1.44360470769079 0.318255113283754 0.851991557896189 0.768913286986942 2.55174446996169 7.68264231337517 4.30130342340144 0.0340018994423914 4.98038645791768
0.00333333333333333 1.33138007314592 0.216319044198405 0.648209496201114 0.433105736500692 1.39481902294562 7.84539156487567 4.49818798573995 0.0351826020279144 5.03125458129899
0 1.40093915524209 0.280669452156466 0.758591843686053 0.616266697672123 2.26304558835647 7.80424288355999 4.60412797640965 0.0407575203787602 4.90681679879024
0 1.40156851659995 0.308836504584178 0.683981429238338 0.408189565362409 1.7127312393859 7.76805857981577 4.50681455718148 0.038340671674005 5.08102401632695
0 1.42099331133771 0.241235885297744 0.843799333715911 0.785736914176128 2.83190663811027 7.92644374179888 4.64304383841617 0.0375005416022762 5.17660160786394
0.00333333333333333 1.36298520501382 0.16659381546613 0.901791821163273 0.731972560053883 2.47141159643813 7.67759172462001 4.281485405452 0.0335034681324434 4.83126589712632
0 1.35627474223538 0.231926888685684 0.610234002192127 0.537139097814938 1.54312164879108 8.00051715397207 4.66041566021407 0.0354333612740989 5.23399215599148
0.00333333333333333 1.40906707702342 0.329916369813804 0.76070759630096 0.756591343324129 2.52388468585906 7.72879029765374 4.44164950333868 0.0373605182356025 4.883446460153
0 1.36314130449877 0.173326908253449 0.904156491279034 0.354212068301666 2.22106531632602 7.89164484445712 4.65491227788291 0.0392920698060445 4.99964175262139
0.00333333333333333 1.42697482065644 0.329881894294563 0.857494230214271 0.604401316196497 2.15435887398193 7.52032488663141 4.06295422262843 0.0315125101616837 4.71308992404084
0.00333333333333333 1.36902926954792 0.292182467713356 0.852239606533182 0.559979292266916 1.88084333831464 7.48160469029928 3.98575823731539 0.0303230705170598 4.60321174776013
0 1.42388522538114 0.362680967622739 0.806452256797376 0.696671981160165 1.95808266429873 7.77601475864032 4.22624963310204 0.0287313871308902 4.94790846418795
0.00333333333333333 1.40105404667556 0.288145016436465 0.793071120837703 0.784420069679618 2.17316011153162 7.76023611309711 4.32247565504735 0.0321365760068217 4.82313367726076
0.00333333333333333 1.3325176212449 0.106142574107908 0.91074424021559 0.393910966926708 2.01132911029692 7.62068280495009 4.32503531917169 0.037044051783685 5.01396308418893
0.00333333333333333 1.37669808442747 0.248019202042604 0.701952324100813 0.765885698327604 1.91233454202338 7.67776704540927 4.30011586381184 0.0341275200154336 4.7201715786826
0 1.40156851659995 0.308836504584178 0.683981429238338 0.408189565362409 1.7127312393859 7.76805857981577 4.50681455718148 0.038340671674005 5.08102401632695
0 1.34431677510606 0.214878653122862 0.842953890597368 0.563043319711907 2.16980764016085 7.25644738082363 3.93723442477464 0.0361812968217508 4.57821437599956
0.00333333333333333 1.43627234180695 0.315983003887677 0.818921155926853 0.655554998336208 2.00411943004143 7.74879251104135 4.29302464135794 0.0315630587326259 4.88909520956216
0 1.45499646078095 0.313267031035003 0.893991268947556 0.546058729432806 2.70134603096158 7.83788450949122 4.58912376063049 0.0388222885988712 5.05533547301416
0 1.38116975043708 0.282090468631994 0.719252170352391 0.634400549115384 1.65494140133621 7.85262106145297 4.35425081643932 0.030246637883976 4.99346749047389
0 1.31621541627268 0.181676450490268 0.794345817417309 0.841099399793881 2.61594504810978 7.21667611277116 3.94422614592278 0.0379134265594233 4.43027552684092
0 1.39464125956024 0.228495675303172 0.871286065010371 0.585026117019694 2.23709019084275 7.93509245858083 4.61890521437824 0.0362909367859863 5.06420967277496
0.00333333333333333 1.32738300812688 0.217338443679412 0.61201725744143 0.823720377987881 1.74603340377569 7.51996351703673 4.09543092843432 0.0325644984501514 4.66896114516214
0.00333333333333333 1.34002998513388 0.226143186475159 0.765259164758779 0.600269350249957 1.80204255234279 7.65992776391621 4.26032969969636 0.0333866865677504 4.80350861838333
0.00333333333333333 1.32215174029079 0.2541904172537 0.67193269697172 0.558397008414971 1.38024533713524 7.49564832120471 4.04714887088583 0.0317933080405158 4.52178857704904
0 1.40156851659995 0.308836504584178 0.683981429238338 0.408189565362409 1.7127312393859 7.76805857981577 4.50681455718148 0.038340671674005 5.08102401632695
0 1.32608091313163 0.133941262359474 0.845754432755434 0.611518587594732 1.89453588381722 7.87913250196821 4.45341663076055 0.0325259882343143 5.14888885305611
0.00333333333333333 1.27262517629117 0.177227658164951 0.713667431846097 0.739439654305579 1.99334321321979 7.42505324521072 4.12390336446365 0.0368407805317472 4.54683460897513
0 1.42395608822229 0.304524099409868 0.647372952130492 0.87160893302299 2.53246934786967 7.77603154575453 4.56892105331297 0.0404733926473057 4.89903311751495
0.00333333333333333 1.32483373538034 0.171429775942693 0.720854733115479 0.736336674304451 2.02646908802911 7.82423322737274 4.52778352237267 0.0370143462500638 4.94103433502596
0 1.32862109389318 0.14582859008583 0.733856044430683 0.765243741106902 2.35376000206657 7.63494431145275 4.43798924338451 0.0408865112724494 4.88121504047606
0.00333333333333333 1.36300253410817 0.249446426571674 0.934835893570749 0.673718716811706 2.65244927732805 7.46612584750913 4.07073469658297 0.0335274373188221 4.72758445621175
0.00333333333333333 1.36149972782123 0.222051761320214 0.808526930541375 0.658259747903564 2.23270913340882 7.77715956537889 4.47926918222926 0.0369610588843897 4.9401215097686
0 1.42099331133771 0.241235885297744 0.843799333715911 0.785736914176128 2.83190663811027 7.92644374179888 4.64304383841617 0.0375005416022762 5.17660160786394
0.00333333333333333 1.45906126970247 0.343884667707207 0.880550632770411 0.738707860630526 2.63621469775802 7.81800379337002 4.42436747516341 0.0335863240158716 5.01648481888515
0 1.34881571547508 0.280386270526802 0.719064997818387 0.619009771880187 2.225620748029 7.4324049093412 4.24020702118926 0.0410814791436537 4.63364965730996
0 1.27540933532318 0.119989520004434 0.800390305685398 0.6955460989355 1.58279565869468 7.48541508229894 3.93405131804105 0.0286854927170225 4.65070831477115
0 1.25010394968913 0.125840904301349 0.719256858029778 0.446587782552757 1.19043984326749 7.52004976482668 3.98814194125135 0.0292490605556582 4.52277623145031
0 1.43308359888088 0.289198407948659 0.804121774652361 0.610224899645841 2.34524061362668 7.91723148609405 4.63234850704204 0.0374449666825321 5.2019862576096
0 1.37825447117199 0.26742860931854 0.716657877427018 0.359264420010883 1.41313524523074 8.07035566559363 4.66936897551037 0.0333403571258641 5.14458326660599
0.00333333333333333 1.44360470769079 0.318255113283754 0.851991557896189 0.768913286986942 2.55174446996169 7.68264231337517 4.30130342340144 0.0340018994423914 4.98038645791768
0.00333333333333333 1.36878184181317 0.283367328576869 0.666764272229869 0.752358930293912 1.90352581266636 7.61349986136726 4.20344806415876 0.0330394889782651 4.75197250404558
0 1.43367801535531 0.376028355702328 0.774744813670668 0.711028909950763 2.07900170478479 7.35473334284185 3.85142338329922 0.0300975965412707 4.57594732731119
0.00333333333333333 1.27196711794408 0.100010037180845 0.667831769975603 0.679695317415634 1.635118419003 7.86441075799775 4.53974238066564 0.0359844500343014 4.94656227306231
0.00333333333333333 1.36493498838275 0.207191339454032 0.807794307515584 0.812632795923343 2.15930403689847 7.73878172341734 4.29432331874497 0.0319220461927444 4.98583760352162
0.00333333333333333 1.37237153246277 0.247796298984773 0.72168752465107 0.867855007014269 2.31733067797771 7.59402781943105 4.21133926516127 0.0339560392476113 4.77356543308385
0.00333333333333333 1.40081068663057 0.305503849732062 0.939347079208609 0.325852542104267 2.30374334744679 7.4689441729605 4.18127090158253 0.0373406299120917 4.65473750193551
0 1.39555164866734 0.351534036353503 0.679853144095801 0.735548635073258 1.56400423896387 7.52970234338626 3.95789345949424 0.0281049690461842 4.57344782044069
0.00333333333333333 1.47506596963772 0.399919374695165 0.907416842590527 0.468366399589895 2.25004626652608 7.58443765551084 4.12616617454506 0.0314841359398985 4.87152647172512
0 1.31621541627268 0.181676450490268 0.794345817417309 0.841099399793881 2.61594504810978 7.21667611277116 3.94422614592278 0.0379134265594233 4.43027552684092
0.00333333333333333 1.40326470163126 0.369271330942929 0.711786216021731 0.424945743856173 1.83463423139289 7.36080347382846 4.05629649458457 0.0367173097705168 4.59552380893629
0.00333333333333333 1.40326470163126 0.369271330942929 0.711786216021731 0.424945743856173 1.83463423139289 7.36080347382846 4.05629649458457 0.0367173097705168 4.59552380893629
0.00333333333333333 1.35723913778074 0.179274021649121 0.821192547887936 0.68174217483587 2.21891369010323 7.75826846157071 4.43004009977514 0.0358565737051793 4.88691072941872
0 1.43840694836619 0.325939637971217 0.750694159740601 0.347753701609875 1.96487851321369 7.66813187228736 4.47268780563996 0.0409483375471068 4.88789099209384
0.00333333333333333 1.31503358772025 0.23796128698159 0.608799973339774 0.438273174175993 1.32705107238144 7.77949257335793 4.43880232222224 0.0354125057612536 4.70639973194798
0.00333333333333333 1.35912636555834 0.235679260804784 0.834981772278153 0.846075203895508 2.55303551428235 7.33598067207982 3.93432563402641 0.0333180816105819 4.46394973369575
0.00333333333333333 1.36902926954792 0.292182467713356 0.852239606533182 0.559979292266916 1.88084333831464 7.48160469029928 3.98575823731539 0.0303230705170598 4.60321174776013
0.00333333333333333 1.38927132983092 0.225177805473836 0.890020138226576 0.418900222414339 2.10659496386746 7.66156713061911 4.35916080993688 0.0367945213708587 4.83086367493557
0 1.3984217482731 0.369859714088383 0.742128836113856 0.483950202801187 2.16682673351174 7.43118622715593 4.23101817601537 0.0407553544190503 4.62622359518592
0.00333333333333333 1.32904951940543 0.112792528360125 0.93990654914271 0.639236930563555 2.46875577455725 7.62348696227793 4.29179500061236 0.0357325957101809 4.79941227993787
0.00333333333333333 1.43489791294066 0.350909558464989 0.895774039505307 0.453825938136498 2.65119312787094 7.49347963359834 4.22287213716146 0.0379833453179003 4.74239267479466
0.00333333333333333 1.32483373538034 0.171429775942693 0.720854733115479 0.736336674304451 2.02646908802911 7.82423322737274 4.52778352237267 0.0370143462500638 4.94103433502596
0.00333333333333333 1.40906707702342 0.329916369813804 0.76070759630096 0.756591343324129 2.52388468585906 7.72879029765374 4.44164950333868 0.0373605182356025 4.883446460153
0 1.40156851659995 0.308836504584178 0.683981429238338 0.408189565362409 1.7127312393859 7.76805857981577 4.50681455718148 0.038340671674005 5.08102401632695
0.00333333333333333 1.39081523621168 0.296831340463658 0.878635641510551 0.417208305625587 2.26954616991171 7.37082083284937 4.08492534030561 0.0374070723360736 4.62231405315377
0.00333333333333333 1.43556640707476 0.295188193180527 0.766341858109869 0.811456306778682 2.71857197964083 7.75914203287658 4.50640724374337 0.0386683134149442 4.96744643456573
0.00333333333333333 1.40275509689461 0.25624174255837 0.923451227531024 0.794823921721705 2.51041604653391 7.71110125184016 4.21197641487117 0.0302238226235411 4.90889633060853
0.00333333333333333 1.36878184181317 0.283367328576869 0.666764272229869 0.752358930293912 1.90352581266636 7.61349986136726 4.20344806415876 0.0330394889782651 4.75197250404558
0.00333333333333333 1.35458177755456 0.303684501056462 0.664036410392485 0.58153034577962 1.80135626645812 7.43833346621291 4.14313472639153 0.0370606788825473 4.60367971408436
0.00333333333333333 1.36126161222974 0.243955305535542 0.615718315925267 0.621109469306644 1.74413719670127 7.69523943866748 4.45620603284813 0.0392017689934755 4.78365104339611
0 1.48448576275259 0.345530825783499 0.915255431260448 0.805466360785067 2.7546822107397 7.86735817891498 4.36431755904913 0.030105704109991 5.10142204130876
0.00333333333333333 1.37669808442747 0.248019202042604 0.701952324100813 0.765885698327604 1.91233454202338 7.67776704540927 4.30011586381184 0.0341275200154336 4.7201715786826
0 1.38102519577561 0.327751219292871 0.765922919944892 0.769696465395362 2.35040475681063 7.21660459343826 3.85101565732012 0.0345416672910641 4.34035393827331
0 1.3916441966148 0.277160506985726 0.69584142377084 0.831133019008395 2.01110700342291 7.90525726628112 4.42700000031661 0.0308611469666236 5.1240830199367
0 1.32608091313163 0.133941262359474 0.845754432755434 0.611518587594732 1.89453588381722 7.87913250196821 4.45341663076055 0.0325259882343143 5.14888885305611
0.00333333333333333 1.41811389363133 0.234756324499753 0.895321288498537 0.593765391904277 2.44209479715181 7.86598672631364 4.57513167686886 0.0372220091274159 5.02682998001624
0 1.44157168855605 0.362873869416225 0.73913276158459 0.351929883692052 1.46713690620965 7.97543135462884 4.53216051158343 0.0319599781086429 5.15635402327517
0 1.37825447117199 0.26742860931854 0.716657877427018 0.359264420010883 1.41313524523074 8.07035566559363 4.66936897551037 0.0333403571258641 5.14458326660599
0.00333333333333333 1.31777054243076 0.167179439491189 0.780541679320462 0.649953495156887 1.84082895908315 7.84178560208606 4.41986546056373 0.0326496827002667 5.04067597429432
0.00333333333333333 1.28694908039179 0.161036464292556 0.729927710955963 0.810089914826676 1.91546958126128 7.47808725247251 4.0517849478033 0.0325069194982628 4.54129810939368
0 1.39555164866734 0.351534036353503 0.679853144095801 0.735548635073258 1.56400423896387 7.52970234338626 3.95789345949424 0.0281049690461842 4.57344782044069
0.00333333333333333 1.36319422123657 0.217335643759621 0.800975531690417 0.708015984466677 2.16833600594187 7.63338940569282 4.29185628451003 0.0353826701963728 4.79071782589245
0.00333333333333333 1.31503358772025 0.23796128698159 0.608799973339774 0.438273174175993 1.32705107238144 7.77949257335793 4.43880232222224 0.0354125057612536 4.70639973194798
0.00333333333333333 1.36902926954792 0.292182467713356 0.852239606533182 0.559979292266916 1.88084333831464 7.48160469029928 3.98575823731539 0.0303230705170598 4.60321174776013
0 1.45499646078095 0.313267031035003 0.893991268947556 0.546058729432806 2.70134603096158 7.83788450949122 4.58912376063049 0.0388222885988712 5.05533547301416
0.00333333333333333 1.3325176212449 0.106142574107908 0.91074424021559 0.393910966926708 2.01132911029692 7.62068280495009 4.32503531917169 0.037044051783685 5.01396308418893
0 1.36345808480578 0.267751111208611 0.857892830820403 0.86782439052943 2.86226543938717 7.19241103763183 3.83476626840438 0.0348171649113626 4.53189798488177
0.00333333333333333 1.44360470769079 0.318255113283754 0.851991557896189 0.768913286986942 2.55174446996169 7.68264231337517 4.30130342340144 0.0340018994423914 4.98038645791768
0.00333333333333333 1.51392323186152 0.390148415110963 0.847554355470995 0.613559959497978 2.26644371613401 7.73584357232976 4.2996427532163 0.0321867365680558 4.98834794979282
0.00333333333333333 1.36298520501382 0.16659381546613 0.901791821163273 0.731972560053883 2.47141159643813 7.67759172462001 4.281485405452 0.0335034681324434 4.83126589712632
0 1.42412779545436 0.279710001368449 0.804117744341057 0.531388401801024 1.78444373843622 7.86923006956293 4.41514556725795 0.03161623570169 5.18247122940228
0 1.31621541627268 0.181676450490268 0.794345817417309 0.841099399793881 2.61594504810978 7.21667611277116 3.94422614592278 0.0379134265594233 4.43027552684092
0.00333333333333333 1.36803735048082 0.220223899276917 0.85698511273187 0.729675033124557 2.65945438377666 7.49760503164572 4.2211048944631 0.0377601812681539 4.65540857633389
0.00333333333333333 1.32483373538034 0.171429775942693 0.720854733115479 0.736336674304451 2.02646908802911 7.82423322737274 4.52778352237267 0.0370143462500638 4.94103433502596
0 1.27247179912491 0.172533701618788 0.677780982255075 0.754557409856812 1.48007096598667 7.44060883694219 3.92007560244873 0.0295836559354629 4.54465194149211
0 1.33605658713212 0.191928677955882 0.915171559634967 0.446467638860056 2.30460664964355 7.26140827011317 3.94915122984973 0.0364338482202821 4.44316263466561
0 1.39464125956024 0.228495675303172 0.871286065010371 0.585026117019694 2.23709019084275 7.93509245858083 4.61890521437824 0.0362909367859863 5.06420967277496
0 1.45499646078095 0.313267031035003 0.893991268947556 0.546058729432806 2.70134603096158 7.83788450949122 4.58912376063049 0.0388222885988712 5.05533547301416
0 1.3984217482731 0.369859714088383 0.742128836113856 0.483950202801187 2.16682673351174 7.43118622715593 4.23101817601537 0.0407553544190503 4.62622359518592
0.00333333333333333 1.46862068357436 0.369978941511789 0.721363453668617 0.764585548718847 2.3103362164953 7.66984999666811 4.32730642247365 0.035346935727753 4.82767353241488
0.00333333333333333 1.36527451572395 0.278558441680757 0.809316141679468 0.671851222659801 2.09481126445044 7.68377193736438 4.22016108644731 0.0313164784814269 4.93191270234047
0 1.43356236033583 0.384769909208516 0.883177387563752 0.379388406430613 2.76231679590047 7.29444661809296 4.08099048601078 0.0402173762355649 4.55021821970485
0 1.33605658713212 0.191928677955882 0.915171559634967 0.446467638860056 2.30460664964355 7.26140827011317 3.94915122984973 0.0364338482202821 4.44316263466561
0 1.39464125956024 0.228495675303172 0.871286065010371 0.585026117019694 2.23709019084275 7.93509245858083 4.61890521437824 0.0362909367859863 5.06420967277496
0.00333333333333333 1.44400006020806 0.324206814007772 0.75138137464561 0.698979755756051 2.0767540174186 7.88579564666593 4.48525988931553 0.0333553947744468 5.07667269135756
0 1.33605658713212 0.191928677955882 0.915171559634967 0.446467638860056 2.30460664964355 7.26140827011317 3.94915122984973 0.0364338482202821 4.44316263466561
0.00333333333333333 1.43556640707476 0.295188193180527 0.766341858109869 0.811456306778682 2.71857197964083 7.75914203287658 4.50640724374337 0.0386683134149442 4.96744643456573
0.00333333333333333 1.27616287013832 0.103655379098782 0.831037633952506 0.48275546295446 1.68878858074927 7.69604090742961 4.34898678059568 0.0351878605417092 4.76179399558346
0 1.42412779545436 0.279710001368449 0.804117744341057 0.531388401801024 1.78444373843622 7.86923006956293 4.41514556725795 0.03161623570169 5.18247122940228
0.00333333333333333 1.40906707702342 0.329916369813804 0.76070759630096 0.756591343324129 2.52388468585906 7.72879029765374 4.44164950333868 0.0373605182356025 4.883446460153
0 1.41324944674197 0.364023916473583 0.798396659262852 0.392444287807276 1.46045027674931 7.56005963147148 3.9740583963476 0.0277089106023042 4.65605339630266
0 1.40156851659995 0.308836504584178 0.683981429238338 0.408189565362409 1.7127312393859 7.76805857981577 4.50681455718148 0.038340671674005 5.08102401632695
0.00333333333333333 1.31503358772025 0.23796128698159 0.608799973339774 0.438273174175993 1.32705107238144 7.77949257335793 4.43880232222224 0.0354125057612536 4.70639973194798
0.00333333333333333 1.32738300812688 0.217338443679412 0.61201725744143 0.823720377987881 1.74603340377569 7.51996351703673 4.09543092843432 0.0325644984501514 4.66896114516214
0 1.37859158663172 0.299798772641181 0.847116917316543 0.591043534234194 2.40661127012048 7.17983805167918 3.80569583913922 0.0342474827768945 4.57717320694375
0.00333333333333333 1.40867321277656 0.289323658909868 0.858024621146213 0.579917156921259 2.56366264201232 7.44200242412098 4.20011315786927 0.0390899739240688 4.57660272893618
0 1.31890928463446 0.262701084371365 0.77444771662823 0.342987005514448 1.77395176715833 7.24000731354065 3.96279533080157 0.0377333114156343 4.38176618409291
0 1.34830080767635 0.170546913672563 0.834769154966395 0.708990444211715 2.16059620252088 7.96926942294894 4.57514957500164 0.0335700879549553 5.23712077267613
0.00333333333333333 1.46862068357436 0.369978941511789 0.721363453668617 0.764585548718847 2.3103362164953 7.66984999666811 4.32730642247365 0.035346935727753 4.82767353241488
0 1.38116975043708 0.282090468631994 0.719252170352391 0.634400549115384 1.65494140133621 7.85262106145297 4.35425081643932 0.030246637883976 4.99346749047389
0 1.3916441966148 0.277160506985726 0.69584142377084 0.831133019008395 2.01110700342291 7.90525726628112 4.42700000031661 0.0308611469666236 5.1240830199367
0.00333333333333333 1.37251183724304 0.311687603806297 0.694845400158422 0.833349848399659 2.65818961810928 7.48995875399545 4.26359801023512 0.0397017209341867 4.61167075059118
0.00333333333333333 1.37669808442747 0.248019202042604 0.701952324100813 0.765885698327604 1.91233454202338 7.67776704540927 4.30011586381184 0.0341275200154336 4.7201715786826
0.00333333333333333 1.35234144205647 0.202152642223749 0.715830035598666 0.872848816628615 1.81633146524026 7.72145942208119 4.19068726664061 0.0292822966507177 4.84740309780647
0 1.42960236240043 0.3830882258765 0.839340510286441 0.500199305539768 1.90145659297127 7.45748233416719 3.96309627561215 0.030367386511848 4.59188229166116
0 1.38103115521071 0.15375500865404 0.84411953010346 0.818381907692096 2.92400941613503 7.76955309512625 4.55958141363018 0.0403577561271246 5.05013467521846
0 1.38116975043708 0.282090468631994 0.719252170352391 0.634400549115384 1.65494140133621 7.85262106145297 4.35425081643932 0.030246637883976 4.99346749047389
0 1.41193297858043 0.281686536373418 0.87852924231865 0.470248749351977 1.66135591694405 7.80478944720618 4.24666986886226 0.0284923520072185 4.97893235085478
0 1.40156851659995 0.308836504584178 0.683981429238338 0.408189565362409 1.7127312393859 7.76805857981577 4.50681455718148 0.038340671674005 5.08102401632695
0.00333333333333333 1.28694908039179 0.161036464292556 0.729927710955963 0.810089914826676 1.91546958126128 7.47808725247251 4.0517849478033 0.0325069194982628 4.54129810939368
0.00333333333333333 1.45281922596793 0.337919815770151 0.837783261011501 0.718430862717406 2.61890954516189 7.55427067867238 4.22130680611115 0.0356871759234511 4.6463512996908
0 1.3167948795847 0.211427377842984 0.763089160214032 0.626625682131724 1.74859622830697 7.30088373297038 3.8607297110406 0.0320597470434604 4.5400517866087
0.00333333333333333 1.32483373538034 0.171429775942693 0.720854733115479 0.736336674304451 2.02646908802911 7.82423322737274 4.52778352237267 0.0370143462500638 4.94103433502596
0 1.45606955149296 0.342710102381823 0.917427602930282 0.830866427855813 2.44901992854674 7.67865022816401 4.09334406188852 0.0277281768978119 4.92971442317244
0.00333333333333333 1.40326470163126 0.369271330942929 0.711786216021731 0.424945743856173 1.83463423139289 7.36080347382846 4.05629649458457 0.0367173097705168 4.59552380893629
0 1.44742229884929 0.301310338349746 0.920072470833095 0.609489416665091 2.37551241511752 7.97005635927661 4.52687764655651 0.0319629227274651 5.23579042626656
0.00333333333333333 1.40105404667556 0.288145016436465 0.793071120837703 0.784420069679618 2.17316011153162 7.76023611309711 4.32247565504735 0.0321365760068217 4.82313367726076
0 1.34798643527659 0.234326497446017 0.771020767378771 0.665351147645617 2.29672453589176 7.32269535745282 4.06560209335645 0.0385001452835671 4.57471097850338
0.00333333333333333 1.46600569025849 0.333238887687991 0.896649913934618 0.600305307261011 2.37812904191607 7.68483911441464 4.26773748827175 0.0328073853396594 4.9680061120403
0.00333333333333333 1.35723913778074 0.179274021649121 0.821192547887936 0.68174217483587 2.21891369010323 7.75826846157071 4.43004009977514 0.0358565737051793 4.88691072941872
0.00333333333333333 1.31941706450355 0.182929832925079 0.843463967259621 0.325334759994733 1.42803844411506 7.55193394613604 4.04422017503953 0.0299653438196478 4.704110133843
0 1.38116975043708 0.282090468631994 0.719252170352391 0.634400549115384 1.65494140133621 7.85262106145297 4.35425081643932 0.030246637883976 4.99346749047389
0 1.3916441966148 0.277160506985726 0.69584142377084 0.831133019008395 2.01110700342291 7.90525726628112 4.42700000031661 0.0308611469666236 5.1240830199367
0 1.32862109389318 0.14582859008583 0.733856044430683 0.765243741106902 2.35376000206657 7.63494431145275 4.43798924338451 0.0408865112724494 4.88121504047606
0.00333333333333333 1.36298520501382 0.16659381546613 0.901791821163273 0.731972560053883 2.47141159643813 7.67759172462001 4.281485405452 0.0335034681324434 4.83126589712632
0.00333333333333333 1.37812287922656 0.280191439294458 0.811787070340464 0.461518373191826 2.01248075974739 7.36228987732394 4.07889245766318 0.0375006347433098 4.61095343074382
0.00333333333333333 1.36149972782123 0.222051761320214 0.808526930541375 0.658259747903564 2.23270913340882 7.77715956537889 4.47926918222926 0.0369610588843897 4.9401215097686
0.00333333333333333 1.41449671452368 0.303230944760315 0.836559165810567 0.447309327103919 2.22254477257261 7.68414569156055 4.44528883145185 0.0392086905086051 4.83092257621877
0.00333333333333333 1.40326470163126 0.369271330942929 0.711786216021731 0.424945743856173 1.83463423139289 7.36080347382846 4.05629649458457 0.0367173097705168 4.59552380893629
0 1.38127331382055 0.25965347074857 0.90529045035059 0.633108078087279 2.72787041847333 7.31871913014331 4.03239527870641 0.0373910521154191 4.55409616580381
0.00333333333333333 1.37669808442747 0.248019202042604 0.701952324100813 0.765885698327604 1.91233454202338 7.67776704540927 4.30011586381184 0.0341275200154336 4.7201715786826
0.00333333333333333 1.36126161222974 0.243955305535542 0.615718315925267 0.621109469306644 1.74413719670127 7.69523943866748 4.45620603284813 0.0392017689934755 4.78365104339611
0.00333333333333333 1.35723913778074 0.179274021649121 0.821192547887936 0.68174217483587 2.21891369010323 7.75826846157071 4.43004009977514 0.0358565737051793 4.88691072941872
0.00333333333333333 1.319923819796 0.128809834057578 0.866623712967201 0.344534584745321 1.56336641021107 7.87142286550819 4.47372720345084 0.0334502619262512 5.04169269661038
0.00333333333333333 1.36902926954792 0.292182467713356 0.852239606533182 0.559979292266916 1.88084333831464 7.48160469029928 3.98575823731539 0.0303230705170598 4.60321174776013
0 1.45820585232811 0.32896950418066 0.812559870501849 0.773307350311053 2.90173842356506 7.82873703160972 4.59759051229316 0.0395121713412851 5.11395290812428
0 1.38573903204557 0.36083257500739 0.685066065032606 0.327169884329 1.68572839195859 7.34978987424355 4.09904364912668 0.0387452843370127 4.50990348349948
0 1.4187895126413 0.352144028294957 0.829257160545895 0.560160297883939 2.51353206523017 7.26491581928558 4.02023659006838 0.0389810663392067 4.49024021931411
0 1.41193297858043 0.281686536373418 0.87852924231865 0.470248749351977 1.66135591694405 7.80478944720618 4.24666986886226 0.0284923520072185 4.97893235085478
0.00333333333333333 1.37251183724304 0.311687603806297 0.694845400158422 0.833349848399659 2.65818961810928 7.48995875399545 4.26359801023512 0.0397017209341867 4.61167075059118
0.00333333333333333 1.40105404667556 0.288145016436465 0.793071120837703 0.784420069679618 2.17316011153162 7.76023611309711 4.32247565504735 0.0321365760068217 4.82313367726076
0 1.42960236240043 0.3830882258765 0.839340510286441 0.500199305539768 1.90145659297127 7.45748233416719 3.96309627561215 0.030367386511848 4.59188229166116
0.00333333333333333 1.31051722400701 0.140119506503147 0.830218138449315 0.483417075894022 1.56539521809551 7.79708126336577 4.32897741358407 0.0311760891997772 4.91884483871413
0 1.36345808480578 0.267751111208611 0.857892830820403 0.86782439052943 2.86226543938717 7.19241103763183 3.83476626840438 0.0348171649113626 4.53189798488177
0.00333333333333333 1.41530849521721 0.302948369837485 0.722356633794753 0.844956649350721 2.23542522686657 7.87339950838718 4.46038523272286 0.0329417550427933 5.01962256509649
0 1.38127331382055 0.25965347074857 0.90529045035059 0.633108078087279 2.72787041847333 7.31871913014331 4.03239527870641 0.0373910521154191 4.55409616580381
0.00333333333333333 1.39081523621168 0.296831340463658 0.878635641510551 0.417208305625587 2.26954616991171 7.37082083284937 4.08492534030561 0.0374070723360736 4.62231405315377
0 1.43840694836619 0.325939637971217 0.750694159740601 0.347753701609875 1.96487851321369 7.66813187228736 4.47268780563996 0.0409483375471068 4.88789099209384
0.00333333333333333 1.27741591108479 0.158648358900459 0.676491118528488 0.685897838300947 1.36708672600645 7.5544688189143 4.04182652793865 0.0298180223635168 4.53484752707114
0.00333333333333333 1.37251183724304 0.311687603806297 0.694845400158422 0.833349848399659 2.65818961810928 7.48995875399545 4.26359801023512 0.0397017209341867 4.61167075059118
0.00333333333333333 1.41250060757413 0.284298566186432 0.93908724616492 0.510551213690928 2.72530532268239 7.40477808057067 4.12648901554867 0.0376926914139018 4.63608728862281
0.00333333333333333 1.37669808442747 0.248019202042604 0.701952324100813 0.765885698327604 1.91233454202338 7.67776704540927 4.30011586381184 0.0341275200154336 4.7201715786826
0.00333333333333333 1.46862068357436 0.369978941511789 0.721363453668617 0.764585548718847 2.3103362164953 7.66984999666811 4.32730642247365 0.035346935727753 4.82767353241488
0.00333333333333333 1.32700896377597 0.135412166214025 0.932182479101416 0.570379309346606 2.06866542257111 7.52053938805754 4.07187170637004 0.03178795985867 4.72184149279178
0.00333333333333333 1.40326470163126 0.369271330942929 0.711786216021731 0.424945743856173 1.83463423139289 7.36080347382846 4.05629649458457 0.0367173097705168 4.59552380893629
0.00333333333333333 1.27741591108479 0.158648358900459 0.676491118528488 0.685897838300947 1.36708672600645 7.5544688189143 4.04182652793865 0.0298180223635168 4.53484752707114
0 1.39602730816593 0.259528082647733 0.721081101229051 0.611938590556206 1.67193146278831 7.94170931145356 4.52908223298732 0.0329545124677059 5.17048399503815
0.00333333333333333 1.39095671910823 0.337917510423302 0.774513183557777 0.640101669030772 1.88116761757383 7.49578635845702 4.02677924272633 0.0311479416142721 4.71849887129509
0 1.29604481491951 0.132088026717796 0.781585158977723 0.863938256813716 1.93801207571854 7.43556626604749 3.92197333628131 0.0297896896640164 4.53353407266053
0.00333333333333333 1.4113679436558 0.35486178116308 0.756433276706341 0.491192790553006 1.93031855173752 7.36109152050213 3.98107261289423 0.0340468109847614 4.60920459001633
0.00333333333333333 1.44360470769079 0.318255113283754 0.851991557896189 0.768913286986942 2.55174446996169 7.68264231337517 4.30130342340144 0.0340018994423914 4.98038645791768
0 1.39555164866734 0.351534036353503 0.679853144095801 0.735548635073258 1.56400423896387 7.52970234338626 3.95789345949424 0.0281049690461842 4.57344782044069
0.00333333333333333 1.48010311416353 0.365873285087176 0.882902949084277 0.343397929296342 2.19636692362932 7.80710329012598 4.487737089096 0.0361757526444264 5.04972779390235
0.00333333333333333 1.36149972782123 0.222051761320214 0.808526930541375 0.658259747903564 2.23270913340882 7.77715956537889 4.47926918222926 0.0369610588843897 4.9401215097686
0 1.3984217482731 0.369859714088383 0.742128836113856 0.483950202801187 2.16682673351174 7.43118622715593 4.23101817601537 0.0407553544190503 4.62622359518592
0.00333333333333333 1.31503358772025 0.23796128698159 0.608799973339774 0.438273174175993 1.32705107238144 7.77949257335793 4.43880232222224 0.0354125057612536 4.70639973194798
0.00333333333333333 1.40105404667556 0.288145016436465 0.793071120837703 0.784420069679618 2.17316011153162 7.76023611309711 4.32247565504735 0.0321365760068217 4.82313367726076
0 1.43356236033583 0.384769909208516 0.883177387563752 0.379388406430613 2.76231679590047 7.29444661809296 4.08099048601078 0.0402173762355649 4.55021821970485
0.00333333333333333 1.36149972782123 0.222051761320214 0.808526930541375 0.658259747903564 2.23270913340882 7.77715956537889 4.47926918222926 0.0369610588843897 4.9401215097686
0 1.3984217482731 0.369859714088383 0.742128836113856 0.483950202801187 2.16682673351174 7.43118622715593 4.23101817601537 0.0407553544190503 4.62622359518592
0.00333333333333333 1.34857413625779 0.122626504731218 0.849620394929708 0.700850588219355 2.41272400909943 7.71788888168987 4.46662625154002 0.0387252812424709 4.90403944783044
0 1.48448576275259 0.345530825783499 0.915255431260448 0.805466360785067 2.7546822107397 7.86735817891498 4.36431755904913 0.030105704109991 5.10142204130876
0.00333333333333333 1.33334122077654 0.192877949788884 0.845304083706882 0.815403589989684 2.59961075902398 7.45873588416692 4.11201693916918 0.0351996568502607 4.64528495373825
0.00333333333333333 1.31051722400701 0.140119506503147 0.830218138449315 0.483417075894022 1.56539521809551 7.79708126336577 4.32897741358407 0.0311760891997772 4.91884483871413
0 1.36420966884991 0.256379372218934 0.74629582483605 0.757749073741372 1.6954311279793 7.55110689882653 3.98333203313293 0.0282185739909289 4.80366460202765
0.00333333333333333 1.33216027232725 0.232120338556492 0.696171313544839 0.468620888964028 1.30182405396101 7.93725822975402 4.46240373459263 0.0309663392475832 4.97358034991336
0.00333333333333333 1.27616287013832 0.103655379098782 0.831037633952506 0.48275546295446 1.68878858074927 7.69604090742961 4.34898678059568 0.0351878605417092 4.76179399558346
0 1.3916441966148 0.277160506985726 0.69584142377084 0.831133019008395 2.01110700342291 7.90525726628112 4.42700000031661 0.0308611469666236 5.1240830199367
0 1.42960236240043 0.3830882258765 0.839340510286441 0.500199305539768 1.90145659297127 7.45748233416719 3.96309627561215 0.030367386511848 4.59188229166116
0.00333333333333333 1.43978761373673 0.392871404627787 0.677044218773888 0.834218207958699 2.16222905202871 7.62436983203635 4.15920191008005 0.0312677544429715 4.75041838227984
0 1.43356236033583 0.384769909208516 0.883177387563752 0.379388406430613 2.76231679590047 7.29444661809296 4.08099048601078 0.0402173762355649 4.55021821970485
0.00333333333333333 1.44601922108836 0.350437489616209 0.881650831440592 0.788013124955417 2.60733037282797 7.56632202744254 4.08185555065133 0.0306701172842905 4.71735840357977
0.00333333333333333 1.31051722400701 0.140119506503147 0.830218138449315 0.483417075894022 1.56539521809551 7.79708126336577 4.32897741358407 0.0311760891997772 4.91884483871413
0.00333333333333333 1.39081523621168 0.296831340463658 0.878635641510551 0.417208305625587 2.26954616991171 7.37082083284937 4.08492534030561 0.0374070723360736 4.62231405315377
0.00333333333333333 1.40906707702342 0.329916369813804 0.76070759630096 0.756591343324129 2.52388468585906 7.72879029765374 4.44164950333868 0.0373605182356025 4.883446460153
0 1.44385657028424 0.303556203341277 0.68558968487098 0.837498861250637 1.85061511177432 7.96269286857901 4.47152216848735 0.03046518569053 5.14737581766173
0.00333333333333333 1.27616287013832 0.103655379098782 0.831037633952506 0.48275546295446 1.68878858074927 7.69604090742961 4.34898678059568 0.0351878605417092 4.76179399558346
0 1.43308359888088 0.289198407948659 0.804121774652361 0.610224899645841 2.34524061362668 7.91723148609405 4.63234850704204 0.0374449666825321 5.2019862576096
0.00333333333333333 1.3097045460741 0.145316560416553 0.860727750104779 0.303769680619131 1.709549253169 7.44098340151526 4.06593049459273 0.0342163079842213 4.59318374110772
0 1.38116975043708 0.282090468631994 0.719252170352391 0.634400549115384 1.65494140133621 7.85262106145297 4.35425081643932 0.030246637883976 4.99346749047389
0.00333333333333333 1.27196711794408 0.100010037180845 0.667831769975603 0.679695317415634 1.635118419003 7.86441075799775 4.53974238066564 0.0359844500343014 4.94656227306231
0 1.33605658713212 0.191928677955882 0.915171559634967 0.446467638860056 2.30460664964355 7.26140827011317 3.94915122984973 0.0364338482202821 4.44316263466561
0 1.44742229884929 0.301310338349746 0.920072470833095 0.609489416665091 2.37551241511752 7.97005635927661 4.52687764655651 0.0319629227274651 5.23579042626656
0 1.39555164866734 0.351534036353503 0.679853144095801 0.735548635073258 1.56400423896387 7.52970234338626 3.95789345949424 0.0281049690461842 4.57344782044069
0.00333333333333333 1.319923819796 0.128809834057578 0.866623712967201 0.344534584745321 1.56336641021107 7.87142286550819 4.47372720345084 0.0334502619262512 5.04169269661038
0 1.48448576275259 0.345530825783499 0.915255431260448 0.805466360785067 2.7546822107397 7.86735817891498 4.36431755904913 0.030105704109991 5.10142204130876
0 1.37544044262949 0.295550914386591 0.758316339276526 0.58239205737194 1.62606597993317 7.8472055339717 4.33269110905597 0.029762251253607 4.94649385723086
0 1.3916441966148 0.277160506985726 0.69584142377084 0.831133019008395 2.01110700342291 7.90525726628112 4.42700000031661 0.0308611469666236 5.1240830199367
0.00333333333333333 1.43489791294066 0.350909558464989 0.895774039505307 0.453825938136498 2.65119312787094 7.49347963359834 4.22287213716146 0.0379833453179003 4.74239267479466
0.00333333333333333 1.28225962244296 0.186991193957405 0.620338564211138 0.594866824128775 1.49173013874477 7.50316433466309 4.17368772457155 0.0358118437210235 4.52622536027003
0 1.25990773839217 0.118012360790266 0.850143645045492 0.651895526788148 2.0055809146712 7.29428024488975 3.94065673822352 0.0349574557572228 4.45157490745253
0.00333333333333333 1.40105404667556 0.288145016436465 0.793071120837703 0.784420069679618 2.17316011153162 7.76023611309711 4.32247565504735 0.0321365760068217 4.82313367726076
0.00333333333333333 1.35234144205647 0.202152642223749 0.715830035598666 0.872848816628615 1.81633146524026 7.72145942208119 4.19068726664061 0.0292822966507177 4.84740309780647
0.00333333333333333 1.33138007314592 0.216319044198405 0.648209496201114 0.433105736500692 1.39481902294562 7.84539156487567 4.49818798573995 0.0351826020279144 5.03125458129899
0 1.31621541627268 0.181676450490268 0.794345817417309 0.841099399793881 2.61594504810978 7.21667611277116 3.94422614592278 0.0379134265594233 4.43027552684092
0.00333333333333333 1.46862068357436 0.369978941511789 0.721363453668617 0.764585548718847 2.3103362164953 7.66984999666811 4.32730642247365 0.035346935727753 4.82767353241488
0.00333333333333333 1.40105404667556 0.288145016436465 0.793071120837703 0.784420069679618 2.17316011153162 7.76023611309711 4.32247565504735 0.0321365760068217 4.82313367726076
0 1.38127331382055 0.25965347074857 0.90529045035059 0.633108078087279 2.72787041847333 7.31871913014331 4.03239527870641 0.0373910521154191 4.55409616580381
0 1.45499646078095 0.313267031035003 0.893991268947556 0.546058729432806 2.70134603096158 7.83788450949122 4.58912376063049 0.0388222885988712 5.05533547301416
0 1.39555164866734 0.351534036353503 0.679853144095801 0.735548635073258 1.56400423896387 7.52970234338626 3.95789345949424 0.0281049690461842 4.57344782044069
0 1.42807808260085 0.289990785812109 0.764652262247767 0.778563547688349 2.09103117503549 7.96084705234844 4.53109298259178 0.032394906680621 5.1481919079704
0 1.38102519577561 0.327751219292871 0.765922919944892 0.769696465395362 2.35040475681063 7.21660459343826 3.85101565732012 0.0345416672910641 4.34035393827331
0.00333333333333333 1.28694908039179 0.161036464292556 0.729927710955963 0.810089914826676 1.91546958126128 7.47808725247251 4.0517849478033 0.0325069194982628 4.54129810939368
0 1.40156851659995 0.308836504584178 0.683981429238338 0.408189565362409 1.7127312393859 7.76805857981577 4.50681455718148 0.038340671674005 5.08102401632695
0.00333333333333333 1.36902926954792 0.292182467713356 0.852239606533182 0.559979292266916 1.88084333831464 7.48160469029928 3.98575823731539 0.0303230705170598 4.60321174776013
0 1.41193297858043 0.281686536373418 0.87852924231865 0.470248749351977 1.66135591694405 7.80478944720618 4.24666986886226 0.0284923520072185 4.97893235085478
0 1.43840694836619 0.325939637971217 0.750694159740601 0.347753701609875 1.96487851321369 7.66813187228736 4.47268780563996 0.0409483375471068 4.88789099209384
0.00333333333333333 1.36679185420185 0.252105803275478 0.661937192502156 0.78826692971822 1.99128396872562 7.64990093534647 4.28530921517208 0.0345761299729223 4.80726032810447
0 1.3984217482731 0.369859714088383 0.742128836113856 0.483950202801187 2.16682673351174 7.43118622715593 4.23101817601537 0.0407553544190503 4.62622359518592
0 1.3916441966148 0.277160506985726 0.69584142377084 0.831133019008395 2.01110700342291 7.90525726628112 4.42700000031661 0.0308611469666236 5.1240830199367
0.00333333333333333 1.39081523621168 0.296831340463658 0.878635641510551 0.417208305625587 2.26954616991171 7.37082083284937 4.08492534030561 0.0374070723360736 4.62231405315377
0.00333333333333333 1.35458177755456 0.303684501056462 0.664036410392485 0.58153034577962 1.80135626645812 7.43833346621291 4.14313472639153 0.0370606788825473 4.60367971408436
0.00333333333333333 1.40326470163126 0.369271330942929 0.711786216021731 0.424945743856173 1.83463423139289 7.36080347382846 4.05629649458457 0.0367173097705168 4.59552380893629
0 1.39555164866734 0.351534036353503 0.679853144095801 0.735548635073258 1.56400423896387 7.52970234338626 3.95789345949424 0.0281049690461842 4.57344782044069
0 1.3984217482731 0.369859714088383 0.742128836113856 0.483950202801187 2.16682673351174 7.43118622715593 4.23101817601537 0.0407553544190503 4.62622359518592
0.00333333333333333 1.42772519118291 0.301943610390296 0.908502396548728 0.562163017465038 2.68399858851193 7.56710866068155 4.24162646784348 0.0359551772438315 4.85916620078507
0.00333333333333333 1.40105404667556 0.288145016436465 0.793071120837703 0.784420069679618 2.17316011153162 7.76023611309711 4.32247565504735 0.0321365760068217 4.82313367726076
0 1.34431677510606 0.214878653122862 0.842953890597368 0.563043319711907 2.16980764016085 7.25644738082363 3.93723442477464 0.0361812968217508 4.57821437599956
0 1.27540933532318 0.119989520004434 0.800390305685398 0.6955460989355 1.58279565869468 7.48541508229894 3.93405131804105 0.0286854927170225 4.65070831477115
0 1.39555164866734 0.351534036353503 0.679853144095801 0.735548635073258 1.56400423896387 7.52970234338626 3.95789345949424 0.0281049690461842 4.57344782044069
0.00333333333333333 1.42250802667605 0.368118978015874 0.736904545155307 0.657510826258249 2.32531266068737 7.39487227397196 4.08041825252391 0.0363538916050093 4.6478627702894
0 1.29604481491951 0.132088026717796 0.781585158977723 0.863938256813716 1.93801207571854 7.43556626604749 3.92197333628131 0.0297896896640164 4.53353407266053
0 1.44157168855605 0.362873869416225 0.73913276158459 0.351929883692052 1.46713690620965 7.97543135462884 4.53216051158343 0.0319599781086429 5.15635402327517
0 1.29604481491951 0.132088026717796 0.781585158977723 0.863938256813716 1.93801207571854 7.43556626604749 3.92197333628131 0.0297896896640164 4.53353407266053
0.00333333333333333 1.33533337463788 0.199721160297873 0.80661225708995 0.581164735847506 1.62560414114706 7.5919109371778 4.08986299024786 0.0301356040656609 4.74578012502208
0.00333333333333333 1.28694908039179 0.161036464292556 0.729927710955963 0.810089914826676 1.91546958126128 7.47808725247251 4.0517849478033 0.0325069194982628 4.54129810939368
0 1.44742229884929 0.301310338349746 0.920072470833095 0.609489416665091 2.37551241511752 7.97005635927661 4.52687764655651 0.0319629227274651 5.23579042626656
0 1.3983373908346 0.322208512553115 0.801668890233473 0.885147247480918 2.58441608173955 7.29950774953357 3.89431613967245 0.0332004579373509 4.58725557119248
0 1.44385657028424 0.303556203341277 0.68558968487098 0.837498861250637 1.85061511177432 7.96269286857901 4.47152216848735 0.03046518569053 5.14737581766173
0 1.38830620370958 0.31015965200187 0.799330659187917 0.871737372070133 2.93014721384032 7.24034242739178 3.89015293632376 0.0350777065589604 4.51130793701764
0 1.3916441966148 0.277160506985726 0.69584142377084 0.831133019008395 2.01110700342291 7.90525726628112 4.42700000031661 0.0308611469666236 5.1240830199367
0 1.39464125956024 0.228495675303172 0.871286065010371 0.585026117019694 2.23709019084275 7.93509245858083 4.61890521437824 0.0362909367859863 5.06420967277496
0.00333333333333333 1.31710507520321 0.197147459183332 0.76170798044329 0.32111374463262 1.41934784960652 7.59830533994469 4.19091657184685 0.0331275913567482 4.83114306431246
0.00333333333333333 1.40906707702342 0.329916369813804 0.76070759630096 0.756591343324129 2.52388468585906 7.72879029765374 4.44164950333868 0.0373605182356025 4.883446460153
0.00333333333333333 1.47506596963772 0.399919374695165 0.907416842590527 0.468366399589895 2.25004626652608 7.58443765551084 4.12616617454506 0.0314841359398985 4.87152647172512
0 1.40217179430723 0.313777004524415 0.884316930924905 0.335930924979954 2.47319473086515 7.51984239056035 4.325118502402 0.0409778382805921 4.73787677046677
0 1.37825447117199 0.26742860931854 0.716657877427018 0.359264420010883 1.41313524523074 8.07035566559363 4.66936897551037 0.0333403571258641 5.14458326660599
0.00333333333333333 1.33138007314592 0.216319044198405 0.648209496201114 0.433105736500692 1.39481902294562 7.84539156487567 4.49818798573995 0.0351826020279144 5.03125458129899
0 1.34881571547508 0.280386270526802 0.719064997818387 0.619009771880187 2.225620748029 7.4324049093412 4.24020702118926 0.0410814791436537 4.63364965730996
0.00333333333333333 1.42588258764063 0.36270322196847 0.722958607777007 0.379674206555979 1.72251236832267 7.73743455388799 4.40290099138444 0.0356312020646287 4.98915626241913
0.00333333333333333 1.32904951940543 0.112792528360125 0.93990654914271 0.639236930563555 2.46875577455725 7.62348696227793 4.29179500061236 0.0357325957101809 4.79941227993787
0 1.39555164866734 0.351534036353503 0.679853144095801 0.735548635073258 1.56400423896387 7.52970234338626 3.95789345949424 0.0281049690461842 4.57344782044069
0.00333333333333333 1.40105404667556 0.288145016436465 0.793071120837703 0.784420069679618 2.17316011153162 7.76023611309711 4.32247565504735 0.0321365760068217 4.82313367726076
0.00333333333333333 1.40105404667556 0.288145016436465 0.793071120837703 0.784420069679618 2.17316011153162 7.76023611309711 4.32247565504735 0.0321365760068217 4.82313367726076
0 1.38830620370958 0.31015965200187 0.799330659187917 0.871737372070133 2.93014721384032 7.24034242739178 3.89015293632376 0.0350777065589604 4.51130793701764
0.00333333333333333 1.33138007314592 0.216319044198405 0.648209496201114 0.433105736500692 1.39481902294562 7.84539156487567 4.49818798573995 0.0351826020279144 5.03125458129899
0 1.39555164866734 0.351534036353503 0.679853144095801 0.735548635073258 1.56400423896387 7.52970234338626 3.95789345949424 0.0281049690461842 4.57344782044069
0 1.27787333771658 0.163940212244739 0.800771869500116 0.74858901083218 2.35423235853981 7.23329495649016 3.92087262070513 0.0364278263660435 4.46718444301419
0 1.40156851659995 0.308836504584178 0.683981429238338 0.408189565362409 1.7127312393859 7.76805857981577 4.50681455718148 0.038340671674005 5.08102401632695
0.00333333333333333 1.32271502523532 0.244307596680562 0.61309537007116 0.647767268205919 1.66575456294977 7.46026992554603 4.12679115524938 0.0356688054072587 4.56257356810947
0 1.40156851659995 0.308836504584178 0.683981429238338 0.408189565362409 1.7127312393859 7.76805857981577 4.50681455718148 0.038340671674005 5.08102401632695
0.00333333333333333 1.37669808442747 0.248019202042604 0.701952324100813 0.765885698327604 1.91233454202338 7.67776704540927 4.30011586381184 0.0341275200154336 4.7201715786826
0.00333333333333333 1.31503358772025 0.23796128698159 0.608799973339774 0.438273174175993 1.32705107238144 7.77949257335793 4.43880232222224 0.0354125057612536 4.70639973194798
0.00333333333333333 1.36126161222974 0.243955305535542 0.615718315925267 0.621109469306644 1.74413719670127 7.69523943866748 4.45620603284813 0.0392017689934755 4.78365104339611
0 1.38116975043708 0.282090468631994 0.719252170352391 0.634400549115384 1.65494140133621 7.85262106145297 4.35425081643932 0.030246637883976 4.99346749047389
0 1.33605658713212 0.191928677955882 0.915171559634967 0.446467638860056 2.30460664964355 7.26140827011317 3.94915122984973 0.0364338482202821 4.44316263466561
0.00333333333333333 1.35974648919396 0.213096069852651 0.916022790665113 0.709068968065081 2.66106117782645 7.50041892096376 4.13641022750761 0.0345962946582142 4.73658823596521
0.00333333333333333 1.42250802667605 0.368118978015874 0.736904545155307 0.657510826258249 2.32531266068737 7.39487227397196 4.08041825252391 0.0363538916050093 4.6478627702894
0 1.31621541627268 0.181676450490268 0.794345817417309 0.841099399793881 2.61594504810978 7.21667611277116 3.94422614592278 0.0379134265594233 4.43027552684092
0 1.39464125956024 0.228495675303172 0.871286065010371 0.585026117019694 2.23709019084275 7.93509245858083 4.61890521437824 0.0362909367859863 5.06420967277496
0 1.38116975043708 0.282090468631994 0.719252170352391 0.634400549115384 1.65494140133621 7.85262106145297 4.35425081643932 0.030246637883976 4.99346749047389
0.00333333333333333 1.44360470769079 0.318255113283754 0.851991557896189 0.768913286986942 2.55174446996169 7.68264231337517 4.30130342340144 0.0340018994423914 4.98038645791768
0.00333333333333333 1.38927132983092 0.225177805473836 0.890020138226576 0.418900222414339 2.10659496386746 7.66156713061911 4.35916080993688 0.0367945213708587 4.83086367493557
0 1.42807808260085 0.289990785812109 0.764652262247767 0.778563547688349 2.09103117503549 7.96084705234844 4.53109298259178 0.032394906680621 5.1481919079704
0 1.40156851659995 0.308836504584178 0.683981429238338 0.408189565362409 1.7127312393859 7.76805857981577 4.50681455718148 0.038340671674005 5.08102401632695
0 1.44722408729685 0.285074136939452 0.910437383404484 0.674602121982078 2.59742135726861 7.89987987375577 4.50142872931699 0.0334250003862376 5.21900355982831
0 1.38606728678811 0.284425786956182 0.831944974685706 0.629892569507104 2.12946773711998 7.27380047042385 3.84840922665255 0.0325365487765182 4.41908645905782
0 1.39555164866734 0.351534036353503 0.679853144095801 0.735548635073258 1.56400423896387 7.52970234338626 3.95789345949424 0.0281049690461842 4.57344782044069
0 1.42412779545436 0.279710001368449 0.804117744341057 0.531388401801024 1.78444373843622 7.86923006956293 4.41514556725795 0.03161623570169 5.18247122940228
0 1.31621541627268 0.181676450490268 0.794345817417309 0.841099399793881 2.61594504810978 7.21667611277116 3.94422614592278 0.0379134265594233 4.43027552684092
0.00333333333333333 1.43489791294066 0.350909558464989 0.895774039505307 0.453825938136498 2.65119312787094 7.49347963359834 4.22287213716146 0.0379833453179003 4.74239267479466
0 1.40156851659995 0.308836504584178 0.683981429238338 0.408189565362409 1.7127312393859 7.76805857981577 4.50681455718148 0.038340671674005 5.08102401632695
0.00333333333333333 1.27741591108479 0.158648358900459 0.676491118528488 0.685897838300947 1.36708672600645 7.5544688189143 4.04182652793865 0.0298180223635168 4.53484752707114
0 1.35009340846165 0.182363047533356 0.790237347210422 0.843114752774412 2.08894929990676 7.95143461680597 4.48206048882598 0.0311365120356852 5.12346782459278
0 1.37544044262949 0.295550914386591 0.758316339276526 0.58239205737194 1.62606597993317 7.8472055339717 4.33269110905597 0.029762251253607 4.94649385723086
0.00333333333333333 1.42772238625833 0.272485534090187 0.947766298710548 0.798882387786252 2.69965112224659 7.65022819455356 4.17085539915086 0.030826739643445 4.902647874355
0.00333333333333333 1.43556640707476 0.295188193180527 0.766341858109869 0.811456306778682 2.71857197964083 7.75914203287658 4.50640724374337 0.0386683134149442 4.96744643456573
0.00333333333333333 1.39081523621168 0.296831340463658 0.878635641510551 0.417208305625587 2.26954616991171 7.37082083284937 4.08492534030561 0.0374070723360736 4.62231405315377
0 1.34881571547508 0.280386270526802 0.719064997818387 0.619009771880187 2.225620748029 7.4324049093412 4.24020702118926 0.0410814791436537 4.63364965730996
0.00333333333333333 1.37953907429069 0.210569455907018 0.808628071948615 0.858230382981094 2.30932866502852 7.82043115178548 4.40748115206302 0.032943872473174 4.91326744318247
0.00333333333333333 1.44559362098348 0.341864393284669 0.737838498904022 0.883837797142936 2.91488216086715 7.49672180313207 4.21950770517611 0.0377332316015815 4.64779056244973
0.00333333333333333 1.40105404667556 0.288145016436465 0.793071120837703 0.784420069679618 2.17316011153162 7.76023611309711 4.32247565504735 0.0321365760068217 4.82313367726076
0.00333333333333333 1.36298520501382 0.16659381546613 0.901791821163273 0.731972560053883 2.47141159643813 7.67759172462001 4.281485405452 0.0335034681324434 4.83126589712632
0.00333333333333333 1.40697222202976 0.266127118033673 0.932611144132631 0.712492949060698 2.61540767188589 7.48241838033974 4.04974772142967 0.0323005616968274 4.71411999709211
0.00333333333333333 1.40105404667556 0.288145016436465 0.793071120837703 0.784420069679618 2.17316011153162 7.76023611309711 4.32247565504735 0.0321365760068217 4.82313367726076
0.00333333333333333 1.3578676195523 0.225886147838784 0.820689277816842 0.430578702608505 1.99838731654766 7.56550194014783 4.31303376318693 0.0386786242324171 4.81691569234993
0 1.440684820107 0.311922421862695 0.92750695329412 0.642751986768942 2.55997153002147 7.876839811574 4.45054320226995 0.0325071046375667 5.23579042626656
0 1.38116975043708 0.282090468631994 0.719252170352391 0.634400549115384 1.65494140133621 7.85262106145297 4.35425081643932 0.030246637883976 4.99346749047389
0.00333333333333333 1.40201405788602 0.283816754795133 0.860180121754221 0.523376279519129 2.25661369065078 7.69451612532238 4.40443004367012 0.0372506426613293 4.84615365543063
0 1.45820585232811 0.32896950418066 0.812559870501849 0.773307350311053 2.90173842356506 7.82873703160972 4.59759051229316 0.0395121713412851 5.11395290812428
0 1.38103115521071 0.15375500865404 0.84411953010346 0.818381907692096 2.92400941613503 7.76955309512625 4.55958141363018 0.0403577561271246 5.05013467521846
0.00333333333333333 1.46862068357436 0.369978941511789 0.721363453668617 0.764585548718847 2.3103362164953 7.66984999666811 4.32730642247365 0.035346935727753 4.82767353241488
0 1.40217179430723 0.313777004524415 0.884316930924905 0.335930924979954 2.47319473086515 7.51984239056035 4.325118502402 0.0409778382805921 4.73787677046677
0.00333333333333333 1.35458177755456 0.303684501056462 0.664036410392485 0.58153034577962 1.80135626645812 7.43833346621291 4.14313472639153 0.0370606788825473 4.60367971408436
0.00333333333333333 1.34437767564181 0.223472677661317 0.899911431948152 0.431553158005776 2.3359484610126 7.46969218057167 4.2273202449129 0.0390711109421915 4.69114398784573
0 1.36345808480578 0.267751111208611 0.857892830820403 0.86782439052943 2.86226543938717 7.19241103763183 3.83476626840438 0.0348171649113626 4.53189798488177
0.00333333333333333 1.45294467398835 0.368562267775818 0.777634154597937 0.737224980892655 2.60930378332181 7.607719172869 4.32598524379026 0.0375630686107028 4.71724808939344
0 1.30152164260793 0.153446173654176 0.704019324432251 0.860644323981503 2.45300453256074 7.5462182550475 4.32893747030352 0.040063852515093 4.70233814318709
0 1.36420966884991 0.256379372218934 0.74629582483605 0.757749073741372 1.6954311279793 7.55110689882653 3.98333203313293 0.0282185739909289 4.80366460202765
0.00333333333333333 1.33334122077654 0.192877949788884 0.845304083706882 0.815403589989684 2.59961075902398 7.45873588416692 4.11201693916918 0.0351996568502607 4.64528495373825
0 1.45499646078095 0.313267031035003 0.893991268947556 0.546058729432806 2.70134603096158 7.83788450949122 4.58912376063049 0.0388222885988712 5.05533547301416
0 1.36175554207683 0.185767021340327 0.687685513122241 0.858119418790421 1.94869605745879 8.03573481862317 4.59943951127911 0.0321836954439461 5.21693021810392
0 1.38116975043708 0.282090468631994 0.719252170352391 0.634400549115384 1.65494140133621 7.85262106145297 4.35425081643932 0.030246637883976 4.99346749047389
0.00333333333333333 1.28694908039179 0.161036464292556 0.729927710955963 0.810089914826676 1.91546958126128 7.47808725247251 4.0517849478033 0.0325069194982628 4.54129810939368
0.00333333333333333 1.35234144205647 0.202152642223749 0.715830035598666 0.872848816628615 1.81633146524026 7.72145942208119 4.19068726664061 0.0292822966507177 4.84740309780647
0.00333333333333333 1.46862068357436 0.369978941511789 0.721363453668617 0.764585548718847 2.3103362164953 7.66984999666811 4.32730642247365 0.035346935727753 4.82767353241488
0 1.3167948795847 0.211427377842984 0.763089160214032 0.626625682131724 1.74859622830697 7.30088373297038 3.8607297110406 0.0320597470434604 4.5400517866087
0 1.39555164866734 0.351534036353503 0.679853144095801 0.735548635073258 1.56400423896387 7.52970234338626 3.95789345949424 0.0281049690461842 4.57344782044069
0.00333333333333333 1.35458177755456 0.303684501056462 0.664036410392485 0.58153034577962 1.80135626645812 7.43833346621291 4.14313472639153 0.0370606788825473 4.60367971408436
0 1.38116975043708 0.282090468631994 0.719252170352391 0.634400549115384 1.65494140133621 7.85262106145297 4.35425081643932 0.030246637883976 4.99346749047389
0 1.38102519577561 0.327751219292871 0.765922919944892 0.769696465395362 2.35040475681063 7.21660459343826 3.85101565732012 0.0345416672910641 4.34035393827331
0.00333333333333333 1.44360470769079 0.318255113283754 0.851991557896189 0.768913286986942 2.55174446996169 7.68264231337517 4.30130342340144 0.0340018994423914 4.98038645791768
0 1.40156851659995 0.308836504584178 0.683981429238338 0.408189565362409 1.7127312393859 7.76805857981577 4.50681455718148 0.038340671674005 5.08102401632695
0.00333333333333333 1.42697482065644 0.329881894294563 0.857494230214271 0.604401316196497 2.15435887398193 7.52032488663141 4.06295422262843 0.0315125101616837 4.71308992404084
0 1.43455965739071 0.37513054148316 0.815633006161186 0.574454050981245 2.72109246082571 7.2132465716451 3.95324491996973 0.0383883346124328 4.4188406077966
0 1.40156851659995 0.308836504584178 0.683981429238338 0.408189565362409 1.7127312393859 7.76805857981577 4.50681455718148 0.038340671674005 5.08102401632695
0.00333333333333333 1.35458177755456 0.303684501056462 0.664036410392485 0.58153034577962 1.80135626645812 7.43833346621291 4.14313472639153 0.0370606788825473 4.60367971408436
0.00333333333333333 1.40326470163126 0.369271330942929 0.711786216021731 0.424945743856173 1.83463423139289 7.36080347382846 4.05629649458457 0.0367173097705168 4.59552380893629
0 1.40156851659995 0.308836504584178 0.683981429238338 0.408189565362409 1.7127312393859 7.76805857981577 4.50681455718148 0.038340671674005 5.08102401632695
0 1.3984217482731 0.369859714088383 0.742128836113856 0.483950202801187 2.16682673351174 7.43118622715593 4.23101817601537 0.0407553544190503 4.62622359518592
0.00333333333333333 1.35772658079777 0.21855238813977 0.791533148925017 0.543111923319936 1.63227133646156 7.74132119101497 4.26205370294446 0.0308299860960915 4.86153357518245
0 1.48448576275259 0.345530825783499 0.915255431260448 0.805466360785067 2.7546822107397 7.86735817891498 4.36431755904913 0.030105704109991 5.10142204130876
0.00333333333333333 1.42250802667605 0.368118978015874 0.736904545155307 0.657510826258249 2.32531266068737 7.39487227397196 4.08041825252391 0.0363538916050093 4.6478627702894
0 1.38573903204557 0.36083257500739 0.685066065032606 0.327169884329 1.68572839195859 7.34978987424355 4.09904364912668 0.0387452843370127 4.50990348349948
0.00333333333333333 1.42697482065644 0.329881894294563 0.857494230214271 0.604401316196497 2.15435887398193 7.52032488663141 4.06295422262843 0.0315125101616837 4.71308992404084
0.00333333333333333 1.36190257323968 0.285688913771782 0.634761031080684 0.553477264226434 1.85640885776638 7.60605935264861 4.35970487959121 0.0389158182164553 4.82302317116053
0.00333333333333333 1.33981989810709 0.170030494849198 0.739004891784862 0.855007045157254 2.5181179875508 7.54151009448968 4.29610162389647 0.0389526500951612 4.89100272301626
0.00333333333333333 1.41811389363133 0.234756324499753 0.895321288498537 0.593765391904277 2.44209479715181 7.86598672631364 4.57513167686886 0.0372220091274159 5.02682998001624
0 1.39555164866734 0.351534036353503 0.679853144095801 0.735548635073258 1.56400423896387 7.52970234338626 3.95789345949424 0.0281049690461842 4.57344782044069
0.00333333333333333 1.47506596963772 0.399919374695165 0.907416842590527 0.468366399589895 2.25004626652608 7.58443765551084 4.12616617454506 0.0314841359398985 4.87152647172512
0 1.44385657028424 0.303556203341277 0.68558968487098 0.837498861250637 1.85061511177432 7.96269286857901 4.47152216848735 0.03046518569053 5.14737581766173
0 1.43356236033583 0.384769909208516 0.883177387563752 0.379388406430613 2.76231679590047 7.29444661809296 4.08099048601078 0.0402173762355649 4.55021821970485
0 1.36875168292978 0.321362331678318 0.710662512369991 0.586870237715217 1.53084939845395 7.59034694560257 4.0594079923412 0.029277412834765 4.80369312212005
0 1.37859158663172 0.299798772641181 0.847116917316543 0.591043534234194 2.40661127012048 7.17983805167918 3.80569583913922 0.0342474827768945 4.57717320694375
0 1.42285189049084 0.343482995632976 0.7559544280312 0.838148068539456 2.82603808875511 7.17829638286098 3.87840290604816 0.0368870965230525 4.44672458187795
0 1.3984217482731 0.369859714088383 0.742128836113856 0.483950202801187 2.16682673351174 7.43118622715593 4.23101817601537 0.0407553544190503 4.62622359518592
0.00333333333333333 1.35458177755456 0.303684501056462 0.664036410392485 0.58153034577962 1.80135626645812 7.43833346621291 4.14313472639153 0.0370606788825473 4.60367971408436
0 1.43308359888088 0.289198407948659 0.804121774652361 0.610224899645841 2.34524061362668 7.91723148609405 4.63234850704204 0.0374449666825321 5.2019862576096
0.00333333333333333 1.33981989810709 0.170030494849198 0.739004891784862 0.855007045157254 2.5181179875508 7.54151009448968 4.29610162389647 0.0389526500951612 4.89100272301626
0.00333333333333333 1.49597384883417 0.388094522372975 0.875826778339189 0.606623660792385 2.62836324063985 7.80403487202718 4.47524743472797 0.0358365327758947 5.02172998238305
0 1.3088424233467 0.117011522108226 0.769468247346453 0.537051434905728 1.71165114317415 7.97362298189928 4.65554639331316 0.0362224354400899 5.08081264899087
0.00333333333333333 1.32663856431787 0.195491604384444 0.876078760871285 0.614973868600093 2.2816802219349 7.63512533639889 4.30435882209452 0.0357656796529521 4.82570163307438
0 1.32862109389318 0.14582859008583 0.733856044430683 0.765243741106902 2.35376000206657 7.63494431145275 4.43798924338451 0.0408865112724494 4.88121504047606
0.00333333333333333 1.47506596963772 0.399919374695165 0.907416842590527 0.468366399589895 2.25004626652608 7.58443765551084 4.12616617454506 0.0314841359398985 4.87152647172512
0 1.3167948795847 0.211427377842984 0.763089160214032 0.626625682131724 1.74859622830697 7.30088373297038 3.8607297110406 0.0320597470434604 4.5400517866087
0.00333333333333333 1.46862068357436 0.369978941511789 0.721363453668617 0.764585548718847 2.3103362164953 7.66984999666811 4.32730642247365 0.035346935727753 4.82767353241488
0.00333333333333333 1.37251183724304 0.311687603806297 0.694845400158422 0.833349848399659 2.65818961810928 7.48995875399545 4.26359801023512 0.0397017209341867 4.61167075059118
0 1.42099331133771 0.241235885297744 0.843799333715911 0.785736914176128 2.83190663811027 7.92644374179888 4.64304383841617 0.0375005416022762 5.17660160786394
0.00333333333333333 1.36065130876377 0.236867157835513 0.816469322983175 0.590062700444832 1.78016276052222 7.82472911082371 4.3623021293261 0.0313535750570443 5.02989311070067
0 1.33983772178949 0.26410362998899 0.851222496962319 0.615646146792285 2.50021201271599 7.31217984591505 4.0384794293807 0.0378660473559168 4.52070102936164
0.00333333333333333 1.36319422123657 0.217335643759621 0.800975531690417 0.708015984466677 2.16833600594187 7.63338940569282 4.29185628451003 0.0353826701963728 4.79071782589245
0 1.42960236240043 0.3830882258765 0.839340510286441 0.500199305539768 1.90145659297127 7.45748233416719 3.96309627561215 0.030367386511848 4.59188229166116
0 1.41899727112117 0.31606721367585 0.757750403392972 0.660903153895629 1.94660154621988 7.86189559213004 4.41355558228254 0.0317983775846713 5.12582237057182
0.00333333333333333 1.33334122077654 0.192877949788884 0.845304083706882 0.815403589989684 2.59961075902398 7.45873588416692 4.11201693916918 0.0351996568502607 4.64528495373825
0 1.38102519577561 0.327751219292871 0.765922919944892 0.769696465395362 2.35040475681063 7.21660459343826 3.85101565732012 0.0345416672910641 4.34035393827331
0 1.3984217482731 0.369859714088383 0.742128836113856 0.483950202801187 2.16682673351174 7.43118622715593 4.23101817601537 0.0407553544190503 4.62622359518592
0 1.37825447117199 0.26742860931854 0.716657877427018 0.359264420010883 1.41313524523074 8.07035566559363 4.66936897551037 0.0333403571258641 5.14458326660599
0.00333333333333333 1.27262517629117 0.177227658164951 0.713667431846097 0.739439654305579 1.99334321321979 7.42505324521072 4.12390336446365 0.0368407805317472 4.54683460897513
0.00333333333333333 1.31587640979785 0.190534520676513 0.632116737618028 0.806561912370889 1.82407791823198 7.74437842661361 4.40131613444662 0.0353286053914655 4.71600406750631
0 1.34798643527659 0.234326497446017 0.771020767378771 0.665351147645617 2.29672453589176 7.32269535745282 4.06560209335645 0.0385001452835671 4.57471097850338
0.00333333333333333 1.40105404667556 0.288145016436465 0.793071120837703 0.784420069679618 2.17316011153162 7.76023611309711 4.32247565504735 0.0321365760068217 4.82313367726076
0 1.42960236240043 0.3830882258765 0.839340510286441 0.500199305539768 1.90145659297127 7.45748233416719 3.96309627561215 0.030367386511848 4.59188229166116
0 1.48448576275259 0.345530825783499 0.915255431260448 0.805466360785067 2.7546822107397 7.86735817891498 4.36431755904913 0.030105704109991 5.10142204130876
0.00333333333333333 1.38927132983092 0.225177805473836 0.890020138226576 0.418900222414339 2.10659496386746 7.66156713061911 4.35916080993688 0.0367945213708587 4.83086367493557
0 1.40869679398553 0.302962977212347 0.872226187377462 0.662198591554783 1.99359666547912 7.63913045425418 4.08829794945473 0.0287007362051135 4.90606249017668
0 1.38116975043708 0.282090468631994 0.719252170352391 0.634400549115384 1.65494140133621 7.85262106145297 4.35425081643932 0.030246637883976 4.99346749047389
0.00333333333333333 1.27741591108479 0.158648358900459 0.676491118528488 0.685897838300947 1.36708672600645 7.5544688189143 4.04182652793865 0.0298180223635168 4.53484752707114
0.00333333333333333 1.31503358772025 0.23796128698159 0.608799973339774 0.438273174175993 1.32705107238144 7.77949257335793 4.43880232222224 0.0354125057612536 4.70639973194798
0.00333333333333333 1.319923819796 0.128809834057578 0.866623712967201 0.344534584745321 1.56336641021107 7.87142286550819 4.47372720345084 0.0334502619262512 5.04169269661038
0 1.3984217482731 0.369859714088383 0.742128836113856 0.483950202801187 2.16682673351174 7.43118622715593 4.23101817601537 0.0407553544190503 4.62622359518592
0 1.31621541627268 0.181676450490268 0.794345817417309 0.841099399793881 2.61594504810978 7.21667611277116 3.94422614592278 0.0379134265594233 4.43027552684092
0.00333333333333333 1.34827507246837 0.228701158814365 0.80364616685341 0.328347760726492 1.68670587117109 7.65649483296579 4.30039846943757 0.0348711177676178 4.9693791775809
0 1.40156851659995 0.308836504584178 0.683981429238338 0.408189565362409 1.7127312393859 7.76805857981577 4.50681455718148 0.038340671674005 5.08102401632695
0 1.31621541627268 0.181676450490268 0.794345817417309 0.841099399793881 2.61594504810978 7.21667611277116 3.94422614592278 0.0379134265594233 4.43027552684092
0.00333333333333333 1.27262517629117 0.177227658164951 0.713667431846097 0.739439654305579 1.99334321321979 7.42505324521072 4.12390336446365 0.0368407805317472 4.54683460897513
0.00333333333333333 1.37251183724304 0.311687603806297 0.694845400158422 0.833349848399659 2.65818961810928 7.48995875399545 4.26359801023512 0.0397017209341867 4.61167075059118
0.00333333333333333 1.41811389363133 0.234756324499753 0.895321288498537 0.593765391904277 2.44209479715181 7.86598672631364 4.57513167686886 0.0372220091274159 5.02682998001624
0 1.39464125956024 0.228495675303172 0.871286065010371 0.585026117019694 2.23709019084275 7.93509245858083 4.61890521437824 0.0362909367859863 5.06420967277496
0 1.48377237281002 0.397188523797478 0.671135467278046 0.831965261759287 2.05171715250169 7.82208490547209 4.33314718080396 0.0305332897104531 5.14464276385426
0.00333333333333333 1.35234144205647 0.202152642223749 0.715830035598666 0.872848816628615 1.81633146524026 7.72145942208119 4.19068726664061 0.0292822966507177 4.84740309780647
0.00333333333333333 1.31503358772025 0.23796128698159 0.608799973339774 0.438273174175993 1.32705107238144 7.77949257335793 4.43880232222224 0.0354125057612536 4.70639973194798
0.00333333333333333 1.34474524074338 0.232330307111677 0.808952377495851 0.490598010207858 2.07051807709189 7.4970656052176 4.24300909601258 0.0386172384897733 4.56678316776778
0.00333333333333333 1.47506596963772 0.399919374695165 0.907416842590527 0.468366399589895 2.25004626652608 7.58443765551084 4.12616617454506 0.0314841359398985 4.87152647172512
0.00333333333333333 1.36319422123657 0.217335643759621 0.800975531690417 0.708015984466677 2.16833600594187 7.63338940569282 4.29185628451003 0.0353826701963728 4.79071782589245
0 1.31621541627268 0.181676450490268 0.794345817417309 0.841099399793881 2.61594504810978 7.21667611277116 3.94422614592278 0.0379134265594233 4.43027552684092
0 1.34881571547508 0.280386270526802 0.719064997818387 0.619009771880187 2.225620748029 7.4324049093412 4.24020702118926 0.0410814791436537 4.63364965730996
0.00333333333333333 1.34437767564181 0.223472677661317 0.899911431948152 0.431553158005776 2.3359484610126 7.46969218057167 4.2273202449129 0.0390711109421915 4.69114398784573
0.00333333333333333 1.34437767564181 0.223472677661317 0.899911431948152 0.431553158005776 2.3359484610126 7.46969218057167 4.2273202449129 0.0390711109421915 4.69114398784573
0.00333333333333333 1.27616287013832 0.103655379098782 0.831037633952506 0.48275546295446 1.68878858074927 7.69604090742961 4.34898678059568 0.0351878605417092 4.76179399558346
0 1.40767816999575 0.345200543177908 0.683489604941167 0.503963945295893 2.05105174197472 7.50789289216792 4.30435882209452 0.0406184017464123 4.57515910757205
0 1.42399680913513 0.363474559346529 0.781717217561966 0.549822300035235 1.73090301011748 7.78626625901941 4.24938770083238 0.0291040319858764 5.13714556847682
0.00333333333333333 1.36470931368679 0.177063362205902 0.877630170269473 0.652385358078198 2.09821170255296 7.93822255091856 4.51633897228148 0.0326508764886926 5.06798659056772
0 1.48448576275259 0.345530825783499 0.915255431260448 0.805466360785067 2.7546822107397 7.86735817891498 4.36431755904913 0.030105704109991 5.10142204130876
0 1.39555164866734 0.351534036353503 0.679853144095801 0.735548635073258 1.56400423896387 7.52970234338626 3.95789345949424 0.0281049690461842 4.57344782044069
0 1.32776041972485 0.198622367803844 0.659842355765833 0.447826582463436 1.52717236206688 7.98488448155472 4.70781272557887 0.0377386030067628 5.10146213426274
0 1.30152164260793 0.153446173654176 0.704019324432251 0.860644323981503 2.45300453256074 7.5462182550475 4.32893747030352 0.040063852515093 4.70233814318709
0.00333333333333333 1.46862068357436 0.369978941511789 0.721363453668617 0.764585548718847 2.3103362164953 7.66984999666811 4.32730642247365 0.035346935727753 4.82767353241488
0.00333333333333333 1.31503358772025 0.23796128698159 0.608799973339774 0.438273174175993 1.32705107238144 7.77949257335793 4.43880232222224 0.0354125057612536 4.70639973194798
0.00333333333333333 1.32483373538034 0.171429775942693 0.720854733115479 0.736336674304451 2.02646908802911 7.82423322737274 4.52778352237267 0.0370143462500638 4.94103433502596
0.00333333333333333 1.41910214508827 0.339356192619814 0.828502470844902 0.73179691868717 2.64291513892612 7.46676373967456 4.09884829406824 0.0344613991828372 4.67263411145477
0 1.491417291106 0.375383897306047 0.920805459648751 0.597376457784017 2.74507958965542 7.83925772385681 4.46106884201383 0.034109174572158 5.13814861439522
0 1.40156851659995 0.308836504584178 0.683981429238338 0.408189565362409 1.7127312393859 7.76805857981577 4.50681455718148 0.038340671674005 5.08102401632695
0.00333333333333333 1.40105404667556 0.288145016436465 0.793071120837703 0.784420069679618 2.17316011153162 7.76023611309711 4.32247565504735 0.0321365760068217 4.82313367726076
0 1.30152164260793 0.153446173654176 0.704019324432251 0.860644323981503 2.45300453256074 7.5462182550475 4.32893747030352 0.040063852515093 4.70233814318709
