0.00420168067226891 1.369736598946 0.202723877412117 0.863544128646234 0.854354374939206 2.26870887713186 9.28672854672373 5.89908525324347 0.0337882120418758 220.918899224471 6.22989801699017
0 1.32638692242315 0.215503112666467 0.867988476318273 0.871878012839561 2.51896362901807 8.58631387082736 5.27635378538232 0.0365176313096533 224.436957925634 5.54558145768282
0 1.50950627259444 0.325109247211367 0.808473588700872 0.404383391048759 2.51566844107583 9.73702950233034 6.7696419768525 0.0514375141487613 196.51102670159 6.92077021605963
0.00420168067226891 1.40421995875002 0.367127173587167 0.750980979193952 0.328265198184513 2.02647227636737 8.90292195574571 5.76530305352663 0.0433859812720985 226.278612246976 5.83825092810206
0 1.50950627259444 0.325109247211367 0.808473588700872 0.404383391048759 2.51566844107583 9.73702950233034 6.7696419768525 0.0514375141487613 196.51102670159 6.92077021605963
0.00420168067226891 1.3453123908911 0.268434591041634 0.649454731237675 0.462285245538782 1.96602519174802 8.63707443581493 5.58252117462349 0.0471437770214332 242.587794000543 5.53937359765976
0 1.42678390359506 0.265189474611543 0.823338344902731 0.571633348194882 1.41279798699543 9.60968009147075 6.05686207419428 0.0286438070707342 210.06761247356 6.67334010762986
0 1.2807675708212 0.165598602670406 0.826084425580241 0.427111974631214 2.47458728483308 8.50496005003614 5.59701611813804 0.0545878509044451 227.493590014892 5.46061213299212
0 1.33599171468331 0.234198849807582 0.842586978269244 0.575913019789285 1.79276861150026 8.73579846028744 5.35595714599445 0.0340528580077257 228.459108119498 5.6379987341102
0.00420168067226891 1.404174929213 0.317218593135806 0.767262982679439 0.367778549135837 2.12728916977604 9.04230932120879 5.97713827647041 0.0466458626527157 231.875571342155 5.97766284371447
0.00420168067226891 1.31611714038905 0.121353980360305 0.789135928701385 0.507187627743541 1.84696611959084 9.24233009727591 6.08316319750988 0.0424611007023415 245.695517751102 6.22243942236469
0 1.37550956575571 0.327783596466058 0.725898016175777 0.738652662396714 2.68414685014923 8.32972240003962 5.22125632041157 0.0446694221521736 226.709504807941 5.27026076876551
0 1.3501223225455 0.257638550929548 0.870197626556237 0.818882064971584 2.36862556418693 8.6240306159071 5.29363977699693 0.0357791184629118 225.248968600268 5.5514079942302
0.00420168067226891 1.37827345701076 0.167734742213943 0.780918054177303 0.870843032919223 2.57046933873668 9.46267841411666 6.31392278864611 0.0429054841535852 216.973704669561 6.46989165079242
0 1.38458489396168 0.326701192083456 0.721685090753711 0.629274748189503 1.90000367513269 8.54046039835458 5.23679650989979 0.0367482788492226 234.452376018774 5.48396671343467
0.00420168067226891 1.40965247093205 0.292062033815515 0.770113863235216 0.319233252649988 2.37361422451995 9.1973868360136 6.30005158023966 0.0551700383941325 223.202195072393 6.16268302555727
0 1.42525481935352 0.383181802869529 0.610785147802115 0.861756131627245 2.11880001049543 8.79687837380641 5.44068460783496 0.0348677214009586 227.92021697397 5.71954645650227
0 1.52862506392412 0.371470586583018 0.655442866054364 0.626240684185177 2.57043245341629 9.67088482056807 6.66470659511826 0.0494804208790677 202.515821280566 6.88089782481225
0.00420168067226891 1.31148765617982 0.10933371738065 0.777200382086448 0.615239450382069 2.08875111816451 9.05175487285881 5.95543872485122 0.0452154630393337 250.068132497482 6.01211523099209
0 1.33942560895812 0.133367767487653 0.749044521595351 0.891204001754522 1.30077925371006 9.33541200747553 5.57144965798509 0.0231916645967605 242.542883841387 6.35726439882372
0 1.385711959551 0.178190624245288 0.914666111920533 0.824049500784469 2.24187354394304 9.52602161125102 6.15251256776335 0.0342691740895168 204.838989121099 6.60939571480807
0 1.33699183221906 0.30853087301366 0.668447191035375 0.74480179916136 2.32116430765018 8.3888824332482 5.21366683692753 0.0417850944011157 229.543430859639 5.32203389316535
0 1.27277673211623 0.134430012174641 0.923387411760719 0.846583722619305 2.60613794673336 8.31259875877289 5.0640005146357 0.0388285979167803 230.003360645317 5.2760338867026
0 1.3856317304433 0.21433109320203 0.762794266423824 0.886244764644756 1.6481212443902 9.4471637198481 5.84892720514786 0.0273719499419037 226.056873735635 6.51609105084265
0 1.32709402297623 0.216854448360391 0.651647010631859 0.794148534536362 1.35994299454615 8.88628997421238 5.31507275938875 0.0281216028073923 246.399725925372 5.75235367670521
0 1.35191125601694 0.348373110364906 0.788394926076089 0.346790981172165 2.1389603770657 8.52651626287709 5.34647240843508 0.0415838314454609 219.511192794519 5.47827502041265
0 1.41959433185402 0.272030993388034 0.783429870824329 0.680572212673724 1.56056931288913 9.39040939371684 5.88071918880325 0.0299061777889139 225.044804679404 6.41542423785231
0.00420168067226891 1.4013852261215 0.290032875326079 0.689354950847932 0.816007865550485 2.80593835065724 8.77297171485501 5.73031620976806 0.0477080322114392 223.615582425036 5.72934192011047
0.00420168067226891 1.38227454216069 0.289292862075081 0.788840796738318 0.3362249477866 2.11846512981512 8.73463222701344 5.68217131640162 0.0472425215987216 231.252860435893 5.64800242078637
0.00420168067226891 1.44684512160763 0.329927446051558 0.699058815068203 0.407749932650785 2.3893331350612 9.48285454293667 6.56229796963413 0.0539036776019704 217.035293034099 6.51200148374844
0.00420168067226891 1.31618149604138 0.204132267200025 0.66234233130706 0.556341531811063 2.09672168889245 8.6763370985948 5.63478960316925 0.0477609224681025 249.985265707508 5.51235289883152
0 1.44418319810495 0.283693415893356 0.886844587495128 0.875827476400443 2.64066053212856 9.51490244801918 6.21750046322353 0.0369791150136428 205.238927720593 6.55663140178711
0.00420168067226891 1.38550185903021 0.203960100898023 0.602419796989849 0.84271233459063 1.66712259774672 9.68852089577966 6.27035811352668 0.0327725900471338 244.253693658275 6.6716953357347
0 1.48162486436295 0.3938193442493 0.860520769097414 0.623697929183473 2.30749472504492 9.28090445291128 5.97499635440068 0.0366659004640703 212.433477516199 6.2819551718818
0.00420168067226891 1.3195372313996 0.181765411878327 0.772536945315281 0.89156468589984 2.82222054792864 8.51210440340063 5.41103009864801 0.0450008318083514 233.616026382805 5.43191341225492
0.00420168067226891 1.40831388845108 0.370678197289817 0.699874721688684 0.442705890163779 2.00701091950759 8.7968083307212 5.63096456303148 0.0421785379080196 231.157826381583 5.74664376770335
0 1.44895841865773 0.26082610950398 0.791925216508296 0.34309755011917 2.24518962339702 9.79159836398967 6.81315151627316 0.0508717841658496 199.869232456603 6.94665542793969
0 1.33699183221906 0.30853087301366 0.668447191035375 0.74480179916136 2.32116430765018 8.3888824332482 5.21366683692753 0.0417850944011157 229.543430859639 5.32203389316535
0.00420168067226891 1.47470930401046 0.362147330665539 0.662610331009565 0.715131164295196 2.78356876730959 9.2695616566343 6.27350573966968 0.0499838204478123 215.041110923891 6.23532534001091
0 1.42155660343291 0.278925091726906 0.612447012342246 0.582228984390608 2.85545824771322 9.38685901326539 6.630199539496 0.063503549705658 222.025930727358 6.39865039611421
0 1.385711959551 0.178190624245288 0.914666111920533 0.824049500784469 2.24187354394304 9.52602161125102 6.15251256776335 0.0342691740895168 204.838989121099 6.60939571480807
0.00420168067226891 1.31756369802169 0.165930112171918 0.631840676162392 0.588344991859049 1.78464712481946 9.01455525348776 5.88630977160107 0.0437945682482623 243.891957928944 5.92167770971985
0 1.35921317115426 0.188580960710533 0.801603042986244 0.518218218209222 1.0436927638948 9.5075928806653 5.81155387489834 0.0248216504220193 242.084749959321 6.45357069386132
0.00420168067226891 1.46823794618628 0.392958893027936 0.809943887972085 0.339462164238253 2.08521878532197 9.24392987496974 6.08419564636567 0.0424370181274335 221.721122089702 6.165907930203
0 1.44027747113627 0.315673754704997 0.908556326796013 0.498086623336094 1.91621532586885 9.40709179838122 6.01850931132045 0.0337564932673952 217.865359206833 6.38461273309021
0.00420168067226891 1.39361365310898 0.30016240660116 0.844735466165024 0.594258226303241 2.31089062218973 8.95236965600968 5.76865576118216 0.041431496812784 223.221623240598 5.9429868341206
0.00420168067226891 1.40580841014636 0.280656517816467 0.637243499935575 0.807918815486925 2.83404290432813 9.02436013034993 6.05083347891482 0.051122700100768 226.693823828005 5.96879280784357
0.00420168067226891 1.32273916944396 0.1558634680463 0.887868428183719 0.805869431002066 2.80819584196433 8.7120961884595 5.60567528341152 0.0447608724028535 223.064940033016 5.6344200767747
0 1.43080012802127 0.269100164552602 0.755552558011564 0.68152225208174 1.54468290473856 9.56167938096331 6.05718771110662 0.0300620509074672 218.390246991588 6.56822319338032
0 1.37821678820607 0.170349501575017 0.686299272302641 0.479442578235086 2.37858423562008 9.60284367676764 6.79296345484385 0.0602122040624316 237.361245041607 6.56068919415004
0.00420168067226891 1.35031847767457 0.144783734617829 0.634392549790714 0.566475532316868 1.62318433415587 9.45872407308695 6.25382881157547 0.0405631499384021 244.199154392713 6.62776766603686
0 1.31302222841936 0.219829562483549 0.747533590846187 0.70184113030381 1.27772444020926 9.03022837231198 5.38204558207875 0.026038403052448 243.179666657015 5.88443597434946
0.00420168067226891 1.3692915958598 0.192252793103921 0.836141657396653 0.603806751908971 2.68652315831021 9.33891575384257 6.35523922816194 0.0506064355658286 225.8694454855 6.33556070883985
0.00420168067226891 1.41367689597795 0.270036114187566 0.906968985977879 0.656977388485118 2.53079836475953 9.12695876303713 5.95379976572197 0.0418711180124224 220.362915702554 6.12912801593493
0.00420168067226891 1.32153029225742 0.18232754501829 0.901667767595131 0.865766844919953 2.32135319157444 8.97371279997085 5.59181582432126 0.033982928763485 233.453741975106 5.93361962316408
0.00420168067226891 1.4229473928655 0.31244227035524 0.689698196262464 0.462504091133948 1.76757935724494 9.41778534286116 6.21806877005117 0.040773758732687 228.259703282443 6.33658971509625
0.00420168067226891 1.44684512160763 0.329927446051558 0.699058815068203 0.407749932650785 2.3893331350612 9.48285454293667 6.56229796963413 0.0539036776019704 217.035293034099 6.51200148374844
0.00420168067226891 1.41410581756027 0.268405130806251 0.786140759731901 0.462018484113899 2.66659820264165 9.34620487411612 6.47763880743284 0.0567802873787312 226.103522064712 6.30676178659274
0 1.3626116285806 0.127920593254066 0.838303423161811 0.341550553418281 2.48407290459828 9.62406902056934 6.81669937025341 0.0603635610291492 217.793646809205 6.72154617546099
0 1.39365861461491 0.259498639492611 0.854488884846737 0.391017007180084 1.2083902328429 9.40348096909464 5.78955234054902 0.0269457786961826 221.910393851647 6.43470701955018
0 1.35191125601694 0.348373110364906 0.788394926076089 0.346790981172165 2.1389603770657 8.52651626287709 5.34647240843508 0.0415838314454609 219.511192794519 5.47827502041265
0.00420168067226891 1.46436407850047 0.337885866184022 0.846846520254099 0.398707162134612 2.67708363576831 9.21230178048959 6.26637794590694 0.0525534866545349 227.366773737973 6.12868703591455
0.00420168067226891 1.35434467517771 0.110526692355052 0.845584003429394 0.632738502603024 2.0668814224191 9.56834271039899 6.36635194325776 0.0406811366419501 218.731467862371 6.65734684410612
0.00420168067226891 1.42131777365584 0.319675844926173 0.701123330389592 0.56171564618998 2.63163456795292 9.12536829351345 6.1941942498856 0.0533343844790822 215.116878921202 6.10610087461508
0 1.33441843298559 0.215479669545927 0.846388334991426 0.41691616591117 2.29883411231085 8.4055590695253 5.34625682883716 0.0469204229626553 235.797229730835 5.34438273339128
0 1.41421001601466 0.155508281089789 0.719616194244965 0.701028853174365 1.8398019706849 9.73275240640088 6.46635921295097 0.0381437564166016 192.649385149484 7.16985425627471
0.00420168067226891 1.40580841014636 0.280656517816467 0.637243499935575 0.807918815486925 2.83404290432813 9.02436013034993 6.05083347891482 0.051122700100768 226.693823828005 5.96879280784357
0.00420168067226891 1.34916464220285 0.240518055831178 0.858447991415305 0.533782498266118 2.76572029467136 8.72562491460942 5.73868352666497 0.0504414819459919 232.225901059891 5.6713067787354
0 1.33198323480329 0.274306744179118 0.738590387822394 0.58241884629569 2.60498155148626 8.15527298803099 5.16103510584022 0.0500747754261209 226.332110706483 5.12519474878939
0.00420168067226891 1.32238862413394 0.180658674518351 0.721572894932562 0.654210487754338 1.92207668059874 9.11833472618016 5.90848543364629 0.0403626957732867 247.347313124587 6.03663263920492
0.00420168067226891 1.31148765617982 0.10933371738065 0.777200382086448 0.615239450382069 2.08875111816451 9.05175487285881 5.95543872485122 0.0452154630393337 250.068132497482 6.01211523099209
0 1.42001364518419 0.151005170387202 0.77708067906165 0.753721864001989 2.08213367760294 9.66515784446626 6.43000745500297 0.0393542860250925 192.535061982035 7.08688723057989
0.00420168067226891 1.29964956574291 0.14222747206549 0.664599582969175 0.800226032826787 1.95856992638208 9.05244764193287 5.79668641801156 0.0385514631950025 256.827008110106 5.90677023287025
0 1.35921317115426 0.188580960710533 0.801603042986244 0.518218218209222 1.0436927638948 9.5075928806653 5.81155387489834 0.0248216504220193 242.084749959321 6.45357069386132
0.00420168067226891 1.48597064770905 0.322373696250788 0.798558420861406 0.722738444088589 2.9733769369614 9.55451754308493 6.53943111291174 0.0490415966301464 210.646763686917 6.62197615667644
0.00420168067226891 1.46782989238691 0.350328976106474 0.819066583581491 0.611003098811541 1.91738473116949 9.26286324345723 5.91016410437276 0.0349897842354623 227.817344960017 6.2731285472342
0.00420168067226891 1.32822431011229 0.182125487316927 0.773310951435927 0.542849314876561 1.32551270256381 9.31309750176389 5.83459412274355 0.0308535525700154 246.293969221235 6.16487304353965
0 1.28693099716208 0.158715758703483 0.696066034361258 0.766735511668352 2.92464037387823 8.30004946226106 5.40765211731837 0.0554431368372473 229.490978098888 5.21551788627586
0 1.37421680399486 0.174907837456582 0.909481593583405 0.485606926517978 1.61942123579226 9.57435110174354 6.15383260315596 0.0326954779841662 209.33090995794 6.6691041736694
0 1.35133579492126 0.205571254376357 0.692151130228509 0.639003242917799 2.94414477281578 9.00731452436679 6.20801498295255 0.0608526724771606 235.50826436822 5.91716424876846
0.00420168067226891 1.3088859758727 0.122699214621749 0.736960623116654 0.580376768280075 1.68892832154077 9.23697534782817 5.99600778239587 0.0391260197942676 255.206672951668 6.12889458014816
0.00420168067226891 1.40092932106952 0.231222766561202 0.611022944952914 0.636489913121 1.64131984821065 9.5668369666783 6.31842742706119 0.0388359257400903 249.125882690533 6.50668051917527
0.00420168067226891 1.37418216531112 0.316996335596021 0.683354509496149 0.667884007687235 2.31262452004917 8.70804492921357 5.58437311725523 0.0439953289046061 227.590278176984 5.6327637429757
0.00420168067226891 1.38284435089013 0.237874401986738 0.669816649182348 0.897241758668014 2.27316239834332 9.21033037192618 5.93357056868908 0.037750377503775 240.691031059213 6.16933175355256
0.00420168067226891 1.3521884562185 0.171210983973378 0.717523214752134 0.774093889019853 2.57510780666449 9.17599520229708 6.14455555237793 0.0482461305668269 232.054172206327 6.18868887177933
0 1.41894170270202 0.336766169210079 0.701398584573366 0.634224393572953 1.22935610512854 9.31044100725639 5.64544689764324 0.0256043221026305 238.792916197415 6.211245307717
0.00420168067226891 1.4156567998672 0.281159343437601 0.854613762538015 0.699354052895912 2.15469770487097 9.08452299206734 5.74554196062847 0.0354730852707115 223.84740126459 6.06778681466762
0 1.28693099716208 0.158715758703483 0.696066034361258 0.766735511668352 2.92464037387823 8.30004946226106 5.40765211731837 0.0554431368372473 229.490978098888 5.21551788627586
0 1.28900153968005 0.126733403636672 0.842653750939446 0.687560932617329 2.74438143661327 8.51193654227042 5.51831311157152 0.0501055534014045 229.187484216012 5.42164058258004
0 1.36496865681184 0.272038807085145 0.880110465508248 0.729020078150632 2.10928361243875 8.63546335120675 5.22035582507832 0.0328728718188339 223.489184624948 5.56139362819762
0 1.28693099716208 0.158715758703483 0.696066034361258 0.766735511668352 2.92464037387823 8.30004946226106 5.40765211731837 0.0554431368372473 229.490978098888 5.21551788627586
0 1.40051728449762 0.34699760582298 0.645206836832222 0.689519139099866 1.67603321699426 8.85008282770563 5.42524366012042 0.0325545163895646 235.172869646258 5.74321684019786
0 1.40767740067585 0.206396089779112 0.848821981095776 0.300594904014297 2.48109371331372 9.67173337524186 6.79302561275951 0.0562073491700044 209.524914327419 6.82083480695144
0.00420168067226891 1.4170616400346 0.163670465898886 0.738779814540853 0.704026947596677 2.05354315992466 9.75741251012815 6.57168296238225 0.0413480694039166 221.031964613298 6.99974827469815
0.00420168067226891 1.37219668202043 0.257092397845642 0.68501906891666 0.662914890646293 2.51547113577917 8.93022074313892 5.94411085072451 0.05048344125483 234.389787978268 5.83870179255557
0 1.40051728449762 0.34699760582298 0.645206836832222 0.689519139099866 1.67603321699426 8.85008282770563 5.42524366012042 0.0325545163895646 235.172869646258 5.74321684019786
0.00420168067226891 1.31651128192951 0.190888926472839 0.878249559366193 0.575890159461168 2.08588222501134 8.61565826391699 5.35934758561197 0.0385302867428314 236.617250160269 5.52476579556046
0 1.40767740067585 0.206396089779112 0.848821981095776 0.300594904014297 2.48109371331372 9.67173337524186 6.79302561275951 0.0562073491700044 209.524914327419 6.82083480695144
0 1.36306890954555 0.293579262044235 0.62092497525056 0.505938051245487 2.60525813926161 8.27006427735152 5.42023997050484 0.0578544846187989 232.612577717867 5.22377340192751
0 1.51195537825141 0.354174146554 0.606703365062872 0.593588987028548 2.76230852323636 9.72445856926791 6.89456871717796 0.0590193541699475 213.672268176251 6.78177624772622
0 1.497657350111 0.389127677587581 0.773447702996645 0.357266638535231 1.83821464810958 9.48578284519838 6.20879121310063 0.0377416268911306 205.71417552862 6.65139959346181
0.00420168067226891 1.45597852496245 0.351560822704169 0.635790520939173 0.359224267940555 2.2967042280832 9.28585901533192 6.40814431298374 0.0562631941718465 227.284836199895 6.2364348196483
0 1.39399205859748 0.292402619637905 0.863640180048987 0.661601789508026 1.90615722866406 8.92556518155712 5.50193825137338 0.0325940041213357 225.145907810822 5.87061431240213
0.00420168067226891 1.42902217515775 0.31236234852417 0.689121654702009 0.630135257572195 2.14943837552805 9.30803256102741 6.14124856406773 0.0421388990498417 220.019712191877 6.32220610902021
0.00420168067226891 1.32480557287346 0.166260639348403 0.733520834733179 0.59426239120147 2.13673818748966 9.0949744128354 6.0412066390028 0.0471808224097684 260.229625947419 5.91440350097152
0 1.39926191335544 0.263204726134427 0.627826795889996 0.828559698583558 1.24001847393811 9.47015523563513 5.74896826727796 0.0242052199574815 247.441275813709 6.35193228928541
0 1.35191125601694 0.348373110364906 0.788394926076089 0.346790981172165 2.1389603770657 8.52651626287709 5.34647240843508 0.0415838314454609 219.511192794519 5.47827502041265
0.00420168067226891 1.41521512403142 0.227347700953505 0.902016763029531 0.761214279724267 2.51977636719518 9.46328374101165 6.20553255724273 0.0384748236113156 214.521114480335 6.503978400185
0.00420168067226891 1.32984269803856 0.166320360661484 0.759922331187408 0.89436856568791 2.00161610124633 9.01242500409439 5.59364868024572 0.0327524888670268 243.817975373168 5.95082854719442
0.00420168067226891 1.37201732699608 0.114849586063401 0.666846364059934 0.523849761820697 2.00839798108196 9.71082990477885 6.74039270518265 0.0512808854477903 233.77075364592 6.87806896861178
0 1.44459893618806 0.163792039160623 0.715170427105135 0.791266536995122 2.75851620868964 9.76015398951071 6.78915941306873 0.0512523106338206 206.001734871025 7.02378863669627
0.00420168067226891 1.39980090153749 0.228484049959297 0.663375723272508 0.895288900628169 2.41299231926968 9.59072012371357 6.40473246727917 0.0413373984851385 230.050378837465 6.57354049240214
0.00420168067226891 1.40356429645634 0.334089877530452 0.683513205143574 0.684674604050962 2.46470920279811 9.0152617892428 5.92095266536603 0.0453063026929356 224.281021705447 5.93515871089689
0.00420168067226891 1.30469773363589 0.203181716335897 0.715678167535777 0.768226372133285 2.20290375104092 8.82352611250308 5.61915070928479 0.0405842425103948 245.154270969303 5.72031177660741
0.00420168067226891 1.47470930401046 0.362147330665539 0.662610331009565 0.715131164295196 2.78356876730959 9.2695616566343 6.27350573966968 0.0499838204478123 215.041110923891 6.23532534001091
0.00420168067226891 1.41669929920852 0.25451818915331 0.610254258717409 0.428316393774571 2.04855368978813 9.62701354551027 6.70604700838799 0.0538815835735884 227.704084357354 6.70003385955545
0.00420168067226891 1.41290387732142 0.315104965985582 0.636205050498536 0.707064227845178 2.63618067836125 8.73028101965705 5.74630968114246 0.0505915183381459 233.697642365597 5.64862206347893
0.00420168067226891 1.42272663972203 0.324977862434506 0.783108264871999 0.626569286429856 2.23768330468976 9.22854368183006 6.01997101590559 0.0404142567698053 216.31879796055 6.21840089666089
0.00420168067226891 1.4013852261215 0.290032875326079 0.689354950847932 0.816007865550485 2.80593835065724 8.77297171485501 5.73031620976806 0.0477080322114392 223.615582425036 5.72934192011047
0 1.52867180620718 0.377359413126284 0.653059244968491 0.511032922041075 2.29217473911539 9.76041522307778 6.69694910142777 0.0467254580937016 190.922593251275 6.98981187254487
0 1.36774456759929 0.297632239424843 0.700997457785537 0.877650814839909 2.09796918542042 8.62940055862585 5.25209287374443 0.0341392447200681 229.386508931624 5.56081424821617
0.00420168067226891 1.42160244714833 0.28730342412826 0.875891647788111 0.374733756355459 2.58226667199732 9.23122084955554 6.27218494322621 0.0518688995527699 224.671109729096 6.16646772309426
0.00420168067226891 1.44711584698795 0.272087776502281 0.853325567593462 0.413893033649348 2.68886620744201 9.46310432390255 6.57271649723203 0.0555546628530415 219.950444712054 6.45449347856515
0.00420168067226891 1.3617274136981 0.187040400784463 0.755110028258059 0.515614526672289 1.73864263575524 9.37004985868277 6.14825459787217 0.039883392858665 235.013634254235 6.34522692029411
0.00420168067226891 1.29827162512165 0.12378688632211 0.667879108777378 0.681203956967886 2.59833268538958 8.8806500858513 6.01187973185057 0.0567686890708727 235.042280043701 5.73726330291956
0.00420168067226891 1.4855646563905 0.360548443732668 0.738673845822012 0.634485225530752 2.17559954668576 9.51014606918708 6.28516296774591 0.0397564533973116 212.433500342052 6.51716179664285
0 1.50950627259444 0.325109247211367 0.808473588700872 0.404383391048759 2.51566844107583 9.73702950233034 6.7696419768525 0.0514375141487613 196.51102670159 6.92077021605963
0.00420168067226891 1.37587839282549 0.180751574615764 0.76460664789661 0.585112754467474 2.69219469560296 9.44832787140411 6.56098351721319 0.055723999495544 226.35725924941 6.4326721039931
0.00420168067226891 1.36591990485418 0.18645889510687 0.877838631983024 0.794307521448551 2.35205126156564 9.42193751939002 6.14111532161239 0.0375973316530918 217.872917600455 6.42752813871579
0.00420168067226891 1.47375101349317 0.355352289532311 0.603643658699002 0.553679009154439 2.36853600014001 9.49747229312248 6.55526205564008 0.0527490119565761 229.29039743508 6.42670418391738
0 1.44691026297853 0.255509859128396 0.832045001442728 0.608302284917157 2.49694216206158 9.63186691303908 6.56924763899885 0.0467650441955363 204.626661310338 6.73621539055286
0.00420168067226891 1.40850179191125 0.270088181833449 0.924713500229458 0.676924412635961 2.68569314989709 9.26691647344805 6.09501986294404 0.0419240089369486 219.395596455218 6.25472127035849
0.00420168067226891 1.39593764838216 0.279485452792585 0.771181656726168 0.315300664555955 1.83759779566809 9.3536120899059 6.2303502053708 0.0440133674934217 225.222556169428 6.33007734822831
0 1.41894170270202 0.336766169210079 0.701398584573366 0.634224393572953 1.22935610512854 9.31044100725639 5.64544689764324 0.0256043221026305 238.792916197415 6.211245307717
0.00420168067226891 1.31611714038905 0.121353980360305 0.789135928701385 0.507187627743541 1.84696611959084 9.24233009727591 6.08316319750988 0.0424611007023415 245.695517751102 6.22243942236469
0 1.40783040924709 0.235456106838048 0.684440067795865 0.537980934281586 2.03897829478714 9.7543415506126 6.68669289387175 0.046530435354618 209.920834630367 6.88076085258316
0.00420168067226891 1.36705885224119 0.242322040907282 0.773589021621921 0.52438105605483 2.39021198511045 8.6987422276708 5.68742723162993 0.0492269029973146 233.994671056095 5.63871047791249
0 1.32504416018055 0.189600664572728 0.719662141332539 0.449325208185887 1.0407594233736 9.23725814932659 5.62461900996487 0.0269805473984782 249.766645501246 6.15881346009988
0 1.33599171468331 0.234198849807582 0.842586978269244 0.575913019789285 1.79276861150026 8.73579846028744 5.35595714599445 0.0340528580077257 228.459108119498 5.6379987341102
0 1.34739390412643 0.329707257664308 0.729139642382724 0.497487474822648 2.41930619254016 8.19229373114764 5.11489175223095 0.0460788150071103 226.891510740609 5.14649156829493
0 1.52862506392412 0.371470586583018 0.655442866054364 0.626240684185177 2.57043245341629 9.67088482056807 6.66470659511826 0.0494804208790677 202.515821280566 6.88089782481225
0.00420168067226891 1.40478601232046 0.293926403753401 0.792448766831915 0.483946333722713 1.66781445832754 9.22770539019302 5.87773578177964 0.0350854203862345 234.651981603386 6.13064661124132
0 1.33441843298559 0.215479669545927 0.846388334991426 0.41691616591117 2.29883411231085 8.4055590695253 5.34625682883716 0.0469204229626553 235.797229730835 5.34438273339128
0 1.36703748148866 0.283270124671981 0.936894124455284 0.575987764913589 2.33120202645659 8.74155314546971 5.46971639386638 0.0379366827803873 222.685053506223 5.69228809523047
0.00420168067226891 1.24291818724533 0.124855825616935 0.626999331046544 0.559420084553717 1.9974770101262 8.40749405945233 5.40932855371468 0.0498784862863095 247.843767732447 5.24682912138494
0 1.42678390359506 0.265189474611543 0.823338344902731 0.571633348194882 1.41279798699543 9.60968009147075 6.05686207419428 0.0286438070707342 210.06761247356 6.67334010762986
0.00420168067226891 1.41766741463164 0.301138160698774 0.653131856906587 0.569739340419986 1.60344741194985 9.2299469016151 5.90445317011835 0.0359547623717069 243.3408975998 6.12868703591455
0.00420168067226891 1.4969022064446 0.378624041295892 0.916889059895402 0.525188173881774 2.6057340234961 9.41241825869831 6.2303502053708 0.0414997426351438 208.06838864574 6.41033934212606
0 1.30968051985728 0.169093035443579 0.812546906735006 0.6484634564309 1.5966632737495 8.74859965351969 5.32021863050114 0.0324394169519189 236.999147974105 5.64859690339791
0 1.37313194533724 0.227227306836363 0.711615552817408 0.6520238969857 1.22042688648417 9.22483153275426 5.61725582865037 0.0271175081066696 247.934084459016 6.07794800699612
0.00420168067226891 1.42731756587807 0.292322932744173 0.646175057252119 0.469613023617662 1.56147953620966 9.39951616252639 6.14782706473184 0.0387087696840618 240.000460264047 6.41258425778948
0 1.497657350111 0.389127677587581 0.773447702996645 0.357266638535231 1.83821464810958 9.48578284519838 6.20879121310063 0.0377416268911306 205.71417552862 6.65139959346181
0 1.35133579492126 0.205571254376357 0.692151130228509 0.639003242917799 2.94414477281578 9.00731452436679 6.20801498295255 0.0608526724771606 235.50826436822 5.91716424876846
0.00420168067226891 1.26462696129456 0.103484158148058 0.672802028991282 0.475316705089062 2.02699888451025 8.66812490281574 5.74001464167016 0.0534980400064048 255.008211107516 5.48865270406554
0 1.38092511214648 0.324617565476588 0.682752218795457 0.513870372603015 2.48497030361313 8.55490865136501 5.59947960055651 0.0520563209772941 227.264801459839 5.50808615891377
0 1.3683051258404 0.306651343553285 0.7190697138265 0.508449818554013 2.61995065145054 8.4915358032347 5.56293373503425 0.053471735761744 229.831693208102 5.47198086059888
0.00420168067226891 1.42251491483685 0.280483130755455 0.843338360342732 0.416762406307913 1.83951809159919 9.37120276350558 6.12955843238244 0.0390995496045204 231.288861690553 6.26415987725144
0.00420168067226891 1.34166443483597 0.200251487039821 0.743628885998419 0.655506651659324 2.39582617111847 9.00799160266868 5.94907883061154 0.0469387005545965 234.26156198988 5.98191913426445
0.00420168067226891 1.32690747234412 0.217184686838647 0.755249017921716 0.442215672158843 1.71675026299075 8.71975676509991 5.49050389718943 0.0395870645084986 244.180181534385 5.59034343843317
0 1.39447616252452 0.314648740705102 0.764500822974459 0.849260792605506 1.71518999338651 9.06975345977735 5.48587211983185 0.0277677128936139 223.178731657752 6.01181168843885
0 1.39447616252452 0.314648740705102 0.764500822974459 0.849260792605506 1.71518999338651 9.06975345977735 5.48587211983185 0.0277677128936139 223.178731657752 6.01181168843885
0 1.28825550559645 0.200480232180221 0.811566249253118 0.516489165055607 2.42143829354652 8.24345483129919 5.21680806671239 0.0484779237737697 215.942382255144 5.2121207046099
0.00420168067226891 1.45794475989043 0.382428730377582 0.615864470690179 0.400703445425523 1.39628155590294 9.30966370043763 5.95497343852557 0.0349201845910536 232.89884159464 6.21680568196568
0.00420168067226891 1.36181209700734 0.224302804683121 0.772663172155624 0.40306566171763 2.08703083250671 9.09058455833898 6.06713875239545 0.0486333482237911 241.689462411364 5.95218457293954
0.00420168067226891 1.43136768335532 0.190563512854903 0.667275615030951 0.871397842989595 2.59304115847986 9.70343573960075 6.62109490663922 0.0458517995248497 211.808461938567 6.88407715162756
0 1.42775292334069 0.391378070784922 0.780454337083527 0.869850094944083 2.60387076338903 8.97010152523334 5.66110691148662 0.0365529050743435 214.156539208137 5.94794795319121
0 1.40051728449762 0.34699760582298 0.645206836832222 0.689519139099866 1.67603321699426 8.85008282770563 5.42524366012042 0.0325545163895646 235.172869646258 5.74321684019786
0.00420168067226891 1.31360337664381 0.161190702929918 0.873873917747923 0.585776754955727 2.77285187128388 8.83587626686272 5.85694365410038 0.0508470784323596 225.248257672812 5.75330497133731
0.00420168067226891 1.4969022064446 0.378624041295892 0.916889059895402 0.525188173881774 2.6057340234961 9.41241825869831 6.2303502053708 0.0414997426351438 208.06838864574 6.41033934212606
0 1.41870599357844 0.25068770832338 0.744492173882743 0.730834720345952 2.40860880567091 9.64051899837954 6.51640438085093 0.0439758518404958 206.181344048089 6.71339005898575
0 1.28693099716208 0.158715758703483 0.696066034361258 0.766735511668352 2.92464037387823 8.30004946226106 5.40765211731837 0.0554431368372473 229.490978098888 5.21551788627586
0 1.26642408425247 0.124991059182695 0.901936203605547 0.497166026678231 2.04705156497543 8.37542302701584 5.16950389106868 0.0405216396204523 231.745445554643 5.30313333732862
0.00420168067226891 1.3969082527663 0.173475504458469 0.849851015701039 0.739891964184602 2.56965398973834 9.48930280788287 6.36943986493856 0.0441632208859415 215.322349468812 6.58111912449451
0 1.38310884988502 0.257559607206182 0.815556449109333 0.403879162337972 1.16325929435627 9.41498279350636 5.80544651157439 0.0270643942055051 237.276364136677 6.41323281514921
0.00420168067226891 1.47539419711267 0.37313550255044 0.655837095469072 0.793934871842424 2.42129964356785 9.15142865729633 5.97126183979046 0.0415787184844981 223.963619793701 6.16162917363131
0 1.37871636863999 0.256861898145468 0.626726729978237 0.373072367608078 2.32183811060172 9.32269536911697 6.52483413530887 0.060940260312864 232.275380614977 6.20381674734397
0.00420168067226891 1.37357793627898 0.201946438937453 0.672244213583138 0.852083828595385 1.92251776039828 9.41114522771744 6.04908262540098 0.0346636877560001 239.535872971504 6.44171619432677
0.00420168067226891 1.3968490407995 0.264651348370311 0.625452111241785 0.757819546299707 2.63900834233291 9.06725491283255 6.0928923397381 0.051079983384871 230.073382084331 6.0920637456641
0 1.31779436537685 0.230550901180394 0.734602261738661 0.785100289104594 2.62305110917579 8.22755057766906 5.14829608006279 0.0459935321595401 229.660678870055 5.15508388811706
0 1.34657824777933 0.104672497918354 0.702049016382875 0.63495169266297 2.2553602945088 9.78235588762763 6.79583483241058 0.0504626886082874 200.912303255034 7.01698905311123
0 1.39214963695703 0.316287968609182 0.792453751656811 0.832682055992419 2.80817138110312 8.46622652244668 5.30775544604534 0.0424906564098842 223.111666192696 5.43867882932485
0.00420168067226891 1.31611714038905 0.121353980360305 0.789135928701385 0.507187627743541 1.84696611959084 9.24233009727591 6.08316319750988 0.0424611007023415 245.695517751102 6.22243942236469
0 1.42147906050736 0.306267239624588 0.609070546148464 0.509555645460229 2.67895244741481 9.29334791095979 6.49687553817247 0.0610249566671268 220.666861096764 6.27438530245805
0.00420168067226891 1.32153029225742 0.18232754501829 0.901667767595131 0.865766844919953 2.32135319157444 8.97371279997085 5.59181582432126 0.033982928763485 233.453741975106 5.93361962316408
0 1.44453638816852 0.277687292604219 0.633415226043249 0.719320406274816 2.84657706536142 9.57960243142039 6.69026239917674 0.0556129032258065 209.359807549381 6.66958268864817
0.00420168067226891 1.44957891130066 0.366626586808701 0.802034797057384 0.32844753640905 2.22654798325472 9.24259456750552 6.18167159817593 0.0468444392803889 222.035217033153 6.2164730250317
0.00420168067226891 1.46308765361645 0.37926832677512 0.937265973596987 0.311204831572438 2.51631142620196 8.97449144816442 5.8742524691139 0.045038437864243 216.347499727533 5.96411106996915
0 1.41887651375756 0.37695087334146 0.682224116143554 0.812433668030804 1.88711729389204 8.87842307916318 5.41030586849608 0.0311756726624052 230.481971019338 5.81869720311884
0 1.39432318815563 0.318396895076378 0.657156690399678 0.849854834695852 1.98744747031766 8.89324132630511 5.50771165606192 0.0338597031179715 228.594706726849 5.78074351579233
0 1.41695214025676 0.186748645594344 0.815540239319671 0.67639716854319 2.1850703144446 9.69543579504339 6.49968678500386 0.0409358525258619 209.879170137384 6.884145413343
0.00420168067226891 1.37899278160185 0.119285118649714 0.847987495036796 0.399248923547566 1.6767636295408 9.6809174974558 6.44673970728632 0.0393925805955066 212.676808304662 6.93101829876291
0 1.42678390359506 0.265189474611543 0.823338344902731 0.571633348194882 1.41279798699543 9.60968009147075 6.05686207419428 0.0286438070707342 210.06761247356 6.67334010762986
0 1.3856317304433 0.21433109320203 0.762794266423824 0.886244764644756 1.6481212443902 9.4471637198481 5.84892720514786 0.0273719499419037 226.056873735635 6.51609105084265
0 1.30686141213882 0.196764552571052 0.814059454959005 0.768358726158673 2.00831755899195 8.45742854454291 5.10238637875871 0.0349078982048203 236.865748478242 5.38037396011076
0.00420168067226891 1.36186158105182 0.134110400934834 0.660621694100579 0.635576933160738 2.03536185923911 9.73101511135224 6.6771301063016 0.0471752916686837 221.475706392431 6.88342463790921
0.00420168067226891 1.43136768335532 0.190563512854903 0.667275615030951 0.871397842989595 2.59304115847986 9.70343573960075 6.62109490663922 0.0458517995248497 211.808461938567 6.88407715162756
0.00420168067226891 1.36800197971339 0.308968442393335 0.670726399526488 0.456389904802916 1.97857281381096 8.54863171232043 5.44241771052179 0.0447701345309461 241.716414177093 5.45192602758847
0.00420168067226891 1.36550962850743 0.257167289393069 0.725609084299937 0.884805881257836 2.72324945035557 8.98994304633 5.85874914800079 0.0436656337927841 218.714205057474 5.94195537451393
0 1.4624513104558 0.253912598290481 0.864915080077481 0.599463145108894 2.72593545448035 9.66068323886243 6.63401994155187 0.0484771223082725 206.896697994831 6.84687229045857
0.00420168067226891 1.32984269803856 0.166320360661484 0.759922331187408 0.89436856568791 2.00161610124633 9.01242500409439 5.59364868024572 0.0327524888670268 243.817975373168 5.95082854719442
0 1.37970528095457 0.248831722919422 0.880218654894843 0.884428112260668 1.92854181397688 9.30173705989499 5.70865155380852 0.0275133068445911 228.901260508907 6.22851100359118
0.00420168067226891 1.39361244546193 0.19974405293347 0.707211694388311 0.653650445354564 2.24625603634802 9.5599661958103 6.52042474106946 0.0478568289857388 229.457072324509 6.53688481563847
0 1.4624513104558 0.253912598290481 0.864915080077481 0.599463145108894 2.72593545448035 9.66068323886243 6.63401994155187 0.0484771223082725 206.896697994831 6.84687229045857
0.00420168067226891 1.39778860568902 0.221653664227954 0.700899253107545 0.619837132829243 1.25829654173332 9.46352737539529 5.920098171432 0.0289140048613862 254.32145963086 6.42246295722131
0 1.31889539636361 0.181934442479122 0.646009440672678 0.771136029594904 1.19222132960821 9.3350236838053 5.6728491649936 0.0256766176877955 266.877866811167 6.15822017875041
0.00420168067226891 1.37609333313157 0.150035804985598 0.727914342686743 0.678491835098851 2.24384727243315 9.60632064087313 6.5459720719601 0.0468713544751342 236.403943584249 6.70286086133579
0 1.24397748676782 0.151099058472228 0.676176622136081 0.703931123368295 1.36473962393714 8.58208581651827 5.06353224021834 0.0296422794704653 251.156513914882 5.44193659432295
0 1.33699183221906 0.30853087301366 0.668447191035375 0.74480179916136 2.32116430765018 8.3888824332482 5.21366683692753 0.0417850944011157 229.543430859639 5.32203389316535
0 1.3863419123407 0.320128492234293 0.632600725868613 0.450314258707093 2.46534388488079 8.61873469980226 5.72234475675192 0.0552222159915762 227.309189519811 5.61727253932181
0 1.28511984352477 0.120657468841304 0.92836180626029 0.768534506486172 2.2928840123468 8.3643416673206 5.04365550512439 0.0361280335563767 231.120172019789 5.25040181978927
0.00420168067226891 1.3486697898376 0.141019250069105 0.8745930035204 0.561352950348026 1.71970019142764 9.42380581252483 6.07674078866803 0.0351874771008773 234.015625031043 6.37945645555266
0 1.48243370622969 0.316092637298558 0.717016581156621 0.877694254612051 2.19612896792552 9.6057094481411 6.24555290227161 0.0347298217090247 204.974845767875 6.70007195719384
0 1.24397748676782 0.151099058472228 0.676176622136081 0.703931123368295 1.36473962393714 8.58208581651827 5.06353224021834 0.0296422794704653 251.156513914882 5.44193659432295
0.00420168067226891 1.46867789597346 0.364198251513829 0.63986642985697 0.899614470190863 2.54147920028432 9.37845876186043 6.15443337538612 0.0397945469862477 213.633155134025 6.37769020264064
0.00420168067226891 1.39580116420654 0.188397483676541 0.727024543973873 0.649169841435525 2.43168411127074 9.60588308217438 6.62570178078917 0.0507836258884946 210.528616842411 6.7257136829955
0.00420168067226891 1.2820811443786 0.144141233296197 0.742901198152126 0.535823885879338 2.60871726475768 8.56616724672264 5.69605151824905 0.0566923652792918 242.902779116897 5.48150062093947
0 1.37668793074017 0.288757752604495 0.761671950226211 0.466801787526779 1.31042573804077 8.95841146923022 5.42476644703573 0.0291982932372743 236.226506991997 5.85232220440796
0.00420168067226891 1.37319755061828 0.321393580693004 0.744836401613844 0.48536069467747 1.83363398607353 8.71744197970625 5.44212906858012 0.037805037761383 230.840498368582 5.6436785505865
0.00420168067226891 1.36721403866649 0.150673193747888 0.914258278323296 0.715861007072304 2.73890999602547 9.44661072197546 6.36193555290132 0.0457448908423366 219.91768172568 6.52366019661017
0 1.37421680399486 0.174907837456582 0.909481593583405 0.485606926517978 1.61942123579226 9.57435110174354 6.15383260315596 0.0326954779841662 209.33090995794 6.6691041736694
0.00420168067226891 1.40784291012678 0.314590169116855 0.726638492825441 0.857168852398172 2.98475708765909 8.73490870421485 5.6728649720214 0.0467919671823471 225.35373433627 5.69943972522206
0 1.32709402297623 0.216854448360391 0.651647010631859 0.794148534536362 1.35994299454615 8.88628997421238 5.31507275938875 0.0281216028073923 246.399725925372 5.75235367670521
0 1.34640609401209 0.119934288551665 0.836382787968112 0.32431097372893 1.25278979845403 9.73523619970925 6.3154203553805 0.0327184596741618 212.071640378084 6.83973484093243
0.00420168067226891 1.407600878831 0.360012332093902 0.727401438087691 0.426683938410133 1.57720926776528 8.99899774833509 5.60236479308608 0.0334858286424898 230.43543197858 5.90372563279997
0.00420168067226891 1.40653469458657 0.333206449403765 0.753533263607477 0.577421102399369 2.38934582506338 8.94661785216406 5.8467277506413 0.0450541535043566 230.283472657283 5.87483709350939
0 1.38640207073893 0.306975020264191 0.695147895967317 0.558118692770212 1.37305022629383 8.83261688204968 5.32803796799712 0.0300594282824156 236.743389076521 5.73463493813897
0.00420168067226891 1.3846467041456 0.210948661668232 0.864385159120044 0.698912876756024 2.55162354384192 9.15214125452023 6.0264488457349 0.0439065218344761 211.129106608957 6.20511490444535
0.00420168067226891 1.28608209625057 0.148126691426881 0.925019721791174 0.409519051814836 2.42998612438687 8.68499002011976 5.64806093651249 0.0479820122256739 229.686094416332 5.59015744914848
0 1.385711959551 0.178190624245288 0.914666111920533 0.824049500784469 2.24187354394304 9.52602161125102 6.15251256776335 0.0342691740895168 204.838989121099 6.60939571480807
0.00420168067226891 1.34475427972165 0.273827287550981 0.84255761093706 0.651869121420093 2.85399077518885 8.63831287648375 5.60788323249982 0.0482948840615661 225.346408446337 5.59792800986509
0.00420168067226891 1.39807467316226 0.203389216394254 0.808695148569625 0.765421674667151 1.99198303287252 9.55527415748683 6.20873373522959 0.0352059413504127 217.052969312587 6.65672652417839
0.00420168067226891 1.31756369802169 0.165930112171918 0.631840676162392 0.588344991859049 1.78464712481946 9.01455525348776 5.88630977160107 0.0437945682482623 243.891957928944 5.92167770971985
0 1.43752302732959 0.203315113276255 0.626319471434835 0.707179815287343 2.52969217610741 9.7908413009849 6.85905511076295 0.0533017460080585 205.307799519105 7.04074068925208
0 1.41959433185402 0.272030993388034 0.783429870824329 0.680572212673724 1.56056931288913 9.39040939371684 5.88071918880325 0.0299061777889139 225.044804679404 6.41542423785231
0.00420168067226891 1.40831388845108 0.370678197289817 0.699874721688684 0.442705890163779 2.00701091950759 8.7968083307212 5.63096456303148 0.0421785379080196 231.157826381583 5.74664376770335
0.00420168067226891 1.36460739082487 0.21722919590471 0.811353491281364 0.690939291976806 2.54002775485317 9.15553213548119 6.06106834305369 0.0452992957746479 221.849037187634 6.1655579004469
0 1.35133579492126 0.205571254376357 0.692151130228509 0.639003242917799 2.94414477281578 9.00731452436679 6.20801498295255 0.0608526724771606 235.50826436822 5.91716424876846
0.00420168067226891 1.40175372452941 0.157773154904135 0.670839296269696 0.841703938879073 2.27394297998399 9.66036660865518 6.50194010960968 0.0424925505732127 211.449611334783 6.93410505430492
0.00420168067226891 1.32969206229287 0.138122901801472 0.884216161858512 0.308121344710669 2.61293749621349 9.06024073484326 6.25054707930151 0.0602234386834676 236.629755525091 5.98197522108687
0.00420168067226891 1.43087702057532 0.308143691665996 0.676334534270682 0.592194174722014 2.44540577365387 9.39837060323712 6.41531515685957 0.0506378759380325 225.439299444843 6.39074389612906
0 1.4845481364911 0.333825252235587 0.760885451076485 0.669646703557376 2.74234260574019 9.68948542413917 6.64850948037495 0.0477882281052336 206.089734019268 6.81702791534918
0 1.48162486436295 0.3938193442493 0.860520769097414 0.623697929183473 2.30749472504492 9.28090445291128 5.97499635440068 0.0366659004640703 212.433477516199 6.2819551718818
0.00420168067226891 1.38284631213881 0.314242773280226 0.905959203526755 0.44328530779812 2.12249348073439 8.78998565137377 5.53202560417349 0.0384667884667885 221.688380232501 5.77187072253518
0 1.44418319810495 0.283693415893356 0.886844587495128 0.875827476400443 2.64066053212856 9.51490244801918 6.21750046322353 0.0369791150136428 205.238927720593 6.55663140178711
0.00420168067226891 1.45771510407794 0.339012677059509 0.725000650179572 0.749950908031315 2.71168683329597 9.36412527062795 6.27814611922618 0.0456852791878173 215.44349657571 6.3263283480326
0.00420168067226891 1.34450985919561 0.165131809489401 0.854999297860546 0.51694251896184 2.19393235639979 9.22584619953644 6.12482925917541 0.045003413327732 234.342402554703 6.14690011539811
0.00420168067226891 1.30944918029746 0.138982316013804 0.838131434230451 0.853269923757264 2.67035998784075 8.7652184556391 5.60890809731209 0.0425825659987755 231.545978810911 5.68957952447821
0.00420168067226891 1.38424116021342 0.24566546897396 0.799820505419206 0.557954569075731 2.70927974738161 9.07976421425161 6.14913120611759 0.05336324808154 228.352656867362 6.00184155373671
0 1.40882098439615 0.197247936041094 0.937214157031849 0.480193201638758 1.61724129505455 9.63073058160403 6.1622225898521 0.0311634921793281 208.044287604504 6.85965376652656
0.00420168067226891 1.40875017180927 0.33022564591765 0.698704011981144 0.597272799829164 1.91091555848643 9.16340598478697 5.90735803781098 0.0385404111862216 233.153506693782 6.05436109594655
0 1.33699183221906 0.30853087301366 0.668447191035375 0.74480179916136 2.32116430765018 8.3888824332482 5.21366683692753 0.0417850944011157 229.543430859639 5.32203389316535
0 1.37550956575571 0.327783596466058 0.725898016175777 0.738652662396714 2.68414685014923 8.32972240003962 5.22125632041157 0.0446694221521736 226.709504807941 5.27026076876551
0 1.3004987517968 0.186916771686163 0.721822379682117 0.479735373429591 2.28408690135551 8.20282485370195 5.25619244024737 0.0525162615542622 235.16546004959 5.14520781122919
0.00420168067226891 1.35207315162758 0.113735024607224 0.897486774623571 0.831165013350895 2.60178760845027 9.15735391567534 5.94261188098534 0.0401656938429674 224.661540837668 6.14380236019508
0.00420168067226891 1.47539419711267 0.37313550255044 0.655837095469072 0.793934871842424 2.42129964356785 9.15142865729633 5.97126183979046 0.0415787184844981 223.963619793701 6.16162917363131
0 1.45830918236803 0.269357767135101 0.601602705146034 0.629066940140806 1.66507424761139 9.79420453911787 6.53243132778596 0.0383203875914227 212.210422179927 6.97675259490366
0 1.34607226736844 0.224192523164675 0.756822102924343 0.690397043712437 1.42028605332598 9.18474666386599 5.59752756169861 0.0276751853738609 238.160493234344 6.07590077215771
0.00420168067226891 1.41511565793195 0.383719405471355 0.620429890386231 0.307022713250337 1.66430537056369 8.79152656509829 5.59755738783355 0.0410087763747289 229.73568511309 5.71086842104569
0.00420168067226891 1.37579991084058 0.168049071123824 0.607857511669863 0.595681338105351 2.386676593218 9.44429697509867 6.57915542198177 0.0569750655630784 242.073238742663 6.55614139785727
0 1.32296930367782 0.231079285905572 0.683385558148504 0.483804910436259 2.37944882445098 8.49886767954428 5.62177423505718 0.0562981589834723 242.104356624115 5.4088712697448
0 1.33033733460495 0.213412210699607 0.634126299593539 0.34984414346536 2.42971808336398 8.82399488485924 6.11581328289223 0.0666579071845272 244.170659459956 5.65948221575962
0 1.29750774440403 0.200640672085389 0.690122282425206 0.78824917934561 1.69754833042965 8.65352067134276 5.22151345592341 0.0323219984044675 242.761843466206 5.49423653160737
0.00420168067226891 1.40976347847539 0.232215992331313 0.85427265913419 0.336452971837355 1.87337650774736 9.59197198110879 6.40500044685731 0.0412967475368153 211.894130529083 6.68702261225224
0.00420168067226891 1.3778048227485 0.330146235852507 0.847154801237387 0.472018341899631 2.40672223393804 8.67865422820946 5.56285874655817 0.0443432188967802 219.857852533587 5.60359374740077
0 1.33369638568215 0.201986622032291 0.636312895470867 0.34090653267182 2.30500791175299 8.8124328402041 6.0591231955818 0.0637166324435318 248.48482599582 5.74587263023743
0 1.48676033930963 0.295020594092279 0.815935686698927 0.458420920893769 2.84799944664386 9.71100656302874 6.85772434537657 0.0576547744602441 202.351247263432 6.88010997816181
0 1.35843241605936 0.28749515613106 0.763774008911562 0.606231935002864 2.82904638322257 8.35242860506261 5.39059264265721 0.0517238668699986 228.346710297214 5.30313905682725
0 1.44418319810495 0.283693415893356 0.886844587495128 0.875827476400443 2.64066053212856 9.51490244801918 6.21750046322353 0.0369791150136428 205.238927720593 6.55663140178711
0 1.3082438948852 0.245831497830712 0.750389186019638 0.368041758695284 1.90106902305007 8.42254141550615 5.28495259242263 0.0433872863045374 229.861376689634 5.33255219601384
0.00420168067226891 1.3617274136981 0.187040400784463 0.755110028258059 0.515614526672289 1.73864263575524 9.37004985868277 6.14825459787217 0.039883392858665 235.013634254235 6.34522692029411
0.00420168067226891 1.31611714038905 0.121353980360305 0.789135928701385 0.507187627743541 1.84696611959084 9.24233009727591 6.08316319750988 0.0424611007023415 245.695517751102 6.22243942236469
0.00420168067226891 1.31756369802169 0.165930112171918 0.631840676162392 0.588344991859049 1.78464712481946 9.01455525348776 5.88630977160107 0.0437945682482623 243.891957928944 5.92167770971985
0 1.41959433185402 0.272030993388034 0.783429870824329 0.680572212673724 1.56056931288913 9.39040939371684 5.88071918880325 0.0299061777889139 225.044804679404 6.41542423785231
0.00420168067226891 1.38424116021342 0.24566546897396 0.799820505419206 0.557954569075731 2.70927974738161 9.07976421425161 6.14913120611759 0.05336324808154 228.352656867362 6.00184155373671
0 1.37144896766824 0.102363313241547 0.7456171352828 0.427313652388755 1.38905017815626 9.74530201948757 6.42447773291965 0.0361230437390562 212.684637059814 7.09139780199638
0 1.32255907622166 0.160952360695228 0.850311000726651 0.668717798776925 1.75653794873506 9.00224815742421 5.61716063217776 0.0338746773264379 226.619292664244 5.89055838179954
0.00420168067226891 1.39040077666374 0.361333905787578 0.603161123168416 0.471835015309686 1.80215967589363 8.64332746510419 5.4591452117961 0.0414120965633796 225.831885405327 5.54085778333505
0 1.37306154147128 0.318586270539641 0.703755632257338 0.67906201179555 2.21871520382536 8.49561538942939 5.31533835088234 0.0415741358874099 229.703327079028 5.4158040620037
0 1.36103715143391 0.263318116277969 0.854676076597641 0.465823039296306 2.80162123223371 8.56074139747702 5.64300697938997 0.0540560170084646 220.530587443842 5.52737443299776
0.00420168067226891 1.40784291012678 0.314590169116855 0.726638492825441 0.857168852398172 2.98475708765909 8.73490870421485 5.6728649720214 0.0467919671823471 225.35373433627 5.69943972522206
0 1.28780991509522 0.156731736731305 0.753651887180025 0.784331452196041 1.67464644703986 8.94994195174788 5.51133575691237 0.0321094084122614 229.257403865171 5.83285951693134
0.00420168067226891 1.33021417673939 0.171596007236613 0.817080933358164 0.446741977388869 2.06096454664828 8.9841296216125 5.89651968518234 0.0456108370345722 229.847478038464 5.88042554616423
0.00420168067226891 1.43476710457937 0.285615876390733 0.769532005682062 0.865169587790103 2.59005058623692 9.38630845479796 6.13981023317453 0.0389102245254427 215.617376454543 6.43653711938947
0 1.41695214025676 0.186748645594344 0.815540239319671 0.67639716854319 2.1850703144446 9.69543579504339 6.49968678500386 0.0409358525258619 209.879170137384 6.884145413343
0 1.385711959551 0.178190624245288 0.914666111920533 0.824049500784469 2.24187354394304 9.52602161125102 6.15251256776335 0.0342691740895168 204.838989121099 6.60939571480807
0 1.23040976396296 0.100910625257529 0.635428327915724 0.781868675211445 1.57418177183717 8.38944098544351 5.01396308418893 0.0342017693369045 231.513507429368 5.25058913832498
0 1.4500268116524 0.295917021570642 0.754298246535208 0.711567707563945 1.76485065910121 9.52095008573833 6.09904759111891 0.0326502588711313 212.930072664852 6.6410080901858
0.00420168067226891 1.40043573672883 0.145280300313607 0.744158974231686 0.592221671249717 2.41741788340732 9.63074391863986 6.69486075067838 0.0530838166718379 216.304781290874 6.80903930604298
0 1.40119016494136 0.108662541932426 0.665493978641462 0.793816121388227 2.73509660968557 9.78587411456621 6.88052583065359 0.054729725798663 210.802275522219 7.17245104090255
0 1.46791486601793 0.368440933429757 0.723476007477839 0.798361433203451 1.88839815005974 9.32659887447471 5.85665154539593 0.0311186696668949 219.884665977096 6.31211023150747
0.00420168067226891 1.31674473458309 0.183222824202062 0.92143098200293 0.742797723111068 2.75057502344244 8.58460881970883 5.44212906858012 0.0431756003016309 230.669206386374 5.4979875616766
0.00420168067226891 1.45235696688392 0.264286568638924 0.812350213418202 0.770555198102825 2.70693240275165 9.52914313308575 6.41738566378353 0.0445226393695292 214.266412506711 6.61606518513282
0 1.37668793074017 0.288757752604495 0.761671950226211 0.466801787526779 1.31042573804077 8.95841146923022 5.42476644703573 0.0291982932372743 236.226506991997 5.85232220440796
0 1.33942560895812 0.133367767487653 0.749044521595351 0.891204001754522 1.30077925371006 9.33541200747553 5.57144965798509 0.0231916645967605 242.542883841387 6.35726439882372
0 1.42154039776737 0.374114079575659 0.658774029788475 0.38676513542689 1.25051934291045 9.02178744043125 5.52505445337238 0.030296199994365 243.160108148324 5.88034674932036
0.00420168067226891 1.28608209625057 0.148126691426881 0.925019721791174 0.409519051814836 2.42998612438687 8.68499002011976 5.64806093651249 0.0479820122256739 229.686094416332 5.59015744914848
0 1.37994760006401 0.122205035413274 0.826239960264386 0.464515268457555 1.92351989540541 9.88890169420771 6.76887628003102 0.0441560462158725 200.475896211433 7.10630554610608
0.00420168067226891 1.36627037595474 0.194484184117381 0.786654896291896 0.663965783367602 1.76019321894378 9.1473137936965 5.77121033614538 0.0341803808952775 237.611357697085 6.08635376289851
0 1.23040976396296 0.100910625257529 0.635428327915724 0.781868675211445 1.57418177183717 8.38944098544351 5.01396308418893 0.0342017693369045 231.513507429368 5.25058913832498
0.00420168067226891 1.45512459756272 0.286070692182165 0.664757839033171 0.787762455862865 2.04328010536197 9.69353577259586 6.4376983149808 0.0385485243865832 217.635382860324 6.75168609333225
0 1.40128611610827 0.179136657181461 0.75814168865656 0.601066755411086 2.54133864033261 9.66394299563808 6.73237509228108 0.053313382349075 203.91138752504 6.92189620247966
0.00420168067226891 1.32671662999353 0.16279912245977 0.681763452326237 0.597615253612609 2.24870230870134 9.31554944759612 6.3520070025732 0.0516356762595479 245.554408936483 6.24229274608747
0 1.43756190882996 0.242358878534287 0.857942409941461 0.596631068643183 2.02903557103127 9.74579811869821 6.47126379226885 0.0378344836468157 195.600011734575 6.93834914406677
0.00420168067226891 1.37449179165739 0.173810413158669 0.614529309397479 0.637094835630683 1.96614610249382 9.48296464262251 6.41236546334599 0.0463933485947485 256.263149141271 6.51629169050979
0.00420168067226891 1.47375101349317 0.355352289532311 0.603643658699002 0.553679009154439 2.36853600014001 9.49747229312248 6.55526205564008 0.0527490119565761 229.29039743508 6.42670418391738
0.00420168067226891 1.3460545077957 0.216939651901509 0.897889818261909 0.416847726186276 2.20020095881805 8.90027634863127 5.77786581596471 0.0440508543110501 229.23296533303 5.80263912735467
0.00420168067226891 1.40833871174476 0.255277543939177 0.834234902737376 0.642048584769152 2.98292856870831 9.23153823913027 6.3024294920873 0.0534446496271264 222.344032784588 6.19889914954454
0.00420168067226891 1.4013852261215 0.290032875326079 0.689354950847932 0.816007865550485 2.80593835065724 8.77297171485501 5.73031620976806 0.0477080322114392 223.615582425036 5.72934192011047
0.00420168067226891 1.36007100003771 0.153176069376059 0.901521474262699 0.606086037587374 1.99901151005179 9.46744909199009 6.168938061589 0.0369381262220651 224.280057579341 6.40946974619832
0.00420168067226891 1.31900106796913 0.130008272477064 0.68596192692708 0.618345676531793 1.6295910050638 9.3251427245965 6.06226038996594 0.0382779091180187 265.328085731475 6.2379204485436
0.00420168067226891 1.47470930401046 0.362147330665539 0.662610331009565 0.715131164295196 2.78356876730959 9.2695616566343 6.27350573966968 0.0499838204478123 215.041110923891 6.23532534001091
0.00420168067226891 1.36460739082487 0.21722919590471 0.811353491281364 0.690939291976806 2.54002775485317 9.15553213548119 6.06106834305369 0.0452992957746479 221.849037187634 6.1655579004469
0 1.33769258011645 0.244705227679688 0.941438450264502 0.740609090551665 2.69857439228394 8.40944668979397 5.19563525310362 0.0402030893547074 218.383688513967 5.38623350652996
0 1.41695214025676 0.186748645594344 0.815540239319671 0.67639716854319 2.1850703144446 9.69543579504339 6.49968678500386 0.0409358525258619 209.879170137384 6.884145413343
0.00420168067226891 1.40850179191125 0.270088181833449 0.924713500229458 0.676924412635961 2.68569314989709 9.26691647344805 6.09501986294404 0.0419240089369486 219.395596455218 6.25472127035849
0.00420168067226891 1.36781990643469 0.202358482434172 0.670579953522019 0.495837950423646 1.98393107838073 9.50414932635079 6.49443178830142 0.0493056037507422 239.042546867615 6.42397441942861
0 1.53197469182547 0.373228186714631 0.603409480624511 0.538116749035648 2.19729210424825 9.83262149916749 6.78151155240789 0.0473063876683508 195.275261942708 7.04600883794199
0.00420168067226891 1.3547292889927 0.122266061905336 0.689421497464187 0.634341229041126 2.31269951085996 9.67093319146773 6.72331147180708 0.05246433258185 217.771066253293 6.82477214136748
0.00420168067226891 1.44684512160763 0.329927446051558 0.699058815068203 0.407749932650785 2.3893331350612 9.48285454293667 6.56229796963413 0.0539036776019704 217.035293034099 6.51200148374844
0.00420168067226891 1.41713389413154 0.256091480658233 0.835738733369283 0.620567517188843 2.74431036485369 9.39025904415383 6.37576276440221 0.0490705470907957 214.848933977939 6.39598476450304
0 1.33942560895812 0.133367767487653 0.749044521595351 0.891204001754522 1.30077925371006 9.33541200747553 5.57144965798509 0.0231916645967605 242.542883841387 6.35726439882372
0 1.42678390359506 0.265189474611543 0.823338344902731 0.571633348194882 1.41279798699543 9.60968009147075 6.05686207419428 0.0286438070707342 210.06761247356 6.67334010762986
0.00420168067226891 1.40580841014636 0.280656517816467 0.637243499935575 0.807918815486925 2.83404290432813 9.02436013034993 6.05083347891482 0.051122700100768 226.693823828005 5.96879280784357
0 1.40767740067585 0.206396089779112 0.848821981095776 0.300594904014297 2.48109371331372 9.67173337524186 6.79302561275951 0.0562073491700044 209.524914327419 6.82083480695144
0 1.38257110882433 0.169218999302837 0.806718618480091 0.419345113906554 2.41957348237071 9.64671180981723 6.72182722659407 0.0536708860759494 201.841221320259 6.8574089045454
0.00420168067226891 1.47539419711267 0.37313550255044 0.655837095469072 0.793934871842424 2.42129964356785 9.15142865729633 5.97126183979046 0.0415787184844981 223.963619793701 6.16162917363131
0.00420168067226891 1.42938390492921 0.303845287335829 0.738382229152704 0.535851767325895 2.69594298180848 8.95551263639535 6.07878837527966 0.0563189471646991 236.551293693445 5.87521159028373
0 1.31070545666835 0.169756757113281 0.707827489442844 0.763079124692018 1.57134287044985 9.00987521094594 5.5255857324392 0.0306755463228855 242.901178374296 5.84797901409923
0 1.49130120902719 0.344692513561008 0.827329136517055 0.410689191197096 2.115326624344 9.650306851832 6.48073186534529 0.04202145379439 204.566950595185 6.77682149487114
0 1.29833290892491 0.189823492458142 0.8332591408847 0.602122142354246 2.70139348997261 8.39354197159688 5.38943695991552 0.0495831107811807 235.166179322627 5.37601887421189
0 1.29466584544865 0.242560531052173 0.72609792065939 0.50141280064701 2.26349241874467 8.09945305243246 5.03391769871847 0.0466288722413444 238.594283268383 5.0141845436074
0 1.385711959551 0.178190624245288 0.914666111920533 0.824049500784469 2.24187354394304 9.52602161125102 6.15251256776335 0.0342691740895168 204.838989121099 6.60939571480807
0 1.35390364188557 0.262413131310297 0.779228542357276 0.482448858463581 1.28048387352357 9.05001651054437 5.50837567831359 0.0289657601153767 238.007836768971 5.94616827219281
0.00420168067226891 1.34321078967652 0.240157689789725 0.683974762382228 0.705800586893263 2.42876981423791 8.70179375848773 5.65018768328037 0.047282923444784 231.06765136182 5.60567528341152
0.00420168067226891 1.32690747234412 0.217184686838647 0.755249017921716 0.442215672158843 1.71675026299075 8.71975676509991 5.49050389718943 0.0395870645084986 244.180181534385 5.59034343843317
0 1.385711959551 0.178190624245288 0.914666111920533 0.824049500784469 2.24187354394304 9.52602161125102 6.15251256776335 0.0342691740895168 204.838989121099 6.60939571480807
0 1.43823780943955 0.221431166771301 0.862100262109617 0.370114460039016 2.06596447746887 9.7494540880611 6.62808546691828 0.0440967753224483 202.696394953872 6.99179000792521
0.00420168067226891 1.39580116420654 0.188397483676541 0.727024543973873 0.649169841435525 2.43168411127074 9.60588308217438 6.62570178078917 0.0507836258884946 210.528616842411 6.7257136829955
0 1.28693099716208 0.158715758703483 0.696066034361258 0.766735511668352 2.92464037387823 8.30004946226106 5.40765211731837 0.0554431368372473 229.490978098888 5.21551788627586
0 1.34365723701082 0.250373209267868 0.705833527905122 0.747284216231092 2.88155448170739 8.53179801980472 5.56329360146418 0.0513800960272471 225.976861271175 5.49864254778157
0.00420168067226891 1.37579991084058 0.168049071123824 0.607857511669863 0.595681338105351 2.386676593218 9.44429697509867 6.57915542198177 0.0569750655630784 242.073238742663 6.55614139785727
0 1.42678390359506 0.265189474611543 0.823338344902731 0.571633348194882 1.41279798699543 9.60968009147075 6.05686207419428 0.0286438070707342 210.06761247356 6.67334010762986
0 1.50950627259444 0.325109247211367 0.808473588700872 0.404383391048759 2.51566844107583 9.73702950233034 6.7696419768525 0.0514375141487613 196.51102670159 6.92077021605963
0 1.28644714888348 0.138036978763234 0.79230978481686 0.689454724658041 2.90861379617262 8.63704815322452 5.73298162934846 0.0547999211511926 225.436993956934 5.55668505133104
0 1.29833290892491 0.189823492458142 0.8332591408847 0.602122142354246 2.70139348997261 8.39354197159688 5.38943695991552 0.0495831107811807 235.166179322627 5.37601887421189
0.00420168067226891 1.38729870950415 0.26280040132329 0.757684332383657 0.892958461862918 2.60263249286022 8.89618686438757 5.68615678645256 0.0403553994466948 221.668908763053 5.8249823991713
0 1.31944139758691 0.298219051999364 0.78808836463044 0.326278680099289 1.70515643621414 8.46076149114364 5.16616433389364 0.0370829806485508 227.638296596419 5.38670710350779
0.00420168067226891 1.45597852496245 0.351560822704169 0.635790520939173 0.359224267940555 2.2967042280832 9.28585901533192 6.40814431298374 0.0562631941718465 227.284836199895 6.2364348196483
0 1.40385579751111 0.186045739003394 0.940367651389283 0.765479716116453 1.96736995125364 9.73413552659684 6.25536609089436 0.0308453448680919 209.236727176867 6.83443161456329
0 1.53197469182547 0.373228186714631 0.603409480624511 0.538116749035648 2.19729210424825 9.83262149916749 6.78151155240789 0.0473063876683508 195.275261942708 7.04600883794199
0 1.50762177820956 0.399514812575864 0.624071748484178 0.507103034249844 2.61305707741329 9.39994920087635 6.52419842292285 0.056373799406011 218.305976730424 6.37887882595874
0 1.42328414560465 0.347719062934448 0.711416703798995 0.643683646858135 1.64563883276707 8.94180711836316 5.50383990910484 0.0321299324177022 229.842201739676 5.86939107065938
0 1.40260660238452 0.164808671139126 0.726726664447386 0.799399787304716 2.02402614267865 9.80511406490199 6.54093047689683 0.038228132252787 198.270424657425 7.03829945569592
0 1.35921317115426 0.188580960710533 0.801603042986244 0.518218218209222 1.0436927638948 9.5075928806653 5.81155387489834 0.0248216504220193 242.084749959321 6.45357069386132
0.00420168067226891 1.42160244714833 0.28730342412826 0.875891647788111 0.374733756355459 2.58226667199732 9.23122084955554 6.27218494322621 0.0518688995527699 224.671109729096 6.16646772309426
0.00420168067226891 1.30887851740588 0.163508341250273 0.875871392461634 0.596935514939074 2.38759062354819 8.78108376301163 5.65711505586775 0.0439822688420983 229.362287405819 5.69649407391178
0.00420168067226891 1.3433786136006 0.140251911883594 0.756875238466869 0.591110874384425 2.70831909262063 9.37368706223375 6.55285216344276 0.0595561985479955 234.6984907929 6.30002625288358
0 1.42304670354351 0.241628065914847 0.678802940319292 0.733720474736765 1.70314986072481 9.5105546977746 6.12233035317417 0.0337685850661107 212.053124735146 6.74191930733683
0.00420168067226891 1.34842859828059 0.179487643880266 0.608618473051497 0.82337346524644 1.67462908352726 8.97487989853604 5.59085830522277 0.0339108046779543 249.756900371843 5.93598828763245
0.00420168067226891 1.3399807660582 0.183223827566595 0.728564275583756 0.735884735197254 2.24038077193537 9.08133206807925 5.95272371879155 0.0437786795100307 238.772371300718 5.96452148749354
0 1.43066253144757 0.2274663226696 0.603258729373975 0.551409941559163 1.19013289761246 9.81435939128412 6.34212141872115 0.0310474694672553 214.10757099534 7.1325774206749
0 1.39241523514275 0.337918201959072 0.803843177745189 0.794998908402239 2.82934171518519 8.61989804105539 5.45501581845409 0.0422191139787164 213.889349948237 5.59098698051086
0 1.45354379594262 0.289750840352243 0.851524473991559 0.356423718931211 1.40862471619045 9.57425868592324 6.11242770599322 0.031372267406709 214.06091482996 6.66048978554752
0.00420168067226891 1.39580116420654 0.188397483676541 0.727024543973873 0.649169841435525 2.43168411127074 9.60588308217438 6.62570178078917 0.0507836258884946 210.528616842411 6.7257136829955
0.00420168067226891 1.39408099512441 0.207466578050438 0.615936512863724 0.559907944462411 1.80226150808502 9.56875242695317 6.46501790309513 0.0448812788248845 245.419142696195 6.56049401507262
0.00420168067226891 1.32273916944396 0.1558634680463 0.887868428183719 0.805869431002066 2.80819584196433 8.7120961884595 5.60567528341152 0.0447608724028535 223.064940033016 5.6344200767747
0 1.36656508635816 0.228450435420797 0.848937809561087 0.690788525769315 1.47468493320096 9.36869648228595 5.75500354421338 0.0269521303079878 216.453613613968 6.35286165738204
0.00420168067226891 1.41877065448639 0.339370382971697 0.813313519398566 0.471302053184477 2.16866657657273 9.03125495254702 5.8630432284964 0.0420787791297175 226.769457589497 5.96800178139409
0 1.45116287095483 0.236248396110846 0.844335040847374 0.463549971969709 1.80502409491315 9.7198671526105 6.4376983149808 0.0375467356628904 193.169902602557 7.01541315368865
0 1.25446863676397 0.182671166762081 0.606187664430354 0.47021434499681 1.4352823391284 8.20111164444276 4.92832664663353 0.037900726515267 242.353622423337 5.06563775041249
0 1.33033733460495 0.213412210699607 0.634126299593539 0.34984414346536 2.42971808336398 8.82399488485924 6.11581328289223 0.0666579071845272 244.170659459956 5.65948221575962
0.00420168067226891 1.41240009100867 0.270401306843138 0.837443785025344 0.627608722270505 2.36214342595086 9.14551025277247 5.98762384772204 0.0425155067432994 224.584087691172 6.09161149571292
0.00420168067226891 1.47470930401046 0.362147330665539 0.662610331009565 0.715131164295196 2.78356876730959 9.2695616566343 6.27350573966968 0.0499838204478123 215.041110923891 6.23532534001091
0.00420168067226891 1.39361365310898 0.30016240660116 0.844735466165024 0.594258226303241 2.31089062218973 8.95236965600968 5.76865576118216 0.041431496812784 223.221623240598 5.9429868341206
0.00420168067226891 1.36007100003771 0.153176069376059 0.901521474262699 0.606086037587374 1.99901151005179 9.46744909199009 6.168938061589 0.0369381262220651 224.280057579341 6.40946974619832
0.00420168067226891 1.32310162929919 0.199687331290313 0.733695994624001 0.533209997778552 1.82293765478282 9.02106670516959 5.84075792968328 0.0415728164725216 239.345266782201 5.89561422145115
0.00420168067226891 1.3617274136981 0.187040400784463 0.755110028258059 0.515614526672289 1.73864263575524 9.37004985868277 6.14825459787217 0.039883392858665 235.013634254235 6.34522692029411
0 1.42304670354351 0.241628065914847 0.678802940319292 0.733720474736765 1.70314986072481 9.5105546977746 6.12233035317417 0.0337685850661107 212.053124735146 6.74191930733683
0 1.23040976396296 0.100910625257529 0.635428327915724 0.781868675211445 1.57418177183717 8.38944098544351 5.01396308418893 0.0342017693369045 231.513507429368 5.25058913832498
0.00420168067226891 1.31181962446978 0.173196181845239 0.933449823832227 0.464702903706824 2.31207138319968 8.72243459409441 5.605802066296 0.0443061171063731 218.870259632581 5.65123526160906
0.00420168067226891 1.28608209625057 0.148126691426881 0.925019721791174 0.409519051814836 2.42998612438687 8.68499002011976 5.64806093651249 0.0479820122256739 229.686094416332 5.59015744914848
0 1.44027747113627 0.315673754704997 0.908556326796013 0.498086623336094 1.91621532586885 9.40709179838122 6.01850931132045 0.0337564932673952 217.865359206833 6.38461273309021
0.00420168067226891 1.36071185025977 0.138019496432251 0.647202339674298 0.690276213702691 1.66300953886087 9.67826371392396 6.41445377832791 0.0382424189554633 244.861787045096 6.76984697470074
0.00420168067226891 1.35496605573317 0.104161431039743 0.867542648230782 0.620984947746683 2.4573946461579 9.61753987259164 6.57115226457911 0.0475303127647648 211.002558067528 6.72738566206727
0 1.30767915438026 0.224564788189673 0.746732361767824 0.71018150172611 2.2669926319244 8.33453778579752 5.15468587816156 0.0415918140951876 226.313358082247 5.22870854185405
0 1.4341754104814 0.302744068156572 0.673358171838662 0.301592491406744 1.20432011883735 9.64500823189244 6.22330351678942 0.0326567170621688 214.485718322575 6.74727348879264
0.00420168067226891 1.407600878831 0.360012332093902 0.727401438087691 0.426683938410133 1.57720926776528 8.99899774833509 5.60236479308608 0.0334858286424898 230.43543197858 5.90372563279997
0 1.51049428097695 0.323125296312103 0.939593668922992 0.819559752822484 2.69862618159941 9.64001233785858 6.34446608568041 0.0370478020762387 192.921779949542 6.82690669111882
0 1.34365723701082 0.250373209267868 0.705833527905122 0.747284216231092 2.88155448170739 8.53179801980472 5.56329360146418 0.0513800960272471 225.976861271175 5.49864254778157
0.00420168067226891 1.39361365310898 0.30016240660116 0.844735466165024 0.594258226303241 2.31089062218973 8.95236965600968 5.76865576118216 0.041431496812784 223.221623240598 5.9429868341206
0 1.30755782135927 0.235115199804168 0.890932741870014 0.423485364999512 2.16493229341013 8.32746829742522 5.16307021714001 0.0422395589870888 226.795759903046 5.28049278163548
0.00420168067226891 1.44413682908985 0.343418446334515 0.873581553504696 0.63866609857656 2.36100227699506 9.20967014742588 5.95116325033446 0.0384457586583011 214.045286960725 6.18504196282043
0.00420168067226891 1.37374605025673 0.280438461938966 0.771042008121482 0.472544172368997 1.70965136381778 8.95163872526126 5.65715663331615 0.0370872478585244 229.118519935197 5.85926559971724
0.00420168067226891 1.3492672814005 0.134078809235352 0.682278365167426 0.703056069953621 2.5772701873212 9.49537471150552 6.59383452760024 0.054938539407086 228.557459163995 6.53473874441105
0.00420168067226891 1.34051891857038 0.202846862321916 0.649125947295616 0.734811363092143 1.55609062648269 9.16776460835867 5.75427187457859 0.0329259975626936 240.936506077891 6.1156555790597
0 1.35191125601694 0.348373110364906 0.788394926076089 0.346790981172165 2.1389603770657 8.52651626287709 5.34647240843508 0.0415838314454609 219.511192794519 5.47827502041265
0 1.46791486601793 0.368440933429757 0.723476007477839 0.798361433203451 1.88839815005974 9.32659887447471 5.85665154539593 0.0311186696668949 219.884665977096 6.31211023150747
0 1.42304670354351 0.241628065914847 0.678802940319292 0.733720474736765 1.70314986072481 9.5105546977746 6.12233035317417 0.0337685850661107 212.053124735146 6.74191930733683
0.00420168067226891 1.32885124124616 0.184002853872949 0.923992638133672 0.484386336628866 1.95311494933651 8.89023046245871 5.59141742746492 0.036926972422634 229.124112105723 5.77562598007742
0.00420168067226891 1.38380537868386 0.240442387094371 0.788522921959552 0.42753536314812 1.75805979619589 9.34548920583711 6.10948564966229 0.0393207245770908 229.24747395373 6.32557430138657
0 1.48162486436295 0.3938193442493 0.860520769097414 0.623697929183473 2.30749472504492 9.28090445291128 5.97499635440068 0.0366659004640703 212.433477516199 6.2819551718818
0.00420168067226891 1.33573242055003 0.150441334000132 0.614106503679577 0.695526948637084 1.94512578885209 9.35087530744065 6.23950974839618 0.0445400916682441 261.080994534437 6.2813317304651
0 1.53197469182547 0.373228186714631 0.603409480624511 0.538116749035648 2.19729210424825 9.83262149916749 6.78151155240789 0.0473063876683508 195.275261942708 7.04600883794199
0 1.36703748148866 0.283270124671981 0.936894124455284 0.575987764913589 2.33120202645659 8.74155314546971 5.46971639386638 0.0379366827803873 222.685053506223 5.69228809523047
0.00420168067226891 1.33416204606442 0.107612195296127 0.736468097779911 0.780228226205635 1.47855695359129 9.50485902168695 5.98460775964477 0.0295919988876309 255.527038166372 6.55848145052371
0 1.32683409832655 0.276389878827044 0.782688734418031 0.532253344208416 1.92372936687929 8.26163166171657 4.97032757060816 0.0372052986466453 235.737380013873 5.17174582485857
0.00420168067226891 1.31863711449815 0.168579231892176 0.915386533988553 0.661933958658474 2.47040669177997 8.88254078930709 5.72370613069686 0.0424752103712918 231.973461169049 5.79785732385253
0 1.37668793074017 0.288757752604495 0.761671950226211 0.466801787526779 1.31042573804077 8.95841146923022 5.42476644703573 0.0291982932372743 236.226506991997 5.85232220440796
0.00420168067226891 1.36071185025977 0.138019496432251 0.647202339674298 0.690276213702691 1.66300953886087 9.67826371392396 6.41445377832791 0.0382424189554633 244.861787045096 6.76984697470074
0 1.28147670450739 0.165275271171375 0.832586948073869 0.474669648469996 1.59704911130134 8.52163846892753 5.18275169830071 0.0354764291501311 240.61328480941 5.38765362511182
0.00420168067226891 1.36340152890922 0.222155475724108 0.610657068973587 0.654830813049785 2.05207167385156 9.19795060144136 6.12861438525522 0.0464519786976976 250.603942361201 6.0343643814232
0.00420168067226891 1.27608654397415 0.150612901025923 0.608390252038389 0.604374091569739 1.8223567106757 8.73262172503561 5.6313312489979 0.0449911049720788 244.178491057564 5.60101119662026
0.00420168067226891 1.43524867309665 0.217441229592523 0.894709305647969 0.71692320030831 2.52181654389731 9.53432610871966 6.33438148917184 0.0407644614701643 210.092984311461 6.72013696045971
0 1.38839291491027 0.196726299089421 0.805961522087044 0.771034408248898 1.70259926279092 9.60248831000573 6.11405084343088 0.030548568056985 216.778571081263 6.65320705619083
0.00420168067226891 1.24291818724533 0.124855825616935 0.626999331046544 0.559420084553717 1.9974770101262 8.40749405945233 5.40932855371468 0.0498784862863095 247.843767732447 5.24682912138494
0.00420168067226891 1.32410662733879 0.201976057639215 0.632984090870453 0.399347870643166 1.05435691524661 9.40258475649482 5.90151957841356 0.0301652349563458 257.283162107463 6.32906049075824
0.00420168067226891 1.4920272367971 0.329375396698741 0.839602508559627 0.51692644156327 2.89529540522579 9.44674230784859 6.51139856323796 0.0531124590465915 212.818377974646 6.52902946806359
0.00420168067226891 1.33764532864268 0.214571074215909 0.893648557565158 0.391764619571717 1.74099743242557 8.93065292385011 5.61227616207804 0.03621156406797 232.691847847021 5.84884435716558
0.00420168067226891 1.40043573672883 0.145280300313607 0.744158974231686 0.592221671249717 2.41741788340732 9.63074391863986 6.69486075067838 0.0530838166718379 216.304781290874 6.80903930604298
0 1.34607226736844 0.224192523164675 0.756822102924343 0.690397043712437 1.42028605332598 9.18474666386599 5.59752756169861 0.0276751853738609 238.160493234344 6.07590077215771
0 1.4624513104558 0.253912598290481 0.864915080077481 0.599463145108894 2.72593545448035 9.66068323886243 6.63401994155187 0.0484771223082725 206.896697994831 6.84687229045857
0 1.3501223225455 0.257638550929548 0.870197626556237 0.818882064971584 2.36862556418693 8.6240306159071 5.29363977699693 0.0357791184629118 225.248968600268 5.5514079942302
0.00420168067226891 1.28608209625057 0.148126691426881 0.925019721791174 0.409519051814836 2.42998612438687 8.68499002011976 5.64806093651249 0.0479820122256739 229.686094416332 5.59015744914848
0 1.37421680399486 0.174907837456582 0.909481593583405 0.485606926517978 1.61942123579226 9.57435110174354 6.15383260315596 0.0326954779841662 209.33090995794 6.6691041736694
0.00420168067226891 1.31989406627404 0.123390186349802 0.680735510389243 0.778287334718268 1.37333200674865 9.40003696506099 5.86919949946656 0.0292803842818676 273.50259994821 6.33321837802483
0 1.30686141213882 0.196764552571052 0.814059454959005 0.768358726158673 2.00831755899195 8.45742854454291 5.10238637875871 0.0349078982048203 236.865748478242 5.38037396011076
0.00420168067226891 1.35415956825307 0.165088691054094 0.642063116454822 0.74736548819808 2.73304708223521 9.1430984297717 6.28548425288923 0.0574055565185642 229.296949684629 6.00482319755233
0 1.43558771710265 0.398811728752826 0.903804642495328 0.42166075929655 1.89212874087346 8.75064080639233 5.35059351111341 0.0333716915995397 216.22620169669 5.72510899470402
0 1.42775292334069 0.391378070784922 0.780454337083527 0.869850094944083 2.60387076338903 8.97010152523334 5.66110691148662 0.0365529050743435 214.156539208137 5.94794795319121
0.00420168067226891 1.4478638698855 0.277082266393126 0.777479726821439 0.873098314770242 2.69460302663171 9.51222855806249 6.33416733347983 0.0416663585746926 218.547443230448 6.5165874755748
0 1.33088596434846 0.212546209867625 0.924156584522903 0.645732588355417 1.83244479656882 8.93008353764946 5.47776122351438 0.0316719985761292 228.954174021749 5.81505650544954
0.00420168067226891 1.31756369802169 0.165930112171918 0.631840676162392 0.588344991859049 1.78464712481946 9.01455525348776 5.88630977160107 0.0437945682482623 243.891957928944 5.92167770971985
0 1.3850435602815 0.338599493725779 0.663602286548369 0.696844585084132 1.60529030813462 8.70116281468962 5.23570801784287 0.0312587857958425 233.291520478654 5.62252255138045
0 1.43007027887165 0.200866862843876 0.69674378114824 0.831455016775145 2.71190307035372 9.66982115737653 6.65076962725709 0.0488475268053744 199.062403034212 6.91565502811882
0.00420168067226891 1.44739744397287 0.221476497904298 0.75640106103218 0.791734226362078 2.73834243378556 9.67433850427 6.62923114431512 0.0475912023239144 210.483762155838 6.85877509676042
0 1.37550956575571 0.327783596466058 0.725898016175777 0.738652662396714 2.68414685014923 8.32972240003962 5.22125632041157 0.0446694221521736 226.709504807941 5.27026076876551
0.00420168067226891 1.31148765617982 0.10933371738065 0.777200382086448 0.615239450382069 2.08875111816451 9.05175487285881 5.95543872485122 0.0452154630393337 250.068132497482 6.01211523099209
0 1.37199659843893 0.279953323757185 0.887702725954661 0.401058376893016 1.40723153818064 8.90861346428381 5.35248984543643 0.0285492783802544 233.20423004746 5.80302430930585
0 1.43769194564562 0.267053470187696 0.833171426509903 0.883045017781133 2.30949693941331 9.62575801115512 6.25003959025346 0.0341935441286158 212.293561630597 6.68773185500417
0 1.33599171468331 0.234198849807582 0.842586978269244 0.575913019789285 1.79276861150026 8.73579846028744 5.35595714599445 0.0340528580077257 228.459108119498 5.6379987341102
0.00420168067226891 1.4142262911573 0.25576462982453 0.804296588058654 0.407837681886829 1.57061511177239 9.56123033929562 6.26030645997738 0.0368491075417096 228.442583950998 6.50418492641457
0.00420168067226891 1.40850179191125 0.270088181833449 0.924713500229458 0.676924412635961 2.68569314989709 9.26691647344805 6.09501986294404 0.0419240089369486 219.395596455218 6.25472127035849
0 1.41959433185402 0.272030993388034 0.783429870824329 0.680572212673724 1.56056931288913 9.39040939371684 5.88071918880325 0.0299061777889139 225.044804679404 6.41542423785231
0.00420168067226891 1.3638045933039 0.192551061106777 0.661594265416344 0.784743642304728 2.89824669113402 9.11231685923872 6.23414023613057 0.0562372110359727 240.250008493789 6.01624126045111
0.00420168067226891 1.37091790388237 0.178685158921984 0.814461733167994 0.774786896337099 2.78339525277264 9.21885573726145 6.16578000249888 0.0472134846827134 226.751713234583 6.26844298780532
0.00420168067226891 1.2880311686307 0.110905784647248 0.772186229494801 0.412090935895859 2.06687077179121 8.76821868907182 5.80578019960884 0.051692711227688 232.827343787587 5.64481570403521
0.00420168067226891 1.33648023058763 0.192703997044188 0.881076667920593 0.4081362982623 1.63609463081353 9.13063155917083 5.79819438357147 0.0357059772014408 236.647531020354 6.05365656736443
0.00420168067226891 1.42435540475595 0.37012849873542 0.746198876248569 0.495504324593989 2.92083729691607 8.87600584881652 5.95648482821196 0.0539595266130481 219.713534336126 5.91060305193848
0 1.33286901828494 0.182687947654092 0.838507881902865 0.646336731333948 1.32696286568934 9.1180965206606 5.48279177670309 0.026375895267843 245.348812160767 6.04050098636793
0 1.39627299261506 0.274179689086691 0.765755786659546 0.308016296498051 1.145022071708 9.2405041691649 5.73269381815062 0.0299624499089548 235.899226890274 6.15060276844628
0 1.45547897215001 0.291935711400583 0.624319376482163 0.799804301653057 1.63644685735926 9.71586798604087 6.25856118595065 0.0315145227381484 216.938803443712 6.8132614325537
0 1.33942560895812 0.133367767487653 0.749044521595351 0.891204001754522 1.30077925371006 9.33541200747553 5.57144965798509 0.0231916645967605 242.542883841387 6.35726439882372
0.00420168067226891 1.4253691113373 0.326172197472912 0.611328743535092 0.567015745827215 2.09093647988301 9.31215360345427 6.24494329821826 0.0465508365120893 230.213894417335 6.25919898175007
0 1.30530468018794 0.252335197464757 0.647555514865522 0.534631887567684 1.34381017587864 8.74861137882395 5.3120162109062 0.0321740462693427 241.126226621646 5.56992262086926
0.00420168067226891 1.3492672814005 0.134078809235352 0.682278365167426 0.703056069953621 2.5772701873212 9.49537471150552 6.59383452760024 0.054938539407086 228.557459163995 6.53473874441105
0 1.3180783749031 0.137736711446036 0.884151006163451 0.310229410080173 2.66707825154422 9.08410055766551 6.27404743388571 0.0602017941605668 231.541870102634 5.99146454710798
0.00420168067226891 1.34912885915762 0.11958413980891 0.688608527310414 0.814221405024091 2.24506304898949 9.52247025353724 6.39000094514163 0.0436099777036017 234.023898114342 6.66002625219531
0.00420168067226891 1.28903555025032 0.163399068377056 0.787070023518307 0.523540162043415 1.98990780440595 8.53222629264997 5.3890717298165 0.0431464747294315 243.432753868496 5.43851399704132
0.00420168067226891 1.45617084741242 0.356223131154759 0.657227992315948 0.502669170243579 1.69044149884778 9.37779360773718 6.07810085376753 0.0368945013490768 225.740136430895 6.38401326328292
0.00420168067226891 1.37042526823527 0.142228325507542 0.686305203287284 0.857879788138474 2.06422331162432 9.61795079629467 6.34098898701787 0.037742752469696 225.151303591135 6.70340719528797
0 1.35191125601694 0.348373110364906 0.788394926076089 0.346790981172165 2.1389603770657 8.52651626287709 5.34647240843508 0.0415838314454609 219.511192794519 5.47827502041265
0.00420168067226891 1.36710303059926 0.223661027533707 0.906270640950145 0.689588034719955 2.92816417696196 8.81552831805033 5.75542570780804 0.0468828843090501 219.840776301082 5.74726758659594
0.00420168067226891 1.34010814446349 0.143337384878836 0.833671695397973 0.490149319926806 1.42642820129864 9.4731130410988 6.04851280162391 0.0325622955079357 233.099924758152 6.4617913999734
0 1.29225372758785 0.107586735214761 0.796498078669376 0.592713910534497 2.8661380352504 8.59711991603264 5.78642534925976 0.0601631905238714 247.75278583861 5.48941440845697
0.00420168067226891 1.38332087675313 0.270381427481642 0.662946920517992 0.665752753089296 2.56120481452914 9.0113594358058 6.06378520868761 0.0524668243055614 227.953345384963 5.93224518744801
0.00420168067226891 1.36770987807197 0.226613586929204 0.794039958338159 0.727840584733419 2.62490389739061 9.18102925334424 6.11604979201864 0.0466548000823796 226.721673543362 6.1422677937925
0 1.30686141213882 0.196764552571052 0.814059454959005 0.768358726158673 2.00831755899195 8.45742854454291 5.10238637875871 0.0349078982048203 236.865748478242 5.38037396011076
0 1.39926191335544 0.263204726134427 0.627826795889996 0.828559698583558 1.24001847393811 9.47015523563513 5.74896826727796 0.0242052199574815 247.441275813709 6.35193228928541
0 1.42834870773406 0.206675232291568 0.857425912569207 0.619423559564343 2.27634355985271 9.74356189625229 6.57203276125147 0.041939417814247 204.89124492605 6.95242130431135
0 1.385711959551 0.178190624245288 0.914666111920533 0.824049500784469 2.24187354394304 9.52602161125102 6.15251256776335 0.0342691740895168 204.838989121099 6.60939571480807
0.00420168067226891 1.37636598716828 0.217071057354923 0.829360398465134 0.607969275991757 2.6707015969004 9.03457794662615 6.05936486795579 0.0510365580435507 220.118120209954 6.01253411996828
0 1.44027747113627 0.315673754704997 0.908556326796013 0.498086623336094 1.91621532586885 9.40709179838122 6.01850931132045 0.0337564932673952 217.865359206833 6.38461273309021
