0.00211864406779661 1.22676858187187 0.27266409934964 0.682167564425617 0.836107511585579 1.81735310377553 7.36759165570075 3.9060794515273 0.0313822697191497 219.836053495288 4.41257380125304
0.00211864406779661 1.25372485674452 0.331310334801674 0.856010644021444 0.729032299714163 1.49902637163177 7.03794413502844 3.25642289746345 0.0227879990838995 214.922726364601 4.05969310424956
0.00211864406779661 1.59635191210546 0.318802205310203 0.710185165796429 0.588153053401038 2.90293969446793 10.023661801037 7.12530990799212 0.0551139789777363 145.191594767452 7.60605582478288
0.00211864406779661 1.47577610970475 0.215336757549085 0.811741191335022 0.412222352670506 2.23732862435281 9.9534133606162 6.95223402769559 0.0497283874480885 165.570664545446 7.35407548451093
0.00211864406779661 1.21746505736373 0.144351121853106 0.869716801599134 0.86807577428408 2.17235574126244 7.5372721678146 4.20524525825554 0.0357206291567169 222.197665067891 4.52540521751923
0.00211864406779661 1.49911597287282 0.106317439093255 0.827854083443526 0.745506019564345 1.66520499158651 10.0545526887887 6.56981990352964 0.030661950659816 113.922111243651 8.02290817536005
0.00211864406779661 1.41854234794155 0.378328891657293 0.894926086789928 0.673757089767605 2.98303882032633 8.63963661494322 5.52449080587084 0.044372036830255 216.059104896505 5.60605558385345
0.00211864406779661 1.17027298079338 0.325422719423659 0.674025550868828 0.492361189797521 2.88607646524906 6.67582322163485 3.6258213181468 0.0473588342440801 198.167414197301 3.80253877258646
0.00211864406779661 1.40321741087828 0.32281833938323 0.698471350921318 0.317749164719135 1.32438098546118 9.37867374410288 5.99927876402035 0.0340680603556296 239.625597801411 6.25951552927441
0.00211864406779661 1.53872502371669 0.125716263917275 0.944375636370387 0.590225414698944 2.64734846446663 10.0542023364275 7.00669522683704 0.0474771322779993 108.009330383513 8.02819428887635
0.00211864406779661 1.61166795655154 0.390753676812165 0.891565699467901 0.686253002285957 2.2667832095176 9.92521479715587 6.54122238087576 0.0339117941090611 151.515706630696 7.47807547453377
0.00211864406779661 1.22578935928177 0.248717850935645 0.749401792581193 0.434883778262883 1.56420649169013 7.43364543220952 3.98699794859265 0.0318522427440633 224.957972269424 4.44642563715061
0.00211864406779661 1.17916797960643 0.348991196369752 0.718508001894224 0.756427720701322 2.20937159843743 6.5713870369533 3.1730412885244 0.0334285234335629 188.870867537912 3.71940865914876
0.00211864406779661 1.61448716381565 0.111549922614358 0.924979101237841 0.458497494226322 2.22141492087394 10.1020856470987 6.91783761432365 0.0414093725873342 81.4528405907424 8.25627854241503
0.00211864406779661 1.57602962581441 0.289668510737829 0.850156899727881 0.87346122614108 1.3388161836192 10.0689144165577 6.21906481913913 0.0212829372063655 121.594429161221 7.87223917145773
0.00211864406779661 1.43520286118146 0.198141685524024 0.60196730728494 0.672551242914051 2.39529639901593 9.85822143025125 6.92267786406002 0.0531018470913588 188.594455605622 7.18062123631217
0.00211864406779661 1.60959556335583 0.28272146366071 0.911030476482119 0.738809465803206 1.5413778196089 10.0480250303902 6.38125184249692 0.0255588105056519 107.794878981166 7.93318737010873
0.00211864406779661 1.20498530797195 0.145355724659748 0.886185986315831 0.436376336077228 2.59831485757604 7.30059338190036 4.26919782440853 0.0482482579027319 211.443708831718 4.29874207071525
0.00211864406779661 1.31427920607384 0.234888278716244 0.891389314911794 0.730883316183463 1.24711010884494 8.66580342814207 4.81274489350369 0.0212147510580627 222.693041480137 5.5680812419457
0.00211864406779661 1.31643719316926 0.341362708178349 0.612016383581795 0.541150443954393 1.99890481773764 7.99783123662796 4.79799197741591 0.0407687566537793 232.764105767178 4.94497021270198
0.00211864406779661 1.5946026032092 0.231501434394158 0.838262703665532 0.587508736085147 2.54395131999627 10.0213002173832 6.93274053167605 0.0455675387395929 126.343326668957 7.87136207319828
0.00211864406779661 1.19657618759666 0.393293534987606 0.773439308616798 0.364274535980076 1.58701426070184 6.80381138396438 3.15185145795392 0.0259402379768145 203.858898682336 3.90926057273224
0.00211864406779661 1.31148765617982 0.10933371738065 0.777200382086448 0.615239450382069 2.08875111816451 9.05175487285881 5.95543872485122 0.0452154630393337 250.068132497482 6.01211523099209
0.00211864406779661 1.51033816519193 0.110373916034587 0.823042191716377 0.59015061208047 1.93211330194026 10.0821212831678 6.81397496282219 0.038076944153623 97.9013190717815 8.07070132644613
0.00211864406779661 1.59008400326129 0.160525300493464 0.841695562726818 0.55101453945972 1.20077634369954 10.0877682999732 6.37462723938382 0.0244007585124728 89.3510653619031 8.15901235228152
0.00211864406779661 1.39867235834245 0.341776982415468 0.818628622253891 0.557778843864799 1.36393241304904 8.59287563772048 4.93830352134379 0.0258725655621689 232.560292073561 5.54152494889799
0.00211864406779661 1.261519699567 0.308688191557303 0.685715255327523 0.546566438907757 2.71785456873477 7.54314092268354 4.49024021931411 0.0472217492479709 216.458748063751 4.55837802448133
0.00211864406779661 1.34607226736844 0.224192523164675 0.756822102924343 0.690397043712437 1.42028605332598 9.18474666386599 5.59752756169861 0.0276751853738609 238.160493234344 6.07590077215771
0.00211864406779661 1.16154696766753 0.284357443032786 0.835567905940115 0.46326027601026 2.89478374598548 6.89568269774787 3.7944672166765 0.0449944792050055 196.793415278205 4.01145690241633
0.00211864406779661 1.37721210040618 0.135639345319942 0.690263858751859 0.810493229515851 2.66164262732491 9.51544140139497 6.51975741608623 0.0500024144705574 224.159617056542 6.71684522224291
0.00211864406779661 1.15149559183046 0.234466501767747 0.88632196491817 0.717783092753962 1.32795313326642 6.7231690908798 2.91122559417937 0.0221051758460518 195.645588394182 3.88049675178137
0.00211864406779661 1.6333254077239 0.313488397980109 0.739545928675216 0.697654188098386 2.3743764529936 10.0412852482006 6.84182912886597 0.0407843797829364 122.905312386598 7.86136748570031
0.00211864406779661 1.53294929335825 0.247045181458816 0.615989689948037 0.419007337186486 2.84847015701234 9.94590199272718 7.2364421863807 0.0665727591855038 152.549785289964 7.58148297312378
0.00211864406779661 1.54885832648724 0.302872675913386 0.727331146388315 0.570195151353255 2.40573393832892 9.93806054541137 6.88804506120917 0.0473581910816568 162.168188903884 7.42591258088119
0.00211864406779661 1.48877793699503 0.127476022625342 0.697007625270635 0.806293087732047 2.88344244845212 10.0267299880146 7.12175369242966 0.0547500884049312 122.234934929621 7.85781422030896
0.00211864406779661 1.43756190882996 0.242358878534287 0.857942409941461 0.596631068643183 2.02903557103127 9.74579811869821 6.47126379226885 0.0378344836468157 195.600011734575 6.93834914406677
0.00211864406779661 1.47567533862311 0.160672061261721 0.691538069490343 0.540155172441155 2.98547917092219 9.89598111627168 7.16600854074311 0.0652210782971992 159.78554855063 7.5132181288972
0.00211864406779661 1.21468814820983 0.194046095549129 0.622905193769839 0.809046410908923 1.07627554889768 7.73394623329985 3.94816205204402 0.0226910618926727 227.033769004662 4.69208155797739
0.00211864406779661 1.45735976377036 0.275158052286133 0.682879037538078 0.586832660017535 1.30613671522588 9.78632807242857 6.25132568135736 0.0291586872688161 196.868258395272 7.10944363826694
0.00211864406779661 1.44306869953871 0.238324238685891 0.943746182206087 0.542239069892094 1.33406897587702 9.98509137525274 6.28785856016178 0.0247920357849408 162.662280204422 7.35535462369246
0.00211864406779661 1.38171820235439 0.209396763867699 0.896520428953227 0.644839297793806 1.66067213425413 9.27780585537738 5.76571343238669 0.0298344228480267 230.16727036631 6.28922070513124
0.00211864406779661 1.38678111797199 0.151603302336298 0.664506027300376 0.601500555686653 1.46918996283785 9.86026504978974 6.51000173945941 0.0350751172441108 192.902918951213 7.24698233828219
0.00211864406779661 1.29095178653952 0.20178711945191 0.879282172909006 0.792997577413917 2.45587696414441 8.09093054746137 4.85472060721572 0.0393126102432481 226.066573652369 5.03358823902938
0.00211864406779661 1.60268536848016 0.169541507400572 0.949904366233386 0.897230314509943 1.52254833700135 10.0811459548551 6.3635630377266 0.0242926142022801 93.894185664697 8.16475556278223
0.00211864406779661 1.26462696129456 0.103484158148058 0.672802028991282 0.475316705089062 2.02699888451025 8.66812490281574 5.74001464167016 0.0534980400064048 255.008211107516 5.48865270406554
0.00211864406779661 1.60915995864198 0.231078233011067 0.727352293068543 0.500183378253132 2.96095694368705 10.0750542604946 7.21944680389427 0.0575208690744604 107.804789955782 7.97634354609987
0.00211864406779661 1.54542044035625 0.350999539345503 0.734417914540972 0.463361604278907 1.35808141995221 9.90277005381616 6.40562735252854 0.0302837897526502 180.378585264829 7.2228428493659
0.00211864406779661 1.51253231728915 0.199511142657138 0.923682458791882 0.339284291490912 1.80930229928344 10.0515894333365 6.70833667289205 0.0353218770536407 110.704649517331 7.92093488117681
0.00211864406779661 1.189271589485 0.279865154763684 0.822977489221375 0.386278421524912 2.86755219008774 6.6412825864701 3.58137990020736 0.0468922582588613 197.692493141681 3.80237982797832
0.00211864406779661 1.23509857405443 0.294122914131731 0.699132434651256 0.4859531623777 2.40228217234835 7.21547629534294 4.12309397550809 0.0453936832156266 208.711265134534 4.241840495197
0.00211864406779661 1.53507470546756 0.261652476177551 0.901094078470487 0.69615651271306 2.21324471337721 9.9659504836262 6.6529060391811 0.0364051713474658 147.547565140462 7.57159379268074
0.00211864406779661 1.33362193170469 0.185594396060333 0.64553263715934 0.485697750281543 1.90439573349431 9.19202755743458 6.18454532305368 0.0494159400192728 244.111722412188 6.04107854765519
0.00211864406779661 1.32825324914884 0.131690884148702 0.947239099035505 0.733124219672755 2.04543378204107 9.20952850403904 5.79710933700471 0.0329613647998953 222.276841233318 6.09469780174963
0.00211864406779661 1.61989512373693 0.236066282284446 0.627570551563986 0.831408666400239 1.05820641713217 10.0968012515447 6.21487472953962 0.0206110792106138 87.7780064122908 8.1740265975023
0.00211864406779661 1.29758216124028 0.197775524109602 0.611768176930491 0.425920602260157 1.96388040063903 8.61871133460659 5.6479676955498 0.0512651733684394 249.285387890534 5.46911443749004
0.00211864406779661 1.19014252778143 0.291167917614803 0.705194234137889 0.554714712454006 1.73930880334228 6.93258725468332 3.42356441180905 0.0299261426978818 207.522651868643 4.02789946281395
0.00211864406779661 1.47504847063683 0.331065557524562 0.931635080080014 0.705828430037946 2.87232748325914 9.23840156859871 6.04320601691199 0.0409585150861852 213.79575559274 6.31871955847268
0.00211864406779661 1.40831388845108 0.370678197289817 0.699874721688684 0.442705890163779 2.00701091950759 8.7968083307212 5.63096456303148 0.0421785379080196 231.157826381583 5.74664376770335
0.00211864406779661 1.1543948860839 0.223785498156212 0.733115687291138 0.740697812335566 2.24586153449491 6.85088858729303 3.55420455078733 0.0370056736387501 203.264494243823 3.97706140160737
0.00211864406779661 1.3955380706815 0.160595757514238 0.731478865153622 0.794024039944634 2.89067386463284 9.75486352660702 6.82163378805809 0.0532248578710057 212.526453017183 6.81329301545725
0.00211864406779661 1.19912097146735 0.152995302178897 0.697311001468915 0.704699665680528 2.12119922507554 7.49520000508797 4.28305591711483 0.0402701778385773 226.780572889889 4.48256786389576
0.00211864406779661 1.31088911821134 0.108506618067622 0.748550281487405 0.652616763487458 1.44097577221692 9.27662290715108 5.8465419902098 0.0323843202267471 247.119534027732 6.25307303154019
0.00211864406779661 1.15873966387007 0.336991459759884 0.813460125157144 0.378481572959572 2.38753336435184 6.66128133338848 3.33097222412894 0.0357820427972645 190.063864901323 3.79587656086017
0.00211864406779661 1.58274639011361 0.342839196207933 0.633938620577101 0.86065266863443 1.96503941901028 9.95504689486312 6.54194348275062 0.0329388188626143 148.389357700492 7.55771656209248
0.00211864406779661 1.31784885048401 0.244675503927283 0.789274578529876 0.739153549214825 1.65946644172072 8.28084619025712 4.7361984483945 0.0288787935081823 236.022842063606 5.20766299827991
0.00211864406779661 1.22362376572564 0.191599534731358 0.880775816412643 0.829090936621651 1.4473387687467 7.78936889096668 4.02226812369116 0.0231189935598109 215.220452471009 4.77680263335205
0.00211864406779661 1.54659028861206 0.292197899776511 0.844417010201141 0.875991130247712 1.3876618091017 9.96207033462358 6.15763627974835 0.0222717982155894 146.413249012825 7.64254067258949
0.00211864406779661 1.39489128915593 0.149046409479342 0.741588436253369 0.791176623757929 1.5519603821449 9.84482963772438 6.33493196473545 0.0298999738553488 189.047141614111 7.24292124408287
0.00211864406779661 1.44707457334734 0.125635808543302 0.705385259399191 0.745099645480514 2.23569259559736 9.77771266695019 6.67809051067766 0.0450662271682593 187.076311833502 7.34234759674854
0.00211864406779661 1.59242172047961 0.190699544851668 0.914022409927566 0.652018981100991 2.40015584276989 10.0873567616728 6.89725203668091 0.0411675594409808 95.9791510438511 8.0822211417907
0.00211864406779661 1.16591286389157 0.393141169799492 0.933159202011302 0.700739861140028 1.93008515471593 6.50755406999351 2.7999876964279 0.0245371649626969 184.671745060956 3.67113027260965
0.00211864406779661 1.45771510407794 0.339012677059509 0.725000650179572 0.749950908031315 2.71168683329597 9.36412527062795 6.27814611922618 0.0456852791878173 215.44349657571 6.3263283480326
0.00211864406779661 1.47507470005658 0.293079121806659 0.92438762615202 0.631194923724979 2.80860573193058 9.60560025008048 6.50189009085263 0.0448823723539673 202.716097340618 6.74926742943958
0.00211864406779661 1.28750526006334 0.120701865293086 0.667415434843861 0.767806996498257 2.74961918359622 8.85269046311766 5.96413005496784 0.055656277290625 235.437792918832 5.7268477475872
0.00211864406779661 1.44681407497264 0.162378696305677 0.719122614315711 0.5733386318665 2.33896904438734 9.9667859076642 7.02509377139937 0.0527763483647981 176.163263119154 7.36404928794958
0.00211864406779661 1.19698031535372 0.107784675736912 0.761895851651207 0.55232346248813 1.66072025103495 7.67689852906999 4.36150499895308 0.0363197528480402 236.611069384284 4.56738177992644
0.00211864406779661 1.32035267211031 0.258012271579355 0.734651377808768 0.424271146114916 2.54032875550911 8.29838505617594 5.39441093848017 0.0548049852365584 230.520374069152 5.21849015289538
0.00211864406779661 1.33574024818372 0.388240259070881 0.721565979579464 0.497640187991783 1.56526742037386 8.03441870564775 4.47733681447821 0.0285219335009779 226.063951008449 5.04808609528308
0.00211864406779661 1.52206782738212 0.11733582415618 0.737163825123571 0.498654214432463 2.17076617712155 10.0626314597147 6.97532046514456 0.0456244740612704 104.73433641091 8.04504326051208
0.00211864406779661 1.411930197943 0.132168760267086 0.664742266875692 0.453605659352615 1.41867143055424 9.91585047092883 6.67111589480617 0.0389789089175174 219.83945879603 7.33153441542427
0.00211864406779661 1.18162285930011 0.350461139739491 0.824639574706089 0.728479894855991 2.3024856899865 6.28308883879239 2.79239134953596 0.0304796055580457 195.316089720215 3.44297891567711
0.00211864406779661 1.43178842074703 0.258484016754664 0.920212284557056 0.752592172566801 2.51803541230038 9.47238150732001 6.19106648983916 0.0375788075121706 207.306461410474 6.52037563842036
0.00211864406779661 1.49027984749991 0.188143981504254 0.918294289836194 0.735002107545734 1.7488689692691 9.92721081404456 6.4190397377388 0.0299516436446414 155.887043158771 7.58101638048804
0.00211864406779661 1.58169857049361 0.29089956022799 0.866213928314391 0.458240903075784 1.62278888979927 10.055397299703 6.56749657237807 0.0305649690736308 112.72447697546 7.87574818715748
0.00211864406779661 1.19146051546559 0.273678476223722 0.780297957092989 0.800997425615787 2.09361323947087 6.75547784353656 3.31678003984957 0.0321064670409649 205.775537684715 3.88229990397594
0.00211864406779661 1.51571192892734 0.267833151738159 0.725568355398718 0.482932770391926 2.62954865768552 9.9275205700132 7.02575285101092 0.05492604038323 154.372521965859 7.44018717632966
0.00211864406779661 1.27279822584242 0.208568703359924 0.617471842688974 0.4528427075129 2.32064989674836 8.33032370846625 5.45378146917211 0.0563291993750844 227.056328158033 5.24322740023008
0.00211864406779661 1.63516419879161 0.136417487543076 0.673784090427216 0.869953113561496 2.26678379066288 10.1005280303608 6.89790694292732 0.040655502575697 85.0802257528849 8.24466680033511
0.00211864406779661 1.53255680236034 0.268238058988936 0.608032941480633 0.766967196576297 1.90302281500772 10.0417556260214 6.74177940072427 0.0368840442980101 136.657968875864 7.67049070931176
0.00211864406779661 1.24360201237723 0.288688418851234 0.748023667314555 0.575972599256784 2.05196389043704 7.20361075453687 3.89111632060883 0.036425200082085 210.595467849452 4.22658201461864
0.00211864406779661 1.20899875285104 0.108139314688742 0.931298551498912 0.373205275833607 2.96431692969054 7.29479527212667 4.4821329867417 0.0600449226911826 190.237446567789 4.29780855558986
0.00211864406779661 1.20707035691012 0.108388291019946 0.893977516086306 0.79076846530661 1.66336059058085 7.7727041322926 4.25069063261279 0.0295398966751421 206.629583054714 4.72738781871234
0.00211864406779661 1.21936038809363 0.228757464233786 0.694151609065011 0.547929126676172 2.82286024279892 7.27589023138556 4.41167532859601 0.057027885995489 199.047084625662 4.30356446741149
0.00211864406779661 1.21883983232547 0.194446384091862 0.722884284949396 0.569263077992946 1.09249626193196 7.779654434562 4.05746593183673 0.0241809897335333 235.254298493097 4.74433224832127
0.00211864406779661 1.1656659897184 0.28095983362291 0.837732630048413 0.629913240484893 1.04687011614442 6.72664677924033 2.72852873244575 0.0183501405190941 207.400813712469 3.81353536905808
0.00211864406779661 1.37899278160185 0.119285118649714 0.847987495036796 0.399248923547566 1.6767636295408 9.6809174974558 6.44673970728632 0.0393925805955066 212.676808304662 6.93101829876291
0.00211864406779661 1.27864385708235 0.290189444832504 0.714016824413557 0.770795007236302 1.65143958386034 7.84515031161627 4.34380542185368 0.0301567985676919 224.48283672869 4.7779222917659
0.00211864406779661 1.54972077484708 0.350247058249079 0.793413848092314 0.837558411480859 1.60320825641975 9.92530134067606 6.255087965458 0.0254710344792684 160.060482393121 7.3527726102748
0.00211864406779661 1.57093742394354 0.29232193720527 0.887281466787681 0.469285287056118 2.31795753957704 10.0484175268945 6.89176606104435 0.0425680432422113 127.739324143863 7.71235130023011
0.00211864406779661 1.33012545024976 0.286377430707216 0.880820542678703 0.691431337036192 1.52685587434098 8.17089281647604 4.48943861606478 0.0251863222314233 227.033627974255 5.14166355650266
0.00211864406779661 1.36703748148866 0.283270124671981 0.936894124455284 0.575987764913589 2.33120202645659 8.74155314546971 5.46971639386638 0.0379366827803873 222.685053506223 5.69228809523047
0.00211864406779661 1.45547897215001 0.291935711400583 0.624319376482163 0.799804301653057 1.63644685735926 9.71586798604087 6.25856118595065 0.0315145227381484 216.938803443712 6.8132614325537
0.00211864406779661 1.48466649148613 0.341821576305665 0.774907215230633 0.540749555267394 1.82034051744267 9.59170061140535 6.25307303154019 0.0354856255045769 217.200568830691 6.68733124072359
0.00211864406779661 1.54330882462673 0.343617307348177 0.868522167531773 0.344359047571197 1.70328604988754 9.87385642625069 6.49758267943097 0.034174560838775 167.017113733546 7.26745065681437
0.00211864406779661 1.52908026122022 0.381147007294931 0.767773451376706 0.47852113279514 2.9421167075634 9.76565549673134 6.8768148560755 0.0556406827777108 191.843850289897 6.94115781728246
0.00211864406779661 1.17969218057115 0.379283068166114 0.80290529965423 0.805406125355512 2.03194661112502 6.62558883166281 2.99573227355399 0.0265199882133386 196.297916427485 3.74644930593541
0.00211864406779661 1.32255907622166 0.160952360695228 0.850311000726651 0.668717798776925 1.75653794873506 9.00224815742421 5.61716063217776 0.0338746773264379 226.619292664244 5.89055838179954
0.00211864406779661 1.3782665851526 0.189306504605338 0.946247580193449 0.855012453580275 1.46700928732753 9.37904958483242 5.57280938314165 0.0222316083834603 219.263058687532 6.46469572084458
0.00211864406779661 1.3617274136981 0.187040400784463 0.755110028258059 0.515614526672289 1.73864263575524 9.37004985868277 6.14825459787217 0.039883392858665 235.013634254235 6.34522692029411
0.00211864406779661 1.40882098439615 0.197247936041094 0.937214157031849 0.480193201638758 1.61724129505455 9.63073058160403 6.1622225898521 0.0311634921793281 208.044287604504 6.85965376652656
0.00211864406779661 1.1691574889468 0.320819535781629 0.643549577065278 0.671905392408371 1.76245385687798 6.6584388533639 3.13388261203481 0.029464879764281 199.48650058554 3.78081694943962
0.00211864406779661 1.53305035582744 0.332854903792031 0.896405830990989 0.588986049313098 1.46472928626463 9.87550294393469 6.21487472953962 0.0257163522680918 165.829911347906 7.36831865559602
0.00211864406779661 1.42997698145919 0.143340094876476 0.729193619277794 0.554690463747829 2.56705551128834 9.92449370367287 7.07971781030754 0.0581472964746702 174.759952907326 7.33047074049683
0.00211864406779661 1.37422048205044 0.234198620193638 0.768593858357053 0.523285649344325 2.52000872464851 9.05291349794738 6.11075438347771 0.0527517087139184 230.999561866434 6.0022985044214
0.00211864406779661 1.407600878831 0.360012332093902 0.727401438087691 0.426683938410133 1.57720926776528 8.99899774833509 5.60236479308608 0.0334858286424898 230.43543197858 5.90372563279997
0.00211864406779661 1.58979688349646 0.350141297769733 0.70455436904449 0.840026156650856 1.6284344936721 9.98713452626283 6.40418107776365 0.0277934902743479 148.740342195861 7.54822223890453
0.00211864406779661 1.53235708943102 0.270446081319824 0.846266073547304 0.385871668718755 1.63467874517664 10.0018566853332 6.62786499378204 0.0342526381298507 149.844669560109 7.55613170670532
0.00211864406779661 1.52862040405162 0.268103052792139 0.633135610970203 0.522868224279955 1.18782134586945 10.0482774134282 6.45383495060457 0.0274759977966136 130.794193091397 7.77074368216627
0.00211864406779661 1.36341998467688 0.258200277597643 0.822723490779754 0.747196359280497 1.12973619904369 8.99665197943273 5.15411701757395 0.021439184886436 232.498470573349 5.86281915768909
0.00211864406779661 1.3971431735903 0.157232662755996 0.711814544000663 0.459032550081611 2.23066150629893 9.78036843025892 6.90838841184455 0.0565867727311285 215.484297196196 6.9036133798148
0.00211864406779661 1.26020514345728 0.307418597117066 0.654686876351479 0.371542418422177 2.83410239731893 7.48983604096516 4.64803147903524 0.0583203283047223 215.664910770391 4.52590303955813
0.00211864406779661 1.4314599070698 0.247413264354691 0.924698136048391 0.491647644666955 1.42340575251728 9.61964408023437 6.01185861542516 0.0271118205155803 197.911435916717 6.92847026885364
0.00211864406779661 1.2946569878608 0.36139028344769 0.612845476984512 0.35022516134195 1.11937592690811 7.69622887298087 4.03360832703427 0.0256651677732504 221.415090399822 4.65293942102342
0.00211864406779661 1.34441972509958 0.239906331431121 0.694307692325674 0.431663926877081 1.09940286027268 9.10880217158469 5.5638816337462 0.0288709165639735 243.999071548254 6.01044984701906
0.00211864406779661 1.61312523353845 0.100075461925007 0.676853810600005 0.50557231111452 2.68606345402077 10.103066288391 7.18100875811512 0.0538228311898577 81.8597144323132 8.26823598270901
0.00211864406779661 1.2895685786847 0.259553956217133 0.856413121090736 0.552098075766116 1.52672106958926 7.95263856078397 4.4200447018614 0.0292290015476246 218.236443046312 4.93973584433872
0.00211864406779661 1.59077050453052 0.384292859886773 0.758122953714337 0.716885037627071 2.36383940605447 9.98531789221228 6.74000701403764 0.0389564517639976 168.586773457698 7.36082466318716
0.00211864406779661 1.51220073641744 0.385578397405334 0.724314195045736 0.722929996624589 1.39719240460545 9.78768193549823 6.10442113938744 0.0251408618066614 190.755636967233 6.99750457112575
0.00211864406779661 1.34067877298221 0.283918047323823 0.66703762387624 0.448896276438609 2.43031282350421 8.37920656877974 5.45870471549649 0.0539066272929515 227.21797193047 5.32988285842617
0.00211864406779661 1.31756369802169 0.165930112171918 0.631840676162392 0.588344991859049 1.78464712481946 9.01455525348776 5.88630977160107 0.0437945682482623 243.891957928944 5.92167770971985
0.00211864406779661 1.4723256804049 0.180338038713671 0.735703013907187 0.613833932345733 1.69186939438805 9.91083121140075 6.56516783078617 0.0352368319712464 147.262522209831 7.65936653404602
0.00211864406779661 1.62476034902502 0.101369530544616 0.655635894928127 0.822579458355904 1.31249115196988 10.1007127737084 6.46661117841695 0.0264076484891443 76.7415477171604 8.31256058386089
0.00211864406779661 1.63783100105356 0.215038636303507 0.701407636224758 0.370022365171462 2.2127081877552 10.0852242160912 7.01118392979014 0.0462339784790829 92.2054640813102 8.12389378020694
0.00211864406779661 1.30744089602958 0.399547703424469 0.83917300371686 0.401984318392351 1.68196896184236 7.64888277206065 4.09323283336941 0.0285628048102432 210.918811085389 4.66028948520917
0.00211864406779661 1.39299000331666 0.232379440637305 0.788071990967728 0.833351159887388 2.22668181313202 9.41713229444327 6.10932165409509 0.036596208371508 221.956618203864 6.36784407432105
0.00211864406779661 1.34783987279516 0.323453162098303 0.758618195750751 0.300497966911644 2.15566889289767 8.1182995473118 5.05536687758353 0.0467503905286525 219.89447799893 5.07840135972469
0.00211864406779661 1.41846978603862 0.381452966737561 0.68516197380377 0.891985163837671 1.03281147312373 9.05382300486376 4.98017608661155 0.0170152220944511 227.126081866069 5.9826760410749
0.00211864406779661 1.4002960228594 0.269725687615573 0.639946011803113 0.671578576415777 2.36295284051448 9.1575195957926 6.15450417435249 0.0496371654982166 232.699517236147 6.13736701807874
0.00211864406779661 1.43878080041613 0.393752444116399 0.653981502656825 0.535760480258614 1.36920474655926 9.05302088367088 5.53434310231385 0.0296385979780858 228.483899263485 5.96694217864595
0.00211864406779661 1.64304544040933 0.235103557980619 0.864018686988857 0.781882609147579 2.70021826634184 10.0767190692402 6.91514172500206 0.0423588738324668 103.539763780581 8.05660168061349
0.00211864406779661 1.18721066168509 0.137466748571023 0.821703540231101 0.379511583829299 1.78011183394119 7.55529171840495 4.32390426753639 0.0395026527592305 210.956744086591 4.48747335351266
0.00211864406779661 1.31159550158773 0.274340832582675 0.765775535278954 0.341339428676292 2.5972617934458 7.79678112729449 4.91594561139895 0.0560878809355067 225.369980505692 4.7677580786251
0.00211864406779661 1.57959990608506 0.275490927416831 0.822068302577827 0.409133976465091 2.167351545766 10.0254352373233 6.84821756626594 0.0417015212070515 133.756367253278 7.81294461778512
0.00211864406779661 1.47223032217007 0.311086000991054 0.674668467382435 0.509360738564283 1.46626488631591 9.70846568716394 6.33469957868001 0.0342603658166056 223.092461847514 6.79357823391974
0.00211864406779661 1.22670400082134 0.212489820178598 0.715944030194078 0.821391566516832 2.58203954109922 7.05403268120955 3.88475812186634 0.0420340800762631 214.154431635584 4.09664077448245
0.00211864406779661 1.59993045600131 0.235396685427986 0.624999981559813 0.374739508749917 2.578710926231 10.0468473626421 7.17561722398461 0.0566292219204115 111.407891890621 7.96827333089523
0.00211864406779661 1.49469367552083 0.167844278737903 0.903103169554379 0.414820063440129 2.39389402186498 10.0320991544795 6.99062475680443 0.0477644138117005 125.975788492856 7.77027948511333
0.00211864406779661 1.54345775754191 0.201099111465737 0.747396907152142 0.480374135635793 1.59447506675497 10.0823642938717 6.67363503695429 0.0330832139412758 104.373653211367 8.01687879727589
0.00211864406779661 1.30786661661696 0.240457940497436 0.72424098883057 0.732471052184701 2.75367938680574 8.1299117537417 5.12121294603137 0.0493558584588191 221.097208173846 5.09280591367333
0.00211864406779661 1.2155768122524 0.339930247003213 0.601518098544329 0.654870573291555 1.91933923680335 7.03183263999044 3.5444514702652 0.0305808534616673 209.767626068822 4.11651085767936
0.00211864406779661 1.16680592796765 0.168069858872332 0.613126961269882 0.46656302944757 2.84427232248709 6.99172871275832 4.19870457754634 0.0612357484369253 213.092445795855 4.07889245766318
0.00211864406779661 1.33942560895812 0.133367767487653 0.749044521595351 0.891204001754522 1.30077925371006 9.33541200747553 5.57144965798509 0.0231916645967605 242.542883841387 6.35726439882372
0.00211864406779661 1.23039788971655 0.385001148516312 0.74520611326443 0.343834577221423 1.90389707125723 6.9369184618044 3.48748833459963 0.0317637325083636 202.511323225153 3.98417138687986
0.00211864406779661 1.18230860910844 0.274358878959902 0.915197112096939 0.41199123300612 2.09692454105243 6.7322504355151 3.3821278189418 0.0350800524413015 201.02972501231 3.87050632522521
0.00211864406779661 1.26415618390311 0.225668823509477 0.643221467942931 0.628495885943994 2.12921656714752 7.82934622558373 4.72770382440307 0.0449752742568067 233.86122181166 4.75789127300576
0.00211864406779661 1.64189908790868 0.368876677914523 0.633784498798195 0.575666173780337 2.49046411830932 9.98905497085237 6.91363794214029 0.0461703699963739 133.182262052482 7.7023302521722
0.00211864406779661 1.43837686823681 0.338840089482255 0.641559270652942 0.856261780578643 2.87858107220381 9.12655288357776 6.06757646240668 0.046935713042974 214.407477345207 6.04595273239205
0.00211864406779661 1.57717134219129 0.39624838642776 0.802832908998243 0.620736660249531 1.63798310048878 9.8756383381162 6.31650261443684 0.0284634143415575 163.872290616898 7.31506313263579
0.00211864406779661 1.59912409514654 0.393216298054904 0.704196651163511 0.558281266316772 2.54050046904013 10.0293489810438 6.97432298992081 0.0471214960138139 154.689689730911 7.46110384982802
0.00211864406779661 1.56321114148013 0.388034006278031 0.861624986655079 0.313230056734756 1.26402432564646 9.83814159439791 6.18421761709812 0.0258893400184327 186.574916216728 7.11352205823265
0.00211864406779661 1.50591562336776 0.257585293240845 0.835191910341382 0.741775868134573 1.83865505317226 9.92379546121634 6.45806800576807 0.0312502639808481 166.485725730972 7.38918050175355
0.00211864406779661 1.29691536838654 0.251340588601306 0.682655131095089 0.840958694647998 1.23471486382186 8.27536759161938 4.48475437727942 0.0225817501515112 245.314918915982 5.18680771544986
0.00211864406779661 1.47405119948089 0.386226426716894 0.762473078002222 0.646573232905939 2.01537826610729 9.21644172083416 5.87493073085203 0.035383453266012 218.391669636701 6.18764791683941
0.00211864406779661 1.28101009069942 0.170465772389434 0.948356440290809 0.781968961609528 1.93587987171486 8.36822074801775 4.88846766012205 0.0308150186946105 220.062608916351 5.34455325091237
0.00211864406779661 1.34595297810156 0.321358177065849 0.938509616232477 0.756838407414034 2.59147709608078 8.0500768186027 4.75697116866236 0.0371383314530557 218.56026281845 5.05191432701569
0.00211864406779661 1.28483254541643 0.394396131043322 0.637195595027879 0.80175748122856 2.9193937946111 7.24427677547381 4.10007523693109 0.0431013250578789 212.529200408511 4.32481750960899
0.00211864406779661 1.31631940985098 0.270511742774397 0.808378920680843 0.644312027329579 1.73712210403755 8.1960375375276 4.7349877944936 0.0313967861557478 229.121735334329 5.13112220610343
0.00211864406779661 1.44450098110829 0.137420707405545 0.667724017077126 0.668196941027418 2.96784353954718 9.87300701528253 7.12403394146418 0.0639935441210975 166.68829257599 7.40963758193149
0.00211864406779661 1.29564581599552 0.392300892667845 0.935505598119926 0.779834766173735 1.91558827878907 7.50803762078611 3.83514196109219 0.0254028054646208 203.177067992425 4.54294010945196
0.00211864406779661 1.58896678660531 0.189631323958747 0.608121837186627 0.337624196335673 2.48617208283395 10.0915937349646 7.18280793503378 0.0545419144767094 94.1862640927596 8.10195043754398
0.00211864406779661 1.33184049637057 0.315409529069439 0.939299671910703 0.494134137360379 2.68291436182335 8.16107999443004 5.03868270665141 0.0440514377635424 210.893561062572 5.18197079867762
0.00211864406779661 1.21582025589887 0.21603039028123 0.733411608962342 0.611940680723637 2.24972651340067 7.20497505591441 3.97586684088304 0.0395927913055441 224.986078179356 4.1991493679462
0.00211864406779661 1.18458263212815 0.282633794471622 0.618370602920186 0.743602414196357 1.25688400538638 6.95102000189636 3.26357600378611 0.025035912169095 211.255673344479 4.01638302075239
0.00211864406779661 1.63910400550812 0.318151484709233 0.81419056262821 0.51941299228929 1.34305833373219 10.073024961452 6.39992516419594 0.0253976203270995 106.262377239581 7.94025150655428
0.00211864406779661 1.24079036407638 0.376082254876383 0.86043487744173 0.377784237731248 2.06556595722213 7.04934784288343 3.66904111189427 0.0340370129266251 199.228651667552 4.1225154391888
0.00211864406779661 1.60749226689804 0.105858375248499 0.821724823815748 0.663107616780326 1.2497340766713 10.099565444477 6.40191719672719 0.0247817385026569 79.5251858070339 8.27262169268841
0.00211864406779661 1.3760901076952 0.283071120339446 0.63525837387424 0.335924320528284 1.61026714835316 9.29213009384542 6.16498310311958 0.0438427026271305 239.451953549933 6.17479134560359
0.00211864406779661 1.19799913184252 0.334467251226306 0.733355143957306 0.654137241700664 1.27123139705509 6.50382347751692 2.59112886304331 0.0199865723286681 187.774719113837 3.66621065430122
0.00211864406779661 1.47189656444825 0.103220810764469 0.875109813630115 0.337805392546579 1.3087152922526 10.0727632701085 6.54945997535036 0.0295018208220998 109.442226000325 7.96785771288837
0.00211864406779661 1.34035005196929 0.358948385273106 0.619953288324177 0.80011164941825 1.44430244620889 8.30329840478318 4.61446023289518 0.0250010320769517 224.519433794149 5.26061549936403
0.00211864406779661 1.23472741418518 0.158603812754154 0.772112342168111 0.569832848478109 2.71422248380259 7.77998265769324 4.85903690994514 0.0538827037496342 216.322078555538 4.77153172320332
0.00211864406779661 1.28351182814222 0.288858225871809 0.777894820377696 0.73910274063237 1.19355257833377 7.83784008877483 4.02041340909457 0.0219843008148884 224.191659205846 4.78317208163753
0.00211864406779661 1.17107745467219 0.180780085059814 0.712886938964948 0.557695863721892 2.37372560426593 6.78797505797044 3.73123872795308 0.047040971168437 192.932849727344 3.82947716753649
0.00211864406779661 1.43732096706517 0.394987390842289 0.641771682584658 0.697750624828041 2.47315262723714 8.99485905727502 5.88267222360214 0.0445035270378671 214.559100189517 5.94986099725291
0.00211864406779661 1.44170230589807 0.141455521038733 0.914885701891035 0.367493229964748 1.95799256442115 9.8598779117702 6.68925609827649 0.04197748761819 170.015748711403 7.38585107812521
0.00211864406779661 1.27623742397409 0.134747458714992 0.82026958289789 0.852050001779571 1.59430748410523 8.63987361696729 5.04714029147111 0.0275229982036906 232.672188942765 5.52391943170045
0.00211864406779661 1.27537631532177 0.292600450455211 0.818864944460802 0.552043055417016 2.30140362307429 7.91575230185014 4.6936388339757 0.0398707037003245 206.073197798407 4.90076728041823
0.00211864406779661 1.59284615200013 0.15152268554084 0.733378251385875 0.803615280333907 1.59416155563667 10.0888420054475 6.58253285855018 0.0300074634409093 89.5008442546083 8.1657995150958
0.00211864406779661 1.44405166208744 0.331136743910611 0.844048986269627 0.409297386836261 1.47271684883162 9.54436437602502 6.05842201523286 0.0306248851357963 220.624782729369 6.48682113997004
0.00211864406779661 1.61847078751307 0.14270739578642 0.935980954300612 0.650598953571171 2.25879243714735 10.1015320753509 6.84754515458311 0.038619925896556 84.5292719654489 8.22814129229126
0.00211864406779661 1.21258281052578 0.237824569060467 0.615071576891933 0.534910086030141 2.37823253730312 7.19190333637463 4.20137035719899 0.0502606417082485 210.303484739689 4.25324584480796
0.00211864406779661 1.26149556422606 0.375179593195207 0.899355610506609 0.526819252129644 1.54382205661386 7.25207839007909 3.57001825123721 0.0251710654936461 212.200220444089 4.30033026159852
0.00211864406779661 1.31379310702905 0.279779750644229 0.781018441531341 0.637421187199652 1.28084570076317 8.29594783738511 4.5947830931016 0.0246947466480354 236.458106089917 5.18122159467179
0.00211864406779661 1.46787339830771 0.390138903539628 0.753616862697527 0.695081452606246 1.03131427941844 9.37135884301564 5.46057792933868 0.0200248572693325 223.311300591754 6.3256126564651
0.00211864406779661 1.37735774563625 0.167587782721967 0.799404786014929 0.376318830857053 1.76020947704092 9.48718897372157 6.35408014370879 0.0435820970962117 223.325299045556 6.56357339929087
0.00211864406779661 1.42399807935581 0.144958987319842 0.875833431794308 0.768820893438533 2.22778565715998 9.94748370408564 6.69179420514395 0.03855422839708 160.033735113314 7.42902616060967
0.00211864406779661 1.42372018864844 0.192452438990586 0.910386213986203 0.62469911291264 2.08664723625407 9.75623579808057 6.45697894816397 0.036910587317465 189.176641977399 7.03109322787062
0.00211864406779661 1.45394849134609 0.299604720366187 0.736225692403968 0.70508061312139 2.89246300049126 9.44802323068706 6.49375383985169 0.0521167236255774 215.442859760102 6.49437965473521
0.00211864406779661 1.49772958524991 0.390475677931681 0.708209985611029 0.86875797919929 2.88760642148554 9.31063809329155 6.15733203060246 0.0427106889793457 213.301825426993 6.32608984108495
0.00211864406779661 1.23023606077768 0.100968380831182 0.701123519462999 0.578820558032021 2.99713787902147 8.05961761301796 5.35128925131414 0.066648125205431 220.279846859877 4.98934355862863
0.00211864406779661 1.53549375790171 0.388261002674699 0.793207194376737 0.477731437236071 1.57643395522609 9.87009449224644 6.38406953948654 0.0306223558707209 177.784827902178 7.14493321926015
0.00211864406779661 1.18041411750019 0.281268504541367 0.87923684483394 0.823258035443723 1.26093765115365 6.73331978666058 2.69416108894154 0.017612283438706 202.746936358207 3.87764571635053
0.00211864406779661 1.30497897181194 0.222922541340813 0.609029494330753 0.399719927832484 2.4388672709465 8.28441718975398 5.52874467163364 0.0635662558317666 224.896006661182 5.17517516861403
0.00211864406779661 1.49669441822916 0.347595777828246 0.781580019462854 0.645595237053931 1.38640154851601 9.82348789949128 6.17329987460052 0.0259862422590138 188.43628540464 7.04429464312096
0.00211864406779661 1.35434467517771 0.110526692355052 0.845584003429394 0.632738502603024 2.0668814224191 9.56834271039899 6.36635194325776 0.0406811366419501 218.731467862371 6.65734684410612
0.00211864406779661 1.40175372452941 0.157773154904135 0.670839296269696 0.841703938879073 2.27394297998399 9.66036660865518 6.50194010960968 0.0424925505732127 211.449611334783 6.93410505430492
0.00211864406779661 1.61168738452252 0.260971270594746 0.687878698646091 0.762536242324859 1.499259498436 10.0879817474417 6.49072353450251 0.0273987410715028 96.3316324175258 8.0750952187842
0.00211864406779661 1.39677852168679 0.255331814242527 0.946614680753555 0.412533123185858 2.54807395394892 8.7616689636314 5.68510335392113 0.0461173700299204 227.881964126623 5.71259411260564
0.00211864406779661 1.4405915309675 0.248067115875892 0.814615799894091 0.47435403498821 1.29094219021499 9.79907288571852 6.22521827753421 0.0280475327976674 197.104307102501 7.09528546948348
0.00211864406779661 1.56926003305707 0.230261357314885 0.854778752312995 0.623994742054492 1.92227927222848 10.0465079484965 6.68910163294078 0.0348254681821071 127.362329051161 7.80350310962496
0.00211864406779661 1.24390200057533 0.342966816201806 0.601359435450286 0.774838784756139 2.23257132200524 6.83943951810553 3.48916615460811 0.0350747646298689 208.959558262541 3.88475812186634
0.00211864406779661 1.51181859998032 0.324542010645382 0.70682365585817 0.731101275561377 2.21325286943465 9.95244754355401 6.72275012455898 0.0395694699471677 165.543858127169 7.30301291206729
0.00211864406779661 1.53606208225247 0.160018321149983 0.749605556635652 0.83601970653981 1.4120035241358 10.0550476347633 6.41673228251233 0.0262966071913609 111.94959667779 7.99697838884562
0.00211864406779661 1.22615466509014 0.35781656424515 0.666960300260689 0.570180573407561 1.98094717180356 6.97295330482089 3.58967280403049 0.0339359450362608 202.766297990213 4.01671663209827
0.00211864406779661 1.22469194859732 0.101556759700179 0.634426913736388 0.445103449886665 2.91910079307854 8.23653822278721 5.6160974701571 0.0727707818445726 234.677174828772 5.17510294089445
0.00211864406779661 1.49275974030606 0.229337236844003 0.93917139043333 0.350556133501232 1.04133680230007 10.0083294337263 6.18435505525117 0.0218408244674864 140.921046527919 7.67712248545349
0.00211864406779661 1.52083924107719 0.26655690765474 0.902941072604153 0.803891320712864 1.23239914467558 9.90751775368769 6.03834813300683 0.020875696977041 146.999672858536 7.56235218825908
0.00211864406779661 1.62396192722954 0.38382742300164 0.803831514844205 0.658861209126189 2.96899358509108 9.94733376948237 6.88721237775081 0.0468820037869301 148.273740024768 7.5252984971579
0.00211864406779661 1.26197001032997 0.17600913727656 0.796791198523715 0.892683561472222 1.6930021205917 7.9785925306959 4.37035160309338 0.0270994749017736 229.386220666712 4.91684776399609
0.00211864406779661 1.54848482247908 0.204450380196795 0.913678556797095 0.395555316656828 2.52288614865392 9.98684629454707 6.96369443130625 0.0486476457428326 134.378053006347 7.78714686744002
0.00211864406779661 1.38779142159037 0.343207601597533 0.653860165493097 0.325994765153155 1.35861164843664 8.84997768428034 5.49593796063116 0.0349429088979912 242.312474080429 5.73355700335743
0.00211864406779661 1.59280388543848 0.14265894733835 0.713538147730287 0.408520695660263 2.03456795262173 10.1023903225022 6.92313638102044 0.0416166920296487 84.9458248196156 8.21336367002403
0.00211864406779661 1.47487863698043 0.272520078485832 0.772642235120293 0.353072721278295 1.4695782745257 9.76993139770026 6.41558783703468 0.0349322935615549 198.23175660442 7.05249034211398
0.00211864406779661 1.30275881928392 0.347966039180756 0.708293624431826 0.578789137070999 1.88218699255958 7.61526313537597 4.21793083231323 0.0334624185882767 218.892994170833 4.57618264911484
0.00211864406779661 1.54423050836194 0.279335322719999 0.634510837611742 0.435926989093423 1.26036144187674 10.0613954508839 6.54640274549229 0.0297480199534609 120.108272116995 7.77980149953471
0.00211864406779661 1.28206935441121 0.378762138192542 0.650493605900556 0.818711923342198 1.67706227209419 7.45104809288563 3.86965660905652 0.02783693664623 213.466580759108 4.47607339043143
0.00211864406779661 1.29321856515016 0.275560359819792 0.918205208983272 0.70752992508933 2.36791911069304 7.80703548202289 4.45318382899021 0.0349494812504238 210.209211606653 4.80292755091189
0.00211864406779661 1.1825504518114 0.138654714589939 0.756822852231562 0.393543701246381 1.46570479031652 7.24788541360304 3.86757124285731 0.0340367597004765 206.068329686776 4.25653735158544
0.00211864406779661 1.27394702271558 0.267863723891787 0.641762482363265 0.425642054574564 2.56601447751746 7.88199341377401 4.98360662170834 0.0551120555874006 225.252723339564 4.84331181287974
0.00211864406779661 1.19189094144385 0.166194929322228 0.67005284500774 0.757915029348806 1.08236601063982 7.631090333923 3.84223616804002 0.0226215075015722 217.318089519031 4.58269733013603
0.00211864406779661 1.57481660225894 0.179391758237034 0.847052488708869 0.696193320304155 1.40482142055407 10.0792179911102 6.44291164735447 0.0263494904022257 101.852351027863 8.05108596133851
0.00211864406779661 1.39445636069868 0.322321781958453 0.912441519112326 0.413327908655629 1.99169227015227 8.90538350903768 5.57136704367964 0.0356496316220325 214.803846987568 5.86656573703105
0.00211864406779661 1.40389012880623 0.174897357728332 0.655255127884448 0.564141349168494 2.84031203621998 9.7225270690615 7.00937882084305 0.0663276617247309 214.892715289589 6.8377261564868
0.00211864406779661 1.40043573672883 0.145280300313607 0.744158974231686 0.592221671249717 2.41741788340732 9.63074391863986 6.69486075067838 0.0530838166718379 216.304781290874 6.80903930604298
0.00211864406779661 1.2981321254978 0.297314439364709 0.754179031273816 0.694647405529395 1.36873340280727 8.00540043346004 4.33379881236063 0.0254356989534328 228.268509249601 4.95770323075949
0.00211864406779661 1.40859354750719 0.129391701635905 0.876155178202316 0.337624155683443 1.93025157507509 9.89728386664879 6.7662314405517 0.043671811704455 169.702047500921 7.35091473700468
0.00211864406779661 1.49534419025294 0.226483991323039 0.738387275696732 0.407545319851488 2.82455965410918 9.96116259535245 7.1498627016078 0.0601267831422364 143.695650667308 7.60811774595526
0.00211864406779661 1.27474076275248 0.331854296219535 0.723441689170431 0.588371583586559 1.52298142760992 7.66902828858968 4.07073469658297 0.0273703876693134 209.242868739905 4.66249525260736
0.00211864406779661 1.4624513104558 0.253912598290481 0.864915080077481 0.599463145108894 2.72593545448035 9.66068323886243 6.63401994155187 0.0484771223082725 206.896697994831 6.84687229045857
0.00211864406779661 1.41695214025676 0.186748645594344 0.815540239319671 0.67639716854319 2.1850703144446 9.69543579504339 6.49968678500386 0.0409358525258619 209.879170137384 6.884145413343
0.00211864406779661 1.60334941253532 0.15146988814231 0.648167275905143 0.772672647982836 2.80961610889062 10.0711888636005 7.15861775329538 0.0543358466633782 102.804802700313 8.03878097555201
0.00211864406779661 1.20192753882147 0.233920825412497 0.606488381267991 0.651608746591955 1.59757256461307 7.50806852166335 4.08162027255773 0.032502175640395 222.549654696837 4.48085725621305
0.00211864406779661 1.42678390359506 0.265189474611543 0.823338344902731 0.571633348194882 1.41279798699543 9.60968009147075 6.05686207419428 0.0286438070707342 210.06761247356 6.67334010762986
0.00211864406779661 1.56291390743572 0.24752042517066 0.933252533909399 0.527268853364512 1.56221705209464 10.029152040384 6.46011309197479 0.0281829259150926 123.7071762482 7.88272992719207
0.00211864406779661 1.63914078995585 0.37912893097382 0.6668920216267 0.448564065853134 1.39012275496498 10.0197138215043 6.46831965130282 0.0286846205208101 126.151403613655 7.78752032950684
0.00211864406779661 1.35921317115426 0.188580960710533 0.801603042986244 0.518218218209222 1.0436927638948 9.5075928806653 5.81155387489834 0.0248216504220193 242.084749959321 6.45357069386132
0.00211864406779661 1.36789686381817 0.349036438949406 0.76309129622532 0.638689283234999 1.31413694517687 8.40555246002348 4.69765506176267 0.0245290438993546 221.283772814827 5.32787616878958
0.00211864406779661 1.52862506392412 0.371470586583018 0.655442866054364 0.626240684185177 2.57043245341629 9.67088482056807 6.66470659511826 0.0494804208790677 202.515821280566 6.88089782481225
0.00211864406779661 1.30582101850305 0.152063059085049 0.798422070615925 0.80189303085208 2.69980098074302 8.78952354415667 5.72819470031077 0.0468254301741706 229.677778824887 5.69326761667148
0.00211864406779661 1.38365834983997 0.118053982197307 0.718137450364884 0.328180769551545 2.96538327727467 9.70941515528881 7.2241002050614 0.083299315241989 231.921534250781 6.74235186882345
0.00211864406779661 1.18383452398702 0.226895609055646 0.687132319959346 0.714510319149122 1.4654639121145 7.16090341593769 3.52527060625214 0.0263672436597849 206.665948076492 4.17723222202787
0.00211864406779661 1.22407871680334 0.2902872110717 0.807615714566782 0.505180192412809 1.80058530764654 7.10663541130351 3.72912985673523 0.0341324902666784 194.406391401917 4.13858926401986
0.00211864406779661 1.60017214911059 0.30558685909491 0.692739197146147 0.635815343912691 2.24169040517882 10.0319613855734 6.87022646708972 0.0423521996907315 144.407138195564 7.70059695357328
0.00211864406779661 1.47104031555355 0.233154860488139 0.657168503140565 0.514746759273112 2.97253205021843 9.78516749771076 7.09826543968164 0.0680915566544789 191.301002503578 7.10293821693699
0.00211864406779661 1.47543122570496 0.299214476905763 0.72239665145753 0.652919172216207 2.7866005836986 9.52419201455986 6.56131351132343 0.0516699707261949 198.940574291797 6.72815002968241
0.00211864406779661 1.28378777471371 0.140864704712294 0.619492666726001 0.41696420093067 2.56502171885222 8.63263062114579 5.98087293925209 0.0705271397750921 251.873174662794 5.49467683395543
0.00211864406779661 1.15281822611578 0.392490405123681 0.67528994246386 0.718536248942837 2.90454411692917 6.49102697859526 3.20111910327894 0.0372572815533981 182.739766093877 3.67882911826043
0.00211864406779661 1.18138955566101 0.204154323623516 0.799899302620906 0.662939679762349 1.74793243920431 7.09330495312752 3.59676416520613 0.0303020234574875 203.642005198582 4.08899695589551
0.00211864406779661 1.29174619631376 0.215435269637965 0.855432212748565 0.352877163514495 2.38143033673987 7.89615494192316 4.91392183130018 0.0506795344002259 212.313800222385 4.86647287923062
0.00211864406779661 1.319081997592 0.244300430943258 0.67245806112187 0.771742557641119 2.35089330701157 8.06606103712462 4.91485833870249 0.0428006196616982 232.3433058788 4.98861688042425
0.00211864406779661 1.47073638029397 0.274466584180482 0.925475112546701 0.417461251839995 2.61268518865108 9.65823471563382 6.62543657569568 0.0481806331788441 185.817516270595 6.88942157229363
0.00211864406779661 1.54052266860381 0.315151168499142 0.607142925204244 0.782095811935142 1.09289289265871 10.0425550509423 6.21340737784567 0.0217281272071481 138.39617107868 7.69220461794887
0.00211864406779661 1.39922819924541 0.391925659170374 0.895865045825485 0.624096645321697 1.65616901172325 8.67469254388984 5.02585225990112 0.02602128859198 219.194701461371 5.62353604252854
0.00211864406779661 1.25382504318841 0.208023002906702 0.696941734966822 0.343009067326784 2.55982580780983 7.82169124055961 4.97756098636683 0.0581848507690087 223.683900826191 4.75565701926203
0.00211864406779661 1.50875885863788 0.38649067459628 0.819814336916897 0.877055820822716 1.43817638931796 9.5349593015664 5.66087497364492 0.0207733507448482 220.829905058032 6.48275050899936
0.00211864406779661 1.4348035848001 0.253191007021815 0.869126264716033 0.708036222215742 1.47305904515088 9.64022219254881 5.9909471719132 0.0260099786428328 205.795792917774 6.82908519205197
0.00211864406779661 1.2627943204483 0.242641197657213 0.728957123251166 0.801312465872616 1.17953147692606 7.70395853630473 3.89254889559277 0.0221169799771259 228.062242811777 4.69690254444453
0.00211864406779661 1.36958893747069 0.305665380484425 0.809387752308976 0.758844468835741 2.3804355962202 8.69370479964964 5.41977181523158 0.0378572419533851 217.204858396548 5.63810921032417
0.00211864406779661 1.5874955148669 0.340814673574641 0.828958488046192 0.742758542206138 2.06772397272289 10.0429552487266 6.61735841370165 0.0325298602342428 128.623731541704 7.69211333959547
0.00211864406779661 1.57025891854428 0.248416914488189 0.833864078542683 0.326683286391199 2.50535795511678 10.0524751729869 7.10632345221305 0.0525415118051285 132.536890843965 7.76202386122848
0.00211864406779661 1.49770175046287 0.18014552204404 0.804321945179254 0.489702158700675 1.67372731491923 9.98527568567014 6.62662640002086 0.0347822080577537 124.810653835258 7.76501322484498
0.00211864406779661 1.21076150306035 0.310585432196967 0.707934655586723 0.433617136627436 1.04258966026828 7.03758399180717 3.18082775723067 0.0211364501302731 208.716118536096 4.14048571821996
0.00211864406779661 1.64901162122842 0.182931880117394 0.786075966758653 0.409848765190691 1.12386137107387 10.1024709161633 6.33765134893233 0.0231717928088764 80.9573236613597 8.25923387755946
0.00211864406779661 1.15531133671757 0.366368126426823 0.616832140414044 0.562034074310213 1.17409536987543 6.2342706598872 2.3615276286275 0.0208012326656394 192.049802823453 3.41538201665411
0.00211864406779661 1.43396768344101 0.176671606791206 0.75051579271676 0.431473595369607 2.40445108478889 9.86403094489526 6.97507118960032 0.0556340555525697 182.847769824511 7.30787278076371
0.00211864406779661 1.21823796336539 0.230500458157621 0.762530914251693 0.488568129809573 2.52909581642598 7.23481522679279 4.21155763491065 0.0486425025652403 216.024691218368 4.24077319595545
0.00211864406779661 1.39470023310278 0.35255839494057 0.685938971978612 0.723602802492678 1.49184180190787 8.96415420025218 5.38388325487768 0.0278681464868483 223.734028991492 5.87838916305084
0.00211864406779661 1.4117247744929 0.117882050853223 0.939974156382959 0.434933167090639 2.8205539197661 9.93073031694724 7.05367513397971 0.056300313077793 162.984665508788 7.3562138154442
0.00211864406779661 1.30610748587642 0.118331424728967 0.945486498379614 0.62621750109829 2.64083848893642 8.80584622090806 5.70330617076532 0.0449349203630759 221.313892058996 5.72963585348253
0.00211864406779661 1.18221579664387 0.340481298044324 0.644094570248853 0.504059848375618 1.54162046220154 6.64524100326352 3.09801112267441 0.0288043206480972 207.455645596374 3.73766961828337
0.00211864406779661 1.4222166182939 0.283774886094034 0.893644231487997 0.4837529535871 1.58215617388487 9.26783148908495 5.77444445049745 0.0303977392963299 225.911825104907 6.26549786312673
0.00211864406779661 1.47375101349317 0.355352289532311 0.603643658699002 0.553679009154439 2.36853600014001 9.49747229312248 6.55526205564008 0.0527490119565761 229.29039743508 6.42670418391738
0.00211864406779661 1.22093999069184 0.111211520596407 0.772000851447228 0.442233621329069 2.50612320983782 7.89350544015489 5.00634036981338 0.0557339908042913 222.03709628734 4.81073150025706
0.00211864406779661 1.44346083395649 0.105806015385315 0.616221283900086 0.604659124463797 2.43203734327108 10.0053047290102 7.15701011649697 0.0579430520193408 146.279817870616 7.64134921125377
0.00211864406779661 1.3879592130892 0.271633875090629 0.803497608879115 0.740382415289059 1.5270686079748 8.9977145903547 5.40143398724519 0.0274255394471387 229.865532271053 5.91592318740228
0.00211864406779661 1.16510704611428 0.347274976200424 0.731667206517886 0.593422867264599 2.17780169472098 6.35411235864686 2.95991317574904 0.0335674247793312 191.992038414986 3.50877765405829
0.00211864406779661 1.28629310391843 0.299190226104111 0.668866607092787 0.70146295633167 2.31485896371305 7.84459065970514 4.66040214222501 0.0414118371516941 218.856811635425 4.78331637137157
0.00211864406779661 1.37579991084058 0.168049071123824 0.607857511669863 0.595681338105351 2.386676593218 9.44429697509867 6.57915542198177 0.0569750655630784 242.073238742663 6.55614139785727
0.00211864406779661 1.3824056813959 0.107104403758422 0.792473354260437 0.436715035373345 1.27421834506094 9.87863666849292 6.42394245446221 0.0315969647875077 191.689014601558 7.30617179450051
0.00211864406779661 1.41012301270384 0.242631997470744 0.781861326261423 0.359774736827239 1.85238685179502 9.61763598759079 6.47223969605714 0.043049860370769 226.649612832945 6.68792519757559
0.00211864406779661 1.53663537078537 0.339124761265703 0.854606608697213 0.321677861642092 2.43549557588995 9.83882991319315 6.80446668947621 0.0481052854295534 178.089485963695 7.19002271873242
0.00211864406779661 1.59461311865598 0.105569360801019 0.713218288158532 0.597988886805251 1.85239825071767 10.0902851878385 6.84040391662444 0.0387788117196466 84.90596569264 8.21809509228152
0.00211864406779661 1.40638154358603 0.311214094841853 0.890189894079231 0.583305011596531 1.85951992636546 9.19547035930945 5.74790568084284 0.0318230414247628 208.697061096744 6.27205906205787
0.00211864406779661 1.23040976396296 0.100910625257529 0.635428327915724 0.781868675211445 1.57418177183717 8.38944098544351 5.01396308418893 0.0342017693369045 231.513507429368 5.25058913832498
0.00211864406779661 1.35747764746193 0.186526108090766 0.838175700989086 0.552615463687107 1.92526328191161 9.34084823281448 6.09232356690854 0.0388314549614439 242.668033052581 6.27274687446192
0.00211864406779661 1.51404434905853 0.228712163050659 0.755900263541844 0.789945577690378 2.37304102815688 10.033250394753 6.85442482327049 0.0416345231908774 130.178425640966 7.68125281219574
0.00211864406779661 1.3816590679111 0.219730132515542 0.702687699301168 0.535974013851956 2.53486275859177 9.20284904861774 6.34733083083583 0.0575260023978963 235.460570483375 6.11743618666992
0.00211864406779661 1.21899332546163 0.375915242033079 0.686996488529257 0.344671311741695 1.89354654215276 6.83553014855355 3.5029800759721 0.0357019463319129 195.007923423488 3.93462283734539
0.00211864406779661 1.38517691774759 0.227104869205505 0.80198866459541 0.807374291634187 1.79134492902085 9.52019295572794 6.02369804168297 0.0303034135606511 227.074368954134 6.483423657011
0.00211864406779661 1.23356445457321 0.332049974333495 0.680848026426975 0.752633148338646 2.95519208721817 7.00646875191817 3.89254889559277 0.0444264682090277 202.078870517705 4.0561233494019
0.00211864406779661 1.35082080829889 0.242506302311085 0.816625990858301 0.723206656984985 2.68026215257123 8.73244360474908 5.64483747596553 0.0456110107048519 221.741022307116 5.6937321388027
0.00211864406779661 1.18831910062581 0.142293034447357 0.734522903279867 0.651887510810047 2.06693046865985 7.47127201972632 4.27053625864052 0.040732223765397 223.929358123177 4.39592953984287
0.00211864406779661 1.26708939156961 0.353541336674243 0.916802084562369 0.470349678536877 2.77628582995385 7.00793238394781 3.81330703248899 0.0409818763004735 208.383996528659 4.09822590893007
0.00211864406779661 1.54365212270059 0.155845075496472 0.700696916982997 0.774987099319697 1.09926005359739 10.0818474030772 6.27132593903353 0.0221366324888734 100.364012089695 8.09294928885899
0.00211864406779661 1.42755102317315 0.103659349982627 0.725477601541206 0.624422341352329 1.16344123473391 9.95694006585592 6.33229917582756 0.0266586690114833 150.681314086709 7.73511680855396
0.00211864406779661 1.43608725895174 0.240886784717441 0.672278021951206 0.431938850646839 2.74722270248458 9.43729458452404 6.76237066240739 0.0689120708797309 225.500019627574 6.43476789241169
0.00211864406779661 1.41573992718477 0.190223649097607 0.901083511812612 0.58412559167482 2.6958002820611 9.70375094448799 6.67748820120724 0.0484965439044068 208.927941925465 6.76029053174545
0.00211864406779661 1.64987247725949 0.250770123815164 0.672295171185397 0.395299870893359 2.95944215916097 10.063009495553 7.20429797986611 0.0573425977236881 103.528574732413 8.09069850361355
0.00211864406779661 1.51315740621649 0.148282400891185 0.751777155708987 0.442659577773884 1.54891225742176 10.0613102997978 6.68387870044842 0.0341350146358127 116.862324054318 8.01135510916129
0.00211864406779661 1.32354671179783 0.122034440864809 0.641650915285572 0.45101934154518 1.21537537686527 9.71713869705039 6.3628211855827 0.0349332035316343 249.659527756382 6.70813292270927
0.00211864406779661 1.40119016494136 0.108662541932426 0.665493978641462 0.793816121388227 2.73509660968557 9.78587411456621 6.88052583065359 0.054729725798663 210.802275522219 7.17245104090255
0.00211864406779661 1.25890292120166 0.276238088239916 0.807200278271921 0.589851287333295 2.05309084476903 7.39901838455449 4.04546818744009 0.0349600185665759 218.682848836845 4.39954470709904
0.00211864406779661 1.34768799154554 0.278527856688015 0.633746231975965 0.405919575830922 2.33562467154115 8.54043434464486 5.66423281851822 0.0563483947448983 232.969578907697 5.44140709901587
0.00211864406779661 1.39895779904909 0.277088121697307 0.880685916088987 0.534790022391826 1.34808827005327 9.28793339727629 5.64836696298617 0.0262637285496398 227.460569928262 6.22803479690849
0.00211864406779661 1.3048529798165 0.294634978636168 0.675852116092574 0.706599357398227 1.74339435482398 8.16406433362796 4.72768276046348 0.0321809192108035 229.610482745373 5.03976250375449
0.00211864406779661 1.53120777881704 0.186997460643761 0.734454916301183 0.761214783042669 2.89284131815657 10.0065855105397 7.08391902643536 0.0537900655481388 131.639777016497 7.72671245206732
0.00211864406779661 1.4969249184709 0.179237480438314 0.616927265352569 0.633192425128073 1.481019068975 10.0286608374265 6.6817196185146 0.0351918337542216 143.862942607463 7.71178048433358
0.00211864406779661 1.37570721560623 0.101939561986364 0.695504452078603 0.828642538608983 2.19082608819008 9.83126005969308 6.67062006856042 0.042398597669121 201.521761369382 7.04875391453094
0.00211864406779661 1.48133094722871 0.156258665630594 0.604646516323555 0.821809903811664 1.36978329531848 10.0171956301505 6.46733634161044 0.0287286818246052 141.465109502254 7.79223881620718
0.00211864406779661 1.33916593387257 0.13493402430322 0.749973061308265 0.538416177593172 1.78639041492715 9.47838845291197 6.28655659773478 0.0410965190720585 225.486000682329 6.54357605777952
0.00211864406779661 1.32709402297623 0.216854448360391 0.651647010631859 0.794148534536362 1.35994299454615 8.88628997421238 5.31507275938875 0.0281216028073923 246.399725925372 5.75235367670521
0.00211864406779661 1.29116569573525 0.204554183641449 0.874930701579433 0.834450754662976 1.85181196872145 8.62597451609616 5.06001317500314 0.0282697955007508 233.667758390657 5.55925611402431
0.00211864406779661 1.63999204731081 0.15865311245434 0.908251388580538 0.388305470393971 1.17929621180519 10.1025556008087 6.35841980045427 0.0236560637784962 81.2161808819061 8.26689253480942
0.00211864406779661 1.48554270025343 0.239134066388942 0.771528113889508 0.724965493334457 1.86607605963945 9.96618062187455 6.59340976424146 0.0342944804483266 162.531401431857 7.46836105291015
0.00211864406779661 1.57183721798938 0.396313848602586 0.850164066592697 0.450164914643392 1.30425154557452 9.99096257202696 6.29311115991014 0.0247767042478495 152.291539701127 7.41415110566874
0.00211864406779661 1.4931636209134 0.31218206747435 0.940101349144243 0.780776648456231 2.0309600699693 9.86671637016454 6.34925553470491 0.0296746885039544 175.838676476579 7.1608717862466
0.00211864406779661 1.53188567932229 0.121881957980804 0.768164581269957 0.370146033167839 2.34027321310714 10.0654788428568 7.13992464150366 0.0536349591075959 118.226718080174 7.98060521642681
0.00211864406779661 1.36835275378544 0.394871408073232 0.624758985289372 0.46495783100836 2.0509943771176 7.99951078018703 4.79606598975218 0.0406220283045254 228.896965570811 4.95394735779968
0.00211864406779661 1.18905333043076 0.286095636500977 0.877609295933507 0.640162755874917 2.10605618776754 6.92738885886011 3.58447633441244 0.0353338968723584 210.709009699045 4.00983788284748
0.00211864406779661 1.22056294369977 0.332508516404778 0.932879281206988 0.44169990378432 1.01877914555371 7.17390358372131 3.11668488397165 0.0172970605944496 208.641761568892 4.20629048923826
0.00211864406779661 1.21445789895952 0.331254753423855 0.793362281576265 0.624214852787554 1.98595560062677 6.66020925155533 3.04622167347638 0.0269441903019213 203.787597753987 3.74950407593037
0.00211864406779661 1.42304670354351 0.241628065914847 0.678802940319292 0.733720474736765 1.70314986072481 9.5105546977746 6.12233035317417 0.0337685850661107 212.053124735146 6.74191930733683
0.00211864406779661 1.56211234778166 0.33488491398748 0.882050377805717 0.791065968526527 2.78749227337539 9.78203341161116 6.5634793391864 0.0400128721684523 177.161230955923 7.19843286041372
0.00211864406779661 1.20785686697345 0.379988694144413 0.702170424780343 0.623750896286219 2.75115756457672 6.80880275961964 3.55534806148941 0.0386404857661068 190.431174968065 3.94019388239484
0.00211864406779661 1.17031106199138 0.133002511039376 0.748000301152933 0.775280825514346 2.95866904966533 7.11626926117104 4.10518304894156 0.0492381666042213 205.702412620569 4.16128404489721
0.00211864406779661 1.39926191335544 0.263204726134427 0.627826795889996 0.828559698583558 1.24001847393811 9.47015523563513 5.74896826727796 0.0242052199574815 247.441275813709 6.35193228928541
0.00211864406779661 1.16017063728068 0.111853582272306 0.923615954618435 0.367031206190586 2.24245019163936 7.10594387560499 3.97968165390196 0.0438815104577431 198.86190860585 4.23131554548724
0.00211864406779661 1.4382861001417 0.305606075795367 0.764330976002384 0.520824071997777 1.25929541653022 9.59847522253319 6.00907640106157 0.0276149269351525 207.693891203189 6.69694606035658
0.00211864406779661 1.34104624330066 0.159642177517526 0.815057241264731 0.828635768266395 1.08065448375419 9.49705818657731 5.57738485357242 0.0198475772339203 229.260941630115 6.48421398345694
0.00211864406779661 1.51013052042108 0.113447992433794 0.863047546369489 0.890153707517311 1.72128147259355 10.053841032115 6.52003185235013 0.0291935005097892 113.288567258074 7.96878107398814
0.00211864406779661 1.63370531527326 0.346706398040988 0.869940119679086 0.334804815100506 1.5144658042118 10.0737539787323 6.52911675387769 0.0288790972282814 113.734722978025 7.88551084754465
0.00211864406779661 1.5751275700517 0.124139812751673 0.926536439114716 0.838519097585231 2.86721209669486 10.0864783297966 7.01250560851427 0.0462371023842372 93.5819986692237 8.12341947189766
0.00211864406779661 1.54872859558091 0.375802790839225 0.871588848263491 0.840999947860837 1.41833209106699 9.84105348215458 5.9917978248981 0.0212955817522198 180.252407115771 7.09867862298941
0.00211864406779661 1.38807621968444 0.300011374265887 0.653919862909243 0.560985608864576 1.80832788487896 9.11712433126451 5.89687910461811 0.0399452614169829 235.67504870774 6.0408894304355
0.00211864406779661 1.57966659914237 0.28712243263144 0.686212913074996 0.808374619390815 2.88106825295836 10.0451083359105 7.02483308517976 0.0487877876394893 124.402970394795 7.75762618093671
0.00211864406779661 1.28020491006318 0.255799799994566 0.692834945814684 0.737846649158746 2.46215514605865 8.04884744637995 4.88167895784175 0.0421227001124061 220.43153422447 4.98588712440706
0.00211864406779661 1.25989660059568 0.288914503296837 0.609264615608845 0.736730330809951 2.46246870933101 7.46189323380466 4.37298589002173 0.0455516995702236 214.216893231471 4.46406734501009
0.00211864406779661 1.19235290724318 0.232381674693897 0.844587780616712 0.887629802757874 2.77043579053134 6.96291400960244 3.73866119000566 0.0397854974172943 195.17483635585 4.09016919081162
0.00211864406779661 1.33444970238488 0.209625012311153 0.772576697589829 0.746714593749493 1.27922896388918 8.82393217708308 5.10112719706033 0.0241660872963111 236.928233259599 5.75290099213674
0.00211864406779661 1.51442584672477 0.362110518245026 0.941573002864607 0.608329167449847 1.59741728007793 9.74894457354739 6.10858069377666 0.0262427930065904 197.192724208237 6.8891159747632
0.00211864406779661 1.32273916944396 0.1558634680463 0.887868428183719 0.805869431002066 2.80819584196433 8.7120961884595 5.60567528341152 0.0447608724028535 223.064940033016 5.6344200767747
0.00211864406779661 1.52467287445907 0.134817146626301 0.627823150076438 0.372346241399646 2.99860669719055 10.0812905828143 7.40828811326269 0.0690446094475929 105.862627847263 8.00858732438856
0.00211864406779661 1.41633513066918 0.15276435050182 0.659105501824524 0.345664619794115 2.80184639664367 9.68896620571214 7.14187287732832 0.0783089539291224 215.73911375813 6.94165683065782
0.00211864406779661 1.56606860491447 0.356117933010683 0.861416067660321 0.46465242463164 1.48592678690329 9.97883927472154 6.39981437928474 0.0279028932326364 148.649821634294 7.46073960347844
0.00211864406779661 1.62544497356284 0.301217499817722 0.665425590972882 0.892529507540166 1.6950276773423 10.0846653999883 6.51115079930617 0.0280570707906399 100.666358108023 8.01236068410886
0.00211864406779661 1.23407036529388 0.149794586119242 0.898524353199173 0.468087067175657 1.87112649809569 7.64049703442429 4.30506559353775 0.0355992239369182 219.746868712207 4.62751134592583
0.00211864406779661 1.57891404614784 0.337889279145747 0.75795871616574 0.597550335852429 1.23519048281014 10.0194267437618 6.30255581851496 0.0243099165051942 136.217029259238 7.64529874831041
0.00211864406779661 1.37035038273316 0.332422173093073 0.736110267310869 0.483971307612956 1.37926634820178 8.49753924272202 4.97887176437766 0.0296389033465093 228.764444659601 5.41256927087738
0.00211864406779661 1.39225084087811 0.147024984308518 0.836977440665942 0.578641228470951 2.50989648792893 9.53834591470565 6.55141361283353 0.0504419402630271 203.776661426394 6.68744105467809
0.00211864406779661 1.15613289931789 0.157420019106939 0.711290245305281 0.300808380637318 1.70791393565014 6.68215679370497 3.36596868977841 0.0362909055858114 198.744199899535 3.79375908493441
0.00211864406779661 1.39380041146651 0.296262053842656 0.645782786712516 0.344848123798147 2.70827504200861 8.84377430725399 6.15038217209993 0.0676510681485756 228.860812860727 5.73757290904747
0.00211864406779661 1.60885766204447 0.148394142976031 0.689247370744124 0.534652286628261 2.39931449107826 10.0624964122737 7.03714477243932 0.0485407494075282 95.1483729788931 8.14791535406979
0.00211864406779661 1.18585795674007 0.118646304332651 0.663336752413306 0.807677308749408 1.44694269774482 7.74082541954902 4.21075491406651 0.0293028497826437 235.824269375274 4.65396035015752
0.00211864406779661 1.3029827225022 0.126871293107979 0.633456262061372 0.714006527932361 1.8831465151161 9.21576960697107 6.043297695748 0.0418998969609446 246.314233610991 6.12800391124681
0.00211864406779661 1.32984269803856 0.166320360661484 0.759922331187408 0.89436856568791 2.00161610124633 9.01242500409439 5.59364868024572 0.0327524888670268 243.817975373168 5.95082854719442
0.00211864406779661 1.46920206628274 0.103103267354891 0.650080412148964 0.549725835816935 2.84434404782951 10.0110805742967 7.33464358387535 0.0688078810525143 149.1116095392 7.69959076543184
0.00211864406779661 1.19354304890148 0.252220145426691 0.760389529820532 0.656166382692754 1.28798996424302 7.09968332314343 3.33369149929678 0.0231446454364124 211.954175387254 4.11971445218343
0.00211864406779661 1.28122299453244 0.242127517680638 0.90540175717324 0.41473531848751 1.88359331013635 7.93200315236138 4.61479042936508 0.0362537402752843 223.53499303993 4.90724813872361
0.00211864406779661 1.59943253183737 0.147595757688396 0.826896176917944 0.685760254506022 1.781172697898 10.0946903871014 6.66074585656595 0.0322594411245239 85.3615216386053 8.20448956338938
0.00211864406779661 1.21269840861205 0.295797568443231 0.702356182073709 0.543797510443255 1.16379694873467 7.23032175328742 3.41114771251532 0.0219459198454853 205.175990877869 4.2570301444992
0.00211864406779661 1.19613991640508 0.371036700578407 0.912785862653982 0.306507629435509 1.11913368152454 6.73010280503645 2.83907846350861 0.0204244137436796 202.59425795308 3.87397493779062
0.00211864406779661 1.51992388858926 0.181627099355683 0.658121627382934 0.56939955772832 2.02678939374164 10.0301525083809 6.92021072024948 0.0446035517207961 121.390672738991 7.85549299699366
0.00211864406779661 1.45005252931733 0.283136665006168 0.65901790271746 0.387585093593225 2.91898560523987 9.58260047529981 6.96436373319289 0.0729313462914069 216.764873008652 6.56652692234573
0.00211864406779661 1.44231271939352 0.142358117131516 0.781139326421544 0.740359958773479 2.48120394907892 10.0027638827315 6.9280479822499 0.046202752697074 165.187257262101 7.50606181234721
0.00211864406779661 1.25618350713048 0.392780001135543 0.774323365231976 0.59976892573759 2.46292312536389 7.13877175731485 3.82690075201131 0.0364479156745087 210.885132872327 4.2112383136936
0.00211864406779661 1.15113055459224 0.199323752848431 0.867153893923387 0.42722445060499 1.3966963076964 7.03955921888051 3.42901206984503 0.0270370495229747 194.889663163614 4.07427266790758
0.00211864406779661 1.54112285291776 0.221097032190301 0.713067475473508 0.665816137008369 2.40971674304456 9.93429153391282 6.85860004818399 0.0461576999531328 152.331258868962 7.67204413181323
0.00211864406779661 1.46711995322257 0.147858165181242 0.942692964943126 0.703383344085887 1.60710921790451 10.0124140240378 6.4559283059979 0.0285389425810119 128.863614747126 7.75653163768858
0.00211864406779661 1.6226482864935 0.10125280066859 0.695745713275392 0.832278619380668 2.12518250849098 10.1011341345185 6.8867018697843 0.0401781378954726 80.4648925798352 8.28013663488203
0.00211864406779661 1.18783767123241 0.262424779497087 0.941281753545627 0.443233416695148 2.53837836161256 6.80679121502016 3.58543281463839 0.0399008201411406 200.033262741184 3.9585116726093
0.00211864406779661 1.24031244099606 0.331123175215907 0.86167923087487 0.416284960415214 1.56359126232564 7.26206743373168 3.67967051502863 0.0278089624847975 204.442073975869 4.27434862087569
0.00211864406779661 1.24484575688839 0.234153082640842 0.855215890239924 0.31862629596144 1.94194417633116 7.5736751372876 4.34172533790036 0.0394804447458742 204.715904359592 4.61749393567692
0.00211864406779661 1.31564277291764 0.184629005403258 0.919893283734564 0.61934137288481 1.65880957292393 8.83603305487264 5.31625889864499 0.0296061207709123 224.479878140964 5.74245042675401
0.00211864406779661 1.52521003570873 0.268223901535384 0.720925901306327 0.446919416310266 1.5051039531827 9.96966223443238 6.56253825121933 0.0331363642036166 158.810870873814 7.59521967640658
0.00211864406779661 1.1839419497177 0.199773205444217 0.739573542622384 0.556136824004352 1.43193093175068 7.21479870491254 3.66561082717458 0.028747977048698 211.64545093063 4.2358441244958
0.00211864406779661 1.47598625170067 0.203377597453073 0.817181158566382 0.363106014160439 2.26009820774198 9.92610321300594 6.92379265667976 0.049672165338165 158.203353490565 7.45412177666722
0.00211864406779661 1.31997619124595 0.231615211535245 0.753543596342206 0.411186297610402 2.22105880454183 8.70413185074682 5.695190110238 0.0493438697582853 236.871078103449 5.62666142071871
0.00211864406779661 1.49509890840854 0.207763458392583 0.925062550266739 0.7919861856848 2.86205225111917 9.96544618612385 6.83162988859265 0.043551275082204 158.328286560955 7.4569166090137
0.00211864406779661 1.18681129170582 0.146601323946379 0.712553757207934 0.451038742018864 2.90301167638972 7.18034401798626 4.40525476079309 0.0623439117987452 194.763740766387 4.27276964873693
0.00211864406779661 1.48756361948326 0.186614207201637 0.617249002878088 0.444860031176358 2.20866971230134 9.93039072816077 7.05956035288256 0.0566518647351147 165.52545083491 7.52207567899611
0.00211864406779661 1.32999731434975 0.232274660421535 0.88719502313761 0.692088815197349 1.64934216998518 8.3927307552908 4.85565093352042 0.0290981749935283 222.855739355849 5.37196604957118
0.00211864406779661 1.32864936159458 0.257095951656811 0.716482787870336 0.404865777818486 2.98132866900414 8.28095595742418 5.56770816902757 0.0663210597860502 216.095665792212 5.21837187637095
0.00211864406779661 1.58913481163327 0.311223538522609 0.821795427624602 0.344234772445634 1.73690156312659 9.99843706124585 6.62808546691828 0.0343775482674055 133.088150590346 7.77120766384029
0.00211864406779661 1.430807590927 0.393493571970612 0.821286553167738 0.80779760023579 1.8692245814018 8.89744532934928 5.31337016917433 0.0277623314706606 219.138662039838 5.85516742862531
0.00211864406779661 1.5378661376657 0.263176695234142 0.886502587643918 0.801042110938579 1.77094714203849 10.0072074127097 6.45259269867334 0.0285923890405168 138.220302603929 7.6191657011043
0.00211864406779661 1.41959433185402 0.272030993388034 0.783429870824329 0.680572212673724 1.56056931288913 9.39040939371684 5.88071918880325 0.0299061777889139 225.044804679404 6.41542423785231
0.00211864406779661 1.60181501354091 0.383520707441494 0.865507179219276 0.402226256998256 1.01067418931052 10.021532622824 6.08653958955182 0.0195458354975171 128.593378440381 7.68162398186165
0.00211864406779661 1.32425036546774 0.379620087239891 0.727019875939004 0.549112484464422 2.11881327303126 7.62134213877954 4.28174578821614 0.0354512647169287 219.350550292746 4.62986279857846
0.00211864406779661 1.25398042970337 0.332403227617033 0.75148796052672 0.437990146083757 1.31655556568876 7.37858446022317 3.69865296594092 0.0252247028124094 224.136577924641 4.33915641301544
0.00211864406779661 1.47144133653492 0.16935522002168 0.821914609032683 0.612014939356595 2.40768283838406 9.9556480569952 6.89815764454496 0.0470055117697887 169.459545713885 7.46604999764535
0.00211864406779661 1.5756253313506 0.118382097943686 0.926745647727512 0.343508431920782 2.15160268265754 10.0954045917534 6.93967375455041 0.0426072506472318 86.2140421502994 8.19621627975326
0.00211864406779661 1.40747545505874 0.260085629555397 0.838839791074861 0.831414520600811 2.7825490962714 9.27407231791942 6.11522965444191 0.0424748703642312 219.075202523932 6.32022858028588
0.00211864406779661 1.53546101085376 0.177849646122195 0.677776841295417 0.665173390880227 2.68498832592741 10.0268019287501 7.09702486444707 0.0534089435781384 114.541663448813 7.86462477579863
0.00211864406779661 1.51471446289215 0.359125383966602 0.615941907209344 0.646997660631314 1.37385733611882 9.84809330172622 6.32287473205318 0.0294453708006451 205.081463046054 7.01500022488203
0.00211864406779661 1.48942715963349 0.212483119405806 0.942150674562436 0.711980682145804 2.52462936844677 10.0273218718184 6.83033413201355 0.040885175460943 139.423985886046 7.57983202892279
0.00211864406779661 1.16830602402333 0.262912732339464 0.873581169371027 0.678445727471262 1.4638870744966 6.7769292183538 3.08597915140177 0.0249482882350458 199.075336119833 3.84064634258592
0.00211864406779661 1.45577514029574 0.147761290008202 0.944258392404299 0.371448831260204 1.92700055986643 10.026333306535 6.78056563962618 0.0389386609593382 140.875163921154 7.66431534739214
0.00211864406779661 1.28079035934061 0.110204467200674 0.696081118995789 0.58209790145047 2.59214348671958 8.75142362689637 5.93243463520836 0.0596662352854745 230.185837503963 5.62143552695793
0.00211864406779661 1.25621760436334 0.356704647582956 0.892373261391185 0.684786181105301 1.03099989425391 7.5371176772605 3.47003698469912 0.0171273154954425 210.873430549472 4.57007886617682
0.00211864406779661 1.38441385186743 0.315163210709579 0.805229528329801 0.567126986430958 1.67916866671294 8.7376187666634 5.28465300435398 0.03165162584157 223.466087172127 5.68260747751974
0.00211864406779661 1.40051728449762 0.34699760582298 0.645206836832222 0.689519139099866 1.67603321699426 8.85008282770563 5.42524366012042 0.0325545163895646 235.172869646258 5.74321684019786
0.00211864406779661 1.60931826042943 0.353606084990315 0.600217902369332 0.364193173404783 2.51714973291382 10.0419923332005 7.17245104090255 0.0567249407801706 132.045594892858 7.68205330631828
0.00211864406779661 1.49988968551625 0.152084850636311 0.683308861916885 0.50521087073721 2.83917425433174 9.96689774338291 7.23829864448107 0.0653107194697469 131.980906200451 7.69921752454218
0.00211864406779661 1.3672986707883 0.282206642627716 0.920984432811383 0.666447689943016 1.27313422504812 8.867165030002 5.02342669737581 0.0214134011148966 231.419270821472 5.7975240266879
0.00211864406779661 1.29437009219546 0.280143313598819 0.909729085979052 0.594684625742957 2.97485355380923 7.60899035382475 4.53297020678123 0.0461425321954473 212.895250398395 4.60585960345766
0.00211864406779661 1.36007100003771 0.153176069376059 0.901521474262699 0.606086037587374 1.99901151005179 9.46744909199009 6.168938061589 0.0369381262220651 224.280057579341 6.40946974619832
0.00211864406779661 1.49151979617309 0.322417935798876 0.640372951410245 0.304413207666948 2.88289521308616 9.90744637272331 7.26255847228807 0.0710133138550417 181.252815277057 7.12095623274661
0.00211864406779661 1.27935193954036 0.398003619047813 0.822585461300332 0.662658386025578 2.79773534741253 6.95384338317489 3.77276093809464 0.0415406652872831 208.31809620312 4.01818320125654
0.00211864406779661 1.37136606893037 0.104561676736921 0.692301830393262 0.494075235491619 1.58809643145651 9.79363405254088 6.62278746830479 0.0419680533674464 225.780603238785 7.00331018408354
0.00211864406779661 1.36014193363953 0.140552377747372 0.880528150207829 0.895325865643099 1.08751600096002 9.65694521722252 5.66606867152051 0.0184835053798076 220.340271942156 6.76272950693188
0.00211864406779661 1.20436367646325 0.392236129404046 0.623500714136753 0.492049133358523 1.36021099193022 7.00142775484477 3.26575941076705 0.0238572209069386 209.187544432708 4.05421677113132
0.00211864406779661 1.40632893189322 0.128177716652863 0.707955351786222 0.738235474610701 2.61297186883166 9.86815455811574 6.90768384785957 0.0517945312167589 175.121202405118 7.32097594910606
0.00211864406779661 1.30051027969457 0.315716962469742 0.651344742707442 0.752572294324636 1.61807023081928 7.86516053401444 4.30743777768281 0.0285036606432861 226.840186642187 4.85203026391962
0.00211864406779661 1.44201276612002 0.316742753889412 0.91718194168061 0.484693119814619 2.98549812147394 9.40733431646589 6.42751274391615 0.0508018975093137 198.263585996747 6.53335269632579
0.00211864406779661 1.55612709592096 0.232683618855663 0.921630972239655 0.457027597585693 1.36075233109295 10.0329400126144 6.40605456299315 0.0265988991438273 125.674702276269 7.87636011737114
0.00211864406779661 1.50687200166285 0.195540484809317 0.619838616612833 0.541458756336942 1.93374550901353 10.0309627265676 6.91025215918072 0.0441258029208861 133.635059580791 7.77058897375616
0.00211864406779661 1.21292654236313 0.221264673117548 0.818158680968918 0.561087758280337 1.60860710125417 7.55619561393529 4.10356121732702 0.031662115842677 220.18658530195 4.5201769731547
0.00211864406779661 1.17224958559964 0.141835866868496 0.856988802214619 0.551502060703933 2.73282390786335 6.96714837354933 4.00733318523247 0.0518284947990287 202.356613850463 4.07165315102003
0.00211864406779661 1.28273479358759 0.327760742837563 0.917978558014147 0.684547962527722 2.85464818961918 7.24060025538662 4.00670602936369 0.0394037525029046 218.004746066971 4.27857999519834
0.00211864406779661 1.40550102698617 0.315373285510577 0.83603930802783 0.882783848466352 2.81918051838875 8.91799456765033 5.6789950299832 0.0392030967074387 219.241630776263 5.86255300837775
0.00211864406779661 1.42479447831865 0.170456727128476 0.923268757597543 0.815519825974479 2.43763274373487 9.81750135519937 6.53794019308377 0.0376447731355174 176.829220618609 7.24553208300435
0.00211864406779661 1.53405433052685 0.170612950017676 0.914118118258193 0.836303286021575 1.00401904713362 10.0810156948085 6.08023825916141 0.0183014051917712 100.308278661931 8.03266323071172
0.00211864406779661 1.32870086873882 0.201809092191979 0.865492307161912 0.729404760617763 2.20276703219861 8.68588783943345 5.38386215137556 0.0368085292318448 225.260484896939 5.63491274829594
0.00211864406779661 1.51461471603252 0.196707058534957 0.683856276434381 0.470324905682355 2.22293273452669 10.0154790346615 7.01586202030799 0.0498061397522284 129.764319800675 7.80057265467065
0.00211864406779661 1.21624188914429 0.264110252121463 0.75259187357733 0.428966966830194 1.53598950477317 6.99681702167046 3.48748833459963 0.0299169913603253 216.413997106324 4.06044301054642
0.00211864406779661 1.60638284587767 0.258922174945474 0.801214307534974 0.619675894081593 1.77302844915539 10.0606935600924 6.61163772770925 0.0317756237342304 107.600170143525 8.00185741217236
0.00211864406779661 1.18153122402728 0.250262644561008 0.932036232436076 0.750126507086679 1.3692502938211 6.92578408662955 3.08929267163453 0.0215691459222604 191.503235980833 4.08791367189181
0.00211864406779661 1.15752762763295 0.16391357043758 0.882756697607692 0.716794993216172 2.43736682645977 6.66014825548955 3.3956263366127 0.0382152006831768 207.890097156061 3.78513615552229
0.00211864406779661 1.29735690294765 0.323740373528563 0.709073886636179 0.844308882253245 2.69122167769819 7.89729647259588 4.67572505531181 0.0398923214972439 214.957084157245 4.85256891192618
0.00211864406779661 1.54646400045604 0.273978330288082 0.624936664896086 0.309817051095888 2.33523738151416 9.98998171245873 7.13862887635826 0.0577661198978305 155.45330675977 7.61324267162669
0.00211864406779661 1.42308892423753 0.135328003508039 0.694487278815359 0.34309986778535 2.82931795390323 9.89910474777781 7.28254024209319 0.0730534067735508 174.175611987608 7.36352867270643
0.00211864406779661 1.5066724153934 0.186692103301175 0.827785834553652 0.688380539277568 2.5080831903033 10.0058606101817 6.91469779054871 0.0454490745895005 147.784850242042 7.65463278196305
0.00211864406779661 1.17417046006303 0.177365964837372 0.869296954700258 0.755845695594326 2.11450293194503 6.99396826041576 3.5941460310304 0.0333792032744081 191.015494336802 4.10454873239634
0.00211864406779661 1.19609927826095 0.349256815738045 0.884597018058412 0.517348091863096 2.95643245149404 6.33283547978684 3.14784005175145 0.0413784349812782 186.703338629163 3.58451051017841
0.00211864406779661 1.30347507118713 0.353392207738943 0.790270355017856 0.546942119579762 2.89004484983161 7.7126993600206 4.66713844253808 0.0475696218702095 216.607032575716 4.71626423349368
0.00211864406779661 1.48291155402549 0.340054772188887 0.804423679667525 0.456080540874973 1.08429638948292 9.7366251702761 6.0022985044214 0.0238892511029947 206.221739396893 6.87497378945776
0.00211864406779661 1.41003597164527 0.118941559456289 0.949981289403513 0.710028528375551 1.55168315768242 9.87517499065575 6.26254403906168 0.0269807683098354 170.61286182543 7.35568516942647
0.00211864406779661 1.60015079597943 0.263237887038849 0.832989854679909 0.549218894680962 1.02065746625885 10.0743085079839 6.19106648983916 0.0205839832417069 109.270261101353 7.96920784031699
0.00211864406779661 1.43809113998432 0.267178857303225 0.857358800258953 0.654575299937278 1.33000043220818 9.8810127374345 6.18051627894401 0.0247112553120206 183.290514478621 7.17448665156145
0.00211864406779661 1.35479674264789 0.358806343586184 0.931356242124457 0.592663245135918 2.3937963321805 7.90460211457098 4.55858448675109 0.0352243516326894 211.841502898843 4.90297328145015
0.00211864406779661 1.24033583779819 0.283202320244163 0.626990938186646 0.526255149766803 2.24686948908493 7.17112699336119 4.05028457242807 0.0441199851608458 204.26397498579 4.20211596246424
0.00211864406779661 1.33699183221906 0.30853087301366 0.668447191035375 0.74480179916136 2.32116430765018 8.3888824332482 5.21366683692753 0.0417850944011157 229.543430859639 5.32203389316535
0.00211864406779661 1.55623178484384 0.190820361045189 0.739268040657043 0.639417748712003 1.79166348278522 10.0763716608192 6.72926636820836 0.0351860601735468 107.018038098774 7.99012526154882
0.00211864406779661 1.48665320859291 0.124577961373143 0.641824701428413 0.343236878933385 1.25144193181768 10.0740822847793 6.65856715993124 0.0328594756086936 105.400885521362 8.00252686826431
0.00211864406779661 1.55659150795545 0.104993967106566 0.698642415273935 0.5078129905276 2.12449649488553 10.0891756583615 7.00342902905042 0.0456959032595636 90.797613653945 8.16453872594031
0.00211864406779661 1.60761865249369 0.33770146863535 0.609596732037608 0.824794380320236 2.54150111274794 10.0178469564701 6.89514274093129 0.0440379192291283 136.681285207215 7.64565272828015
0.00211864406779661 1.34450028974097 0.261311693000607 0.626076017529704 0.768616832653061 1.65898892423138 8.91228564140839 5.51342874616498 0.0334114409165051 252.235878599611 5.75472451688574
0.00211864406779661 1.36929066639859 0.175970569625497 0.861966681096237 0.828955197986216 2.16432282887399 9.5286109213348 6.16875805231112 0.0347403699532844 220.064626043585 6.58509828206129
0.00211864406779661 1.36654893225059 0.283423372753896 0.777985414268915 0.398971099499613 1.06049356982112 9.03989968148864 5.35022254266329 0.0249800658338615 225.179047820462 6.01438940807003
0.00211864406779661 1.53913406454958 0.398479709750973 0.776516420813277 0.580566644808278 1.73651940841228 9.69047170908213 6.23512942164294 0.031576494268756 189.731082339429 6.88000716977941
0.00211864406779661 1.5273425394902 0.230002684728242 0.660452914377674 0.457773606944829 2.21655707992613 10.0455222725133 7.05387378711213 0.0502046069089174 137.719554408591 7.77367860349251
0.00211864406779661 1.6372295394307 0.365356301423162 0.815883371338714 0.536662926804274 1.29931471077725 10.0156876250087 6.27814611922618 0.0238125743025615 119.414788795208 7.81734359979662
0.00211864406779661 1.52540731288027 0.140929761831649 0.891822442272678 0.611330089392141 2.4183525829576 10.0028834184336 6.87988780426019 0.0440250885091132 123.897909590807 7.93369799463339
0.00211864406779661 1.33236995046027 0.174811474513263 0.936106594337616 0.662379496917129 1.78687237994745 9.06883639589964 5.57398793366109 0.0303533477665005 231.1910000312 5.9898252731979
0.00211864406779661 1.63514080105815 0.182963678473607 0.903792064846493 0.59447193746455 1.68058003298938 10.0611221564459 6.56807791141198 0.0304081612315875 92.1091134379975 8.18725290839432
0.00211864406779661 1.62738003579434 0.337086163111962 0.900144878984429 0.305528981192037 1.79097380721942 10.0505645039617 6.646524854234 0.0332387255784741 122.02443919055 7.82066097774596
0.00211864406779661 1.40784291012678 0.314590169116855 0.726638492825441 0.857168852398172 2.98475708765909 8.73490870421485 5.6728649720214 0.0467919671823471 225.35373433627 5.69943972522206
0.00211864406779661 1.56390060074627 0.158752612979151 0.823570967675187 0.360174503317103 2.55680543836206 10.0733016180492 7.11280508685365 0.0517931938505766 114.649231127786 8.05265871697185
0.00211864406779661 1.50950627259444 0.325109247211367 0.808473588700872 0.404383391048759 2.51566844107583 9.73702950233034 6.7696419768525 0.0514375141487613 196.51102670159 6.92077021605963
0.00211864406779661 1.40725719332695 0.135617486364208 0.947803576325532 0.633203216409311 2.96331063844264 9.65105678709698 6.66343065074645 0.050406954044441 197.395005818322 6.90291022731894
0.00211864406779661 1.30242122404743 0.265395042253658 0.837774035730399 0.718129422934726 1.45230093505234 8.22874892380561 4.5680615265925 0.025714830346931 233.982747662379 5.17210605541002
0.00211864406779661 1.33291198904626 0.318797473725863 0.882907580293249 0.821701931767166 1.00002074195072 8.09207551618088 4.00538323336339 0.016794693882011 225.131786470667 5.07316286605878
