0 1.22676858187187 0.27266409934964 0.682167564425617 0.836107511585579 1.81735310377553 0.966666666666667 7.20024474290522 3.6723645198756 0.029367101639513 4.25487876483115
0 1.25372485674452 0.331310334801674 0.856010644021444 0.729032299714163 1.49902637163177 0.933333333333333 7.42905443475579 3.71705033108063 0.0244285169006319 4.43632879075083
0.00423728813559322 1.55546307288243 0.350033117845373 0.795497589177659 0.716640045543592 2.00945127574165 1 9.91880464464795 6.51944222969154 0.0333945550429126 7.33711050975006
0.00423728813559322 1.55024387774926 0.30308550771305 0.724723434679722 0.382001044435277 2.0740100500532 1 9.97774122836027 6.85343987876987 0.0439676409056585 7.61161157835043
0 1.21746505736373 0.144351121853106 0.869716801599134 0.86807577428408 2.17235574126244 0.9 7.2979688692482 3.94194132591911 0.0348735176874671 4.33510971488613
0 1.49911597287282 0.106317439093255 0.827854083443526 0.745506019564345 1.66520499158651 0.933333333333333 10.052469284093 6.60089038711358 0.0316955528374605 7.99102426846884
0.00423728813559322 1.39137710932767 0.161167660908093 0.922851298180962 0.8529370224769 2.3655502146762 0.933333333333333 9.56217110163204 6.20894926021336 0.0349714997726513 6.67117362517572
0 1.17027298079338 0.325422719423659 0.674025550868828 0.492361189797521 2.88607646524906 0.9 6.3895568638497 3.32423634052603 0.0466388906162552 3.56062511859026
0.00423728813559322 1.41641023622341 0.383765053152894 0.618860002838774 0.306840613651626 1.63470546273783 0.966666666666667 8.79558743764811 5.58505071323975 0.0403349587044365 5.72369778435714
0.00423728813559322 1.580342531971 0.208460131863919 0.915397855469366 0.4327408741266 2.52250226057156 1 10.0781240995874 7.01286576338475 0.0466417910447761 8.00256032930729
0.00423728813559322 1.61166795655154 0.390753676812165 0.891565699467901 0.686253002285957 2.2667832095176 1 9.91079909130651 6.52590903647261 0.0338813672334519 7.30505379775724
0 1.22578935928177 0.248717850935645 0.749401792581193 0.434883778262883 1.56420649169013 0.933333333333333 7.46362938165829 4.06351709842684 0.0333695229121003 4.4110651906538
0 1.17916797960643 0.348991196369752 0.718508001894224 0.756427720701322 2.20937159843743 1 6.71590850096311 3.25681366420859 0.0314582239631709 3.84088497759481
0 1.61448716381565 0.111549922614358 0.924979101237841 0.458497494226322 2.22141492087394 0.9 10.0935338263606 6.94119005506837 0.0427518088893993 8.23852714232338
0 1.57602962581441 0.289668510737829 0.850156899727881 0.87346122614108 1.3388161836192 1 9.99968218957766 6.15223611752936 0.0213341528102406 7.63575467030929
0.00423728813559322 1.44077687192559 0.32932435521954 0.794121001861233 0.704345969503352 2.49646695616249 0.933333333333333 9.23864665644154 6.06145691892802 0.0417026860945914 6.21980883682136
0 1.60959556335583 0.28272146366071 0.911030476482119 0.738809465803206 1.5413778196089 1 10.0213920622957 6.35007095789646 0.0254428350926258 7.85015550537408
0 1.20498530797195 0.145355724659748 0.886185986315831 0.436376336077228 2.59831485757604 0.933333333333333 7.23947132487967 4.26116968294609 0.050879171579433 4.25053397873921
0 1.31427920607384 0.234888278716244 0.891389314911794 0.730883316183463 1.24711010884494 0.966666666666667 8.57992836335871 4.72126597528976 0.0210961991864653 5.50196169281081
0 1.31643719316926 0.341362708178349 0.612016383581795 0.541150443954393 1.99890481773764 1 7.93549197257002 4.7303333289421 0.0405524677369338 4.87621461728685
0.00423728813559322 1.37362347843677 0.25259099380765 0.885200378971601 0.47339219950632 2.03685492556687 0.966666666666667 9.10121030838408 5.86978383917933 0.0395011114615142 6.01126717440416
0 1.19657618759666 0.393293534987606 0.773439308616798 0.364274535980076 1.58701426070184 0.9 6.5020123545088 2.74203405391781 0.0232842456237844 3.69165338099666
0.00423728813559322 1.31148765617982 0.10933371738065 0.777200382086448 0.615239450382069 2.08875111816451 0.933333333333333 9.2779589662433 6.18038629842816 0.0451586845935084 6.22547738455864
0.00423728813559322 1.64336314579275 0.105131309408396 0.79752466603097 0.347328505844393 1.58405906997719 1 10.0806625551772 6.65071017599225 0.0323884831021466 8.31279779006372
0 1.59008400326129 0.160525300493464 0.841695562726818 0.55101453945972 1.20077634369954 0.966666666666667 10.0614693080577 6.34187855290332 0.0242438875017666 8.11023041063189
0.00423728813559322 1.39867235834245 0.341776982415468 0.818628622253891 0.557778843864799 1.36393241304904 1 8.818792961827 5.18009673516061 0.0262865933935888 5.74577711469221
0 1.261519699567 0.308688191557303 0.685715255327523 0.546566438907757 2.71785456873477 0.933333333333333 7.49094807487403 4.49184150068109 0.0498315692957803 4.51321152641728
0 1.34607226736844 0.224192523164675 0.756822102924343 0.690397043712437 1.42028605332598 0.933333333333333 9.04028470915896 5.46277192151357 0.0279451173305449 5.90808293816893
0 1.16154696766753 0.284357443032786 0.835567905940115 0.46326027601026 2.89478374598548 0.833333333333333 6.49574882283055 3.31926399889947 0.0417320932479768 3.58905911883173
0.00423728813559322 1.43726003386131 0.190604680622062 0.666813181892105 0.872431801489799 2.59901483157754 1 9.65822406604058 6.5764231427152 0.0458765620374058 7.03515122150058
0 1.15149559183046 0.234466501767747 0.88632196491817 0.717783092753962 1.32795313326642 0.8 7.12017486693337 3.27714473299218 0.0214285714285714 4.25679404486405
0.00423728813559322 1.64143817974607 0.189248142864976 0.766398322187706 0.833060715074096 2.87912369567355 0.966666666666667 10.0917583315844 7.05706668216865 0.0480894890116874 8.17127788836495
0 1.53294929335825 0.247045181458816 0.615989689948037 0.419007337186486 2.84847015701234 0.966666666666667 9.95263069216922 7.23556945286024 0.0660686293016423 7.62369250646304
0.00423728813559322 1.37760005302375 0.129851770344748 0.817633600032587 0.55422824108281 2.79927038440988 0.966666666666667 9.71414138080521 6.85489996673154 0.0573122200229191 6.92288167533148
0 1.48877793699503 0.127476022625342 0.697007625270635 0.806293087732047 2.88344244845212 0.933333333333333 10.0470357960785 7.13710808434552 0.0544796679676321 7.80633291325733
0.00423728813559322 1.43756190882996 0.242358878534287 0.857942409941461 0.596631068643183 2.02903557103127 0.966666666666667 9.5620845589985 6.27800372532558 0.0374750150394908 6.7643228153749
0 1.47567533862311 0.160672061261721 0.691538069490343 0.540155172441155 2.98547917092219 0.966666666666667 10.0346458730303 7.31485124043381 0.0658882843429318 7.67668144856224
0 1.21468814820983 0.194046095549129 0.622905193769839 0.809046410908923 1.07627554889768 1 7.59905074617861 3.80740295629804 0.022558399706123 4.55667997682766
0.00423728813559322 1.47753160225865 0.338571233414141 0.72489459509834 0.509778053705568 1.27998262200807 1 9.84850148332843 6.24849409442133 0.0273235205555918 7.06766079649176
0.00423728813559322 1.44306869953871 0.238324238685891 0.943746182206087 0.542239069892094 1.33406897587702 1 9.67550104300821 5.97837930755933 0.0247947898283583 6.90404841705081
0.00423728813559322 1.54556824060539 0.341857609702947 0.71078282620292 0.580366885503422 1.58855577773719 1 9.88838575898758 6.45614151484799 0.0323143380704459 7.24968876626583
0.00423728813559322 1.47717549343674 0.352462345164116 0.719386092611053 0.420067192922174 1.02040731423513 1 9.65225312105539 5.94977412005377 0.0246623127292674 6.71514093270275
0.00423728813559322 1.29095178653952 0.20178711945191 0.879282172909006 0.792997577413917 2.45587696414441 1 8.3793247884965 5.12376554701844 0.0385592507001729 5.31713912078862
0 1.60268536848016 0.169541507400572 0.949904366233386 0.897230314509943 1.52254833700135 0.966666666666667 10.0847395720617 6.37994718546582 0.02460532523272 8.12572280225838
0.00423728813559322 1.34845537834548 0.15787975404825 0.665792354817534 0.508221490636955 1.95573268960041 0.933333333333333 9.4812068514994 6.48616078894409 0.0500343223247655 6.39829776654396
0.00423728813559322 1.60915995864198 0.231078233011067 0.727352293068543 0.500183378253132 2.96095694368705 1 10.0491797025073 7.18959531995028 0.0572925671080991 7.991445676825
0.00423728813559322 1.6072931245806 0.384131001756932 0.624794492891901 0.46286671859953 1.41832437007473 1 10.0119681955302 6.55184194970322 0.0314257943925234 7.56132968442226
0.00423728813559322 1.51253231728915 0.199511142657138 0.923682458791882 0.339284291490912 1.80930229928344 1 9.96817918695126 6.6690749885188 0.0369162222034751 7.67536037046009
0 1.189271589485 0.279865154763684 0.822977489221375 0.386278421524912 2.86755219008774 0.866666666666667 6.93237284185203 3.90352546491771 0.0483713599519664 4.02260065736326
0 1.23509857405443 0.294122914131731 0.699132434651256 0.4859531623777 2.40228217234835 0.866666666666667 7.32803321042944 4.21041673347485 0.0442625435804153 4.33628470453033
0.00423728813559322 1.53507470546756 0.261652476177551 0.901094078470487 0.69615651271306 2.21324471337721 1 9.97753385612172 6.6649615887448 0.0364223650934665 7.52461519136996
0.00423728813559322 1.33362193170469 0.185594396060333 0.64553263715934 0.485697750281543 1.90439573349431 1 9.14910306250499 6.1534416631847 0.050003543837267 6.01257351031822
0 1.32825324914884 0.131690884148702 0.947239099035505 0.733124219672755 2.04543378204107 0.9 9.11531311510835 5.70870859299226 0.0331535817272446 6.07372701151983
0 1.61989512373693 0.236066282284446 0.627570551563986 0.831408666400239 1.05820641713217 1 10.0926812751473 6.21474142286743 0.0206934127854448 8.14435982912142
0.00423728813559322 1.33961455040488 0.20587381298392 0.752614095981242 0.387794428649342 1.64660313858351 0.966666666666667 9.08235024836942 5.89421282856411 0.0412486283116476 5.9510016834948
0 1.19014252778143 0.291167917614803 0.705194234137889 0.554714712454006 1.73930880334228 0.8 6.90077262355425 3.41224721784874 0.0305458817605841 3.9070104636046
0.00423728813559322 1.54166200331334 0.254040965262173 0.749223999786683 0.872521065601426 1.94877398202974 1 10.0702526210792 6.64630393101288 0.0325835183654353 7.81924785141134
0.00423728813559322 1.42482588257389 0.369733636557246 0.672740314781756 0.503714786303517 2.35420212170017 1 8.78450417502819 5.7371097874142 0.0474824842958253 5.72673916405921
0 1.1543948860839 0.223785498156212 0.733115687291138 0.740697812335566 2.24586153449491 0.833333333333333 7.03075136969128 3.7593379177625 0.0379527447651387 4.05352256770185
0.00423728813559322 1.3955380706815 0.160595757514238 0.731478865153622 0.794024039944634 2.89067386463284 0.966666666666667 9.62640428619019 6.68972792791186 0.0530417277969224 6.68301562699045
0 1.19912097146735 0.152995302178897 0.697311001468915 0.704699665680528 2.12119922507554 0.866666666666667 7.40876363996409 4.19023732287599 0.0400139827546027 4.35126999993273
0.00423728813559322 1.32355894448977 0.226363979037676 0.75916710106426 0.695698138001809 1.96877520492024 0.933333333333333 8.93207100356251 5.66072584233453 0.0379553366731765 5.86980122501092
0 1.15873966387007 0.336991459759884 0.813460125157144 0.378481572959572 2.38753336435184 0.966666666666667 6.41678862530187 2.99745492686544 0.0327342385486506 3.61091791264422
0.00423728813559322 1.49867486573354 0.284793591146137 0.610103909677539 0.869146772883405 2.16911762337487 1 9.94069341673099 6.69604610529359 0.0389823105481546 7.28115622683646
0 1.31784885048401 0.244675503927283 0.789274578529876 0.739153549214825 1.65946644172072 0.966666666666667 8.41677828047582 4.88931151463968 0.0293792461893905 5.33255219601384
0 1.22362376572564 0.191599534731358 0.880775816412643 0.829090936621651 1.4473387687467 0.966666666666667 7.60386358831113 3.86109262158713 0.0236883724128447 4.60792500866694
0 1.54659028861206 0.292197899776511 0.844417010201141 0.875991130247712 1.3876618091017 1 9.99844160832976 6.20219807834551 0.0224549650254257 7.62142378276283
0 1.39489128915593 0.149046409479342 0.741588436253369 0.791176623757929 1.5519603821449 0.933333333333333 9.85168472986484 6.35548742870925 0.0303124335892908 7.23533606271649
0.00423728813559322 1.37269057364062 0.347890111280207 0.667228214356838 0.578773654375372 2.03931776680673 0.966666666666667 8.54667833845116 5.32149495486074 0.0397484916866994 5.47876936070641
0.00423728813559322 1.59563107705764 0.182774788812053 0.746352081898542 0.712626333406672 1.72018901539193 1 10.0907786849528 6.64235641477081 0.0317957619470775 8.14015031757077
0 1.16591286389157 0.393141169799492 0.933159202011302 0.700739861140028 1.93008515471593 0.9 6.38669224612293 2.66774247761412 0.024259432491425 3.56062511859026
0 1.45771510407794 0.339012677059509 0.725000650179572 0.749950908031315 2.71168683329597 0.9 9.41896721200319 6.34492135543559 0.0462337209442153 6.37376211368141
0.00423728813559322 1.64179725752369 0.315864332014398 0.774873123296511 0.688546405974739 2.8591620615146 1 10.0841855698806 7.00754028030678 0.0461136955505598 7.97851663949447
0.00423728813559322 1.28998439785338 0.106102526867164 0.78389688855781 0.468840488756153 2.64262102439775 0.966666666666667 8.60369984335246 5.82853985578683 0.0623395023465864 5.55148830798933
0.00423728813559322 1.44681407497264 0.162378696305677 0.719122614315711 0.5733386318665 2.33896904438734 1 9.82460666968268 6.87911572077297 0.0525762412306804 7.18740517973665
0 1.19698031535372 0.107784675736912 0.761895851651207 0.55232346248813 1.66072025103495 0.933333333333333 7.72700003972318 4.39884863383192 0.0358593331864119 4.60087526170521
0 1.32035267211031 0.258012271579355 0.734651377808768 0.424271146114916 2.54032875550911 0.933333333333333 8.17412927734563 5.26213489041769 0.0543671924544256 5.09681299033731
0 1.33574024818372 0.388240259070881 0.721565979579464 0.497640187991783 1.56526742037386 1 7.7059229173868 4.16252228675221 0.0289148310425545 4.68644290611683
0.00423728813559322 1.44273891855587 0.261598935150302 0.772439836324389 0.551070689062081 2.40994342932051 0.966666666666667 9.73784814073247 6.72246379908796 0.0490269887519737 6.81143424360784
0.00423728813559322 1.36779752198476 0.113435779048931 0.744101662711882 0.345430374596946 1.21675624303438 1 9.80232561789598 6.39453790837974 0.0331143780243125 7.15315595917731
0 1.18162285930011 0.350461139739491 0.824639574706089 0.728479894855991 2.3024856899865 0.9 6.66752208356919 3.27224104540765 0.0335311293209004 3.81649057870658
0.00423728813559322 1.5264584840665 0.168966529983111 0.826920431435866 0.813855031764853 2.90363335046561 1 9.99553787933394 6.96762667601953 0.0484166651465679 7.78126376296085
0 1.49027984749991 0.188143981504254 0.918294289836194 0.735002107545734 1.7488689692691 0.933333333333333 10.0037852738515 6.48348954141025 0.0295906829488919 7.66513401392732
0.00423728813559322 1.58169857049361 0.29089956022799 0.866213928314391 0.458240903075784 1.62278888979927 1 10.0519765207936 6.59682732469796 0.0315825920051491 7.77015284851096
0 1.19146051546559 0.273678476223722 0.780297957092989 0.800997425615787 2.09361323947087 0.933333333333333 6.85378924306864 3.42705076048849 0.0324927437898149 3.93112510730163
0.00423728813559322 1.51571192892734 0.267833151738159 0.725568355398718 0.482932770391926 2.62954865768552 1 9.95363869491633 7.08179261618839 0.0565943524533255 7.39387829010776
0 1.27279822584242 0.208568703359924 0.617471842688974 0.4528427075129 2.32064989674836 0.966666666666667 8.03426222511808 5.14508580443254 0.0556220028839383 4.95801019976611
0.00423728813559322 1.63417544436583 0.313085861356203 0.797306385066026 0.501878402702781 2.80378070408059 1 10.0127110970806 7.03664675716633 0.0509931310861311 7.81168998864671
0.00423728813559322 1.40965893702398 0.210563335637724 0.922192748846734 0.365548826524327 2.27632951748332 0.966666666666667 9.60969720734033 6.53293642982898 0.0461083702824788 6.72705998531208
0 1.24360201237723 0.288688418851234 0.748023667314555 0.575972599256784 2.05196389043704 0.9 7.37174549346654 4.0668084044135 0.0367015206911809 4.37365838500337
0 1.20899875285104 0.108139314688742 0.931298551498912 0.373205275833607 2.96431692969054 0.833333333333333 7.69037746596968 4.85608453424766 0.0587600585223116 4.6615505194242
0 1.20707035691012 0.108388291019946 0.893977516086306 0.79076846530661 1.66336059058085 0.933333333333333 7.82920411351392 4.28801026039925 0.0289787100992013 4.79932620042905
0 1.21936038809363 0.228757464233786 0.694151609065011 0.547929126676172 2.82286024279892 0.966666666666667 7.16823447870631 4.25781131825243 0.0544526827712669 4.19486580123918
0 1.21883983232547 0.194446384091862 0.722884284949396 0.569263077992946 1.09249626193196 0.9 7.44092930641189 3.67207233579756 0.0230784275376491 4.38572349655521
0 1.1656659897184 0.28095983362291 0.837732630048413 0.629913240484893 1.04687011614442 0.9 7.06791958668064 3.07918795382377 0.0185231934364153 4.12593892764032
0.00423728813559322 1.37899278160185 0.119285118649714 0.847987495036796 0.399248923547566 1.6767636295408 0.966666666666667 9.65507924222838 6.38618245522295 0.0380483793963185 7.07741075163544
0 1.27864385708235 0.290189444832504 0.714016824413557 0.770795007236302 1.65143958386034 0.933333333333333 7.71528288749221 4.17108512049988 0.0288917911636352 4.63576866948773
0.00423728813559322 1.54972077484708 0.350247058249079 0.793413848092314 0.837558411480859 1.60320825641975 1 9.90291238716023 6.21187102271231 0.0249460106227748 7.2437988523118
0.00423728813559322 1.57093742394354 0.29232193720527 0.887281466787681 0.469285287056118 2.31795753957704 1 10.0123255148616 6.85604084329546 0.0425836598210135 7.62621276749825
0 1.33012545024976 0.286377430707216 0.880820542678703 0.691431337036192 1.52685587434098 0.933333333333333 8.3612241927822 4.67082415620953 0.0249620143260256 5.31267804238192
0.00423728813559322 1.36703748148866 0.283270124671981 0.936894124455284 0.575987764913589 2.33120202645659 1 8.83609288368537 5.58512405596386 0.0387366604956819 5.74172031399659
0.00423728813559322 1.60039258651548 0.180325167164451 0.730585989360732 0.897701975808038 2.74169403234968 1 10.0918256955434 7.00361076462566 0.0455832510751092 8.1313444187432
0.00423728813559322 1.48466649148613 0.341821576305665 0.774907215230633 0.540749555267394 1.82034051744267 1 9.75729153918046 6.43229679905344 0.0359727079648066 6.8611876431658
0.00423728813559322 1.49076827075481 0.257464173137504 0.829502449781966 0.839783632062064 1.7194691091127 1 9.84475967243396 6.26028230191337 0.027751167419023 7.26073339807658
0.00423728813559322 1.56449541865419 0.294020597157406 0.7823392982036 0.373392609704514 2.5388047088294 1 10.0153881352566 7.07346743802471 0.0527642871299965 7.64340304444089
0 1.17969218057115 0.379283068166114 0.80290529965423 0.805406125355512 2.03194661112502 0.933333333333333 6.5314501418592 2.93309670256251 0.027368749674801 3.65620867182439
0.00423728813559322 1.32255907622166 0.160952360695228 0.850311000726651 0.668717798776925 1.75653794873506 0.966666666666667 8.80718294395252 5.40686246121948 0.0333625761172464 5.67118803504352
0 1.3782665851526 0.189306504605338 0.946247580193449 0.855012453580275 1.46700928732753 0.966666666666667 9.38064460684017 5.56452040732269 0.0220129535863752 6.31797352175794
0.00423728813559322 1.3617274136981 0.187040400784463 0.755110028258059 0.515614526672289 1.73864263575524 1 9.27634656555545 6.05974605452439 0.0400911161731207 6.15888394964983
0.00423728813559322 1.43601032789305 0.280969322726394 0.889268254026416 0.530406014336595 1.81974360397459 1 9.59058795197215 6.18976880840855 0.0333459436546534 6.77029235849641
0 1.1691574889468 0.320819535781629 0.643549577065278 0.671905392408371 1.76245385687798 0.966666666666667 6.86545949782225 3.30093241843093 0.0283103708766502 3.955874887957
0.00423728813559322 1.58149847340178 0.379394327578022 0.840063201044267 0.855147908167229 1.82468503818847 1 9.90739490886711 6.29477387544546 0.0269810359110748 7.39176453658877
0.00423728813559322 1.4868435877582 0.123182728588692 0.81939378259433 0.810062630981956 2.67709964303789 1 10.0773386135363 7.01905810409559 0.0469683875242147 7.94242146359161
0.00423728813559322 1.37422048205044 0.234198620193638 0.768593858357053 0.523285649344325 2.52000872464851 0.966666666666667 9.01624913376232 6.06466693693198 0.0522569597092602 5.98939343832485
0.00423728813559322 1.407600878831 0.360012332093902 0.727401438087691 0.426683938410133 1.57720926776528 1 8.71575439072782 5.34440547074079 0.0343432797476865 5.64332450561909
0 1.58979688349646 0.350141297769733 0.70455436904449 0.840026156650856 1.6284344936721 0.966666666666667 9.9312016681151 6.32058221888952 0.0270350948098186 7.51421704822865
0.00423728813559322 1.53235708943102 0.270446081319824 0.846266073547304 0.385871668718755 1.63467874517664 1 9.94690138533982 6.54692887249235 0.0333741873090954 7.6450150341604
0.00423728813559322 1.58381959239771 0.224277169049171 0.630107344326584 0.413510629600707 1.608577111201 1 10.0576439466328 6.70081310700594 0.0348455151684848 8.05007605889429
0 1.36341998467688 0.258200277597643 0.822723490779754 0.747196359280497 1.12973619904369 1 8.97907223878104 5.10655135092608 0.0208058540355712 5.88860091164874
0.00423728813559322 1.30282944560064 0.172925928729599 0.689080049313498 0.465558530164881 2.02806681819421 0.933333333333333 8.77289796799844 5.77975095987958 0.0501294305057746 5.6895145028585
0 1.26020514345728 0.307418597117066 0.654686876351479 0.371542418422177 2.83410239731893 0.833333333333333 7.46721105411619 4.56892105331297 0.0551173902110052 4.45713410716069
0.00423728813559322 1.39916953479363 0.265166499390568 0.806796653967838 0.561124555567572 2.11817183744321 0.966666666666667 9.16771358888483 5.99103341970316 0.0417239418779552 6.19059801147888
0 1.2946569878608 0.36139028344769 0.612845476984512 0.35022516134195 1.11937592690811 0.966666666666667 7.76175966431218 4.13157390399046 0.0265112592114148 4.70890869725255
0.00423728813559322 1.34441972509958 0.239906331431121 0.694307692325674 0.431663926877081 1.09940286027268 1 9.01347760233823 5.48604097263099 0.0293801315794814 5.83539536145809
0.00423728813559322 1.61364977005832 0.269429912622462 0.724876772888269 0.65765117233359 2.89989814952954 1 10.0837987565911 7.10159359590376 0.0506809509097437 7.99878332429194
0 1.2895685786847 0.259553956217133 0.856413121090736 0.552098075766116 1.52672106958926 0.933333333333333 8.25640340109927 4.69494559665757 0.0283973966735273 5.23072657291489
0.00423728813559322 1.55060096122471 0.398945898758837 0.815232268390086 0.614657169117409 2.64568142899665 1 9.78365617044985 6.64148673606226 0.0431890004922573 7.02947131099953
0.00423728813559322 1.39777168823895 0.204590621832124 0.880601871500696 0.36988408970761 1.57745726817656 1 9.61140693174943 6.26415987725144 0.0351810724847944 6.751062481822
0 1.34067877298221 0.283918047323823 0.66703762387624 0.448896276438609 2.43031282350421 0.933333333333333 8.48537813145277 5.56588783540395 0.0539611845210005 5.4206930146001
0.00423728813559322 1.31756369802169 0.165930112171918 0.631840676162392 0.588344991859049 1.78464712481946 0.933333333333333 9.12050553224491 5.98285617257138 0.0433846598656732 6.0031813507752
0.00423728813559322 1.49751944817534 0.243966516830233 0.614440980565544 0.760930515341137 2.20017883083133 1 9.92858983729696 6.80598091797081 0.0440421160760144 7.32567582835765
0 1.62476034902502 0.101369530544616 0.655635894928127 0.822579458355904 1.31249115196988 0.966666666666667 10.1030292410037 6.44823444379051 0.0258668048790477 8.29998886449159
0.00423728813559322 1.63783100105356 0.215038636303507 0.701407636224758 0.370022365171462 2.2127081877552 1 10.0491710582322 6.95625968804175 0.0453696740229766 8.06816274592814
0 1.30744089602958 0.399547703424469 0.83917300371686 0.401984318392351 1.68196896184236 0.9 7.73197945370454 4.23571551540296 0.0303104137225281 4.72738781871234
0.00423728813559322 1.39299000331666 0.232379440637305 0.788071990967728 0.833351159887388 2.22668181313202 0.933333333333333 9.41426324091713 6.09308593808666 0.0361102939677343 6.41778215137516
0.00423728813559322 1.34783987279516 0.323453162098303 0.758618195750751 0.300497966911644 2.15566889289767 1 8.42989086301344 5.384189205622 0.047562927397061 5.40237703647281
0 1.41846978603862 0.381452966737561 0.68516197380377 0.891985163837671 1.03281147312373 1 8.91689505723529 4.88204405972327 0.0176883155198541 5.83100232466692
0.00423728813559322 1.38600769320348 0.230190389434107 0.768022039716045 0.859756991044816 2.68031957897822 0.966666666666667 9.15703780081522 6.0117741452642 0.0430555707099914 6.15843905300803
0.00423728813559322 1.43878080041613 0.393752444116399 0.653981502656825 0.535760480258614 1.36920474655926 1 9.02860264472059 5.47702127643007 0.0286792513172307 5.95020843059263
0.00423728813559322 1.53352376535938 0.244760918093076 0.942906969904985 0.89481346436503 1.8832733224163 1 9.94142057800101 6.35570248603113 0.0277167573014633 7.60741454315731
0 1.18721066168509 0.137466748571023 0.821703540231101 0.379511583829299 1.78011183394119 0.933333333333333 7.41356118214792 4.16444792799308 0.0388086059483557 4.48863636973214
0 1.31159550158773 0.274340832582675 0.765775535278954 0.341339428676292 2.5972617934458 0.966666666666667 8.07375762274596 5.17322318673326 0.0549938215225917 4.99884188650981
0.00423728813559322 1.32389989147918 0.253268304517865 0.899772412362288 0.485412891096078 2.2746642849023 0.966666666666667 8.14450900731505 4.95120249051786 0.0410359602755086 5.13701473559875
0.00423728813559322 1.43121383701429 0.262242203958555 0.723425608865384 0.468423445459555 1.3999477417395 0.966666666666667 9.612867836097 6.21894351449611 0.0335766524333447 6.73360712529113
0 1.22670400082134 0.212489820178598 0.715944030194078 0.821391566516832 2.58203954109922 0.9 7.40321906719089 4.30806110251755 0.0452678611725414 4.38110027981375
0.00423728813559322 1.46964682489815 0.236000183628601 0.784468726521824 0.441266729762681 2.36599483736917 1 9.87335990519955 6.88254002984107 0.0502462241902599 7.29188324970217
0.00423728813559322 1.44651518766242 0.352354594497522 0.716608122597741 0.744663681737529 2.64245089123766 1 9.19073952432112 6.06664932025575 0.0439769254564429 6.1390221114656
0.00423728813559322 1.38805021519714 0.125902535635457 0.815799368453788 0.432113601359366 1.20826181720173 1 9.91788343281986 6.3857001732646 0.0292410054213898 7.37915376829144
0 1.30786661661696 0.240457940497436 0.72424098883057 0.732471052184701 2.75367938680574 0.966666666666667 8.05370073221374 5.03829518484846 0.0490259491103632 5.02976156018978
0 1.2155768122524 0.339930247003213 0.601518098544329 0.654870573291555 1.91933923680335 0.933333333333333 7.27457855397268 3.83560467414124 0.0320976044347654 4.3193910636824
0 1.16680592796765 0.168069858872332 0.613126961269882 0.46656302944757 2.84427232248709 0.8 7.15034191584095 4.30237447572626 0.0579620124881493 4.20407053538957
0 1.33942560895812 0.133367767487653 0.749044521595351 0.891204001754522 1.30077925371006 0.933333333333333 9.44370861537153 5.68236425728262 0.0232524597210949 6.4442448091902
0 1.23039788971655 0.385001148516312 0.74520611326443 0.343834577221423 1.90389707125723 1 6.95676764068609 3.54577861047326 0.0330085377852541 4.04246630145344
0 1.18230860910844 0.274358878959902 0.915197112096939 0.41199123300612 2.09692454105243 0.866666666666667 7.05746755221046 3.70319950788869 0.0349349316202523 4.09818333852927
0 1.26415618390311 0.225668823509477 0.643221467942931 0.628495885943994 2.12921656714752 0.933333333333333 7.95947560076389 4.84671482267319 0.0444779918155505 4.88873665810619
0.00423728813559322 1.64189908790868 0.368876677914523 0.633784498798195 0.575666173780337 2.49046411830932 1 10.0316975197916 6.95613265955544 0.0461635450646923 7.7635313829903
0.00423728813559322 1.39993292792033 0.351340654156023 0.842770239629616 0.708835216974828 2.45079552490613 0.966666666666667 8.51561263264622 5.24938063991471 0.0381499057131608 5.47963267011254
0.00423728813559322 1.54001799120495 0.270568218272088 0.694659259139736 0.730557943698267 1.65485310462725 1 9.9814773852723 6.50767564315031 0.0309989563211941 7.74968159556743
0.00423728813559322 1.53058735875716 0.325962131860887 0.790015276039447 0.599877684934888 2.73312175425284 0.966666666666667 9.92077518756976 6.91534707786746 0.0495175508461077 7.23245903044584
0.00423728813559322 1.55911501426648 0.331645871211987 0.616270126223765 0.606586122571451 1.39781543615267 1 10.055301217957 6.51643959397839 0.0290463739643683 7.65572202930619
0.00423728813559322 1.50591562336776 0.257585293240845 0.835191910341382 0.741775868134573 1.83865505317226 1 10.0049153451662 6.55734637662205 0.0318229049017393 7.53769638363829
0 1.29691536838654 0.251340588601306 0.682655131095089 0.840958694647998 1.23471486382186 0.966666666666667 8.13747648822737 4.31426453257306 0.0218574827600113 5.00510277652653
0.00423728813559322 1.47405119948089 0.386226426716894 0.762473078002222 0.646573232905939 2.01537826610729 1 9.19088908295348 5.83325006565726 0.0348173651778765 6.20152285887354
0 1.28101009069942 0.170465772389434 0.948356440290809 0.781968961609528 1.93587987171486 0.9 8.37138783918609 4.87434878687531 0.0302869287991498 5.32029627326681
0 1.34595297810156 0.321358177065849 0.938509616232477 0.756838407414034 2.59147709608078 1 8.14266457687366 4.82055034668447 0.0360764770898373 5.14710680477913
0 1.28483254541643 0.394396131043322 0.637195595027879 0.80175748122856 2.9193937946111 0.9 7.25026743954202 4.07502330053239 0.0417839017591838 4.2919803539891
0 1.31631940985098 0.270511742774397 0.808378920680843 0.644312027329579 1.73712210403755 0.933333333333333 8.55864355989679 5.14124575829312 0.0327976700359774 5.49055978652855
0.00423728813559322 1.57730562073959 0.102465466945092 0.762821488037373 0.843443686365688 2.99710173923004 1 10.0660328983517 7.12530990799212 0.0528275211396499 8.16283936113161
0 1.29564581599552 0.392300892667845 0.935505598119926 0.779834766173735 1.91558827878907 0.966666666666667 7.35475936589519 3.67061013346071 0.025118535670967 4.38030100870641
0.00423728813559322 1.53406385259418 0.13600629695518 0.64430402320481 0.636957645887118 1.73117897331743 0.966666666666667 10.078202667353 6.78152720137036 0.0370059907980878 8.0595814303583
0.00423728813559322 1.38204612538053 0.224026759874966 0.806438984440365 0.66155492650435 1.71554870412709 0.966666666666667 9.41910797935965 6.01892875681966 0.0333672892540705 6.34406222476461
0 1.21582025589887 0.21603039028123 0.733411608962342 0.611940680723637 2.24972651340067 0.933333333333333 7.26600398390916 4.13058464723724 0.0434815166113371 4.27169345834668
0 1.18458263212815 0.282633794471622 0.618370602920186 0.743602414196357 1.25688400538638 0.933333333333333 6.77250812957411 2.99929733971849 0.0229781666530379 3.84710345932883
0 1.63910400550812 0.318151484709233 0.81419056262821 0.51941299228929 1.34305833373219 1 10.0597032416205 6.40836403284181 0.0259563445278118 7.90819106163278
0 1.24079036407638 0.376082254876383 0.86043487744173 0.377784237731248 2.06556595722213 0.933333333333333 6.90953940077564 3.44771739729705 0.0313725490196078 3.95535613013452
0 1.60749226689804 0.105858375248499 0.821724823815748 0.663107616780326 1.2497340766713 1 10.1053829522872 6.38643028477944 0.0242593621634579 8.30267070503429
0.00423728813559322 1.30818627233091 0.236802663972163 0.624782947499678 0.469014835889525 1.68946920307324 1 8.36847660898993 5.20070453768104 0.0420972832477257 5.2559316500516
0 1.19799913184252 0.334467251226306 0.733355143957306 0.654137241700664 1.27123139705509 0.9 6.66422003801969 2.90264185048798 0.0232470232470232 3.73943173327677
0 1.47189656444825 0.103220810764469 0.875109813630115 0.337805392546579 1.3087152922526 0.933333333333333 10.0418976499034 6.52167254180759 0.0295927728453034 7.9845600748107
0 1.34035005196929 0.358948385273106 0.619953288324177 0.80011164941825 1.44430244620889 1 8.04974629095219 4.40468465856647 0.0261197999787211 4.97073879709694
0 1.23472741418518 0.158603812754154 0.772112342168111 0.569832848478109 2.71422248380259 0.9 7.60561356704998 4.6745580411871 0.0533407059257211 4.59362228340019
0 1.28351182814222 0.288858225871809 0.777894820377696 0.73910274063237 1.19355257833377 1 7.85356597739228 4.01035890614901 0.0214247802503657 4.83283682602989
0 1.17107745467219 0.180780085059814 0.712886938964948 0.557695863721892 2.37372560426593 0.833333333333333 7.15598941246681 4.06388535473739 0.0454063163150668 4.23642266081509
0.00423728813559322 1.5492859436746 0.223718288608906 0.802185176382943 0.563939473936983 2.24644309044447 1 9.96542425437545 6.80782444035709 0.0425276930524159 7.7321353793673
0.00423728813559322 1.44170230589807 0.141455521038733 0.914885701891035 0.367493229964748 1.95799256442115 0.966666666666667 10.0038975587558 6.80900124487868 0.0409707732564849 7.63897861873906
0 1.27623742397409 0.134747458714992 0.82026958289789 0.852050001779571 1.59430748410523 0.966666666666667 8.62290674819599 5.01864907481981 0.0272076342698302 5.47761712091307
0 1.27537631532177 0.292600450455211 0.818864944460802 0.552043055417016 2.30140362307429 0.833333333333333 8.04665181761181 4.858571324463 0.0412509765249798 4.98113782330723
0 1.59284615200013 0.15152268554084 0.733378251385875 0.803615280333907 1.59416155563667 0.966666666666667 10.0947004980016 6.57213784932312 0.0295236793237408 8.20693167435992
0.00423728813559322 1.44405166208744 0.331136743910611 0.844048986269627 0.409297386836261 1.47271684883162 1 9.25406375339983 5.75183162360091 0.0301300541147641 6.23571706163243
0.00423728813559322 1.46073979463598 0.158406058347441 0.88859804146668 0.697854369572695 1.94980641999842 1 10.0238007180461 6.66576863986645 0.0348036825227941 7.66171529893859
0 1.21258281052578 0.237824569060467 0.615071576891933 0.534910086030141 2.37823253730312 0.9 7.12587884381453 4.09804142410343 0.0484202376343766 4.1840272651607
0 1.26149556422606 0.375179593195207 0.899355610506609 0.526819252129644 1.54382205661386 0.966666666666667 7.21270126195658 3.48177045264698 0.0239705134722928 4.29517198521376
0 1.31379310702905 0.279779750644229 0.781018441531341 0.637421187199652 1.28084570076317 0.966666666666667 8.21261515976438 4.50630195969907 0.0245679335627712 5.14729397555965
0 1.46787339830771 0.390138903539628 0.753616862697527 0.695081452606246 1.03131427941844 1 9.27695174327468 5.35106793193357 0.0197246962552703 6.28705278331836
0.00423728813559322 1.38633886211952 0.177197377250405 0.720288242513447 0.475077474929589 1.52873473218263 1 9.74690976299293 6.47937971929087 0.038100417317202 6.88346258641309
0.00423728813559322 1.29889202224807 0.159502777034132 0.882346875981855 0.622153652124663 2.59707577252938 0.933333333333333 8.56480579178118 5.50605717271045 0.0469464063149148 5.49585002664022
0.00423728813559322 1.40337097794579 0.244761296906446 0.857876902417318 0.770294355812391 1.42647131362586 1 9.54067715849131 5.83246881561752 0.0245214179109841 6.54688105420185
0.00423728813559322 1.47257620469617 0.126515815536293 0.819412439493069 0.867492029006872 2.41050051138987 1 10.0312546551836 6.83159391801657 0.0407760354252808 7.78430676328728
0.00423728813559322 1.28609416866801 0.196619358663473 0.816188730381261 0.766654279563009 2.08488420270087 1 8.42959982692291 5.10997773742852 0.0361664968709067 5.32073096138494
0 1.23023606077768 0.100968380831182 0.701123519462999 0.578820558032021 2.99713787902147 0.866666666666667 7.85013352254267 5.11314559791045 0.0647651308492461 4.79356301882047
0.00423728813559322 1.64705685704274 0.345285654185496 0.807306238264357 0.497763089164559 1.8362398954413 1 10.0717355395987 6.67578118628311 0.033508559902414 7.86490640463929
0 1.18041411750019 0.281268504541367 0.87923684483394 0.823258035443723 1.26093765115365 0.933333333333333 7.05061799903554 3.10874203045772 0.0194117647058824 4.08537589223934
0 1.30497897181194 0.222922541340813 0.609029494330753 0.399719927832484 2.4388672709465 0.933333333333333 8.7152591989207 5.93866636154101 0.0622502431650124 5.60842467467043
0.00423728813559322 1.49669441822916 0.347595777828246 0.781580019462854 0.645595237053931 1.38640154851601 0.966666666666667 9.65342898557747 6.01514739858933 0.0262974951182037 6.81794374697063
0.00423728813559322 1.36568446456545 0.211854082097783 0.900403667719489 0.845284393777875 1.97603251599484 1 9.20083870712404 5.67892040326405 0.0295427088836766 6.13823088682443
0.00423728813559322 1.49776565636499 0.147600135618806 0.779822581376053 0.607243117884158 2.00769820937445 0.966666666666667 9.9942907258242 6.81673588059497 0.0416874629013542 7.67327123544134
0 1.61168738452252 0.260971270594746 0.687878698646091 0.762536242324859 1.499259498436 1 10.0798092013824 6.47922623127542 0.0273077981760336 8.03187285805861
0.00423728813559322 1.36112559170345 0.199691944581814 0.812147537382124 0.323030727804127 2.00753250232359 1 9.26239187884799 6.21039925364814 0.0472646497631546 6.21926390995839
0.00423728813559322 1.48652116110529 0.244052017771127 0.64473597135103 0.50501442107213 1.63917401749899 0.966666666666667 9.98778908304514 6.73578001424233 0.0386963859813158 7.52584443410861
0.00423728813559322 1.46222176891115 0.124194575009405 0.939883919320867 0.667484476598357 1.69188330464126 1 9.94290375939978 6.46053023662574 0.0307343756509144 7.6724010779104
0 1.24390200057533 0.342966816201806 0.601359435450286 0.774838784756139 2.23257132200524 0.9 6.84863415597434 3.50321899605447 0.03524557956778 3.91276347195587
0.00423728813559322 1.51181859998032 0.324542010645382 0.70682365585817 0.731101275561377 2.21325286943465 1 9.78735440506539 6.53867031496672 0.0388252647815295 7.07794802264145
0 1.53606208225247 0.160018321149983 0.749605556635652 0.83601970653981 1.4120035241358 1 10.0707321318745 6.4449258534844 0.026627619404816 8.00306211064152
0 1.22615466509014 0.35781656424515 0.666960300260689 0.570180573407561 1.98094717180356 0.933333333333333 6.95729346263495 3.57455026847335 0.0339541839439875 4.0641307836256
0 1.22469194859732 0.101556759700179 0.634426913736388 0.445103449886665 2.91910079307854 0.866666666666667 7.93473384955809 5.30940946726834 0.0724162626707801 4.87988391643066
0 1.49275974030606 0.229337236844003 0.93917139043333 0.350556133501232 1.04133680230007 1 9.96235219512477 6.17051687690923 0.0225541697636157 7.52608911046341
0 1.52083924107719 0.26655690765474 0.902941072604153 0.803891320712864 1.23239914467558 1 10.0490745254171 6.17385554593523 0.020749793597116 7.67715337205334
0.00423728813559322 1.62396192722954 0.38382742300164 0.803831514844205 0.658861209126189 2.96899358509108 1 10.0071521309049 6.93608355096899 0.0463715766366107 7.55813412769114
0 1.26197001032997 0.17600913727656 0.796791198523715 0.892683561472222 1.6930021205917 0.9 8.13663747456827 4.54408249400825 0.0275279072287851 5.03019581995075
0.00423728813559322 1.64999858177706 0.101021385755385 0.884359608030074 0.389875345826399 1.99975611506851 1 10.1012667990586 6.87571406477067 0.03973381326448 8.3092255676387
0.00423728813559322 1.38779142159037 0.343207601597533 0.653860165493097 0.325994765153155 1.35861164843664 1 8.91311961726566 5.52704529615615 0.0338412664225716 5.81173961616129
0.00423728813559322 1.44104270927656 0.138828570234159 0.745266136760161 0.676467721109103 2.4862591616669 1 9.84769643880932 6.84150863316321 0.0494799468491934 7.44732383828034
0.00423728813559322 1.47487863698043 0.272520078485832 0.772642235120293 0.353072721278295 1.4695782745257 0.966666666666667 9.83152661073234 6.46437343475918 0.0344876780754786 7.17693973431039
0 1.30275881928392 0.347966039180756 0.708293624431826 0.578789137070999 1.88218699255958 0.933333333333333 7.77809182150607 4.43717409933878 0.0354044513581429 4.76461296039712
0.00423728813559322 1.54423050836194 0.279335322719999 0.634510837611742 0.435926989093423 1.26036144187674 1 10.0436972207541 6.51382340668765 0.0293086139685271 7.8005453542707
0 1.28206935441121 0.378762138192542 0.650493605900556 0.818711923342198 1.67706227209419 0.933333333333333 7.64207867703226 4.01702631443813 0.0266477019570209 4.64644921890753
0 1.29321856515016 0.275560359819792 0.918205208983272 0.70752992508933 2.36791911069304 1 8.08630770596116 4.79220285028994 0.0371012411529388 5.09149817815368
0 1.1825504518114 0.138654714589939 0.756822852231562 0.393543701246381 1.46570479031652 0.833333333333333 7.22777868660458 3.84502813660387 0.0339539341833919 4.26267987704132
0 1.27394702271558 0.267863723891787 0.641762482363265 0.425642054574564 2.56601447751746 1 7.70035556073544 4.84261104200313 0.0573980746597459 4.68274832063347
0 1.19189094144385 0.166194929322228 0.67005284500774 0.757915029348806 1.08236601063982 0.866666666666667 7.41700273501936 3.6140315633175 0.0223044030971917 4.41419591760727
0 1.57481660225894 0.179391758237034 0.847052488708869 0.696193320304155 1.40482142055407 0.966666666666667 10.0567176116778 6.4150969591716 0.0262098324961097 8.0862617231764
0.00423728813559322 1.3760700527263 0.277288398184301 0.741478533231514 0.6804598679278 1.44841080627501 1 9.19959619277545 5.63371760020791 0.0282721348814329 6.11412455984387
0 1.40389012880623 0.174897357728332 0.655255127884448 0.564141349168494 2.84031203621998 1 9.69539885605428 6.99735219946048 0.0673369164814553 6.83672461832675
0.00423728813559322 1.41691256602868 0.250057883106871 0.753895169735815 0.636993522924847 1.91581892320073 0.933333333333333 9.41627381821675 6.15258070747074 0.0382468868813004 6.42411625164134
0 1.2981321254978 0.297314439364709 0.754179031273816 0.694647405529395 1.36873340280727 0.933333333333333 7.95956293101577 4.30213272545312 0.0257987250339949 4.91317995794554
0.00423728813559322 1.40859354750719 0.129391701635905 0.876155178202316 0.337624155683443 1.93025157507509 0.966666666666667 9.8247559103279 6.69503139186304 0.043729842357677 7.28836224355906
0.00423728813559322 1.47652748360451 0.28807959701487 0.871050570050387 0.564546662868348 1.86878738394444 1 9.81801317557474 6.43732489202161 0.0340240284943523 7.04766213839255
0 1.27474076275248 0.331854296219535 0.723441689170431 0.588371583586559 1.52298142760992 1 7.37609085112718 3.7463618895273 0.0265233722871452 4.37701409285034
0.00423728813559322 1.36687491818867 0.223876535990569 0.707322529928114 0.81302422880746 2.45881522926287 0.966666666666667 9.14754378107269 6.02561606753887 0.0440721280415937 6.10725325825585
0.00423728813559322 1.41695214025676 0.186748645594344 0.815540239319671 0.67639716854319 2.1850703144446 1 9.56360651254075 6.36434906976075 0.0407924834879762 6.74590279402752
0.00423728813559322 1.5450769506385 0.182166776050681 0.68580548084554 0.848805448597297 2.90440730693479 1 10.0213357712532 7.06478751741446 0.0519980919762267 7.87038237326433
0 1.20192753882147 0.233920825412497 0.606488381267991 0.651608746591955 1.59757256461307 0.866666666666667 7.04674769457827 3.5706155336202 0.030926799879506 4.06705241993409
0.00423728813559322 1.42678390359506 0.265189474611543 0.823338344902731 0.571633348194882 1.41279798699543 1 9.642464721278 6.08290360742476 0.0284513088597406 6.73173383473666
0.00423728813559322 1.35896041423501 0.260169285437494 0.844070742891053 0.831960139976304 2.33536951318054 1 8.42110804473597 5.0962011824259 0.0359758693067563 5.35122602220344
0.00423728813559322 1.63914078995585 0.37912893097382 0.6668920216267 0.448564065853134 1.39012275496498 1 10.0424912364915 6.47455919713566 0.0282141391228424 7.80909479640308
0 1.35921317115426 0.188580960710533 0.801603042986244 0.518218218209222 1.0436927638948 0.933333333333333 9.59612984472435 5.89538621520751 0.0247051481604693 6.62264133463607
0 1.36789686381817 0.349036438949406 0.76309129622532 0.638689283234999 1.31413694517687 0.933333333333333 8.81315694729179 5.13137691179238 0.0251781169807511 5.7424306796356
0.00423728813559322 1.52862506392412 0.371470586583018 0.655442866054364 0.626240684185177 2.57043245341629 1 9.72521180042592 6.7442947298291 0.0507462746027604 6.80568563874524
0.00423728813559322 1.32543059803377 0.23850900000005 0.781381774102637 0.421474440457705 1.72461461297467 0.966666666666667 8.49434800920603 5.2201694144151 0.0378479449638384 5.40158949614839
0 1.38365834983997 0.118053982197307 0.718137450364884 0.328180769551545 2.96538327727467 0.866666666666667 9.60873180256547 7.11166896201932 0.082326449770304 6.70850664882872
0 1.18383452398702 0.226895609055646 0.687132319959346 0.714510319149122 1.4654639121145 0.9 6.91163662569011 3.32022831912849 0.0275594908688434 3.96398274435886
0 1.22407871680334 0.2902872110717 0.807615714566782 0.505180192412809 1.80058530764654 0.933333333333333 7.05185562295589 3.58153284048448 0.0311069882498454 4.15384810768794
0.00423728813559322 1.33716106583298 0.193400234279443 0.767564838456782 0.717319594875092 2.782523621676 0.966666666666667 8.93058085601874 5.96711885709164 0.0516398303151941 5.82864131167896
0 1.47104031555355 0.233154860488139 0.657168503140565 0.514746759273112 2.97253205021843 1 9.9595417458378 7.27777741815614 0.0684422929342114 7.25127405887132
0.00423728813559322 1.42837731373638 0.203586749667401 0.894329904240574 0.744950590560385 2.88454334228052 1 9.64940572711308 6.59203946301758 0.0470113477889969 6.88860643792115
0 1.28378777471371 0.140864704712294 0.619492666726001 0.41696420093067 2.56502171885222 0.966666666666667 8.44806484277238 5.7646504745617 0.068329453497395 5.314563982985
0 1.15281822611578 0.392490405123681 0.67528994246386 0.718536248942837 2.90454411692917 0.866666666666667 6.42055853776847 3.25364879162325 0.0421336004507607 3.6025671334268
0 1.18138955566101 0.204154323623516 0.799899302620906 0.662939679762349 1.74793243920431 0.933333333333333 7.24466109506358 3.76699723337789 0.0308794655379045 4.29192607548609
0.00423728813559322 1.29174619631376 0.215435269637965 0.855432212748565 0.352877163514495 2.38143033673987 0.966666666666667 8.13087126400821 5.13336139278966 0.0499111990663216 5.0569044945806
0.00423728813559322 1.319081997592 0.244300430943258 0.67245806112187 0.771742557641119 2.35089330701157 0.966666666666667 8.10155234774283 4.96573410975644 0.0434641752361843 5.04586929100572
0.00423728813559322 1.59928137724185 0.265420629110125 0.918731909005811 0.364291412835768 2.70367008586456 1 10.0405196854129 7.03503382994089 0.0495146914995807 7.82445925879093
0 1.54052266860381 0.315151168499142 0.607142925204244 0.782095811935142 1.09289289265871 1 9.97584852338084 6.17745990278669 0.0224068487161758 7.39287327520432
0 1.39922819924541 0.391925659170374 0.895865045825485 0.624096645321697 1.65616901172325 0.9 8.42658748376465 4.79425891717663 0.0264545115403954 5.42560243962166
0 1.25382504318841 0.208023002906702 0.696941734966822 0.343009067326784 2.55982580780983 0.866666666666667 8.02203899858273 5.2273995666515 0.0611369143780291 4.98360662170834
0 1.50875885863788 0.38649067459628 0.819814336916897 0.877055820822716 1.43817638931796 1 9.67812487411304 5.82825910750626 0.0212825930813303 6.75859766856661
0.00423728813559322 1.33800255870666 0.2665209907017 0.755741105028648 0.552068820535621 2.157079834591 1 8.33245271138497 5.17972150063463 0.0427352483600378 5.27538986190433
0 1.2627943204483 0.242641197657213 0.728957123251166 0.801312465872616 1.17953147692606 0.9 8.1575508862497 4.29552018069422 0.0210252600297177 5.06282941718367
0.00423728813559322 1.56841435317399 0.373981287153188 0.611988748807776 0.613295150113874 2.0155385249104 1 9.98948939233675 6.74656879471814 0.0390496799896006 7.45753234888307
0.00423728813559322 1.45161476233759 0.262000938978885 0.886294226666748 0.56990179006067 1.96422145034193 1 9.50811632933319 6.18008566438377 0.0358636631374704 6.70645475559038
0.00423728813559322 1.57025891854428 0.248416914488189 0.833864078542683 0.326683286391199 2.50535795511678 1 10.0165617411759 7.01070288591567 0.049496225974169 7.85947750268756
0.00423728813559322 1.49770175046287 0.18014552204404 0.804321945179254 0.489702158700675 1.67372731491923 0.966666666666667 10.0319914578087 6.69225485818124 0.0354462930588765 7.78966872177868
0 1.21076150306035 0.310585432196967 0.707934655586723 0.433617136627436 1.04258966026828 0.966666666666667 7.003598232198 3.21056552773457 0.0225271798727951 4.04365604559716
0 1.64901162122842 0.182931880117394 0.786075966758653 0.409848765190691 1.12386137107387 1 10.098962500723 6.36813000918704 0.0239728703156677 8.26082889111036
0 1.15531133671757 0.366368126426823 0.616832140414044 0.562034074310213 1.17409536987543 0.9 6.39204118287167 2.44395604617491 0.0192916072203958 3.50877765405829
0.00423728813559322 1.32999665791774 0.207808976044939 0.805385020610213 0.318582621807229 2.06247415437296 1 9.02419953099278 6.00199226899464 0.048693620079744 5.90062768043621
0 1.21823796336539 0.230500458157621 0.762530914251693 0.488568129809573 2.52909581642598 0.9 7.60223490477586 4.56704516863716 0.0480655422399763 4.61365262666943
0.00423728813559322 1.36414330847991 0.330049164646888 0.763869012699086 0.62939618755029 2.1827465421732 1 8.65685657821032 5.37001768071323 0.0373717989598975 5.59731023014568
0.00423728813559322 1.5473396625854 0.246812950984519 0.752447736129732 0.8475895006729 2.93294650020443 1 10.0435508987599 7.00575879818639 0.047940620798368 7.66687744846562
0 1.30610748587642 0.118331424728967 0.945486498379614 0.62621750109829 2.64083848893642 0.866666666666667 8.73052258722038 5.60353705966515 0.0438497821804329 5.71652150043363
0 1.18221579664387 0.340481298044324 0.644094570248853 0.504059848375618 1.54162046220154 0.933333333333333 6.78271831854297 3.2470467018349 0.0291391800558501 3.83406146395843
0.00423728813559322 1.4222166182939 0.283774886094034 0.893644231487997 0.4837529535871 1.58215617388487 0.966666666666667 9.29242237817662 5.7953238057783 0.030285126172143 6.33162455680838
0.00423728813559322 1.46001603186959 0.257563234472672 0.811720428335315 0.748111451067332 1.67902841439369 1 9.92642578156677 6.41039415616944 0.0297171301891771 7.27632585516726
0 1.22093999069184 0.111211520596407 0.772000851447228 0.442233621329069 2.50612320983782 0.866666666666667 7.82725623717687 4.97779418790701 0.0578754466408011 4.79388154088082
0 1.44346083395649 0.105806015385315 0.616221283900086 0.604659124463797 2.43203734327108 0.933333333333333 9.97439359274813 7.11619120142407 0.057371799670298 7.62360703457692
0.00423728813559322 1.3879592130892 0.271633875090629 0.803497608879115 0.740382415289059 1.5270686079748 0.966666666666667 9.26421447115131 5.67793402192611 0.0277011749637317 6.28213783107786
0 1.16510704611428 0.347274976200424 0.731667206517886 0.593422867264599 2.17780169472098 0.933333333333333 6.65341587189945 3.25809653802148 0.0335298452468681 3.74191230602216
0 1.28629310391843 0.299190226104111 0.668866607092787 0.70146295633167 2.31485896371305 0.966666666666667 7.74027452082603 4.56219069332781 0.0416654168041515 4.75150716699356
0.00423728813559322 1.37579991084058 0.168049071123824 0.607857511669863 0.595681338105351 2.386676593218 0.966666666666667 9.54585155580106 6.70123995067315 0.0581568501762777 6.59676928443526
0.00423728813559322 1.3824056813959 0.107104403758422 0.792473354260437 0.436715035373345 1.27421834506094 0.966666666666667 9.994470200248 6.54713166258799 0.0318302387267905 7.42358903076883
0.00423728813559322 1.46155926687047 0.294444389830734 0.697041936537008 0.308234691550872 1.35817604607853 1 9.7854788664226 6.4344395039658 0.0350479076841712 7.01496408549758
0.00423728813559322 1.53663537078537 0.339124761265703 0.854606608697213 0.321677861642092 2.43549557588995 1 9.89920338859708 6.8919984563697 0.0494296450659904 7.17706969407573
0.00423728813559322 1.58193850206638 0.319559510785395 0.672815134501051 0.463164402755289 2.59447600470428 1 10.0684368596056 7.10247192055606 0.0515107405313737 7.78426514084445
0.00423728813559322 1.46524919629785 0.181317298303751 0.926967054985135 0.547995565420202 1.46654072334079 1 10.0091665174836 6.44904760947825 0.0284354433113054 7.63390193780519
0 1.23040976396296 0.100910625257529 0.635428327915724 0.781868675211445 1.57418177183717 0.933333333333333 8.371027215493 4.96857245067625 0.0332914469006796 5.23415972524748
0.00423728813559322 1.34892198980594 0.304407297938736 0.929187857697751 0.577715457626184 2.00465366085967 0.966666666666667 8.54869185847561 5.13802718885928 0.0330192461908581 5.52600231423144
0.00423728813559322 1.42050237216548 0.301457579075006 0.75300813883545 0.663827991460642 2.11251947379749 0.966666666666667 9.19823986909007 5.94442715627831 0.0386266543809683 6.13070161412898
0.00423728813559322 1.45892883579047 0.254121363722159 0.672491315598198 0.645583346187995 1.46953486113923 1 9.89411375545542 6.44587853694801 0.0318017099538696 7.21973964395688
0 1.21899332546163 0.375915242033079 0.686996488529257 0.344671311741695 1.89354654215276 0.933333333333333 6.88430386007781 3.42821018090822 0.0315527768637344 3.98434366700777
0.00423728813559322 1.38517691774759 0.227104869205505 0.80198866459541 0.807374291634187 1.79134492902085 1 9.26960563891573 5.77112954811581 0.0302434365742326 6.23721724128305
0 1.23356445457321 0.332049974333495 0.680848026426975 0.752633148338646 2.95519208721817 0.966666666666667 6.84062028648005 3.76120011569356 0.0459859128959693 3.92572184978631
0.00423728813559322 1.43494859267428 0.213621812147929 0.909781185696234 0.775597936868983 2.29303284045655 0.933333333333333 9.90123501748283 6.57108302235826 0.035787665103626 7.24059848966752
0 1.18831910062581 0.142293034447357 0.734522903279867 0.651887510810047 2.06693046865985 0.833333333333333 7.78832763734508 4.61591228251999 0.0419022667352049 4.76966715786949
0 1.26708939156961 0.353541336674243 0.916802084562369 0.470349678536877 2.77628582995385 1 7.20906901666486 4.06044301054642 0.0429110458950899 4.3245740599258
0 1.54365212270059 0.155845075496472 0.700696916982997 0.774987099319697 1.09926005359739 0.966666666666667 10.0796609376518 6.28805082471841 0.0225592496537686 8.08724812051992
0 1.42755102317315 0.103659349982627 0.725477601541206 0.624422341352329 1.16344123473391 0.966666666666667 10.0323765046558 6.44517232416249 0.0276755983370391 7.67778367629182
0 1.43608725895174 0.240886784717441 0.672278021951206 0.431938850646839 2.74722270248458 0.966666666666667 9.53288853079047 6.82392379375148 0.0666057254749167 6.68637740931354
0.00423728813559322 1.50645576878867 0.327483585541613 0.742982735090049 0.546386471068523 2.4264175705869 1 9.74623317232104 6.72291054164374 0.048639339018358 6.88741650798661
0 1.64987247725949 0.250770123815164 0.672295171185397 0.395299870893359 2.95944215916097 1 10.0857493853244 7.27320824973238 0.0600521975617988 8.07542710358174
0.00423728813559322 1.51315740621649 0.148282400891185 0.751777155708987 0.442659577773884 1.54891225742176 1 10.0620356922056 6.71695790370714 0.035257472425098 7.9578190409508
0.00423728813559322 1.32354671179783 0.122034440864809 0.641650915285572 0.45101934154518 1.21537537686527 1 9.50850728587024 6.16057420992971 0.0351569457913591 6.56423157241416
0.00423728813559322 1.40119016494136 0.108662541932426 0.665493978641462 0.793816121388227 2.73509660968557 1 9.85613735112252 6.95023989058829 0.0546996777643416 7.32723286328882
0 1.25890292120166 0.276238088239916 0.807200278271921 0.589851287333295 2.05309084476903 0.866666666666667 7.71827515461002 4.36358846070313 0.0349203091866749 4.71505889542265
0.00423728813559322 1.34768799154554 0.278527856688015 0.633746231975965 0.405919575830922 2.33562467154115 1 8.7861867157551 5.91593248449554 0.0566845137724978 5.68459965523943
0 1.39895779904909 0.277088121697307 0.880685916088987 0.534790022391826 1.34808827005327 0.933333333333333 9.25174276945862 5.59444581061874 0.0258021628585918 6.28838948664094
0 1.3048529798165 0.294634978636168 0.675852116092574 0.706599357398227 1.74339435482398 0.966666666666667 7.81923445385907 4.40671924726425 0.0329581993569132 4.78230590574968
0.00423728813559322 1.61893576714815 0.136476603442537 0.637486921399601 0.811422759501909 2.07727477366112 0.966666666666667 10.0994314201474 6.84191015748753 0.0384836708024707 8.24369057343466
0.00423728813559322 1.5144279381605 0.25292625234778 0.734833858300594 0.400525301263081 1.55229671334014 1 9.94742149990439 6.61141359789233 0.0355787082820266 7.55926415971307
0.00423728813559322 1.37570721560623 0.101939561986364 0.695504452078603 0.828642538608983 2.19082608819008 1 9.76059245695864 6.59258780885475 0.0420874935349841 7.08960450202184
0.00423728813559322 1.42974852763215 0.318226145162494 0.784925261334868 0.819671459367408 2.3365094573171 1 8.89973988988254 5.58961788452253 0.0365117188565816 5.88480689423502
0 1.33916593387257 0.13493402430322 0.749973061308265 0.538416177593172 1.78639041492715 0.833333333333333 9.67012193345162 6.48506262520735 0.0413757918026328 6.74551866257145
0.00423728813559322 1.46858299234168 0.152705969822574 0.70306908751899 0.454151380449438 1.86917547351776 1 10.0295355979661 6.92027655953581 0.0446340151806783 7.77308950185544
0 1.29116569573525 0.204554183641449 0.874930701579433 0.834450754662976 1.85181196872145 0.966666666666667 8.25034093994992 4.71757479915172 0.0292239663541639 5.1720501660709
0 1.63999204731081 0.15865311245434 0.908251388580538 0.388305470393971 1.17929621180519 1 10.1067426328697 6.35465985386995 0.0234688145630421 8.28278644782332
0.00423728813559322 1.61901433346629 0.339865049954769 0.811283916340389 0.814996545887745 1.96337596874327 1 10.019062225628 6.52179863726202 0.0302801290550563 7.76489030964753
0.00423728813559322 1.56978293439014 0.321671600025951 0.942036824782287 0.30920400856712 1.33592624321524 1 9.9569240486253 6.31559908156208 0.0262175835079171 7.47312590459992
0.00423728813559322 1.35624161412813 0.229483214059563 0.833412068020571 0.789510768508641 2.18646516620712 0.933333333333333 9.01555865161802 5.69349160963738 0.0360781795143289 5.91918183123698
0.00423728813559322 1.63429601170816 0.105017768939389 0.748195793626152 0.7844876453447 1.91779197388138 1 10.1049006995856 6.75631204183312 0.0351339050904919 8.30834694480285
0.00423728813559322 1.36835275378544 0.394871408073232 0.624758985289372 0.46495783100836 2.0509943771176 1 8.23029303541032 5.07517381523383 0.0426333179379685 5.21511690062189
0 1.18905333043076 0.286095636500977 0.877609295933507 0.640162755874917 2.10605618776754 0.933333333333333 6.83106705777013 3.44316158076119 0.0337793544904176 3.93462283734539
0 1.22056294369977 0.332508516404778 0.932879281206988 0.44169990378432 1.01877914555371 0.966666666666667 7.07947485586418 3.04123296107302 0.0176284378357971 4.08915872518974
0 1.21445789895952 0.331254753423855 0.793362281576265 0.624214852787554 1.98595560062677 0.966666666666667 6.98196669406132 3.42840994518704 0.0286226547992572 4.06696155214666
0.00423728813559322 1.42304670354351 0.241628065914847 0.678802940319292 0.733720474736765 1.70314986072481 0.966666666666667 9.69802936164434 6.32033406453624 0.0341260144956689 6.74730317764002
0.00423728813559322 1.61569155043139 0.398983639131248 0.676844606604906 0.861103039623944 2.06961851127028 1 10.0045930283381 6.5734939298803 0.0323513638910815 7.56541344161178
0 1.20785686697345 0.379988694144413 0.702170424780343 0.623750896286219 2.75115756457672 0.966666666666667 6.63648944386502 3.46681290882736 0.0420171867933062 3.76039786936092
0 1.17031106199138 0.133002511039376 0.748000301152933 0.775280825514346 2.95866904966533 0.8 7.04297794892388 3.99206571310168 0.0473157415832575 4.11971445218343
0.00423728813559322 1.38024399758345 0.1706350528217 0.620691881718135 0.332413323984231 1.07490834415471 0.933333333333333 9.87637509483793 6.48234253306428 0.0335730182873687 7.12585757305693
0 1.16017063728068 0.111853582272306 0.923615954618435 0.367031206190586 2.24245019163936 0.7 7.04074485818561 3.9576335166802 0.0458164839287948 4.09196077086682
0.00423728813559322 1.64889091261344 0.292773852882493 0.863713900343073 0.859940624772053 2.30012841590133 1 10.0360935170841 6.65092567001312 0.0338719565598178 7.98940224472978
0 1.34104624330066 0.159642177517526 0.815057241264731 0.828635768266395 1.08065448375419 0.966666666666667 9.50826378790042 5.58025018504571 0.0196827314685637 6.53863872619271
0.00423728813559322 1.56746239423047 0.260506985439895 0.782970612117267 0.792061602762186 2.62814028246438 0.966666666666667 10.0173856569741 6.8794622270647 0.0433727710509716 7.7834969675872
0.00423728813559322 1.63370531527326 0.346706398040988 0.869940119679086 0.334804815100506 1.5144658042118 1 10.0756886251128 6.52649485957079 0.0287478077867415 7.8963914783298
0.00423728813559322 1.48104656020513 0.237503223855825 0.870858245084775 0.838839192040134 2.96004319464457 1 9.85109189638509 6.74480488386744 0.0447668659505561 7.25226654441996
0 1.54872859558091 0.375802790839225 0.871588848263491 0.840999947860837 1.41833209106699 1 9.82455797510319 5.98578176397248 0.0215199210767896 7.13568734702814
0.00423728813559322 1.38807621968444 0.300011374265887 0.653919862909243 0.560985608864576 1.80832788487896 0.966666666666667 8.87000897422465 5.65200509457603 0.0400348930189731 5.75552394446021
0.00423728813559322 1.57966659914237 0.28712243263144 0.686212913074996 0.808374619390815 2.88106825295836 1 10.0528037077161 7.03802301834606 0.0490565929396633 7.7903651244874
0 1.28020491006318 0.255799799994566 0.692834945814684 0.737846649158746 2.46215514605865 1 7.81562397822689 4.68705734546028 0.043780505842331 4.82964618253608
0 1.25989660059568 0.288914503296837 0.609264615608845 0.736730330809951 2.46246870933101 0.9 7.52268062393853 4.38664558053018 0.0434547529887658 4.53498612913099
0 1.19235290724318 0.232381674693897 0.844587780616712 0.887629802757874 2.77043579053134 0.966666666666667 7.13156068019089 3.85672897829936 0.0378232342724817 4.13984524974113
0 1.33444970238488 0.209625012311153 0.772576697589829 0.746714593749493 1.27922896388918 0.966666666666667 8.79298415437002 5.07990398960923 0.0244022444621247 5.66367861302139
0.00423728813559322 1.558388812892 0.345871663403891 0.744354281746166 0.474858016313373 1.87211777538251 1 9.9618885274106 6.70889775354808 0.038658416184026 7.35696078559059
0 1.32273916944396 0.1558634680463 0.887868428183719 0.805869431002066 2.80819584196433 0.9 8.66461013936241 5.54459857326224 0.0441566576964134 5.65235921730791
0 1.52467287445907 0.134817146626301 0.627823150076438 0.372346241399646 2.99860669719055 0.966666666666667 10.0603542450928 7.41390793244403 0.0709027320278199 7.98393389598346
0 1.41633513066918 0.15276435050182 0.659105501824524 0.345664619794115 2.80184639664367 1 9.93295735405347 7.34450369935181 0.075136136711196 7.28758343986741
0.00423728813559322 1.6048716306788 0.300771899491132 0.879193982090299 0.476207443334606 1.55700742280913 1 10.0775416949117 6.53446690256919 0.0289242541368377 7.91506822257284
0 1.62544497356284 0.301217499817722 0.665425590972882 0.892529507540166 1.6950276773423 1 10.0827168331685 6.51796665025898 0.028304055437831 8.00309555377983
0 1.23407036529388 0.149794586119242 0.898524353199173 0.468087067175657 1.87112649809569 0.9 7.90694276152983 4.61438684109302 0.0371587531022445 4.80098060456799
0 1.57891404614784 0.337889279145747 0.75795871616574 0.597550335852429 1.23519048281014 1 9.94797003927265 6.23375691726095 0.0243746134176747 7.54672782509581
0.00423728813559322 1.42277304065466 0.387405722439431 0.709937016482607 0.599562050862302 2.21578062219597 0.966666666666667 8.78743615161318 5.5829776365709 0.0405808696201399 5.73065941139492
0.00423728813559322 1.53245206840459 0.146055579553023 0.750244205338505 0.589540317034149 2.52476054660687 1 10.0570623522906 7.08598514287284 0.0512480756778545 7.94851479515205
0 1.15613289931789 0.157420019106939 0.711290245305281 0.300808380637318 1.70791393565014 0.8 7.04610317859163 3.82136863716002 0.0397663364899677 4.05900519577679
0.00423728813559322 1.36458609105593 0.286600678482551 0.663808910768097 0.824526445291835 2.97213993720145 1 8.47126093952233 5.47938814144034 0.0501933466419108 5.44716831328039
0.00423728813559322 1.52379788214811 0.233422117295622 0.816751967749107 0.374830224598669 2.26744994269802 1 9.96495417271361 6.93254544778936 0.0481993990944099 7.59228207724847
0 1.18585795674007 0.118646304332651 0.663336752413306 0.807677308749408 1.44694269774482 0.866666666666667 7.58279723699288 4.02191171486271 0.0284136526523978 4.5546862805561
0 1.3029827225022 0.126871293107979 0.633456262061372 0.714006527932361 1.8831465151161 0.833333333333333 9.03698172800556 5.84597624035938 0.0411304939369865 5.93001458479176
0.00423728813559322 1.32984269803856 0.166320360661484 0.759922331187408 0.89436856568791 2.00161610124633 0.966666666666667 9.29565087801721 5.87056242802645 0.03254640213282 6.21474601994506
0 1.46920206628274 0.103103267354891 0.650080412148964 0.549725835816935 2.84434404782951 0.966666666666667 9.9734638483488 7.25100254274563 0.0657128158960839 7.73683398677913
0 1.19354304890148 0.252220145426691 0.760389529820532 0.656166382692754 1.28798996424302 0.9 7.02313212991545 3.29994364795698 0.0241568213319253 4.06744272095871
0 1.28122299453244 0.242127517680638 0.90540175717324 0.41473531848751 1.88359331013635 1 8.10610228815651 4.75272775034571 0.0349661601584891 5.1014911235512
0.00423728813559322 1.6430044842297 0.218462284708854 0.825330615527556 0.406935327965367 2.17411481126159 1 10.062294517878 6.85189014614074 0.0403402974972521 8.14964987630663
0 1.21269840861205 0.295797568443231 0.702356182073709 0.543797510443255 1.16379694873467 0.833333333333333 7.11623179325294 3.2236643416 0.0203929209287222 4.10495474133412
0 1.19613991640508 0.371036700578407 0.912785862653982 0.306507629435509 1.11913368152454 0.933333333333333 6.88627624730501 2.97953029897771 0.0201058201058201 4.04054185622912
0.00423728813559322 1.58730890754452 0.151358951909073 0.657930471592967 0.883467370748498 2.76007647730489 1 10.0827363376434 7.06101985204702 0.0487175236245648 8.0794424666851
0 1.45005252931733 0.283136665006168 0.65901790271746 0.387585093593225 2.91898560523987 0.966666666666667 9.57049064925246 6.95690662586469 0.0732714659585113 6.54381260968101
0.00423728813559322 1.51817223228845 0.261233972790568 0.692543917308881 0.898195192816609 2.76200727492051 1 9.91948720605165 6.81549378055583 0.0448696604923591 7.39549649630075
0 1.25618350713048 0.392780001135543 0.774323365231976 0.59976892573759 2.46292312536389 1 7.32554413677913 4.01938152374865 0.0366565696474823 4.39732567196305
0 1.15113055459224 0.199323752848431 0.867153893923387 0.42722445060499 1.3966963076964 0.766666666666667 6.81511544367571 3.13926780531279 0.0253279274982113 3.95291456274624
0.00423728813559322 1.31779910729089 0.140557163534807 0.878664274889657 0.731486171867718 1.99313570126983 0.966666666666667 9.33350354471994 5.98645200528444 0.0351879515868419 6.27774477536621
0.00423728813559322 1.46711995322257 0.147858165181242 0.942692964943126 0.703383344085887 1.60710921790451 1 9.99119923980682 6.43304726813181 0.0284914290599752 7.72214616682745
0.00423728813559322 1.5178093374648 0.181250124254466 0.677922104789624 0.816820964784959 1.97963501050371 0.966666666666667 10.0698096717652 6.77878489768518 0.0372156921715797 7.92943687088131
0 1.18783767123241 0.262424779497087 0.941281753545627 0.443233416695148 2.53837836161256 0.8 6.68736834138139 3.41909187153871 0.0380719887809692 3.8457051243905
0 1.24031244099606 0.331123175215907 0.86167923087487 0.416284960415214 1.56359126232564 0.933333333333333 7.11923102542866 3.51473862941018 0.0272012487714633 4.20682254564879
0 1.24484575688839 0.234153082640842 0.855215890239924 0.31862629596144 1.94194417633116 0.933333333333333 7.93183642905116 4.73085840115159 0.0407223568945836 4.89623937282883
0 1.31564277291764 0.184629005403258 0.919893283734564 0.61934137288481 1.65880957292393 0.933333333333333 8.89576171234631 5.3958976948869 0.0302014900184418 5.81572840167236
0.00423728813559322 1.48596012645112 0.213065934064039 0.774708902106134 0.437502059192789 1.32665236575694 0.966666666666667 9.92758452940238 6.40955082158226 0.0296576935635349 7.65275852657788
0 1.1839419497177 0.199773205444217 0.739573542622384 0.556136824004352 1.43193093175068 1 7.32178361775079 3.74083919304465 0.0278493841848988 4.33073334028633
0.00423728813559322 1.41774491251154 0.111869006330059 0.889694569161254 0.405954274691939 2.8181456518658 0.966666666666667 9.82979275761241 7.00033446027523 0.0590448297494033 7.29965756201855
0 1.31997619124595 0.231615211535245 0.753543596342206 0.411186297610402 2.22105880454183 0.9 8.65080421050012 5.63980346774324 0.0492423751442015 5.64649333331754
0.00423728813559322 1.50608534444391 0.29450873826806 0.925879046394728 0.609695741411291 2.10037799832918 0.966666666666667 9.9103364589338 6.5595663938661 0.0350573472651742 7.22638454328316
0 1.18681129170582 0.146601323946379 0.712553757207934 0.451038742018864 2.90301167638972 0.833333333333333 6.84468767551456 4.0102380529251 0.0587508520790729 3.94893335944824
0.00423728813559322 1.48756361948326 0.186614207201637 0.617249002878088 0.444860031176358 2.20866971230134 0.966666666666667 10.0116025469938 7.06041716637866 0.0522777002330468 7.75743453804054
0 1.32999731434975 0.232274660421535 0.88719502313761 0.692088815197349 1.64934216998518 1 8.47981664341128 4.91020089677449 0.0281666747406521 5.40477727764916
0 1.32864936159458 0.257095951656811 0.716482787870336 0.404865777818486 2.98132866900414 0.9 8.47290067542425 5.75597659774362 0.0660776920039334 5.39732440823369
0.00423728813559322 1.49390374131668 0.364639237838364 0.63961126359476 0.657307002027529 2.43221460777582 1 9.41072284408779 6.35709097338177 0.0471872348667752 6.4923408400203
0 1.430807590927 0.393493571970612 0.821286553167738 0.80779760023579 1.8692245814018 1 8.63876754943706 5.05049682752139 0.0276460969000714 5.61652864403464
0.00423728813559322 1.55724919865615 0.364536395024217 0.937875756449585 0.559184585737457 2.05379044201234 0.966666666666667 9.88984141784705 6.48136588026588 0.0330916088572882 7.24208235925696
0.00423728813559322 1.41959433185402 0.272030993388034 0.783429870824329 0.680572212673724 1.56056931288913 0.966666666666667 9.4905653993048 5.95306418702826 0.0290859158819575 6.47527330758024
0 1.60181501354091 0.383520707441494 0.865507179219276 0.402226256998256 1.01067418931052 1 9.98487397240855 6.08130525110777 0.0201698024502438 7.57553336819154
0 1.32425036546774 0.379620087239891 0.727019875939004 0.549112484464422 2.11881327303126 1 7.71342725038393 4.40468465856647 0.0365621183689274 4.69134788222914
0 1.25398042970337 0.332403227617033 0.75148796052672 0.437990146083757 1.31655556568876 0.933333333333333 7.41792354387798 3.77930760632095 0.0262887040054893 4.44600696433729
0.00423728813559322 1.43514151933617 0.223572754813632 0.872825947428639 0.758866596551026 2.1766210997633 1 9.7122644946747 6.38316873996611 0.0358254854520763 6.77178281412554
0.00423728813559322 1.5756253313506 0.118382097943686 0.926745647727512 0.343508431920782 2.15160268265754 1 10.0899588206891 6.93708751834342 0.0427292619302512 8.17420510601716
0.00423728813559322 1.40747545505874 0.260085629555397 0.838839791074861 0.831414520600811 2.7825490962714 0.933333333333333 9.00901072929726 5.82999548647304 0.0416266270638595 5.9519437889457
0.00423728813559322 1.55562734752329 0.259682625298288 0.733132514028116 0.820939236748469 1.92011438930895 1 10.0509990991539 6.62455205040693 0.0325022146546864 7.86801185828804
0.00423728813559322 1.3693164531125 0.257987638752118 0.660275679732053 0.394518826916055 1.51215363425855 1 9.2363394478448 6.01721351213072 0.0399899968171691 6.14325530164362
0.00423728813559322 1.48942715963349 0.212483119405806 0.942150674562436 0.711980682145804 2.52462936844677 1 9.78649295597993 6.57674808179198 0.0403669105992648 7.32736433267856
0 1.16830602402333 0.262912732339464 0.873581169371027 0.678445727471262 1.4638870744966 0.866666666666667 6.93480907925948 3.24018561145495 0.024856811290383 3.96592827026435
0.00423728813559322 1.55075473069149 0.196682613966468 0.911021724858895 0.378837408618047 2.38835078678527 1 10.0076628661194 6.95498867646332 0.047232446833274 7.80339422312542
0.00423728813559322 1.36256390293349 0.203642946196604 0.716050582101904 0.641877707593516 2.88615877735108 1 9.13590414082316 6.31366881193149 0.059472852628555 6.06355262350224
0 1.25621760436334 0.356704647582956 0.892373261391185 0.684786181105301 1.03099989425391 0.9 7.2619011014618 3.25238223675804 0.0181421219524874 4.27820813936787
0.00423728813559322 1.35205618561407 0.207483400572109 0.910382246667562 0.688286394072078 2.14769674957456 1 9.13827492782582 5.78279901497443 0.0348927602896027 6.06044630742209
0.00423728813559322 1.40475691223338 0.231531266544379 0.659429079459586 0.625224349954739 1.6383959362164 0.966666666666667 9.69716721136285 6.40283174380436 0.0370926861521769 6.82242274273412
0.00423728813559322 1.46587052390356 0.284768720281316 0.613876118770249 0.584472832785863 2.48556326625288 1 9.77087002792129 6.91284231803069 0.0573818223338662 6.80800860581185
0 1.49988968551625 0.152084850636311 0.683308861916885 0.50521087073721 2.83917425433174 0.966666666666667 9.9990751233311 7.23834819726719 0.0632457766419034 7.75982008453403
0 1.3672986707883 0.282206642627716 0.920984432811383 0.666447689943016 1.27313422504812 0.933333333333333 8.65016817927633 4.84418708645859 0.0222373695368048 5.59881870568083
0 1.29437009219546 0.280143313598819 0.909729085979052 0.594684625742957 2.97485355380923 0.966666666666667 7.80322382950871 4.74912124280773 0.047165028307467 4.82055961370915
0.00423728813559322 1.43538535210531 0.194275219778104 0.768797110189487 0.619006040320121 1.64932282486543 1 9.9390107331051 6.57409907362041 0.0345650694791836 7.34940229972843
0 1.49151979617309 0.322417935798876 0.640372951410245 0.304413207666948 2.88289521308616 1 9.57822129375691 6.98317191826689 0.074642190488716 6.66657504018178
0 1.27935193954036 0.398003619047813 0.822585461300332 0.662658386025578 2.79773534741253 1 7.03432919103916 3.8155121050473 0.0400023496240602 4.09211986719999
0.00423728813559322 1.37136606893037 0.104561676736921 0.692301830393262 0.494075235491619 1.58809643145651 0.966666666666667 9.76704750036226 6.57838877124944 0.0412271306217467 7.12439496733699
0 1.36014193363953 0.140552377747372 0.880528150207829 0.895325865643099 1.08751600096002 0.966666666666667 9.65415490307607 5.66008278030833 0.0184245341875993 6.74653368202666
0 1.20436367646325 0.392236129404046 0.623500714136753 0.492049133358523 1.36021099193022 0.933333333333333 6.72760279661588 2.97589393133433 0.0234775915155662 3.85166620488725
0.00423728813559322 1.53649822334764 0.108813530342805 0.759463131505937 0.527232219030512 2.49290824134662 1 10.0903432589646 7.10258165691457 0.0504001260936411 8.11957719825147
0 1.30051027969457 0.315716962469742 0.651344742707442 0.752572294324636 1.61807023081928 1 7.89039539139783 4.41158543691543 0.0308440950776717 4.80210664513313
0.00423728813559322 1.49678998593851 0.380697539367798 0.928016546783106 0.626771806385062 1.50370771985242 1 9.58697381341564 5.8636311755981 0.0241530977033972 6.63686476917019
0 1.55612709592096 0.232683618855663 0.921630972239655 0.457027597585693 1.36075233109295 1 10.0450637901109 6.42600290270185 0.0268078402553045 7.81535502003482
0.00423728813559322 1.62860005949396 0.302703606845121 0.778315976805412 0.534108971483442 1.90948329963675 1 10.0834646966744 6.70661780793054 0.0341549795771766 8.00485531365925
0 1.21292654236313 0.221264673117548 0.818158680968918 0.561087758280337 1.60860710125417 0.933333333333333 7.19821028900076 3.66447697800133 0.029195715468654 4.24645234041956
0 1.17224958559964 0.141835866868496 0.856988802214619 0.551502060703933 2.73282390786335 0.833333333333333 6.89535875864559 3.88526826811933 0.0492872185323182 4.02535169073515
0 1.28273479358759 0.327760742837563 0.917978558014147 0.684547962527722 2.85464818961918 1 7.46944510508885 4.26876461381142 0.0407344750898135 4.4871371190765
0.00423728813559322 1.43477034293298 0.216767156165118 0.942033729001396 0.567158399371357 2.90926769878334 0.933333333333333 9.71020182255308 6.71611904640637 0.0500825429288224 6.93883857739587
0.00423728813559322 1.31751795373405 0.206865157373075 0.699182320280816 0.507785789122055 1.91251238653134 1 8.64701019422804 5.54113281765971 0.0447852078246767 5.54243932424744
0 1.53405433052685 0.170612950017676 0.914118118258193 0.836303286021575 1.00401904713362 1 10.0784515532185 6.0718917962206 0.01819588595286 8.00520021989824
0.00423728813559322 1.4853419374212 0.296020720935659 0.763255103102189 0.551041567456013 1.87969117480185 1 9.81485304079389 6.55966245073184 0.0385734682430414 7.05277871769634
0.00423728813559322 1.62660253218575 0.241099498362283 0.639201575432941 0.742975743453781 2.12448407900462 1 10.0830803897588 6.83761889679311 0.0389505847879917 8.0770848773645
0 1.21624188914429 0.264110252121463 0.75259187357733 0.428966966830194 1.53598950477317 0.9 7.19604827589267 3.61988658262699 0.0279828993392927 4.27254240183219
0.00423728813559322 1.44910177423951 0.196092617711254 0.761071264561221 0.474727310525146 1.70061209287602 1 9.89741750032174 6.63668993635363 0.0383604781603336 7.37967374043264
0 1.18153122402728 0.250262644561008 0.932036232436076 0.750126507086679 1.3692502938211 0.9 6.55012750028813 2.6600005034605 0.0204427497087173 3.70722859278213
0 1.15752762763295 0.16391357043758 0.882756697607692 0.716794993216172 2.43736682645977 0.833333333333333 6.89284466624638 3.63019045776526 0.0382866423061307 4.02392209792555
0 1.29735690294765 0.323740373528563 0.709073886636179 0.844308882253245 2.69122167769819 1 7.75403833891921 4.54471221695098 0.0403838178724134 4.76615460539391
0.00423728813559322 1.49367351230372 0.361296483337353 0.735900848143918 0.433586678078135 1.59280045488372 1 9.65737599439375 6.29612663959445 0.034691889379899 6.74016468678818
0 1.42308892423753 0.135328003508039 0.694487278815359 0.34309986778535 2.82931795390323 0.933333333333333 9.71998315360301 7.13292534695226 0.0752410885725626 7.13994351779787
0.00423728813559322 1.43395252724766 0.121602443997747 0.922547879002657 0.612997395589958 2.76202108747988 0.966666666666667 9.90171702055176 6.905684170199 0.0499849734184955 7.42605634018729
0 1.17417046006303 0.177365964837372 0.869296954700258 0.755845695594326 2.11450293194503 0.9 7.15252985042264 3.80666248977032 0.0352296450939457 4.23195712171712
0 1.19609927826095 0.349256815738045 0.884597018058412 0.517348091863096 2.95643245149404 0.866666666666667 6.70672126966625 3.53872718025337 0.0420879379261698 3.84110520553161
0 1.30347507118713 0.353392207738943 0.790270355017856 0.546942119579762 2.89004484983161 0.933333333333333 7.52459977307153 4.48340602185999 0.0477778206067147 4.49742587897499
0.00423728813559322 1.51287479811123 0.337065060734151 0.850408985665537 0.45111131993126 1.66742765089613 1 9.93765384694214 6.50881881283667 0.0324246924397684 7.25030425287476
0 1.41003597164527 0.118941559456289 0.949981289403513 0.710028528375551 1.55168315768242 0.933333333333333 9.93172787153611 6.33003916401493 0.0272776196097493 7.47948111683762
0 1.60015079597943 0.263237887038849 0.832989854679909 0.549218894680962 1.02065746625885 0.966666666666667 10.0622889772192 6.17543703920855 0.0205098106707501 7.97838189520701
0.00423728813559322 1.42267099487242 0.344989403096571 0.725726565863193 0.663679551694888 2.50592467077085 1 9.23757608959543 6.14704277892643 0.0454776941965661 6.2093945313693
0 1.35479674264789 0.358806343586184 0.931356242124457 0.592663245135918 2.3937963321805 0.866666666666667 7.92883559433258 4.62723270125171 0.0368240949834444 4.97991171119692
0 1.24033583779819 0.283202320244163 0.626990938186646 0.526255149766803 2.24686948908493 0.933333333333333 7.55227478217096 4.49861848496011 0.0471860822616325 4.55011040880506
0.00423728813559322 1.5344003173718 0.357963025576569 0.614139484806623 0.693572604992152 2.07474652234864 1 9.87379952527872 6.66415388576553 0.0403709165952727 7.10663345975842
0.00423728813559322 1.44723385536553 0.251029087348721 0.73550212015309 0.44883863579045 1.62224140291792 1 9.86918419600976 6.62406522779989 0.0389639286127013 7.06746192438008
0 1.48665320859291 0.124577961373143 0.641824701428413 0.343236878933385 1.25144193181768 0.966666666666667 10.0870669386207 6.60851238412928 0.0308519736653293 8.06309549293014
0.00423728813559322 1.49626361120193 0.204657391227313 0.756670699062103 0.321900523416307 2.04168874821312 1 9.9480306152868 6.94966468205935 0.0498684902682799 7.50807419723089
0.00423728813559322 1.56443941298034 0.285726386834705 0.670435160574714 0.632628253732707 2.22964921317731 1 9.98600258610718 6.84743894297408 0.0433450121161617 7.6568731312585
0.00423728813559322 1.43982220939812 0.367870657593904 0.739988763003109 0.653199786145399 1.39018405874253 1 8.92111043553411 5.29497846528252 0.0266189484179976 5.83373803716941
0.00423728813559322 1.36929066639859 0.175970569625497 0.861966681096237 0.828955197986216 2.16432282887399 0.966666666666667 9.18157897585978 5.8136157312989 0.0344597520033502 6.17364241541832
0 1.36654893225059 0.283423372753896 0.777985414268915 0.398971099499613 1.06049356982112 0.966666666666667 8.79684483021151 5.09881457120045 0.0247722734074781 5.68076087893226
0.00423728813559322 1.44144379134054 0.396442910809575 0.69638678146631 0.412267619884486 2.31705286978619 0.966666666666667 8.72178221898751 5.70125053637182 0.0487752784990838 5.693035274663
0.00423728813559322 1.50838000325121 0.316133420332052 0.682728853315021 0.506253759142109 2.89042460981845 1 9.6566744068366 6.88894615799508 0.0628045190412397 6.8501261661455
0 1.6372295394307 0.365356301423162 0.815883371338714 0.536662926804274 1.29931471077725 1 9.99672285399565 6.27488756263938 0.0241895322425877 7.74892008486589
0.00423728813559322 1.53665434040585 0.184732137621203 0.927488446849028 0.808093940799303 2.54023881136234 1 9.99148316722711 6.74484411570801 0.0389047451884186 7.74153358928183
0.00423728813559322 1.33236995046027 0.174811474513263 0.936106594337616 0.662379496917129 1.78687237994745 1 8.79160763686711 5.30496190926671 0.0306033521817555 5.67857862029291
0 1.63514080105815 0.182963678473607 0.903792064846493 0.59447193746455 1.68058003298938 1 10.0999352527836 6.60190923590268 0.0302570514198698 8.2265913048975
0.00423728813559322 1.64627046023003 0.352046545249458 0.778632697991135 0.343017401026689 2.61168860662986 1 10.0722213794881 7.019684175518 0.0472389174455816 7.93794596153159
0.00423728813559322 1.38551165034748 0.271226006852354 0.824217983011617 0.48572736062877 2.94415312330382 0.966666666666667 8.85523562320697 5.99962084903181 0.0575204481627393 5.84414393743301
0.00423728813559322 1.56390060074627 0.158752612979151 0.823570967675187 0.360174503317103 2.55680543836206 1 10.0562143619981 7.08456165508798 0.0512185910237996 8.04884153025288
0.00423728813559322 1.47838534326106 0.29099915901887 0.82877474252588 0.361073586458962 2.65699101323162 1 9.80528837024665 6.9129749660163 0.0554477909689804 7.03341829697779
0 1.40725719332695 0.135617486364208 0.947803576325532 0.633203216409311 2.96331063844264 0.9 9.82240804213625 6.84022958463249 0.050682304270552 7.09090982207998
0 1.30242122404743 0.265395042253658 0.837774035730399 0.718129422934726 1.45230093505234 0.933333333333333 8.39703322595622 4.72136465895934 0.0253324634109014 5.30897466102202
0 1.33291198904626 0.318797473725863 0.882907580293249 0.821701931767166 1.00002074195072 1 8.37798476249091 4.29909782175796 0.0169262951412568 5.32787616878958
