0.00181818181818182 1.44234382867905 0.395612977693977 -0.831452234423803 1 2929.13 73.1 445.891308406052
0.00181818181818182 1.42952823930167 0.391497406982012 -0.958275784467588 1 2603.58 67.47 441.218165390378
0.00181818181818182 1.41685443006423 0.358552292040635 -0.684713961370806 1 2733.52 66.84 451.057108604079
0.00181818181818182 1.44234382867905 0.395612977693977 -0.831452234423803 1 2929.13 73.1 445.891308406052
0.00181818181818182 1.41685443006423 0.358552292040635 -0.684713961370806 1 2733.52 66.84 451.057108604079
0.00181818181818182 1.4588697204257 0.396293354702212 -0.712496017873812 1 2973.43 70.65 440.569462869563
0.00181818181818182 1.4588697204257 0.396293354702212 -0.712496017873812 1 2973.43 70.65 440.569462869563
0.00181818181818182 1.4588697204257 0.396293354702212 -0.712496017873812 1 2973.43 70.65 440.569462869563
0.00181818181818182 1.44234382867905 0.395612977693977 -0.831452234423803 1 2929.13 73.1 445.891308406052
0.00181818181818182 1.4232165661765 0.359884368272689 -0.596243360359597 1 2725.63 63.99 446.019064428697
0.00181818181818182 1.42596951029083 0.375858574537758 -0.713398519985031 1 2704.16 64.17 444.527012063366
0.00181818181818182 1.4232165661765 0.359884368272689 -0.596243360359597 1 2725.63 63.99 446.019064428697
0.00181818181818182 1.4232165661765 0.359884368272689 -0.596243360359597 1 2725.63 63.99 446.019064428697
0.00181818181818182 1.4588697204257 0.396293354702212 -0.712496017873812 1 2973.43 70.65 440.569462869563
0.00181818181818182 1.44234382867905 0.395612977693977 -0.831452234423803 1 2929.13 73.1 445.891308406052
0.00181818181818182 1.4588697204257 0.396293354702212 -0.712496017873812 1 2973.43 70.65 440.569462869563
0.00181818181818182 1.4588697204257 0.396293354702212 -0.712496017873812 1 2973.43 70.65 440.569462869563
0.00181818181818182 1.44234382867905 0.395612977693977 -0.831452234423803 1 2929.13 73.1 445.891308406052
0.00181818181818182 1.4232165661765 0.359884368272689 -0.596243360359597 1 2725.63 63.99 446.019064428697
0.00181818181818182 1.4232165661765 0.359884368272689 -0.596243360359597 1 2725.63 63.99 446.019064428697
0.00181818181818182 1.4232165661765 0.359884368272689 -0.596243360359597 1 2725.63 63.99 446.019064428697
0.00181818181818182 1.4588697204257 0.396293354702212 -0.712496017873812 1 2973.43 70.65 440.569462869563
0.00181818181818182 1.4232165661765 0.359884368272689 -0.596243360359597 1 2725.63 63.99 446.019064428697
0.00181818181818182 1.4232165661765 0.359884368272689 -0.596243360359597 1 2725.63 63.99 446.019064428697
0.00181818181818182 1.4588697204257 0.396293354702212 -0.712496017873812 1 2973.43 70.65 440.569462869563
0.00181818181818182 1.44234382867905 0.395612977693977 -0.831452234423803 1 2929.13 73.1 445.891308406052
0.00181818181818182 1.4232165661765 0.359884368272689 -0.596243360359597 1 2725.63 63.99 446.019064428697
0.00181818181818182 1.4588697204257 0.396293354702212 -0.712496017873812 1 2973.43 70.65 440.569462869563
0.00181818181818182 1.39881282600301 0.327775583317496 -0.686042566435804 1 2857.34 73.93 445.956505027288
0.00181818181818182 1.44234382867905 0.395612977693977 -0.831452234423803 1 2929.13 73.1 445.891308406052
0.00181818181818182 1.4588697204257 0.396293354702212 -0.712496017873812 1 2973.43 70.65 440.569462869563
0.00181818181818182 1.44234382867905 0.395612977693977 -0.831452234423803 1 2929.13 73.1 445.891308406052
0.00181818181818182 1.44234382867905 0.395612977693977 -0.831452234423803 1 2929.13 73.1 445.891308406052
0.00181818181818182 1.44234382867905 0.395612977693977 -0.831452234423803 1 2929.13 73.1 445.891308406052
0.00181818181818182 1.4588697204257 0.396293354702212 -0.712496017873812 1 2973.43 70.65 440.569462869563
0.00181818181818182 1.4588697204257 0.396293354702212 -0.712496017873812 1 2973.43 70.65 440.569462869563
0.00181818181818182 1.44234382867905 0.395612977693977 -0.831452234423803 1 2929.13 73.1 445.891308406052
0.00181818181818182 1.4588697204257 0.396293354702212 -0.712496017873812 1 2973.43 70.65 440.569462869563
0.00181818181818182 1.44234382867905 0.395612977693977 -0.831452234423803 1 2929.13 73.1 445.891308406052
0.00181818181818182 1.41685443006423 0.358552292040635 -0.684713961370806 1 2733.52 66.84 451.057108604079
0.00181818181818182 1.41685443006423 0.358552292040635 -0.684713961370806 1 2733.52 66.84 451.057108604079
0.00181818181818182 1.40355334478118 0.365988205583752 -0.710304540664287 1 2520.83 62.4 456.575218837195
0.00181818181818182 1.4588697204257 0.396293354702212 -0.712496017873812 1 2973.43 70.65 440.569462869563
0.00181818181818182 1.4588697204257 0.396293354702212 -0.712496017873812 1 2973.43 70.65 440.569462869563
0.00181818181818182 1.44234382867905 0.395612977693977 -0.831452234423803 1 2929.13 73.1 445.891308406052
0.00181818181818182 1.39881282600301 0.327775583317496 -0.686042566435804 1 2857.34 73.93 445.956505027288
0.00181818181818182 1.42534455761388 0.373751827225816 -0.786657607107852 1 2676.79 66.87 462.168467620164
0.00181818181818182 1.42560417681295 0.357214140560604 -0.62595008222493 1 2955.43 72.49 444.576822323287
0.00181818181818182 1.41685443006423 0.358552292040635 -0.684713961370806 1 2733.52 66.84 451.057108604079
0.00181818181818182 1.4232165661765 0.359884368272689 -0.596243360359597 1 2725.63 63.99 446.019064428697
0.00181818181818182 1.44234382867905 0.395612977693977 -0.831452234423803 1 2929.13 73.1 445.891308406052
0.00181818181818182 1.43294862692837 0.386841119602697 -0.871049965292048 1 2838.65 72.96 450.124449992973
0.00181818181818182 1.4232165661765 0.359884368272689 -0.596243360359597 1 2725.63 63.99 446.019064428697
0.00181818181818182 1.41148284786051 0.373043619231365 -0.977970525957307 1 2669.18 70.72 443.418478044153
0.00181818181818182 1.44234382867905 0.395612977693977 -0.831452234423803 1 2929.13 73.1 445.891308406052
0.00181818181818182 1.44234382867905 0.395612977693977 -0.831452234423803 1 2929.13 73.1 445.891308406052
0.00181818181818182 1.4232165661765 0.359884368272689 -0.596243360359597 1 2725.63 63.99 446.019064428697
0.00181818181818182 1.41685443006423 0.358552292040635 -0.684713961370806 1 2733.52 66.84 451.057108604079
0.00181818181818182 1.4588697204257 0.396293354702212 -0.712496017873812 1 2973.43 70.65 440.569462869563
0.00181818181818182 1.4232165661765 0.359884368272689 -0.596243360359597 1 2725.63 63.99 446.019064428697
0.00181818181818182 1.4588697204257 0.396293354702212 -0.712496017873812 1 2973.43 70.65 440.569462869563
0.00181818181818182 1.4588697204257 0.396293354702212 -0.712496017873812 1 2973.43 70.65 440.569462869563
0.00181818181818182 1.39881282600301 0.327775583317496 -0.686042566435804 1 2857.34 73.93 445.956505027288
0.00181818181818182 1.4588697204257 0.396293354702212 -0.712496017873812 1 2973.43 70.65 440.569462869563
0.00181818181818182 1.41685443006423 0.358552292040635 -0.684713961370806 1 2733.52 66.84 451.057108604079
0.00181818181818182 1.4232165661765 0.359884368272689 -0.596243360359597 1 2725.63 63.99 446.019064428697
0.00181818181818182 1.4588697204257 0.396293354702212 -0.712496017873812 1 2973.43 70.65 440.569462869563
0.00181818181818182 1.44234382867905 0.395612977693977 -0.831452234423803 1 2929.13 73.1 445.891308406052
0.00181818181818182 1.4232165661765 0.359884368272689 -0.596243360359597 1 2725.63 63.99 446.019064428697
0.00181818181818182 1.39881282600301 0.327775583317496 -0.686042566435804 1 2857.34 73.93 445.956505027288
0.00181818181818182 1.44234382867905 0.395612977693977 -0.831452234423803 1 2929.13 73.1 445.891308406052
0.00181818181818182 1.39881282600301 0.327775583317496 -0.686042566435804 1 2857.34 73.93 445.956505027288
0.00181818181818182 1.44234382867905 0.395612977693977 -0.831452234423803 1 2929.13 73.1 445.891308406052
0.00181818181818182 1.44234382867905 0.395612977693977 -0.831452234423803 1 2929.13 73.1 445.891308406052
0.00181818181818182 1.4232165661765 0.359884368272689 -0.596243360359597 1 2725.63 63.99 446.019064428697
0.00181818181818182 1.42251930824454 0.36211874187707 -0.869383746494141 1 2734.81 70.41 444.725627059116
0.00181818181818182 1.44234382867905 0.395612977693977 -0.831452234423803 1 2929.13 73.1 445.891308406052
0.00181818181818182 1.4588697204257 0.396293354702212 -0.712496017873812 1 2973.43 70.65 440.569462869563
0.00181818181818182 1.4588697204257 0.396293354702212 -0.712496017873812 1 2973.43 70.65 440.569462869563
0.00181818181818182 1.4588697204257 0.396293354702212 -0.712496017873812 1 2973.43 70.65 440.569462869563
0.00181818181818182 1.44234382867905 0.395612977693977 -0.831452234423803 1 2929.13 73.1 445.891308406052
0.00181818181818182 1.4232165661765 0.359884368272689 -0.596243360359597 1 2725.63 63.99 446.019064428697
0.00181818181818182 1.4232165661765 0.359884368272689 -0.596243360359597 1 2725.63 63.99 446.019064428697
0.00181818181818182 1.44234382867905 0.395612977693977 -0.831452234423803 1 2929.13 73.1 445.891308406052
0.00181818181818182 1.4588697204257 0.396293354702212 -0.712496017873812 1 2973.43 70.65 440.569462869563
0.00181818181818182 1.44234382867905 0.395612977693977 -0.831452234423803 1 2929.13 73.1 445.891308406052
0.00181818181818182 1.4232165661765 0.359884368272689 -0.596243360359597 1 2725.63 63.99 446.019064428697
0.00181818181818182 1.44234382867905 0.395612977693977 -0.831452234423803 1 2929.13 73.1 445.891308406052
0.00181818181818182 1.44234382867905 0.395612977693977 -0.831452234423803 1 2929.13 73.1 445.891308406052
0.00181818181818182 1.39881282600301 0.327775583317496 -0.686042566435804 1 2857.34 73.93 445.956505027288
0.00181818181818182 1.44234382867905 0.395612977693977 -0.831452234423803 1 2929.13 73.1 445.891308406052
0.00181818181818182 1.44234382867905 0.395612977693977 -0.831452234423803 1 2929.13 73.1 445.891308406052
0.00181818181818182 1.44234382867905 0.395612977693977 -0.831452234423803 1 2929.13 73.1 445.891308406052
0.00181818181818182 1.4588697204257 0.396293354702212 -0.712496017873812 1 2973.43 70.65 440.569462869563
0.00181818181818182 1.41685443006423 0.358552292040635 -0.684713961370806 1 2733.52 66.84 451.057108604079
0.00181818181818182 1.44234382867905 0.395612977693977 -0.831452234423803 1 2929.13 73.1 445.891308406052
0.00181818181818182 1.44234382867905 0.395612977693977 -0.831452234423803 1 2929.13 73.1 445.891308406052
0.00181818181818182 1.44234382867905 0.395612977693977 -0.831452234423803 1 2929.13 73.1 445.891308406052
0.00181818181818182 1.4588697204257 0.396293354702212 -0.712496017873812 1 2973.43 70.65 440.569462869563
0.00181818181818182 1.44234382867905 0.395612977693977 -0.831452234423803 1 2929.13 73.1 445.891308406052
0.00181818181818182 1.44234382867905 0.395612977693977 -0.831452234423803 1 2929.13 73.1 445.891308406052
0.00181818181818182 1.4588697204257 0.396293354702212 -0.712496017873812 1 2973.43 70.65 440.569462869563
0.00181818181818182 1.44234382867905 0.395612977693977 -0.831452234423803 1 2929.13 73.1 445.891308406052
0.00181818181818182 1.4588697204257 0.396293354702212 -0.712496017873812 1 2973.43 70.65 440.569462869563
0.00181818181818182 1.44234382867905 0.395612977693977 -0.831452234423803 1 2929.13 73.1 445.891308406052
0.00181818181818182 1.44234382867905 0.395612977693977 -0.831452234423803 1 2929.13 73.1 445.891308406052
0.00181818181818182 1.39199706920253 0.348933837215962 -0.760309524268985 1 2572.23 66.37 447.303874245216
0.00181818181818182 1.4588697204257 0.396293354702212 -0.712496017873812 1 2973.43 70.65 440.569462869563
0.00181818181818182 1.44234382867905 0.395612977693977 -0.831452234423803 1 2929.13 73.1 445.891308406052
0.00181818181818182 1.44234382867905 0.395612977693977 -0.831452234423803 1 2929.13 73.1 445.891308406052
0.00181818181818182 1.4232165661765 0.359884368272689 -0.596243360359597 1 2725.63 63.99 446.019064428697
0.00181818181818182 1.44234382867905 0.395612977693977 -0.831452234423803 1 2929.13 73.1 445.891308406052
0.00181818181818182 1.44234382867905 0.395612977693977 -0.831452234423803 1 2929.13 73.1 445.891308406052
0.00181818181818182 1.4588697204257 0.396293354702212 -0.712496017873812 1 2973.43 70.65 440.569462869563
0.00181818181818182 1.4588697204257 0.396293354702212 -0.712496017873812 1 2973.43 70.65 440.569462869563
0.00181818181818182 1.44234382867905 0.395612977693977 -0.831452234423803 1 2929.13 73.1 445.891308406052
0.00181818181818182 1.4232165661765 0.359884368272689 -0.596243360359597 1 2725.63 63.99 446.019064428697
0.00181818181818182 1.4588697204257 0.396293354702212 -0.712496017873812 1 2973.43 70.65 440.569462869563
0.00181818181818182 1.44234382867905 0.395612977693977 -0.831452234423803 1 2929.13 73.1 445.891308406052
0.00181818181818182 1.44234382867905 0.395612977693977 -0.831452234423803 1 2929.13 73.1 445.891308406052
0.00181818181818182 1.41685443006423 0.358552292040635 -0.684713961370806 1 2733.52 66.84 451.057108604079
0.00181818181818182 1.44234382867905 0.395612977693977 -0.831452234423803 1 2929.13 73.1 445.891308406052
0.00181818181818182 1.44234382867905 0.395612977693977 -0.831452234423803 1 2929.13 73.1 445.891308406052
0.00181818181818182 1.44234382867905 0.395612977693977 -0.831452234423803 1 2929.13 73.1 445.891308406052
0.00181818181818182 1.44234382867905 0.395612977693977 -0.831452234423803 1 2929.13 73.1 445.891308406052
0.00181818181818182 1.44234382867905 0.395612977693977 -0.831452234423803 1 2929.13 73.1 445.891308406052
0.00181818181818182 1.4588697204257 0.396293354702212 -0.712496017873812 1 2973.43 70.65 440.569462869563
0.00181818181818182 1.44234382867905 0.395612977693977 -0.831452234423803 1 2929.13 73.1 445.891308406052
0.00181818181818182 1.4588697204257 0.396293354702212 -0.712496017873812 1 2973.43 70.65 440.569462869563
0.00181818181818182 1.4588697204257 0.396293354702212 -0.712496017873812 1 2973.43 70.65 440.569462869563
0.00181818181818182 1.39881282600301 0.327775583317496 -0.686042566435804 1 2857.34 73.93 445.956505027288
0.00181818181818182 1.4588697204257 0.396293354702212 -0.712496017873812 1 2973.43 70.65 440.569462869563
0.00181818181818182 1.4232165661765 0.359884368272689 -0.596243360359597 1 2725.63 63.99 446.019064428697
0.00181818181818182 1.44234382867905 0.395612977693977 -0.831452234423803 1 2929.13 73.1 445.891308406052
0.00181818181818182 1.4588697204257 0.396293354702212 -0.712496017873812 1 2973.43 70.65 440.569462869563
0.00181818181818182 1.44234382867905 0.395612977693977 -0.831452234423803 1 2929.13 73.1 445.891308406052
0.00181818181818182 1.4232165661765 0.359884368272689 -0.596243360359597 1 2725.63 63.99 446.019064428697
0.00181818181818182 1.4232165661765 0.359884368272689 -0.596243360359597 1 2725.63 63.99 446.019064428697
0.00181818181818182 1.4588697204257 0.396293354702212 -0.712496017873812 1 2973.43 70.65 440.569462869563
0.00181818181818182 1.4588697204257 0.396293354702212 -0.712496017873812 1 2973.43 70.65 440.569462869563
0.00181818181818182 1.4232165661765 0.359884368272689 -0.596243360359597 1 2725.63 63.99 446.019064428697
0.00181818181818182 1.4588697204257 0.396293354702212 -0.712496017873812 1 2973.43 70.65 440.569462869563
0.00181818181818182 1.44234382867905 0.395612977693977 -0.831452234423803 1 2929.13 73.1 445.891308406052
0.00181818181818182 1.44234382867905 0.395612977693977 -0.831452234423803 1 2929.13 73.1 445.891308406052
0.00181818181818182 1.4588697204257 0.396293354702212 -0.712496017873812 1 2973.43 70.65 440.569462869563
0.00181818181818182 1.4588697204257 0.396293354702212 -0.712496017873812 1 2973.43 70.65 440.569462869563
0.00181818181818182 1.44234382867905 0.395612977693977 -0.831452234423803 1 2929.13 73.1 445.891308406052
0.00181818181818182 1.4232165661765 0.359884368272689 -0.596243360359597 1 2725.63 63.99 446.019064428697
0.00181818181818182 1.44234382867905 0.395612977693977 -0.831452234423803 1 2929.13 73.1 445.891308406052
0.00181818181818182 1.39881282600301 0.327775583317496 -0.686042566435804 1 2857.34 73.93 445.956505027288
0.00181818181818182 1.4588697204257 0.396293354702212 -0.712496017873812 1 2973.43 70.65 440.569462869563
0.00181818181818182 1.44234382867905 0.395612977693977 -0.831452234423803 1 2929.13 73.1 445.891308406052
0.00181818181818182 1.42969249806116 0.381104156711359 -0.831557746220934 1 2986.56 74.79 456.642815057064
0.00181818181818182 1.4588697204257 0.396293354702212 -0.712496017873812 1 2973.43 70.65 440.569462869563
0.00181818181818182 1.4232165661765 0.359884368272689 -0.596243360359597 1 2725.63 63.99 446.019064428697
0.00181818181818182 1.39881282600301 0.327775583317496 -0.686042566435804 1 2857.34 73.93 445.956505027288
0.00181818181818182 1.44234382867905 0.395612977693977 -0.831452234423803 1 2929.13 73.1 445.891308406052
0.00181818181818182 1.44234382867905 0.395612977693977 -0.831452234423803 1 2929.13 73.1 445.891308406052
0.00181818181818182 1.4588697204257 0.396293354702212 -0.712496017873812 1 2973.43 70.65 440.569462869563
0.00181818181818182 1.4232165661765 0.359884368272689 -0.596243360359597 1 2725.63 63.99 446.019064428697
0.00181818181818182 1.4588697204257 0.396293354702212 -0.712496017873812 1 2973.43 70.65 440.569462869563
0.00181818181818182 1.4588697204257 0.396293354702212 -0.712496017873812 1 2973.43 70.65 440.569462869563
0.00181818181818182 1.43649778827342 0.382993236178654 -0.791131418068481 1 2887.29 71.2 450.685552836543
0.00181818181818182 1.44234382867905 0.395612977693977 -0.831452234423803 1 2929.13 73.1 445.891308406052
0.00181818181818182 1.39881282600301 0.327775583317496 -0.686042566435804 1 2857.34 73.93 445.956505027288
0.00181818181818182 1.4588697204257 0.396293354702212 -0.712496017873812 1 2973.43 70.65 440.569462869563
0.00181818181818182 1.4588697204257 0.396293354702212 -0.712496017873812 1 2973.43 70.65 440.569462869563
0.00181818181818182 1.42969249806116 0.381104156711359 -0.831557746220934 1 2986.56 74.79 456.642815057064
0.00181818181818182 1.44234382867905 0.395612977693977 -0.831452234423803 1 2929.13 73.1 445.891308406052
0.00181818181818182 1.44234382867905 0.395612977693977 -0.831452234423803 1 2929.13 73.1 445.891308406052
0.00181818181818182 1.4588697204257 0.396293354702212 -0.712496017873812 1 2973.43 70.65 440.569462869563
0.00181818181818182 1.4588697204257 0.396293354702212 -0.712496017873812 1 2973.43 70.65 440.569462869563
0.00181818181818182 1.4588697204257 0.396293354702212 -0.712496017873812 1 2973.43 70.65 440.569462869563
0.00181818181818182 1.39481878323144 0.363492546938669 -0.925850259240205 1 2472.37 65.74 462.815968933531
0.00181818181818182 1.4232165661765 0.359884368272689 -0.596243360359597 1 2725.63 63.99 446.019064428697
0.00181818181818182 1.4232165661765 0.359884368272689 -0.596243360359597 1 2725.63 63.99 446.019064428697
0.00181818181818182 1.44234382867905 0.395612977693977 -0.831452234423803 1 2929.13 73.1 445.891308406052
0.00181818181818182 1.44234382867905 0.395612977693977 -0.831452234423803 1 2929.13 73.1 445.891308406052
0.00181818181818182 1.44234382867905 0.395612977693977 -0.831452234423803 1 2929.13 73.1 445.891308406052
0.00181818181818182 1.42969249806116 0.381104156711359 -0.831557746220934 1 2986.56 74.79 456.642815057064
0.00181818181818182 1.4588697204257 0.396293354702212 -0.712496017873812 1 2973.43 70.65 440.569462869563
0.00181818181818182 1.44234382867905 0.395612977693977 -0.831452234423803 1 2929.13 73.1 445.891308406052
0.00181818181818182 1.39881282600301 0.327775583317496 -0.686042566435804 1 2857.34 73.93 445.956505027288
0.00181818181818182 1.44234382867905 0.395612977693977 -0.831452234423803 1 2929.13 73.1 445.891308406052
0.00181818181818182 1.4588697204257 0.396293354702212 -0.712496017873812 1 2973.43 70.65 440.569462869563
0.00181818181818182 1.4588697204257 0.396293354702212 -0.712496017873812 1 2973.43 70.65 440.569462869563
0.00181818181818182 1.4588697204257 0.396293354702212 -0.712496017873812 1 2973.43 70.65 440.569462869563
0.00181818181818182 1.44234382867905 0.395612977693977 -0.831452234423803 1 2929.13 73.1 445.891308406052
0.00181818181818182 1.4588697204257 0.396293354702212 -0.712496017873812 1 2973.43 70.65 440.569462869563
0.00181818181818182 1.4232165661765 0.359884368272689 -0.596243360359597 1 2725.63 63.99 446.019064428697
0.00181818181818182 1.44234382867905 0.395612977693977 -0.831452234423803 1 2929.13 73.1 445.891308406052
0.00181818181818182 1.4588697204257 0.396293354702212 -0.712496017873812 1 2973.43 70.65 440.569462869563
0.00181818181818182 1.44234382867905 0.395612977693977 -0.831452234423803 1 2929.13 73.1 445.891308406052
0.00181818181818182 1.4588697204257 0.396293354702212 -0.712496017873812 1 2973.43 70.65 440.569462869563
0.00181818181818182 1.4588697204257 0.396293354702212 -0.712496017873812 1 2973.43 70.65 440.569462869563
0.00181818181818182 1.44234382867905 0.395612977693977 -0.831452234423803 1 2929.13 73.1 445.891308406052
0.00181818181818182 1.4232165661765 0.359884368272689 -0.596243360359597 1 2725.63 63.99 446.019064428697
0.00181818181818182 1.44234382867905 0.395612977693977 -0.831452234423803 1 2929.13 73.1 445.891308406052
0.00181818181818182 1.42969249806116 0.381104156711359 -0.831557746220934 1 2986.56 74.79 456.642815057064
0.00181818181818182 1.42560417681295 0.357214140560604 -0.62595008222493 1 2955.43 72.49 444.576822323287
0.00181818181818182 1.39881282600301 0.327775583317496 -0.686042566435804 1 2857.34 73.93 445.956505027288
0.00181818181818182 1.44234382867905 0.395612977693977 -0.831452234423803 1 2929.13 73.1 445.891308406052
0.00181818181818182 1.44234382867905 0.395612977693977 -0.831452234423803 1 2929.13 73.1 445.891308406052
0.00181818181818182 1.44234382867905 0.395612977693977 -0.831452234423803 1 2929.13 73.1 445.891308406052
0.00181818181818182 1.44234382867905 0.395612977693977 -0.831452234423803 1 2929.13 73.1 445.891308406052
0.00181818181818182 1.4232165661765 0.359884368272689 -0.596243360359597 1 2725.63 63.99 446.019064428697
0.00181818181818182 1.44234382867905 0.395612977693977 -0.831452234423803 1 2929.13 73.1 445.891308406052
0.00181818181818182 1.42560417681295 0.357214140560604 -0.62595008222493 1 2955.43 72.49 444.576822323287
0.00181818181818182 1.4588697204257 0.396293354702212 -0.712496017873812 1 2973.43 70.65 440.569462869563
0.00181818181818182 1.44234382867905 0.395612977693977 -0.831452234423803 1 2929.13 73.1 445.891308406052
0.00181818181818182 1.44234382867905 0.395612977693977 -0.831452234423803 1 2929.13 73.1 445.891308406052
0.00181818181818182 1.44234382867905 0.395612977693977 -0.831452234423803 1 2929.13 73.1 445.891308406052
0.00181818181818182 1.4232165661765 0.359884368272689 -0.596243360359597 1 2725.63 63.99 446.019064428697
0.00181818181818182 1.44234382867905 0.395612977693977 -0.831452234423803 1 2929.13 73.1 445.891308406052
0.00181818181818182 1.4232165661765 0.359884368272689 -0.596243360359597 1 2725.63 63.99 446.019064428697
0.00181818181818182 1.39881282600301 0.327775583317496 -0.686042566435804 1 2857.34 73.93 445.956505027288
0.00181818181818182 1.42969249806116 0.381104156711359 -0.831557746220934 1 2986.56 74.79 456.642815057064
0.00181818181818182 1.4232165661765 0.359884368272689 -0.596243360359597 1 2725.63 63.99 446.019064428697
0.00181818181818182 1.44234382867905 0.395612977693977 -0.831452234423803 1 2929.13 73.1 445.891308406052
0.00181818181818182 1.44234382867905 0.395612977693977 -0.831452234423803 1 2929.13 73.1 445.891308406052
0.00181818181818182 1.4588697204257 0.396293354702212 -0.712496017873812 1 2973.43 70.65 440.569462869563
0.00181818181818182 1.4232165661765 0.359884368272689 -0.596243360359597 1 2725.63 63.99 446.019064428697
0.00181818181818182 1.39881282600301 0.327775583317496 -0.686042566435804 1 2857.34 73.93 445.956505027288
0.00181818181818182 1.4588697204257 0.396293354702212 -0.712496017873812 1 2973.43 70.65 440.569462869563
0.00181818181818182 1.44234382867905 0.395612977693977 -0.831452234423803 1 2929.13 73.1 445.891308406052
0.00181818181818182 1.4588697204257 0.396293354702212 -0.712496017873812 1 2973.43 70.65 440.569462869563
0.00181818181818182 1.44234382867905 0.395612977693977 -0.831452234423803 1 2929.13 73.1 445.891308406052
0.00181818181818182 1.44234382867905 0.395612977693977 -0.831452234423803 1 2929.13 73.1 445.891308406052
0.00181818181818182 1.44234382867905 0.395612977693977 -0.831452234423803 1 2929.13 73.1 445.891308406052
0.00181818181818182 1.4588697204257 0.396293354702212 -0.712496017873812 1 2973.43 70.65 440.569462869563
0.00181818181818182 1.39881282600301 0.327775583317496 -0.686042566435804 1 2857.34 73.93 445.956505027288
0.00181818181818182 1.39881282600301 0.327775583317496 -0.686042566435804 1 2857.34 73.93 445.956505027288
0.00181818181818182 1.44234382867905 0.395612977693977 -0.831452234423803 1 2929.13 73.1 445.891308406052
0.00181818181818182 1.4232165661765 0.359884368272689 -0.596243360359597 1 2725.63 63.99 446.019064428697
0.00181818181818182 1.42560417681295 0.357214140560604 -0.62595008222493 1 2955.43 72.49 444.576822323287
0.00181818181818182 1.4588697204257 0.396293354702212 -0.712496017873812 1 2973.43 70.65 440.569462869563
0.00181818181818182 1.41685443006423 0.358552292040635 -0.684713961370806 1 2733.52 66.84 451.057108604079
0.00181818181818182 1.44234382867905 0.395612977693977 -0.831452234423803 1 2929.13 73.1 445.891308406052
0.00181818181818182 1.40835657869969 0.351644200076409 -0.742140181971491 1 2918.36 73.5 449.799838443846
0.00181818181818182 1.4588697204257 0.396293354702212 -0.712496017873812 1 2973.43 70.65 440.569462869563
0.00181818181818182 1.44234382867905 0.395612977693977 -0.831452234423803 1 2929.13 73.1 445.891308406052
0.00181818181818182 1.43294862692837 0.386841119602697 -0.871049965292048 1 2838.65 72.96 450.124449992973
0.00181818181818182 1.4232165661765 0.359884368272689 -0.596243360359597 1 2725.63 63.99 446.019064428697
0.00181818181818182 1.4588697204257 0.396293354702212 -0.712496017873812 1 2973.43 70.65 440.569462869563
0.00181818181818182 1.4588697204257 0.396293354702212 -0.712496017873812 1 2973.43 70.65 440.569462869563
0.00181818181818182 1.44234382867905 0.395612977693977 -0.831452234423803 1 2929.13 73.1 445.891308406052
0.00181818181818182 1.44234382867905 0.395612977693977 -0.831452234423803 1 2929.13 73.1 445.891308406052
0.00181818181818182 1.44234382867905 0.395612977693977 -0.831452234423803 1 2929.13 73.1 445.891308406052
0.00181818181818182 1.41685443006423 0.358552292040635 -0.684713961370806 1 2733.52 66.84 451.057108604079
0.00181818181818182 1.4588697204257 0.396293354702212 -0.712496017873812 1 2973.43 70.65 440.569462869563
0.00181818181818182 1.44234382867905 0.395612977693977 -0.831452234423803 1 2929.13 73.1 445.891308406052
0.00181818181818182 1.44234382867905 0.395612977693977 -0.831452234423803 1 2929.13 73.1 445.891308406052
0.00181818181818182 1.4232165661765 0.359884368272689 -0.596243360359597 1 2725.63 63.99 446.019064428697
0.00181818181818182 1.39881282600301 0.327775583317496 -0.686042566435804 1 2857.34 73.93 445.956505027288
0.00181818181818182 1.39881282600301 0.327775583317496 -0.686042566435804 1 2857.34 73.93 445.956505027288
0.00181818181818182 1.4232165661765 0.359884368272689 -0.596243360359597 1 2725.63 63.99 446.019064428697
0.00181818181818182 1.44234382867905 0.395612977693977 -0.831452234423803 1 2929.13 73.1 445.891308406052
0.00181818181818182 1.4232165661765 0.359884368272689 -0.596243360359597 1 2725.63 63.99 446.019064428697
0.00181818181818182 1.39481878323144 0.363492546938669 -0.925850259240205 1 2472.37 65.74 462.815968933531
0.00181818181818182 1.44234382867905 0.395612977693977 -0.831452234423803 1 2929.13 73.1 445.891308406052
0.00181818181818182 1.44234382867905 0.395612977693977 -0.831452234423803 1 2929.13 73.1 445.891308406052
0.00181818181818182 1.44234382867905 0.395612977693977 -0.831452234423803 1 2929.13 73.1 445.891308406052
0.00181818181818182 1.44234382867905 0.395612977693977 -0.831452234423803 1 2929.13 73.1 445.891308406052
0.00181818181818182 1.44234382867905 0.395612977693977 -0.831452234423803 1 2929.13 73.1 445.891308406052
0.00181818181818182 1.4588697204257 0.396293354702212 -0.712496017873812 1 2973.43 70.65 440.569462869563
0.00181818181818182 1.42560417681295 0.357214140560604 -0.62595008222493 1 2955.43 72.49 444.576822323287
0.00181818181818182 1.44234382867905 0.395612977693977 -0.831452234423803 1 2929.13 73.1 445.891308406052
0.00181818181818182 1.4588697204257 0.396293354702212 -0.712496017873812 1 2973.43 70.65 440.569462869563
0.00181818181818182 1.44234382867905 0.395612977693977 -0.831452234423803 1 2929.13 73.1 445.891308406052
0.00181818181818182 1.44234382867905 0.395612977693977 -0.831452234423803 1 2929.13 73.1 445.891308406052
0.00181818181818182 1.4588697204257 0.396293354702212 -0.712496017873812 1 2973.43 70.65 440.569462869563
0.00181818181818182 1.4232165661765 0.359884368272689 -0.596243360359597 1 2725.63 63.99 446.019064428697
0.00181818181818182 1.39881282600301 0.327775583317496 -0.686042566435804 1 2857.34 73.93 445.956505027288
0.00181818181818182 1.42969249806116 0.381104156711359 -0.831557746220934 1 2986.56 74.79 456.642815057064
0.00181818181818182 1.4232165661765 0.359884368272689 -0.596243360359597 1 2725.63 63.99 446.019064428697
0.00181818181818182 1.4588697204257 0.396293354702212 -0.712496017873812 1 2973.43 70.65 440.569462869563
0.00181818181818182 1.43294862692837 0.386841119602697 -0.871049965292048 1 2838.65 72.96 450.124449992973
0.00181818181818182 1.42969249806116 0.381104156711359 -0.831557746220934 1 2986.56 74.79 456.642815057064
0.00181818181818182 1.44234382867905 0.395612977693977 -0.831452234423803 1 2929.13 73.1 445.891308406052
0.00181818181818182 1.4232165661765 0.359884368272689 -0.596243360359597 1 2725.63 63.99 446.019064428697
0.00181818181818182 1.39199706920253 0.348933837215962 -0.760309524268985 1 2572.23 66.37 447.303874245216
0.00181818181818182 1.4232165661765 0.359884368272689 -0.596243360359597 1 2725.63 63.99 446.019064428697
0.00181818181818182 1.39881282600301 0.327775583317496 -0.686042566435804 1 2857.34 73.93 445.956505027288
0.00181818181818182 1.4232165661765 0.359884368272689 -0.596243360359597 1 2725.63 63.99 446.019064428697
0.00181818181818182 1.4588697204257 0.396293354702212 -0.712496017873812 1 2973.43 70.65 440.569462869563
0.00181818181818182 1.39881282600301 0.327775583317496 -0.686042566435804 1 2857.34 73.93 445.956505027288
0.00181818181818182 1.4588697204257 0.396293354702212 -0.712496017873812 1 2973.43 70.65 440.569462869563
0.00181818181818182 1.4588697204257 0.396293354702212 -0.712496017873812 1 2973.43 70.65 440.569462869563
0.00181818181818182 1.4588697204257 0.396293354702212 -0.712496017873812 1 2973.43 70.65 440.569462869563
0.00181818181818182 1.44234382867905 0.395612977693977 -0.831452234423803 1 2929.13 73.1 445.891308406052
0.00181818181818182 1.43294862692837 0.386841119602697 -0.871049965292048 1 2838.65 72.96 450.124449992973
0.00181818181818182 1.4232165661765 0.359884368272689 -0.596243360359597 1 2725.63 63.99 446.019064428697
0.00181818181818182 1.44234382867905 0.395612977693977 -0.831452234423803 1 2929.13 73.1 445.891308406052
0.00181818181818182 1.4232165661765 0.359884368272689 -0.596243360359597 1 2725.63 63.99 446.019064428697
0.00181818181818182 1.4588697204257 0.396293354702212 -0.712496017873812 1 2973.43 70.65 440.569462869563
0.00181818181818182 1.4232165661765 0.359884368272689 -0.596243360359597 1 2725.63 63.99 446.019064428697
0.00181818181818182 1.44234382867905 0.395612977693977 -0.831452234423803 1 2929.13 73.1 445.891308406052
0.00181818181818182 1.44234382867905 0.395612977693977 -0.831452234423803 1 2929.13 73.1 445.891308406052
0.00181818181818182 1.42969249806116 0.381104156711359 -0.831557746220934 1 2986.56 74.79 456.642815057064
0.00181818181818182 1.44234382867905 0.395612977693977 -0.831452234423803 1 2929.13 73.1 445.891308406052
0.00181818181818182 1.4588697204257 0.396293354702212 -0.712496017873812 1 2973.43 70.65 440.569462869563
0.00181818181818182 1.4588697204257 0.396293354702212 -0.712496017873812 1 2973.43 70.65 440.569462869563
0.00181818181818182 1.44234382867905 0.395612977693977 -0.831452234423803 1 2929.13 73.1 445.891308406052
0.00181818181818182 1.42969249806116 0.381104156711359 -0.831557746220934 1 2986.56 74.79 456.642815057064
0.00181818181818182 1.4232165661765 0.359884368272689 -0.596243360359597 1 2725.63 63.99 446.019064428697
0.00181818181818182 1.42969249806116 0.381104156711359 -0.831557746220934 1 2986.56 74.79 456.642815057064
0.00181818181818182 1.44234382867905 0.395612977693977 -0.831452234423803 1 2929.13 73.1 445.891308406052
0.00181818181818182 1.4232165661765 0.359884368272689 -0.596243360359597 1 2725.63 63.99 446.019064428697
0.00181818181818182 1.44234382867905 0.395612977693977 -0.831452234423803 1 2929.13 73.1 445.891308406052
0.00181818181818182 1.44234382867905 0.395612977693977 -0.831452234423803 1 2929.13 73.1 445.891308406052
0.00181818181818182 1.41685443006423 0.358552292040635 -0.684713961370806 1 2733.52 66.84 451.057108604079
0.00181818181818182 1.4588697204257 0.396293354702212 -0.712496017873812 1 2973.43 70.65 440.569462869563
0.00181818181818182 1.44234382867905 0.395612977693977 -0.831452234423803 1 2929.13 73.1 445.891308406052
0.00181818181818182 1.44234382867905 0.395612977693977 -0.831452234423803 1 2929.13 73.1 445.891308406052
0.00181818181818182 1.4588697204257 0.396293354702212 -0.712496017873812 1 2973.43 70.65 440.569462869563
0.00181818181818182 1.4588697204257 0.396293354702212 -0.712496017873812 1 2973.43 70.65 440.569462869563
0.00181818181818182 1.4588697204257 0.396293354702212 -0.712496017873812 1 2973.43 70.65 440.569462869563
0.00181818181818182 1.44234382867905 0.395612977693977 -0.831452234423803 1 2929.13 73.1 445.891308406052
0.00181818181818182 1.4232165661765 0.359884368272689 -0.596243360359597 1 2725.63 63.99 446.019064428697
0.00181818181818182 1.39881282600301 0.327775583317496 -0.686042566435804 1 2857.34 73.93 445.956505027288
0.00181818181818182 1.4588697204257 0.396293354702212 -0.712496017873812 1 2973.43 70.65 440.569462869563
0.00181818181818182 1.39881282600301 0.327775583317496 -0.686042566435804 1 2857.34 73.93 445.956505027288
0.00181818181818182 1.42969249806116 0.381104156711359 -0.831557746220934 1 2986.56 74.79 456.642815057064
0.00181818181818182 1.44234382867905 0.395612977693977 -0.831452234423803 1 2929.13 73.1 445.891308406052
0.00181818181818182 1.39881282600301 0.327775583317496 -0.686042566435804 1 2857.34 73.93 445.956505027288
0.00181818181818182 1.42969249806116 0.381104156711359 -0.831557746220934 1 2986.56 74.79 456.642815057064
0.00181818181818182 1.44234382867905 0.395612977693977 -0.831452234423803 1 2929.13 73.1 445.891308406052
0.00181818181818182 1.4588697204257 0.396293354702212 -0.712496017873812 1 2973.43 70.65 440.569462869563
0.00181818181818182 1.4588697204257 0.396293354702212 -0.712496017873812 1 2973.43 70.65 440.569462869563
0.00181818181818182 1.4588697204257 0.396293354702212 -0.712496017873812 1 2973.43 70.65 440.569462869563
0.00181818181818182 1.42969249806116 0.381104156711359 -0.831557746220934 1 2986.56 74.79 456.642815057064
0.00181818181818182 1.44234382867905 0.395612977693977 -0.831452234423803 1 2929.13 73.1 445.891308406052
0.00181818181818182 1.44234382867905 0.395612977693977 -0.831452234423803 1 2929.13 73.1 445.891308406052
0.00181818181818182 1.39881282600301 0.327775583317496 -0.686042566435804 1 2857.34 73.93 445.956505027288
0.00181818181818182 1.4232165661765 0.359884368272689 -0.596243360359597 1 2725.63 63.99 446.019064428697
0.00181818181818182 1.4588697204257 0.396293354702212 -0.712496017873812 1 2973.43 70.65 440.569462869563
0.00181818181818182 1.4232165661765 0.359884368272689 -0.596243360359597 1 2725.63 63.99 446.019064428697
0.00181818181818182 1.39881282600301 0.327775583317496 -0.686042566435804 1 2857.34 73.93 445.956505027288
0.00181818181818182 1.39881282600301 0.327775583317496 -0.686042566435804 1 2857.34 73.93 445.956505027288
0.00181818181818182 1.4232165661765 0.359884368272689 -0.596243360359597 1 2725.63 63.99 446.019064428697
0.00181818181818182 1.44234382867905 0.395612977693977 -0.831452234423803 1 2929.13 73.1 445.891308406052
0.00181818181818182 1.44234382867905 0.395612977693977 -0.831452234423803 1 2929.13 73.1 445.891308406052
0.00181818181818182 1.4588697204257 0.396293354702212 -0.712496017873812 1 2973.43 70.65 440.569462869563
0.00181818181818182 1.44234382867905 0.395612977693977 -0.831452234423803 1 2929.13 73.1 445.891308406052
0.00181818181818182 1.4588697204257 0.396293354702212 -0.712496017873812 1 2973.43 70.65 440.569462869563
0.00181818181818182 1.42560417681295 0.357214140560604 -0.62595008222493 1 2955.43 72.49 444.576822323287
0.00181818181818182 1.44234382867905 0.395612977693977 -0.831452234423803 1 2929.13 73.1 445.891308406052
0.00181818181818182 1.44234382867905 0.395612977693977 -0.831452234423803 1 2929.13 73.1 445.891308406052
0.00181818181818182 1.4232165661765 0.359884368272689 -0.596243360359597 1 2725.63 63.99 446.019064428697
0.00181818181818182 1.4588697204257 0.396293354702212 -0.712496017873812 1 2973.43 70.65 440.569462869563
0.00181818181818182 1.44234382867905 0.395612977693977 -0.831452234423803 1 2929.13 73.1 445.891308406052
0.00181818181818182 1.44234382867905 0.395612977693977 -0.831452234423803 1 2929.13 73.1 445.891308406052
0.00181818181818182 1.42969249806116 0.381104156711359 -0.831557746220934 1 2986.56 74.79 456.642815057064
0.00181818181818182 1.4588697204257 0.396293354702212 -0.712496017873812 1 2973.43 70.65 440.569462869563
0.00181818181818182 1.44234382867905 0.395612977693977 -0.831452234423803 1 2929.13 73.1 445.891308406052
0.00181818181818182 1.4232165661765 0.359884368272689 -0.596243360359597 1 2725.63 63.99 446.019064428697
0.00181818181818182 1.44234382867905 0.395612977693977 -0.831452234423803 1 2929.13 73.1 445.891308406052
0.00181818181818182 1.41685443006423 0.358552292040635 -0.684713961370806 1 2733.52 66.84 451.057108604079
0.00181818181818182 1.44234382867905 0.395612977693977 -0.831452234423803 1 2929.13 73.1 445.891308406052
0.00181818181818182 1.4232165661765 0.359884368272689 -0.596243360359597 1 2725.63 63.99 446.019064428697
0.00181818181818182 1.4588697204257 0.396293354702212 -0.712496017873812 1 2973.43 70.65 440.569462869563
0.00181818181818182 1.42969249806116 0.381104156711359 -0.831557746220934 1 2986.56 74.79 456.642815057064
0.00181818181818182 1.4588697204257 0.396293354702212 -0.712496017873812 1 2973.43 70.65 440.569462869563
0.00181818181818182 1.44234382867905 0.395612977693977 -0.831452234423803 1 2929.13 73.1 445.891308406052
0.00181818181818182 1.44234382867905 0.395612977693977 -0.831452234423803 1 2929.13 73.1 445.891308406052
0.00181818181818182 1.44234382867905 0.395612977693977 -0.831452234423803 1 2929.13 73.1 445.891308406052
0.00181818181818182 1.44234382867905 0.395612977693977 -0.831452234423803 1 2929.13 73.1 445.891308406052
0.00181818181818182 1.41685443006423 0.358552292040635 -0.684713961370806 1 2733.52 66.84 451.057108604079
0.00181818181818182 1.44234382867905 0.395612977693977 -0.831452234423803 1 2929.13 73.1 445.891308406052
0.00181818181818182 1.39881282600301 0.327775583317496 -0.686042566435804 1 2857.34 73.93 445.956505027288
0.00181818181818182 1.4232165661765 0.359884368272689 -0.596243360359597 1 2725.63 63.99 446.019064428697
0.00181818181818182 1.44234382867905 0.395612977693977 -0.831452234423803 1 2929.13 73.1 445.891308406052
0.00181818181818182 1.4588697204257 0.396293354702212 -0.712496017873812 1 2973.43 70.65 440.569462869563
0.00181818181818182 1.4232165661765 0.359884368272689 -0.596243360359597 1 2725.63 63.99 446.019064428697
0.00181818181818182 1.4588697204257 0.396293354702212 -0.712496017873812 1 2973.43 70.65 440.569462869563
0.00181818181818182 1.4232165661765 0.359884368272689 -0.596243360359597 1 2725.63 63.99 446.019064428697
0.00181818181818182 1.44234382867905 0.395612977693977 -0.831452234423803 1 2929.13 73.1 445.891308406052
0.00181818181818182 1.44234382867905 0.395612977693977 -0.831452234423803 1 2929.13 73.1 445.891308406052
0.00181818181818182 1.4588697204257 0.396293354702212 -0.712496017873812 1 2973.43 70.65 440.569462869563
0.00181818181818182 1.44234382867905 0.395612977693977 -0.831452234423803 1 2929.13 73.1 445.891308406052
0.00181818181818182 1.4588697204257 0.396293354702212 -0.712496017873812 1 2973.43 70.65 440.569462869563
0.00181818181818182 1.4588697204257 0.396293354702212 -0.712496017873812 1 2973.43 70.65 440.569462869563
0.00181818181818182 1.4588697204257 0.396293354702212 -0.712496017873812 1 2973.43 70.65 440.569462869563
0.00181818181818182 1.4588697204257 0.396293354702212 -0.712496017873812 1 2973.43 70.65 440.569462869563
0.00181818181818182 1.4588697204257 0.396293354702212 -0.712496017873812 1 2973.43 70.65 440.569462869563
0.00181818181818182 1.44234382867905 0.395612977693977 -0.831452234423803 1 2929.13 73.1 445.891308406052
0.00181818181818182 1.4588697204257 0.396293354702212 -0.712496017873812 1 2973.43 70.65 440.569462869563
0.00181818181818182 1.4588697204257 0.396293354702212 -0.712496017873812 1 2973.43 70.65 440.569462869563
0.00181818181818182 1.44234382867905 0.395612977693977 -0.831452234423803 1 2929.13 73.1 445.891308406052
0.00181818181818182 1.39881282600301 0.327775583317496 -0.686042566435804 1 2857.34 73.93 445.956505027288
0.00181818181818182 1.44234382867905 0.395612977693977 -0.831452234423803 1 2929.13 73.1 445.891308406052
0.00181818181818182 1.44234382867905 0.395612977693977 -0.831452234423803 1 2929.13 73.1 445.891308406052
0.00181818181818182 1.4588697204257 0.396293354702212 -0.712496017873812 1 2973.43 70.65 440.569462869563
0.00181818181818182 1.44234382867905 0.395612977693977 -0.831452234423803 1 2929.13 73.1 445.891308406052
0.00181818181818182 1.4232165661765 0.359884368272689 -0.596243360359597 1 2725.63 63.99 446.019064428697
0.00181818181818182 1.4232165661765 0.359884368272689 -0.596243360359597 1 2725.63 63.99 446.019064428697
0.00181818181818182 1.4588697204257 0.396293354702212 -0.712496017873812 1 2973.43 70.65 440.569462869563
0.00181818181818182 1.40835657869969 0.351644200076409 -0.742140181971491 1 2918.36 73.5 449.799838443846
0.00181818181818182 1.4588697204257 0.396293354702212 -0.712496017873812 1 2973.43 70.65 440.569462869563
0.00181818181818182 1.44234382867905 0.395612977693977 -0.831452234423803 1 2929.13 73.1 445.891308406052
0.00181818181818182 1.4588697204257 0.396293354702212 -0.712496017873812 1 2973.43 70.65 440.569462869563
0.00181818181818182 1.41685443006423 0.358552292040635 -0.684713961370806 1 2733.52 66.84 451.057108604079
0.00181818181818182 1.4232165661765 0.359884368272689 -0.596243360359597 1 2725.63 63.99 446.019064428697
0.00181818181818182 1.44234382867905 0.395612977693977 -0.831452234423803 1 2929.13 73.1 445.891308406052
0.00181818181818182 1.4588697204257 0.396293354702212 -0.712496017873812 1 2973.43 70.65 440.569462869563
0.00181818181818182 1.4588697204257 0.396293354702212 -0.712496017873812 1 2973.43 70.65 440.569462869563
0.00181818181818182 1.44234382867905 0.395612977693977 -0.831452234423803 1 2929.13 73.1 445.891308406052
0.00181818181818182 1.4588697204257 0.396293354702212 -0.712496017873812 1 2973.43 70.65 440.569462869563
0.00181818181818182 1.44234382867905 0.395612977693977 -0.831452234423803 1 2929.13 73.1 445.891308406052
0.00181818181818182 1.44234382867905 0.395612977693977 -0.831452234423803 1 2929.13 73.1 445.891308406052
0.00181818181818182 1.44234382867905 0.395612977693977 -0.831452234423803 1 2929.13 73.1 445.891308406052
0.00181818181818182 1.44234382867905 0.395612977693977 -0.831452234423803 1 2929.13 73.1 445.891308406052
0.00181818181818182 1.44234382867905 0.395612977693977 -0.831452234423803 1 2929.13 73.1 445.891308406052
0.00181818181818182 1.44234382867905 0.395612977693977 -0.831452234423803 1 2929.13 73.1 445.891308406052
0.00181818181818182 1.4588697204257 0.396293354702212 -0.712496017873812 1 2973.43 70.65 440.569462869563
0.00181818181818182 1.44234382867905 0.395612977693977 -0.831452234423803 1 2929.13 73.1 445.891308406052
0.00181818181818182 1.44234382867905 0.395612977693977 -0.831452234423803 1 2929.13 73.1 445.891308406052
0.00181818181818182 1.44234382867905 0.395612977693977 -0.831452234423803 1 2929.13 73.1 445.891308406052
0.00181818181818182 1.44234382867905 0.395612977693977 -0.831452234423803 1 2929.13 73.1 445.891308406052
0.00181818181818182 1.4232165661765 0.359884368272689 -0.596243360359597 1 2725.63 63.99 446.019064428697
0.00181818181818182 1.44234382867905 0.395612977693977 -0.831452234423803 1 2929.13 73.1 445.891308406052
0.00181818181818182 1.4588697204257 0.396293354702212 -0.712496017873812 1 2973.43 70.65 440.569462869563
0.00181818181818182 1.42560417681295 0.357214140560604 -0.62595008222493 1 2955.43 72.49 444.576822323287
0.00181818181818182 1.44234382867905 0.395612977693977 -0.831452234423803 1 2929.13 73.1 445.891308406052
0.00181818181818182 1.39481878323144 0.363492546938669 -0.925850259240205 1 2472.37 65.74 462.815968933531
0.00181818181818182 1.44234382867905 0.395612977693977 -0.831452234423803 1 2929.13 73.1 445.891308406052
0.00181818181818182 1.39881282600301 0.327775583317496 -0.686042566435804 1 2857.34 73.93 445.956505027288
0.00181818181818182 1.4232165661765 0.359884368272689 -0.596243360359597 1 2725.63 63.99 446.019064428697
0.00181818181818182 1.42969249806116 0.381104156711359 -0.831557746220934 1 2986.56 74.79 456.642815057064
0.00181818181818182 1.39881282600301 0.327775583317496 -0.686042566435804 1 2857.34 73.93 445.956505027288
0.00181818181818182 1.4232165661765 0.359884368272689 -0.596243360359597 1 2725.63 63.99 446.019064428697
0.00181818181818182 1.44234382867905 0.395612977693977 -0.831452234423803 1 2929.13 73.1 445.891308406052
0.00181818181818182 1.41502671771661 0.371101530603763 -0.619572773409858 1 2747.18 64.81 449.798453824979
0.00181818181818182 1.44234382867905 0.395612977693977 -0.831452234423803 1 2929.13 73.1 445.891308406052
0.00181818181818182 1.4588697204257 0.396293354702212 -0.712496017873812 1 2973.43 70.65 440.569462869563
0.00181818181818182 1.44234382867905 0.395612977693977 -0.831452234423803 1 2929.13 73.1 445.891308406052
0.00181818181818182 1.44234382867905 0.395612977693977 -0.831452234423803 1 2929.13 73.1 445.891308406052
0.00181818181818182 1.4588697204257 0.396293354702212 -0.712496017873812 1 2973.43 70.65 440.569462869563
0.00181818181818182 1.41148284786051 0.373043619231365 -0.977970525957307 1 2669.18 70.72 443.418478044153
0.00181818181818182 1.44234382867905 0.395612977693977 -0.831452234423803 1 2929.13 73.1 445.891308406052
0.00181818181818182 1.44234382867905 0.395612977693977 -0.831452234423803 1 2929.13 73.1 445.891308406052
0.00181818181818182 1.4588697204257 0.396293354702212 -0.712496017873812 1 2973.43 70.65 440.569462869563
0.00181818181818182 1.39881282600301 0.327775583317496 -0.686042566435804 1 2857.34 73.93 445.956505027288
0.00181818181818182 1.4588697204257 0.396293354702212 -0.712496017873812 1 2973.43 70.65 440.569462869563
0.00181818181818182 1.4588697204257 0.396293354702212 -0.712496017873812 1 2973.43 70.65 440.569462869563
0.00181818181818182 1.39881282600301 0.327775583317496 -0.686042566435804 1 2857.34 73.93 445.956505027288
0.00181818181818182 1.44234382867905 0.395612977693977 -0.831452234423803 1 2929.13 73.1 445.891308406052
0.00181818181818182 1.44234382867905 0.395612977693977 -0.831452234423803 1 2929.13 73.1 445.891308406052
0.00181818181818182 1.4588697204257 0.396293354702212 -0.712496017873812 1 2973.43 70.65 440.569462869563
0.00181818181818182 1.44234382867905 0.395612977693977 -0.831452234423803 1 2929.13 73.1 445.891308406052
0.00181818181818182 1.42560417681295 0.357214140560604 -0.62595008222493 1 2955.43 72.49 444.576822323287
0.00181818181818182 1.4588697204257 0.396293354702212 -0.712496017873812 1 2973.43 70.65 440.569462869563
0.00181818181818182 1.4588697204257 0.396293354702212 -0.712496017873812 1 2973.43 70.65 440.569462869563
0.00181818181818182 1.4588697204257 0.396293354702212 -0.712496017873812 1 2973.43 70.65 440.569462869563
0.00181818181818182 1.4588697204257 0.396293354702212 -0.712496017873812 1 2973.43 70.65 440.569462869563
0.00181818181818182 1.4588697204257 0.396293354702212 -0.712496017873812 1 2973.43 70.65 440.569462869563
0.00181818181818182 1.4232165661765 0.359884368272689 -0.596243360359597 1 2725.63 63.99 446.019064428697
0.00181818181818182 1.44234382867905 0.395612977693977 -0.831452234423803 1 2929.13 73.1 445.891308406052
0.00181818181818182 1.39881282600301 0.327775583317496 -0.686042566435804 1 2857.34 73.93 445.956505027288
0.00181818181818182 1.4588697204257 0.396293354702212 -0.712496017873812 1 2973.43 70.65 440.569462869563
0.00181818181818182 1.41685443006423 0.358552292040635 -0.684713961370806 1 2733.52 66.84 451.057108604079
0.00181818181818182 1.44234382867905 0.395612977693977 -0.831452234423803 1 2929.13 73.1 445.891308406052
0.00181818181818182 1.42560417681295 0.357214140560604 -0.62595008222493 1 2955.43 72.49 444.576822323287
0.00181818181818182 1.4588697204257 0.396293354702212 -0.712496017873812 1 2973.43 70.65 440.569462869563
0.00181818181818182 1.44234382867905 0.395612977693977 -0.831452234423803 1 2929.13 73.1 445.891308406052
0.00181818181818182 1.44234382867905 0.395612977693977 -0.831452234423803 1 2929.13 73.1 445.891308406052
0.00181818181818182 1.44234382867905 0.395612977693977 -0.831452234423803 1 2929.13 73.1 445.891308406052
0.00181818181818182 1.39481878323144 0.363492546938669 -0.925850259240205 1 2472.37 65.74 462.815968933531
0.00181818181818182 1.44234382867905 0.395612977693977 -0.831452234423803 1 2929.13 73.1 445.891308406052
0.00181818181818182 1.44234382867905 0.395612977693977 -0.831452234423803 1 2929.13 73.1 445.891308406052
0.00181818181818182 1.4588697204257 0.396293354702212 -0.712496017873812 1 2973.43 70.65 440.569462869563
0.00181818181818182 1.4232165661765 0.359884368272689 -0.596243360359597 1 2725.63 63.99 446.019064428697
0.00181818181818182 1.44234382867905 0.395612977693977 -0.831452234423803 1 2929.13 73.1 445.891308406052
0.00181818181818182 1.4588697204257 0.396293354702212 -0.712496017873812 1 2973.43 70.65 440.569462869563
0.00181818181818182 1.44234382867905 0.395612977693977 -0.831452234423803 1 2929.13 73.1 445.891308406052
0.00181818181818182 1.44234382867905 0.395612977693977 -0.831452234423803 1 2929.13 73.1 445.891308406052
0.00181818181818182 1.44234382867905 0.395612977693977 -0.831452234423803 1 2929.13 73.1 445.891308406052
0.00181818181818182 1.4232165661765 0.359884368272689 -0.596243360359597 1 2725.63 63.99 446.019064428697
0.00181818181818182 1.4588697204257 0.396293354702212 -0.712496017873812 1 2973.43 70.65 440.569462869563
0.00181818181818182 1.4588697204257 0.396293354702212 -0.712496017873812 1 2973.43 70.65 440.569462869563
0.00181818181818182 1.4232165661765 0.359884368272689 -0.596243360359597 1 2725.63 63.99 446.019064428697
0.00181818181818182 1.4588697204257 0.396293354702212 -0.712496017873812 1 2973.43 70.65 440.569462869563
0.00181818181818182 1.4588697204257 0.396293354702212 -0.712496017873812 1 2973.43 70.65 440.569462869563
0.00181818181818182 1.4232165661765 0.359884368272689 -0.596243360359597 1 2725.63 63.99 446.019064428697
0.00181818181818182 1.4232165661765 0.359884368272689 -0.596243360359597 1 2725.63 63.99 446.019064428697
0.00181818181818182 1.4232165661765 0.359884368272689 -0.596243360359597 1 2725.63 63.99 446.019064428697
0.00181818181818182 1.44234382867905 0.395612977693977 -0.831452234423803 1 2929.13 73.1 445.891308406052
0.00181818181818182 1.44234382867905 0.395612977693977 -0.831452234423803 1 2929.13 73.1 445.891308406052
0.00181818181818182 1.39881282600301 0.327775583317496 -0.686042566435804 1 2857.34 73.93 445.956505027288
0.00181818181818182 1.43294862692837 0.386841119602697 -0.871049965292048 1 2838.65 72.96 450.124449992973
0.00181818181818182 1.44234382867905 0.395612977693977 -0.831452234423803 1 2929.13 73.1 445.891308406052
0.00181818181818182 1.4588697204257 0.396293354702212 -0.712496017873812 1 2973.43 70.65 440.569462869563
0.00181818181818182 1.39881282600301 0.327775583317496 -0.686042566435804 1 2857.34 73.93 445.956505027288
0.00181818181818182 1.4588697204257 0.396293354702212 -0.712496017873812 1 2973.43 70.65 440.569462869563
0.00181818181818182 1.4588697204257 0.396293354702212 -0.712496017873812 1 2973.43 70.65 440.569462869563
0.00181818181818182 1.44234382867905 0.395612977693977 -0.831452234423803 1 2929.13 73.1 445.891308406052
0.00181818181818182 1.4588697204257 0.396293354702212 -0.712496017873812 1 2973.43 70.65 440.569462869563
0.00181818181818182 1.44234382867905 0.395612977693977 -0.831452234423803 1 2929.13 73.1 445.891308406052
0.00181818181818182 1.44234382867905 0.395612977693977 -0.831452234423803 1 2929.13 73.1 445.891308406052
0.00181818181818182 1.4588697204257 0.396293354702212 -0.712496017873812 1 2973.43 70.65 440.569462869563
0.00181818181818182 1.4232165661765 0.359884368272689 -0.596243360359597 1 2725.63 63.99 446.019064428697
0.00181818181818182 1.4232165661765 0.359884368272689 -0.596243360359597 1 2725.63 63.99 446.019064428697
0.00181818181818182 1.44234382867905 0.395612977693977 -0.831452234423803 1 2929.13 73.1 445.891308406052
0.00181818181818182 1.4588697204257 0.396293354702212 -0.712496017873812 1 2973.43 70.65 440.569462869563
0.00181818181818182 1.44234382867905 0.395612977693977 -0.831452234423803 1 2929.13 73.1 445.891308406052
0.00181818181818182 1.42560417681295 0.357214140560604 -0.62595008222493 1 2955.43 72.49 444.576822323287
0.00181818181818182 1.4232165661765 0.359884368272689 -0.596243360359597 1 2725.63 63.99 446.019064428697
0.00181818181818182 1.4232165661765 0.359884368272689 -0.596243360359597 1 2725.63 63.99 446.019064428697
0.00181818181818182 1.4588697204257 0.396293354702212 -0.712496017873812 1 2973.43 70.65 440.569462869563
0.00181818181818182 1.39881282600301 0.327775583317496 -0.686042566435804 1 2857.34 73.93 445.956505027288
0.00181818181818182 1.44234382867905 0.395612977693977 -0.831452234423803 1 2929.13 73.1 445.891308406052
0.00181818181818182 1.4232165661765 0.359884368272689 -0.596243360359597 1 2725.63 63.99 446.019064428697
0.00181818181818182 1.44234382867905 0.395612977693977 -0.831452234423803 1 2929.13 73.1 445.891308406052
0.00181818181818182 1.44234382867905 0.395612977693977 -0.831452234423803 1 2929.13 73.1 445.891308406052
0.00181818181818182 1.44234382867905 0.395612977693977 -0.831452234423803 1 2929.13 73.1 445.891308406052
0.00181818181818182 1.44234382867905 0.395612977693977 -0.831452234423803 1 2929.13 73.1 445.891308406052
0.00181818181818182 1.44234382867905 0.395612977693977 -0.831452234423803 1 2929.13 73.1 445.891308406052
0.00181818181818182 1.44234382867905 0.395612977693977 -0.831452234423803 1 2929.13 73.1 445.891308406052
0.00181818181818182 1.4232165661765 0.359884368272689 -0.596243360359597 1 2725.63 63.99 446.019064428697
0.00181818181818182 1.4232165661765 0.359884368272689 -0.596243360359597 1 2725.63 63.99 446.019064428697
0.00181818181818182 1.44234382867905 0.395612977693977 -0.831452234423803 1 2929.13 73.1 445.891308406052
0.00181818181818182 1.44234382867905 0.395612977693977 -0.831452234423803 1 2929.13 73.1 445.891308406052
0.00181818181818182 1.43294862692837 0.386841119602697 -0.871049965292048 1 2838.65 72.96 450.124449992973
0.00181818181818182 1.44234382867905 0.395612977693977 -0.831452234423803 1 2929.13 73.1 445.891308406052
0.00181818181818182 1.4232165661765 0.359884368272689 -0.596243360359597 1 2725.63 63.99 446.019064428697
0.00181818181818182 1.44234382867905 0.395612977693977 -0.831452234423803 1 2929.13 73.1 445.891308406052
0.00181818181818182 1.42969249806116 0.381104156711359 -0.831557746220934 1 2986.56 74.79 456.642815057064
0.00181818181818182 1.44234382867905 0.395612977693977 -0.831452234423803 1 2929.13 73.1 445.891308406052
0.00181818181818182 1.42596951029083 0.375858574537758 -0.713398519985031 1 2704.16 64.17 444.527012063366
0.00181818181818182 1.44234382867905 0.395612977693977 -0.831452234423803 1 2929.13 73.1 445.891308406052
0.00181818181818182 1.4232165661765 0.359884368272689 -0.596243360359597 1 2725.63 63.99 446.019064428697
0.00181818181818182 1.4588697204257 0.396293354702212 -0.712496017873812 1 2973.43 70.65 440.569462869563
0.00181818181818182 1.4588697204257 0.396293354702212 -0.712496017873812 1 2973.43 70.65 440.569462869563
0.00181818181818182 1.44234382867905 0.395612977693977 -0.831452234423803 1 2929.13 73.1 445.891308406052
0.00181818181818182 1.42969249806116 0.381104156711359 -0.831557746220934 1 2986.56 74.79 456.642815057064
0.00181818181818182 1.44234382867905 0.395612977693977 -0.831452234423803 1 2929.13 73.1 445.891308406052
0.00181818181818182 1.44234382867905 0.395612977693977 -0.831452234423803 1 2929.13 73.1 445.891308406052
0.00181818181818182 1.44234382867905 0.395612977693977 -0.831452234423803 1 2929.13 73.1 445.891308406052
0.00181818181818182 1.42534455761388 0.373751827225816 -0.786657607107852 1 2676.79 66.87 462.168467620164
0.00181818181818182 1.4588697204257 0.396293354702212 -0.712496017873812 1 2973.43 70.65 440.569462869563
0.00181818181818182 1.42560417681295 0.357214140560604 -0.62595008222493 1 2955.43 72.49 444.576822323287
0.00181818181818182 1.4232165661765 0.359884368272689 -0.596243360359597 1 2725.63 63.99 446.019064428697
0.00181818181818182 1.44234382867905 0.395612977693977 -0.831452234423803 1 2929.13 73.1 445.891308406052
0.00181818181818182 1.44234382867905 0.395612977693977 -0.831452234423803 1 2929.13 73.1 445.891308406052
0.00181818181818182 1.44234382867905 0.395612977693977 -0.831452234423803 1 2929.13 73.1 445.891308406052
0.00181818181818182 1.44234382867905 0.395612977693977 -0.831452234423803 1 2929.13 73.1 445.891308406052
0.00181818181818182 1.4588697204257 0.396293354702212 -0.712496017873812 1 2973.43 70.65 440.569462869563
0.00181818181818182 1.44234382867905 0.395612977693977 -0.831452234423803 1 2929.13 73.1 445.891308406052
0.00181818181818182 1.4588697204257 0.396293354702212 -0.712496017873812 1 2973.43 70.65 440.569462869563
0.00181818181818182 1.44234382867905 0.395612977693977 -0.831452234423803 1 2929.13 73.1 445.891308406052
