0.00181818181818182 1.42939499489246 0.352795929573594 -0.729353876278669 1 3145.13 76.82 446.964720978452
0.00181818181818182 1.42939499489246 0.352795929573594 -0.729353876278669 1 3145.13 76.82 446.964720978452
0.00181818181818182 1.44234382867905 0.395612977693977 -0.831452234423803 1 2929.13 73.1 445.891308406052
0.00181818181818182 1.42939499489246 0.352795929573594 -0.729353876278669 1 3145.13 76.82 446.964720978452
0.00181818181818182 1.42939499489246 0.352795929573594 -0.729353876278669 1 3145.13 76.82 446.964720978452
0.00181818181818182 1.40632836835036 0.365787854029123 -0.693981614196096 1 2514.8 61.88 434.453498085807
0.00181818181818182 1.39881282600301 0.327775583317496 -0.686042566435804 1 2857.34 73.93 445.956505027288
0.00181818181818182 1.40921510629916 0.336551773790574 -0.396881457793454 1 2792.42 62.81 447.924608198627
0.00181818181818182 1.42939499489246 0.352795929573594 -0.729353876278669 1 3145.13 76.82 446.964720978452
0.00181818181818182 1.43294862692837 0.386841119602697 -0.871049965292048 1 2838.65 72.96 450.124449992973
0.00181818181818182 1.4588697204257 0.396293354702212 -0.712496017873812 1 2973.43 70.65 440.569462869563
0.00181818181818182 1.42939499489246 0.352795929573594 -0.729353876278669 1 3145.13 76.82 446.964720978452
0.00181818181818182 1.40632836835036 0.365787854029123 -0.693981614196096 1 2514.8 61.88 434.453498085807
0.00181818181818182 1.42939499489246 0.352795929573594 -0.729353876278669 1 3145.13 76.82 446.964720978452
0.00181818181818182 1.4259669238913 0.362578102467549 -0.680133667131815 1 3096.32 75.07 441.997247074839
0.00181818181818182 1.42969249806116 0.381104156711359 -0.831557746220934 1 2986.56 74.79 456.642815057064
0.00181818181818182 1.44234382867905 0.395612977693977 -0.831452234423803 1 2929.13 73.1 445.891308406052
0.00181818181818182 1.4147781491807 0.334719115850261 -0.667797413724529 0.99 2738.71717171717 67.5858585858586 448.16433002044
0.00181818181818182 1.42939499489246 0.352795929573594 -0.729353876278669 1 3145.13 76.82 446.964720978452
0.00181818181818182 1.42939499489246 0.352795929573594 -0.729353876278669 1 3145.13 76.82 446.964720978452
0.00181818181818182 1.40632836835036 0.365787854029123 -0.693981614196096 1 2514.8 61.88 434.453498085807
0.00181818181818182 1.4588697204257 0.396293354702212 -0.712496017873812 1 2973.43 70.65 440.569462869563
0.00181818181818182 1.42969249806116 0.381104156711359 -0.831557746220934 1 2986.56 74.79 456.642815057064
0.00181818181818182 1.42939499489246 0.352795929573594 -0.729353876278669 1 3145.13 76.82 446.964720978452
0.00181818181818182 1.42939499489246 0.352795929573594 -0.729353876278669 1 3145.13 76.82 446.964720978452
0.00181818181818182 1.44234382867905 0.395612977693977 -0.831452234423803 1 2929.13 73.1 445.891308406052
0.00181818181818182 1.4259669238913 0.362578102467549 -0.680133667131815 1 3096.32 75.07 441.997247074839
0.00181818181818182 1.41685443006423 0.358552292040635 -0.684713961370806 1 2733.52 66.84 451.057108604079
0.00181818181818182 1.40632836835036 0.365787854029123 -0.693981614196096 1 2514.8 61.88 434.453498085807
0.00181818181818182 1.40921510629916 0.336551773790574 -0.396881457793454 1 2792.42 62.81 447.924608198627
0.00181818181818182 1.42939499489246 0.352795929573594 -0.729353876278669 1 3145.13 76.82 446.964720978452
0.00181818181818182 1.44234382867905 0.395612977693977 -0.831452234423803 1 2929.13 73.1 445.891308406052
0.00181818181818182 1.42939499489246 0.352795929573594 -0.729353876278669 1 3145.13 76.82 446.964720978452
0.00181818181818182 1.42939499489246 0.352795929573594 -0.729353876278669 1 3145.13 76.82 446.964720978452
0.00181818181818182 1.44234382867905 0.395612977693977 -0.831452234423803 1 2929.13 73.1 445.891308406052
0.00181818181818182 1.4147781491807 0.334719115850261 -0.667797413724529 0.99 2738.71717171717 67.5858585858586 448.16433002044
0.00181818181818182 1.40632836835036 0.365787854029123 -0.693981614196096 1 2514.8 61.88 434.453498085807
0.00181818181818182 1.42939499489246 0.352795929573594 -0.729353876278669 1 3145.13 76.82 446.964720978452
0.00181818181818182 1.42939499489246 0.352795929573594 -0.729353876278669 1 3145.13 76.82 446.964720978452
0.00181818181818182 1.40632836835036 0.365787854029123 -0.693981614196096 1 2514.8 61.88 434.453498085807
0.00181818181818182 1.4588697204257 0.396293354702212 -0.712496017873812 1 2973.43 70.65 440.569462869563
0.00181818181818182 1.44234382867905 0.395612977693977 -0.831452234423803 1 2929.13 73.1 445.891308406052
0.00181818181818182 1.42939499489246 0.352795929573594 -0.729353876278669 1 3145.13 76.82 446.964720978452
0.00181818181818182 1.40731746466102 0.395298426224396 -0.993297660425602 0.99 2568.0404040404 68.2222222222222 436.496448742934
0.00181818181818182 1.42939499489246 0.352795929573594 -0.729353876278669 1 3145.13 76.82 446.964720978452
0.00181818181818182 1.4588697204257 0.396293354702212 -0.712496017873812 1 2973.43 70.65 440.569462869563
0.00181818181818182 1.42939499489246 0.352795929573594 -0.729353876278669 1 3145.13 76.82 446.964720978452
0.00181818181818182 1.4588697204257 0.396293354702212 -0.712496017873812 1 2973.43 70.65 440.569462869563
0.00181818181818182 1.4232165661765 0.359884368272689 -0.596243360359597 1 2725.63 63.99 446.019064428697
0.00181818181818182 1.4232165661765 0.359884368272689 -0.596243360359597 1 2725.63 63.99 446.019064428697
0.00181818181818182 1.4588697204257 0.396293354702212 -0.712496017873812 1 2973.43 70.65 440.569462869563
0.00181818181818182 1.44234382867905 0.395612977693977 -0.831452234423803 1 2929.13 73.1 445.891308406052
0.00181818181818182 1.40632836835036 0.365787854029123 -0.693981614196096 1 2514.8 61.88 434.453498085807
0.00181818181818182 1.39340101988266 0.328984045456308 -0.736533109730325 1 2630.29 66.68 428.478762759867
0.00181818181818182 1.40632836835036 0.365787854029123 -0.693981614196096 1 2514.8 61.88 434.453498085807
0.00181818181818182 1.40632836835036 0.365787854029123 -0.693981614196096 1 2514.8 61.88 434.453498085807
0.00181818181818182 1.42939499489246 0.352795929573594 -0.729353876278669 1 3145.13 76.82 446.964720978452
0.00181818181818182 1.40632836835036 0.365787854029123 -0.693981614196096 1 2514.8 61.88 434.453498085807
0.00181818181818182 1.39881282600301 0.327775583317496 -0.686042566435804 1 2857.34 73.93 445.956505027288
0.00181818181818182 1.42939499489246 0.352795929573594 -0.729353876278669 1 3145.13 76.82 446.964720978452
0.00181818181818182 1.42939499489246 0.352795929573594 -0.729353876278669 1 3145.13 76.82 446.964720978452
0.00181818181818182 1.4588697204257 0.396293354702212 -0.712496017873812 1 2973.43 70.65 440.569462869563
0.00181818181818182 1.42939499489246 0.352795929573594 -0.729353876278669 1 3145.13 76.82 446.964720978452
0.00181818181818182 1.40921510629916 0.336551773790574 -0.396881457793454 1 2792.42 62.81 447.924608198627
0.00181818181818182 1.42939499489246 0.352795929573594 -0.729353876278669 1 3145.13 76.82 446.964720978452
0.00181818181818182 1.42939499489246 0.352795929573594 -0.729353876278669 1 3145.13 76.82 446.964720978452
0.00181818181818182 1.40632836835036 0.365787854029123 -0.693981614196096 1 2514.8 61.88 434.453498085807
0.00181818181818182 1.42939499489246 0.352795929573594 -0.729353876278669 1 3145.13 76.82 446.964720978452
0.00181818181818182 1.42939499489246 0.352795929573594 -0.729353876278669 1 3145.13 76.82 446.964720978452
0.00181818181818182 1.4147781491807 0.334719115850261 -0.667797413724529 0.99 2738.71717171717 67.5858585858586 448.16433002044
0.00181818181818182 1.42939499489246 0.352795929573594 -0.729353876278669 1 3145.13 76.82 446.964720978452
0.00181818181818182 1.42939499489246 0.352795929573594 -0.729353876278669 1 3145.13 76.82 446.964720978452
0.00181818181818182 1.4588697204257 0.396293354702212 -0.712496017873812 1 2973.43 70.65 440.569462869563
0.00181818181818182 1.42939499489246 0.352795929573594 -0.729353876278669 1 3145.13 76.82 446.964720978452
0.00181818181818182 1.40921510629916 0.336551773790574 -0.396881457793454 1 2792.42 62.81 447.924608198627
0.00181818181818182 1.40632836835036 0.365787854029123 -0.693981614196096 1 2514.8 61.88 434.453498085807
0.00181818181818182 1.42939499489246 0.352795929573594 -0.729353876278669 1 3145.13 76.82 446.964720978452
0.00181818181818182 1.4259669238913 0.362578102467549 -0.680133667131815 1 3096.32 75.07 441.997247074839
0.00181818181818182 1.40921510629916 0.336551773790574 -0.396881457793454 1 2792.42 62.81 447.924608198627
0.00181818181818182 1.40731746466102 0.395298426224396 -0.993297660425602 0.99 2568.0404040404 68.2222222222222 436.496448742934
0.00181818181818182 1.42939499489246 0.352795929573594 -0.729353876278669 1 3145.13 76.82 446.964720978452
0.00181818181818182 1.42939499489246 0.352795929573594 -0.729353876278669 1 3145.13 76.82 446.964720978452
0.00181818181818182 1.42939499489246 0.352795929573594 -0.729353876278669 1 3145.13 76.82 446.964720978452
0.00181818181818182 1.40632836835036 0.365787854029123 -0.693981614196096 1 2514.8 61.88 434.453498085807
0.00181818181818182 1.42939499489246 0.352795929573594 -0.729353876278669 1 3145.13 76.82 446.964720978452
0.00181818181818182 1.42939499489246 0.352795929573594 -0.729353876278669 1 3145.13 76.82 446.964720978452
0.00181818181818182 1.42939499489246 0.352795929573594 -0.729353876278669 1 3145.13 76.82 446.964720978452
0.00181818181818182 1.4147781491807 0.334719115850261 -0.667797413724529 0.99 2738.71717171717 67.5858585858586 448.16433002044
0.00181818181818182 1.44234382867905 0.395612977693977 -0.831452234423803 1 2929.13 73.1 445.891308406052
0.00181818181818182 1.40731746466102 0.395298426224396 -0.993297660425602 0.99 2568.0404040404 68.2222222222222 436.496448742934
0.00181818181818182 1.42939499489246 0.352795929573594 -0.729353876278669 1 3145.13 76.82 446.964720978452
0.00181818181818182 1.40632836835036 0.365787854029123 -0.693981614196096 1 2514.8 61.88 434.453498085807
0.00181818181818182 1.42939499489246 0.352795929573594 -0.729353876278669 1 3145.13 76.82 446.964720978452
0.00181818181818182 1.44234382867905 0.395612977693977 -0.831452234423803 1 2929.13 73.1 445.891308406052
0.00181818181818182 1.4232165661765 0.359884368272689 -0.596243360359597 1 2725.63 63.99 446.019064428697
0.00181818181818182 1.44234382867905 0.395612977693977 -0.831452234423803 1 2929.13 73.1 445.891308406052
0.00181818181818182 1.44234382867905 0.395612977693977 -0.831452234423803 1 2929.13 73.1 445.891308406052
0.00181818181818182 1.40921510629916 0.336551773790574 -0.396881457793454 1 2792.42 62.81 447.924608198627
0.00181818181818182 1.40731746466102 0.395298426224396 -0.993297660425602 0.99 2568.0404040404 68.2222222222222 436.496448742934
0.00181818181818182 1.42939499489246 0.352795929573594 -0.729353876278669 1 3145.13 76.82 446.964720978452
0.00181818181818182 1.44234382867905 0.395612977693977 -0.831452234423803 1 2929.13 73.1 445.891308406052
0.00181818181818182 1.42251930824454 0.36211874187707 -0.869383746494141 1 2734.81 70.41 444.725627059116
0.00181818181818182 1.40632836835036 0.365787854029123 -0.693981614196096 1 2514.8 61.88 434.453498085807
0.00181818181818182 1.40632836835036 0.365787854029123 -0.693981614196096 1 2514.8 61.88 434.453498085807
0.00181818181818182 1.42939499489246 0.352795929573594 -0.729353876278669 1 3145.13 76.82 446.964720978452
0.00181818181818182 1.40632836835036 0.365787854029123 -0.693981614196096 1 2514.8 61.88 434.453498085807
0.00181818181818182 1.42939499489246 0.352795929573594 -0.729353876278669 1 3145.13 76.82 446.964720978452
0.00181818181818182 1.44234382867905 0.395612977693977 -0.831452234423803 1 2929.13 73.1 445.891308406052
0.00181818181818182 1.44234382867905 0.395612977693977 -0.831452234423803 1 2929.13 73.1 445.891308406052
0.00181818181818182 1.39340101988266 0.328984045456308 -0.736533109730325 1 2630.29 66.68 428.478762759867
0.00181818181818182 1.42939499489246 0.352795929573594 -0.729353876278669 1 3145.13 76.82 446.964720978452
0.00181818181818182 1.4588697204257 0.396293354702212 -0.712496017873812 1 2973.43 70.65 440.569462869563
0.00181818181818182 1.41685443006423 0.358552292040635 -0.684713961370806 1 2733.52 66.84 451.057108604079
0.00181818181818182 1.4147781491807 0.334719115850261 -0.667797413724529 0.99 2738.71717171717 67.5858585858586 448.16433002044
0.00181818181818182 1.42939499489246 0.352795929573594 -0.729353876278669 1 3145.13 76.82 446.964720978452
0.00181818181818182 1.42939499489246 0.352795929573594 -0.729353876278669 1 3145.13 76.82 446.964720978452
0.00181818181818182 1.44234382867905 0.395612977693977 -0.831452234423803 1 2929.13 73.1 445.891308406052
0.00181818181818182 1.42939499489246 0.352795929573594 -0.729353876278669 1 3145.13 76.82 446.964720978452
0.00181818181818182 1.40632836835036 0.365787854029123 -0.693981614196096 1 2514.8 61.88 434.453498085807
0.00181818181818182 1.42939499489246 0.352795929573594 -0.729353876278669 1 3145.13 76.82 446.964720978452
0.00181818181818182 1.40921510629916 0.336551773790574 -0.396881457793454 1 2792.42 62.81 447.924608198627
0.00181818181818182 1.4588697204257 0.396293354702212 -0.712496017873812 1 2973.43 70.65 440.569462869563
0.00181818181818182 1.44234382867905 0.395612977693977 -0.831452234423803 1 2929.13 73.1 445.891308406052
0.00181818181818182 1.42939499489246 0.352795929573594 -0.729353876278669 1 3145.13 76.82 446.964720978452
0.00181818181818182 1.4588697204257 0.396293354702212 -0.712496017873812 1 2973.43 70.65 440.569462869563
0.00181818181818182 1.42939499489246 0.352795929573594 -0.729353876278669 1 3145.13 76.82 446.964720978452
0.00181818181818182 1.42939499489246 0.352795929573594 -0.729353876278669 1 3145.13 76.82 446.964720978452
0.00181818181818182 1.42597717847171 0.397498162512375 -0.946200393774982 0.99 2487.10101010101 64.5151515151515 447.001557618947
0.00181818181818182 1.42939499489246 0.352795929573594 -0.729353876278669 1 3145.13 76.82 446.964720978452
0.00181818181818182 1.42939499489246 0.352795929573594 -0.729353876278669 1 3145.13 76.82 446.964720978452
0.00181818181818182 1.40731746466102 0.395298426224396 -0.993297660425602 0.99 2568.0404040404 68.2222222222222 436.496448742934
0.00181818181818182 1.40921510629916 0.336551773790574 -0.396881457793454 1 2792.42 62.81 447.924608198627
0.00181818181818182 1.44234382867905 0.395612977693977 -0.831452234423803 1 2929.13 73.1 445.891308406052
0.00181818181818182 1.4259669238913 0.362578102467549 -0.680133667131815 1 3096.32 75.07 441.997247074839
0.00181818181818182 1.42939499489246 0.352795929573594 -0.729353876278669 1 3145.13 76.82 446.964720978452
0.00181818181818182 1.42939499489246 0.352795929573594 -0.729353876278669 1 3145.13 76.82 446.964720978452
0.00181818181818182 1.44234382867905 0.395612977693977 -0.831452234423803 1 2929.13 73.1 445.891308406052
0.00181818181818182 1.42939499489246 0.352795929573594 -0.729353876278669 1 3145.13 76.82 446.964720978452
0.00181818181818182 1.42939499489246 0.352795929573594 -0.729353876278669 1 3145.13 76.82 446.964720978452
0.00181818181818182 1.40632836835036 0.365787854029123 -0.693981614196096 1 2514.8 61.88 434.453498085807
0.00181818181818182 1.42597717847171 0.397498162512375 -0.946200393774982 0.99 2487.10101010101 64.5151515151515 447.001557618947
0.00181818181818182 1.4588697204257 0.396293354702212 -0.712496017873812 1 2973.43 70.65 440.569462869563
0.00181818181818182 1.40632836835036 0.365787854029123 -0.693981614196096 1 2514.8 61.88 434.453498085807
0.00181818181818182 1.4588697204257 0.396293354702212 -0.712496017873812 1 2973.43 70.65 440.569462869563
0.00181818181818182 1.42939499489246 0.352795929573594 -0.729353876278669 1 3145.13 76.82 446.964720978452
0.00181818181818182 1.42939499489246 0.352795929573594 -0.729353876278669 1 3145.13 76.82 446.964720978452
0.00181818181818182 1.42939499489246 0.352795929573594 -0.729353876278669 1 3145.13 76.82 446.964720978452
0.00181818181818182 1.42939499489246 0.352795929573594 -0.729353876278669 1 3145.13 76.82 446.964720978452
0.00181818181818182 1.42939499489246 0.352795929573594 -0.729353876278669 1 3145.13 76.82 446.964720978452
0.00181818181818182 1.42939499489246 0.352795929573594 -0.729353876278669 1 3145.13 76.82 446.964720978452
0.00181818181818182 1.42939499489246 0.352795929573594 -0.729353876278669 1 3145.13 76.82 446.964720978452
0.00181818181818182 1.40921510629916 0.336551773790574 -0.396881457793454 1 2792.42 62.81 447.924608198627
0.00181818181818182 1.40632836835036 0.365787854029123 -0.693981614196096 1 2514.8 61.88 434.453498085807
0.00181818181818182 1.42939499489246 0.352795929573594 -0.729353876278669 1 3145.13 76.82 446.964720978452
0.00181818181818182 1.40835657869969 0.351644200076409 -0.742140181971491 1 2918.36 73.5 449.799838443846
0.00181818181818182 1.40632836835036 0.365787854029123 -0.693981614196096 1 2514.8 61.88 434.453498085807
0.00181818181818182 1.4259669238913 0.362578102467549 -0.680133667131815 1 3096.32 75.07 441.997247074839
0.00181818181818182 1.4232165661765 0.359884368272689 -0.596243360359597 1 2725.63 63.99 446.019064428697
0.00181818181818182 1.42597717847171 0.397498162512375 -0.946200393774982 0.99 2487.10101010101 64.5151515151515 447.001557618947
0.00181818181818182 1.42939499489246 0.352795929573594 -0.729353876278669 1 3145.13 76.82 446.964720978452
0.00181818181818182 1.42939499489246 0.352795929573594 -0.729353876278669 1 3145.13 76.82 446.964720978452
0.00181818181818182 1.40632836835036 0.365787854029123 -0.693981614196096 1 2514.8 61.88 434.453498085807
0.00181818181818182 1.42939499489246 0.352795929573594 -0.729353876278669 1 3145.13 76.82 446.964720978452
0.00181818181818182 1.44234382867905 0.395612977693977 -0.831452234423803 1 2929.13 73.1 445.891308406052
0.00181818181818182 1.4588697204257 0.396293354702212 -0.712496017873812 1 2973.43 70.65 440.569462869563
0.00181818181818182 1.40731746466102 0.395298426224396 -0.993297660425602 0.99 2568.0404040404 68.2222222222222 436.496448742934
0.00181818181818182 1.44234382867905 0.395612977693977 -0.831452234423803 1 2929.13 73.1 445.891308406052
0.00181818181818182 1.42939499489246 0.352795929573594 -0.729353876278669 1 3145.13 76.82 446.964720978452
0.00181818181818182 1.4147781491807 0.334719115850261 -0.667797413724529 0.99 2738.71717171717 67.5858585858586 448.16433002044
0.00181818181818182 1.42939499489246 0.352795929573594 -0.729353876278669 1 3145.13 76.82 446.964720978452
0.00181818181818182 1.42939499489246 0.352795929573594 -0.729353876278669 1 3145.13 76.82 446.964720978452
0.00181818181818182 1.44234382867905 0.395612977693977 -0.831452234423803 1 2929.13 73.1 445.891308406052
0.00181818181818182 1.44234382867905 0.395612977693977 -0.831452234423803 1 2929.13 73.1 445.891308406052
0.00181818181818182 1.42939499489246 0.352795929573594 -0.729353876278669 1 3145.13 76.82 446.964720978452
0.00181818181818182 1.4232165661765 0.359884368272689 -0.596243360359597 1 2725.63 63.99 446.019064428697
0.00181818181818182 1.44234382867905 0.395612977693977 -0.831452234423803 1 2929.13 73.1 445.891308406052
0.00181818181818182 1.42939499489246 0.352795929573594 -0.729353876278669 1 3145.13 76.82 446.964720978452
0.00181818181818182 1.42939499489246 0.352795929573594 -0.729353876278669 1 3145.13 76.82 446.964720978452
0.00181818181818182 1.42939499489246 0.352795929573594 -0.729353876278669 1 3145.13 76.82 446.964720978452
0.00181818181818182 1.42939499489246 0.352795929573594 -0.729353876278669 1 3145.13 76.82 446.964720978452
0.00181818181818182 1.44234382867905 0.395612977693977 -0.831452234423803 1 2929.13 73.1 445.891308406052
0.00181818181818182 1.42939499489246 0.352795929573594 -0.729353876278669 1 3145.13 76.82 446.964720978452
0.00181818181818182 1.42939499489246 0.352795929573594 -0.729353876278669 1 3145.13 76.82 446.964720978452
0.00181818181818182 1.4588697204257 0.396293354702212 -0.712496017873812 1 2973.43 70.65 440.569462869563
0.00181818181818182 1.40632836835036 0.365787854029123 -0.693981614196096 1 2514.8 61.88 434.453498085807
0.00181818181818182 1.44234382867905 0.395612977693977 -0.831452234423803 1 2929.13 73.1 445.891308406052
0.00181818181818182 1.40632836835036 0.365787854029123 -0.693981614196096 1 2514.8 61.88 434.453498085807
0.00181818181818182 1.40731746466102 0.395298426224396 -0.993297660425602 0.99 2568.0404040404 68.2222222222222 436.496448742934
0.00181818181818182 1.44234382867905 0.395612977693977 -0.831452234423803 1 2929.13 73.1 445.891308406052
0.00181818181818182 1.44234382867905 0.395612977693977 -0.831452234423803 1 2929.13 73.1 445.891308406052
0.00181818181818182 1.40632836835036 0.365787854029123 -0.693981614196096 1 2514.8 61.88 434.453498085807
0.00181818181818182 1.42939499489246 0.352795929573594 -0.729353876278669 1 3145.13 76.82 446.964720978452
0.00181818181818182 1.4588697204257 0.396293354702212 -0.712496017873812 1 2973.43 70.65 440.569462869563
0.00181818181818182 1.40731746466102 0.395298426224396 -0.993297660425602 0.99 2568.0404040404 68.2222222222222 436.496448742934
0.00181818181818182 1.42939499489246 0.352795929573594 -0.729353876278669 1 3145.13 76.82 446.964720978452
0.00181818181818182 1.42939499489246 0.352795929573594 -0.729353876278669 1 3145.13 76.82 446.964720978452
0.00181818181818182 1.42939499489246 0.352795929573594 -0.729353876278669 1 3145.13 76.82 446.964720978452
0.00181818181818182 1.42939499489246 0.352795929573594 -0.729353876278669 1 3145.13 76.82 446.964720978452
0.00181818181818182 1.4588697204257 0.396293354702212 -0.712496017873812 1 2973.43 70.65 440.569462869563
0.00181818181818182 1.42969249806116 0.381104156711359 -0.831557746220934 1 2986.56 74.79 456.642815057064
0.00181818181818182 1.42939499489246 0.352795929573594 -0.729353876278669 1 3145.13 76.82 446.964720978452
0.00181818181818182 1.4232165661765 0.359884368272689 -0.596243360359597 1 2725.63 63.99 446.019064428697
0.00181818181818182 1.40921510629916 0.336551773790574 -0.396881457793454 1 2792.42 62.81 447.924608198627
0.00181818181818182 1.40632836835036 0.365787854029123 -0.693981614196096 1 2514.8 61.88 434.453498085807
0.00181818181818182 1.44234382867905 0.395612977693977 -0.831452234423803 1 2929.13 73.1 445.891308406052
0.00181818181818182 1.42939499489246 0.352795929573594 -0.729353876278669 1 3145.13 76.82 446.964720978452
0.00181818181818182 1.44234382867905 0.395612977693977 -0.831452234423803 1 2929.13 73.1 445.891308406052
0.00181818181818182 1.42939499489246 0.352795929573594 -0.729353876278669 1 3145.13 76.82 446.964720978452
0.00181818181818182 1.42939499489246 0.352795929573594 -0.729353876278669 1 3145.13 76.82 446.964720978452
0.00181818181818182 1.42939499489246 0.352795929573594 -0.729353876278669 1 3145.13 76.82 446.964720978452
0.00181818181818182 1.42939499489246 0.352795929573594 -0.729353876278669 1 3145.13 76.82 446.964720978452
0.00181818181818182 1.44234382867905 0.395612977693977 -0.831452234423803 1 2929.13 73.1 445.891308406052
0.00181818181818182 1.42939499489246 0.352795929573594 -0.729353876278669 1 3145.13 76.82 446.964720978452
0.00181818181818182 1.4588697204257 0.396293354702212 -0.712496017873812 1 2973.43 70.65 440.569462869563
0.00181818181818182 1.42939499489246 0.352795929573594 -0.729353876278669 1 3145.13 76.82 446.964720978452
0.00181818181818182 1.42939499489246 0.352795929573594 -0.729353876278669 1 3145.13 76.82 446.964720978452
0.00181818181818182 1.40921510629916 0.336551773790574 -0.396881457793454 1 2792.42 62.81 447.924608198627
0.00181818181818182 1.44234382867905 0.395612977693977 -0.831452234423803 1 2929.13 73.1 445.891308406052
0.00181818181818182 1.4259669238913 0.362578102467549 -0.680133667131815 1 3096.32 75.07 441.997247074839
0.00181818181818182 1.42939499489246 0.352795929573594 -0.729353876278669 1 3145.13 76.82 446.964720978452
0.00181818181818182 1.4147781491807 0.334719115850261 -0.667797413724529 0.99 2738.71717171717 67.5858585858586 448.16433002044
0.00181818181818182 1.40731746466102 0.395298426224396 -0.993297660425602 0.99 2568.0404040404 68.2222222222222 436.496448742934
0.00181818181818182 1.40632836835036 0.365787854029123 -0.693981614196096 1 2514.8 61.88 434.453498085807
0.00181818181818182 1.40632836835036 0.365787854029123 -0.693981614196096 1 2514.8 61.88 434.453498085807
0.00181818181818182 1.42939499489246 0.352795929573594 -0.729353876278669 1 3145.13 76.82 446.964720978452
0.00181818181818182 1.42939499489246 0.352795929573594 -0.729353876278669 1 3145.13 76.82 446.964720978452
0.00181818181818182 1.40731746466102 0.395298426224396 -0.993297660425602 0.99 2568.0404040404 68.2222222222222 436.496448742934
0.00181818181818182 1.40632836835036 0.365787854029123 -0.693981614196096 1 2514.8 61.88 434.453498085807
0.00181818181818182 1.42939499489246 0.352795929573594 -0.729353876278669 1 3145.13 76.82 446.964720978452
0.00181818181818182 1.44234382867905 0.395612977693977 -0.831452234423803 1 2929.13 73.1 445.891308406052
0.00181818181818182 1.42939499489246 0.352795929573594 -0.729353876278669 1 3145.13 76.82 446.964720978452
0.00181818181818182 1.42939499489246 0.352795929573594 -0.729353876278669 1 3145.13 76.82 446.964720978452
0.00181818181818182 1.42939499489246 0.352795929573594 -0.729353876278669 1 3145.13 76.82 446.964720978452
0.00181818181818182 1.4588697204257 0.396293354702212 -0.712496017873812 1 2973.43 70.65 440.569462869563
0.00181818181818182 1.42939499489246 0.352795929573594 -0.729353876278669 1 3145.13 76.82 446.964720978452
0.00181818181818182 1.40632836835036 0.365787854029123 -0.693981614196096 1 2514.8 61.88 434.453498085807
0.00181818181818182 1.40921510629916 0.336551773790574 -0.396881457793454 1 2792.42 62.81 447.924608198627
0.00181818181818182 1.44234382867905 0.395612977693977 -0.831452234423803 1 2929.13 73.1 445.891308406052
0.00181818181818182 1.42939499489246 0.352795929573594 -0.729353876278669 1 3145.13 76.82 446.964720978452
0.00181818181818182 1.44234382867905 0.395612977693977 -0.831452234423803 1 2929.13 73.1 445.891308406052
0.00181818181818182 1.42939499489246 0.352795929573594 -0.729353876278669 1 3145.13 76.82 446.964720978452
0.00181818181818182 1.39881282600301 0.327775583317496 -0.686042566435804 1 2857.34 73.93 445.956505027288
0.00181818181818182 1.4232165661765 0.359884368272689 -0.596243360359597 1 2725.63 63.99 446.019064428697
0.00181818181818182 1.42939499489246 0.352795929573594 -0.729353876278669 1 3145.13 76.82 446.964720978452
0.00181818181818182 1.42939499489246 0.352795929573594 -0.729353876278669 1 3145.13 76.82 446.964720978452
0.00181818181818182 1.40921510629916 0.336551773790574 -0.396881457793454 1 2792.42 62.81 447.924608198627
0.00181818181818182 1.42939499489246 0.352795929573594 -0.729353876278669 1 3145.13 76.82 446.964720978452
0.00181818181818182 1.41685443006423 0.358552292040635 -0.684713961370806 1 2733.52 66.84 451.057108604079
0.00181818181818182 1.40921510629916 0.336551773790574 -0.396881457793454 1 2792.42 62.81 447.924608198627
0.00181818181818182 1.42939499489246 0.352795929573594 -0.729353876278669 1 3145.13 76.82 446.964720978452
0.00181818181818182 1.42939499489246 0.352795929573594 -0.729353876278669 1 3145.13 76.82 446.964720978452
0.00181818181818182 1.40632836835036 0.365787854029123 -0.693981614196096 1 2514.8 61.88 434.453498085807
0.00181818181818182 1.40921510629916 0.336551773790574 -0.396881457793454 1 2792.42 62.81 447.924608198627
0.00181818181818182 1.42939499489246 0.352795929573594 -0.729353876278669 1 3145.13 76.82 446.964720978452
0.00181818181818182 1.39531338209949 0.338590985069227 -0.935472014915285 0.99 2836.91919191919 73.4141414141414 454.413693963498
0.00181818181818182 1.4588697204257 0.396293354702212 -0.712496017873812 1 2973.43 70.65 440.569462869563
0.00181818181818182 1.42939499489246 0.352795929573594 -0.729353876278669 1 3145.13 76.82 446.964720978452
0.00181818181818182 1.42939499489246 0.352795929573594 -0.729353876278669 1 3145.13 76.82 446.964720978452
0.00181818181818182 1.42939499489246 0.352795929573594 -0.729353876278669 1 3145.13 76.82 446.964720978452
0.00181818181818182 1.4147781491807 0.334719115850261 -0.667797413724529 0.99 2738.71717171717 67.5858585858586 448.16433002044
0.00181818181818182 1.42939499489246 0.352795929573594 -0.729353876278669 1 3145.13 76.82 446.964720978452
0.00181818181818182 1.42939499489246 0.352795929573594 -0.729353876278669 1 3145.13 76.82 446.964720978452
0.00181818181818182 1.42939499489246 0.352795929573594 -0.729353876278669 1 3145.13 76.82 446.964720978452
0.00181818181818182 1.40921510629916 0.336551773790574 -0.396881457793454 1 2792.42 62.81 447.924608198627
0.00181818181818182 1.42939499489246 0.352795929573594 -0.729353876278669 1 3145.13 76.82 446.964720978452
0.00181818181818182 1.42939499489246 0.352795929573594 -0.729353876278669 1 3145.13 76.82 446.964720978452
0.00181818181818182 1.42939499489246 0.352795929573594 -0.729353876278669 1 3145.13 76.82 446.964720978452
0.00181818181818182 1.42560417681295 0.357214140560604 -0.62595008222493 1 2955.43 72.49 444.576822323287
0.00181818181818182 1.4588697204257 0.396293354702212 -0.712496017873812 1 2973.43 70.65 440.569462869563
0.00181818181818182 1.40632836835036 0.365787854029123 -0.693981614196096 1 2514.8 61.88 434.453498085807
0.00181818181818182 1.4588697204257 0.396293354702212 -0.712496017873812 1 2973.43 70.65 440.569462869563
0.00181818181818182 1.42534455761388 0.373751827225816 -0.786657607107852 1 2676.79 66.87 462.168467620164
0.00181818181818182 1.44234382867905 0.395612977693977 -0.831452234423803 1 2929.13 73.1 445.891308406052
0.00181818181818182 1.4588697204257 0.396293354702212 -0.712496017873812 1 2973.43 70.65 440.569462869563
0.00181818181818182 1.42939499489246 0.352795929573594 -0.729353876278669 1 3145.13 76.82 446.964720978452
0.00181818181818182 1.40632836835036 0.365787854029123 -0.693981614196096 1 2514.8 61.88 434.453498085807
0.00181818181818182 1.44234382867905 0.395612977693977 -0.831452234423803 1 2929.13 73.1 445.891308406052
0.00181818181818182 1.39881282600301 0.327775583317496 -0.686042566435804 1 2857.34 73.93 445.956505027288
0.00181818181818182 1.42361587148227 0.359094102520459 -0.895291754284857 0.99 2870.90909090909 75.5555555555556 454.02218581588
0.00181818181818182 1.42939499489246 0.352795929573594 -0.729353876278669 1 3145.13 76.82 446.964720978452
0.00181818181818182 1.40632836835036 0.365787854029123 -0.693981614196096 1 2514.8 61.88 434.453498085807
0.00181818181818182 1.42939499489246 0.352795929573594 -0.729353876278669 1 3145.13 76.82 446.964720978452
0.00181818181818182 1.4232165661765 0.359884368272689 -0.596243360359597 1 2725.63 63.99 446.019064428697
0.00181818181818182 1.39881282600301 0.327775583317496 -0.686042566435804 1 2857.34 73.93 445.956505027288
0.00181818181818182 1.42939499489246 0.352795929573594 -0.729353876278669 1 3145.13 76.82 446.964720978452
0.00181818181818182 1.43367219897948 0.389981668146971 -0.951650204161377 0.99 2776.36363636364 73.5050505050505 460.771267734383
0.00181818181818182 1.42939499489246 0.352795929573594 -0.729353876278669 1 3145.13 76.82 446.964720978452
0.00181818181818182 1.40921510629916 0.336551773790574 -0.396881457793454 1 2792.42 62.81 447.924608198627
0.00181818181818182 1.43820120055137 0.375798556498665 -0.742661761508671 0.99 2788.82828282828 68.5858585858586 446.981557521342
0.00181818181818182 1.4259669238913 0.362578102467549 -0.680133667131815 1 3096.32 75.07 441.997247074839
0.00181818181818182 1.42939499489246 0.352795929573594 -0.729353876278669 1 3145.13 76.82 446.964720978452
0.00181818181818182 1.40731746466102 0.395298426224396 -0.993297660425602 0.99 2568.0404040404 68.2222222222222 436.496448742934
0.00181818181818182 1.44234382867905 0.395612977693977 -0.831452234423803 1 2929.13 73.1 445.891308406052
0.00181818181818182 1.42939499489246 0.352795929573594 -0.729353876278669 1 3145.13 76.82 446.964720978452
0.00181818181818182 1.42597717847171 0.397498162512375 -0.946200393774982 0.99 2487.10101010101 64.5151515151515 447.001557618947
0.00181818181818182 1.42361587148227 0.359094102520459 -0.895291754284857 0.99 2870.90909090909 75.5555555555556 454.02218581588
0.00181818181818182 1.40731746466102 0.395298426224396 -0.993297660425602 0.99 2568.0404040404 68.2222222222222 436.496448742934
0.00181818181818182 1.42939499489246 0.352795929573594 -0.729353876278669 1 3145.13 76.82 446.964720978452
0.00181818181818182 1.42939499489246 0.352795929573594 -0.729353876278669 1 3145.13 76.82 446.964720978452
0.00181818181818182 1.39881282600301 0.327775583317496 -0.686042566435804 1 2857.34 73.93 445.956505027288
0.00181818181818182 1.42939499489246 0.352795929573594 -0.729353876278669 1 3145.13 76.82 446.964720978452
0.00181818181818182 1.4259669238913 0.362578102467549 -0.680133667131815 1 3096.32 75.07 441.997247074839
0.00181818181818182 1.42560417681295 0.357214140560604 -0.62595008222493 1 2955.43 72.49 444.576822323287
0.00181818181818182 1.4588697204257 0.396293354702212 -0.712496017873812 1 2973.43 70.65 440.569462869563
0.00181818181818182 1.41685443006423 0.358552292040635 -0.684713961370806 1 2733.52 66.84 451.057108604079
0.00181818181818182 1.44234382867905 0.395612977693977 -0.831452234423803 1 2929.13 73.1 445.891308406052
0.00181818181818182 1.42939499489246 0.352795929573594 -0.729353876278669 1 3145.13 76.82 446.964720978452
0.00181818181818182 1.44234382867905 0.395612977693977 -0.831452234423803 1 2929.13 73.1 445.891308406052
0.00181818181818182 1.42939499489246 0.352795929573594 -0.729353876278669 1 3145.13 76.82 446.964720978452
0.00181818181818182 1.44234382867905 0.395612977693977 -0.831452234423803 1 2929.13 73.1 445.891308406052
0.00181818181818182 1.39340101988266 0.328984045456308 -0.736533109730325 1 2630.29 66.68 428.478762759867
0.00181818181818182 1.42939499489246 0.352795929573594 -0.729353876278669 1 3145.13 76.82 446.964720978452
0.00181818181818182 1.42939499489246 0.352795929573594 -0.729353876278669 1 3145.13 76.82 446.964720978452
0.00181818181818182 1.42939499489246 0.352795929573594 -0.729353876278669 1 3145.13 76.82 446.964720978452
0.00181818181818182 1.42939499489246 0.352795929573594 -0.729353876278669 1 3145.13 76.82 446.964720978452
0.00181818181818182 1.39920119638402 0.334527394670635 -0.769149104485877 1 2958.57 74.02 433.360137295094
0.00181818181818182 1.40632836835036 0.365787854029123 -0.693981614196096 1 2514.8 61.88 434.453498085807
0.00181818181818182 1.44234382867905 0.395612977693977 -0.831452234423803 1 2929.13 73.1 445.891308406052
0.00181818181818182 1.4588697204257 0.396293354702212 -0.712496017873812 1 2973.43 70.65 440.569462869563
0.00181818181818182 1.42939499489246 0.352795929573594 -0.729353876278669 1 3145.13 76.82 446.964720978452
0.00181818181818182 1.4232165661765 0.359884368272689 -0.596243360359597 1 2725.63 63.99 446.019064428697
0.00181818181818182 1.42939499489246 0.352795929573594 -0.729353876278669 1 3145.13 76.82 446.964720978452
0.00181818181818182 1.42939499489246 0.352795929573594 -0.729353876278669 1 3145.13 76.82 446.964720978452
0.00181818181818182 1.4259669238913 0.362578102467549 -0.680133667131815 1 3096.32 75.07 441.997247074839
0.00181818181818182 1.42597717847171 0.397498162512375 -0.946200393774982 0.99 2487.10101010101 64.5151515151515 447.001557618947
0.00181818181818182 1.39199706920253 0.348933837215962 -0.760309524268985 1 2572.23 66.37 447.303874245216
0.00181818181818182 1.42969249806116 0.381104156711359 -0.831557746220934 1 2986.56 74.79 456.642815057064
0.00181818181818182 1.4232165661765 0.359884368272689 -0.596243360359597 1 2725.63 63.99 446.019064428697
0.00181818181818182 1.42939499489246 0.352795929573594 -0.729353876278669 1 3145.13 76.82 446.964720978452
0.00181818181818182 1.4232165661765 0.359884368272689 -0.596243360359597 1 2725.63 63.99 446.019064428697
0.00181818181818182 1.42939499489246 0.352795929573594 -0.729353876278669 1 3145.13 76.82 446.964720978452
0.00181818181818182 1.42939499489246 0.352795929573594 -0.729353876278669 1 3145.13 76.82 446.964720978452
0.00181818181818182 1.39340101988266 0.328984045456308 -0.736533109730325 1 2630.29 66.68 428.478762759867
0.00181818181818182 1.44234382867905 0.395612977693977 -0.831452234423803 1 2929.13 73.1 445.891308406052
0.00181818181818182 1.42939499489246 0.352795929573594 -0.729353876278669 1 3145.13 76.82 446.964720978452
0.00181818181818182 1.4232165661765 0.359884368272689 -0.596243360359597 1 2725.63 63.99 446.019064428697
0.00181818181818182 1.40921510629916 0.336551773790574 -0.396881457793454 1 2792.42 62.81 447.924608198627
0.00181818181818182 1.42939499489246 0.352795929573594 -0.729353876278669 1 3145.13 76.82 446.964720978452
0.00181818181818182 1.42597717847171 0.397498162512375 -0.946200393774982 0.99 2487.10101010101 64.5151515151515 447.001557618947
0.00181818181818182 1.40921510629916 0.336551773790574 -0.396881457793454 1 2792.42 62.81 447.924608198627
0.00181818181818182 1.40632836835036 0.365787854029123 -0.693981614196096 1 2514.8 61.88 434.453498085807
0.00181818181818182 1.40632836835036 0.365787854029123 -0.693981614196096 1 2514.8 61.88 434.453498085807
0.00181818181818182 1.44234382867905 0.395612977693977 -0.831452234423803 1 2929.13 73.1 445.891308406052
0.00181818181818182 1.4259669238913 0.362578102467549 -0.680133667131815 1 3096.32 75.07 441.997247074839
0.00181818181818182 1.39881282600301 0.327775583317496 -0.686042566435804 1 2857.34 73.93 445.956505027288
0.00181818181818182 1.42939499489246 0.352795929573594 -0.729353876278669 1 3145.13 76.82 446.964720978452
0.00181818181818182 1.42939499489246 0.352795929573594 -0.729353876278669 1 3145.13 76.82 446.964720978452
0.00181818181818182 1.42939499489246 0.352795929573594 -0.729353876278669 1 3145.13 76.82 446.964720978452
0.00181818181818182 1.40731746466102 0.395298426224396 -0.993297660425602 0.99 2568.0404040404 68.2222222222222 436.496448742934
0.00181818181818182 1.42939499489246 0.352795929573594 -0.729353876278669 1 3145.13 76.82 446.964720978452
0.00181818181818182 1.42939499489246 0.352795929573594 -0.729353876278669 1 3145.13 76.82 446.964720978452
0.00181818181818182 1.42939499489246 0.352795929573594 -0.729353876278669 1 3145.13 76.82 446.964720978452
0.00181818181818182 1.42939499489246 0.352795929573594 -0.729353876278669 1 3145.13 76.82 446.964720978452
0.00181818181818182 1.42939499489246 0.352795929573594 -0.729353876278669 1 3145.13 76.82 446.964720978452
0.00181818181818182 1.42939499489246 0.352795929573594 -0.729353876278669 1 3145.13 76.82 446.964720978452
0.00181818181818182 1.42939499489246 0.352795929573594 -0.729353876278669 1 3145.13 76.82 446.964720978452
0.00181818181818182 1.42939499489246 0.352795929573594 -0.729353876278669 1 3145.13 76.82 446.964720978452
0.00181818181818182 1.44234382867905 0.395612977693977 -0.831452234423803 1 2929.13 73.1 445.891308406052
0.00181818181818182 1.42939499489246 0.352795929573594 -0.729353876278669 1 3145.13 76.82 446.964720978452
0.00181818181818182 1.42939499489246 0.352795929573594 -0.729353876278669 1 3145.13 76.82 446.964720978452
0.00181818181818182 1.42939499489246 0.352795929573594 -0.729353876278669 1 3145.13 76.82 446.964720978452
0.00181818181818182 1.42939499489246 0.352795929573594 -0.729353876278669 1 3145.13 76.82 446.964720978452
0.00181818181818182 1.40632836835036 0.365787854029123 -0.693981614196096 1 2514.8 61.88 434.453498085807
0.00181818181818182 1.42939499489246 0.352795929573594 -0.729353876278669 1 3145.13 76.82 446.964720978452
0.00181818181818182 1.40921510629916 0.336551773790574 -0.396881457793454 1 2792.42 62.81 447.924608198627
0.00181818181818182 1.41329426349431 0.337928804352092 -0.595072644918478 1 2914.67 71.42 433.408610894534
0.00181818181818182 1.40632836835036 0.365787854029123 -0.693981614196096 1 2514.8 61.88 434.453498085807
0.00181818181818182 1.42939499489246 0.352795929573594 -0.729353876278669 1 3145.13 76.82 446.964720978452
0.00181818181818182 1.42939499489246 0.352795929573594 -0.729353876278669 1 3145.13 76.82 446.964720978452
0.00181818181818182 1.42597717847171 0.397498162512375 -0.946200393774982 0.99 2487.10101010101 64.5151515151515 447.001557618947
0.00181818181818182 1.4259669238913 0.362578102467549 -0.680133667131815 1 3096.32 75.07 441.997247074839
0.00181818181818182 1.41329426349431 0.337928804352092 -0.595072644918478 1 2914.67 71.42 433.408610894534
0.00181818181818182 1.4147781491807 0.334719115850261 -0.667797413724529 0.99 2738.71717171717 67.5858585858586 448.16433002044
0.00181818181818182 1.4232165661765 0.359884368272689 -0.596243360359597 1 2725.63 63.99 446.019064428697
0.00181818181818182 1.4588697204257 0.396293354702212 -0.712496017873812 1 2973.43 70.65 440.569462869563
0.00181818181818182 1.42939499489246 0.352795929573594 -0.729353876278669 1 3145.13 76.82 446.964720978452
0.00181818181818182 1.4588697204257 0.396293354702212 -0.712496017873812 1 2973.43 70.65 440.569462869563
0.00181818181818182 1.44234382867905 0.395612977693977 -0.831452234423803 1 2929.13 73.1 445.891308406052
0.00181818181818182 1.42939499489246 0.352795929573594 -0.729353876278669 1 3145.13 76.82 446.964720978452
0.00181818181818182 1.40731746466102 0.395298426224396 -0.993297660425602 0.99 2568.0404040404 68.2222222222222 436.496448742934
0.00181818181818182 1.42939499489246 0.352795929573594 -0.729353876278669 1 3145.13 76.82 446.964720978452
0.00181818181818182 1.42939499489246 0.352795929573594 -0.729353876278669 1 3145.13 76.82 446.964720978452
0.00181818181818182 1.40632836835036 0.365787854029123 -0.693981614196096 1 2514.8 61.88 434.453498085807
0.00181818181818182 1.42939499489246 0.352795929573594 -0.729353876278669 1 3145.13 76.82 446.964720978452
0.00181818181818182 1.44234382867905 0.395612977693977 -0.831452234423803 1 2929.13 73.1 445.891308406052
0.00181818181818182 1.4259669238913 0.362578102467549 -0.680133667131815 1 3096.32 75.07 441.997247074839
0.00181818181818182 1.42939499489246 0.352795929573594 -0.729353876278669 1 3145.13 76.82 446.964720978452
0.00181818181818182 1.44234382867905 0.395612977693977 -0.831452234423803 1 2929.13 73.1 445.891308406052
0.00181818181818182 1.44234382867905 0.395612977693977 -0.831452234423803 1 2929.13 73.1 445.891308406052
0.00181818181818182 1.42939499489246 0.352795929573594 -0.729353876278669 1 3145.13 76.82 446.964720978452
0.00181818181818182 1.40632836835036 0.365787854029123 -0.693981614196096 1 2514.8 61.88 434.453498085807
0.00181818181818182 1.42939499489246 0.352795929573594 -0.729353876278669 1 3145.13 76.82 446.964720978452
0.00181818181818182 1.42939499489246 0.352795929573594 -0.729353876278669 1 3145.13 76.82 446.964720978452
0.00181818181818182 1.44234382867905 0.395612977693977 -0.831452234423803 1 2929.13 73.1 445.891308406052
0.00181818181818182 1.39340101988266 0.328984045456308 -0.736533109730325 1 2630.29 66.68 428.478762759867
0.00181818181818182 1.42939499489246 0.352795929573594 -0.729353876278669 1 3145.13 76.82 446.964720978452
0.00181818181818182 1.42597717847171 0.397498162512375 -0.946200393774982 0.99 2487.10101010101 64.5151515151515 447.001557618947
0.00181818181818182 1.43649778827342 0.382993236178654 -0.791131418068481 1 2887.29 71.2 450.685552836543
0.00181818181818182 1.4588697204257 0.396293354702212 -0.712496017873812 1 2973.43 70.65 440.569462869563
0.00181818181818182 1.40632836835036 0.365787854029123 -0.693981614196096 1 2514.8 61.88 434.453498085807
0.00181818181818182 1.44234382867905 0.395612977693977 -0.831452234423803 1 2929.13 73.1 445.891308406052
0.00181818181818182 1.4588697204257 0.396293354702212 -0.712496017873812 1 2973.43 70.65 440.569462869563
0.00181818181818182 1.44234382867905 0.395612977693977 -0.831452234423803 1 2929.13 73.1 445.891308406052
0.00181818181818182 1.42939499489246 0.352795929573594 -0.729353876278669 1 3145.13 76.82 446.964720978452
0.00181818181818182 1.4232165661765 0.359884368272689 -0.596243360359597 1 2725.63 63.99 446.019064428697
0.00181818181818182 1.4259669238913 0.362578102467549 -0.680133667131815 1 3096.32 75.07 441.997247074839
0.00181818181818182 1.41148284786051 0.373043619231365 -0.977970525957307 1 2669.18 70.72 443.418478044153
0.00181818181818182 1.40632836835036 0.365787854029123 -0.693981614196096 1 2514.8 61.88 434.453498085807
0.00181818181818182 1.4259669238913 0.362578102467549 -0.680133667131815 1 3096.32 75.07 441.997247074839
0.00181818181818182 1.42939499489246 0.352795929573594 -0.729353876278669 1 3145.13 76.82 446.964720978452
0.00181818181818182 1.39881282600301 0.327775583317496 -0.686042566435804 1 2857.34 73.93 445.956505027288
0.00181818181818182 1.40632836835036 0.365787854029123 -0.693981614196096 1 2514.8 61.88 434.453498085807
0.00181818181818182 1.40921510629916 0.336551773790574 -0.396881457793454 1 2792.42 62.81 447.924608198627
0.00181818181818182 1.40632836835036 0.365787854029123 -0.693981614196096 1 2514.8 61.88 434.453498085807
0.00181818181818182 1.42939499489246 0.352795929573594 -0.729353876278669 1 3145.13 76.82 446.964720978452
0.00181818181818182 1.40632836835036 0.365787854029123 -0.693981614196096 1 2514.8 61.88 434.453498085807
0.00181818181818182 1.42939499489246 0.352795929573594 -0.729353876278669 1 3145.13 76.82 446.964720978452
0.00181818181818182 1.44234382867905 0.395612977693977 -0.831452234423803 1 2929.13 73.1 445.891308406052
0.00181818181818182 1.40921510629916 0.336551773790574 -0.396881457793454 1 2792.42 62.81 447.924608198627
0.00181818181818182 1.4232165661765 0.359884368272689 -0.596243360359597 1 2725.63 63.99 446.019064428697
0.00181818181818182 1.42939499489246 0.352795929573594 -0.729353876278669 1 3145.13 76.82 446.964720978452
0.00181818181818182 1.44234382867905 0.395612977693977 -0.831452234423803 1 2929.13 73.1 445.891308406052
0.00181818181818182 1.42939499489246 0.352795929573594 -0.729353876278669 1 3145.13 76.82 446.964720978452
0.00181818181818182 1.4588697204257 0.396293354702212 -0.712496017873812 1 2973.43 70.65 440.569462869563
0.00181818181818182 1.42939499489246 0.352795929573594 -0.729353876278669 1 3145.13 76.82 446.964720978452
0.00181818181818182 1.40632836835036 0.365787854029123 -0.693981614196096 1 2514.8 61.88 434.453498085807
0.00181818181818182 1.40921510629916 0.336551773790574 -0.396881457793454 1 2792.42 62.81 447.924608198627
0.00181818181818182 1.42939499489246 0.352795929573594 -0.729353876278669 1 3145.13 76.82 446.964720978452
0.00181818181818182 1.42939499489246 0.352795929573594 -0.729353876278669 1 3145.13 76.82 446.964720978452
0.00181818181818182 1.42939499489246 0.352795929573594 -0.729353876278669 1 3145.13 76.82 446.964720978452
0.00181818181818182 1.39340101988266 0.328984045456308 -0.736533109730325 1 2630.29 66.68 428.478762759867
0.00181818181818182 1.42939499489246 0.352795929573594 -0.729353876278669 1 3145.13 76.82 446.964720978452
0.00181818181818182 1.44234382867905 0.395612977693977 -0.831452234423803 1 2929.13 73.1 445.891308406052
0.00181818181818182 1.39340101988266 0.328984045456308 -0.736533109730325 1 2630.29 66.68 428.478762759867
0.00181818181818182 1.42939499489246 0.352795929573594 -0.729353876278669 1 3145.13 76.82 446.964720978452
0.00181818181818182 1.42939499489246 0.352795929573594 -0.729353876278669 1 3145.13 76.82 446.964720978452
0.00181818181818182 1.44234382867905 0.395612977693977 -0.831452234423803 1 2929.13 73.1 445.891308406052
0.00181818181818182 1.40632836835036 0.365787854029123 -0.693981614196096 1 2514.8 61.88 434.453498085807
0.00181818181818182 1.42939499489246 0.352795929573594 -0.729353876278669 1 3145.13 76.82 446.964720978452
0.00181818181818182 1.4259669238913 0.362578102467549 -0.680133667131815 1 3096.32 75.07 441.997247074839
0.00181818181818182 1.40632836835036 0.365787854029123 -0.693981614196096 1 2514.8 61.88 434.453498085807
0.00181818181818182 1.44234382867905 0.395612977693977 -0.831452234423803 1 2929.13 73.1 445.891308406052
0.00181818181818182 1.42939499489246 0.352795929573594 -0.729353876278669 1 3145.13 76.82 446.964720978452
0.00181818181818182 1.40632836835036 0.365787854029123 -0.693981614196096 1 2514.8 61.88 434.453498085807
0.00181818181818182 1.42939499489246 0.352795929573594 -0.729353876278669 1 3145.13 76.82 446.964720978452
0.00181818181818182 1.42560417681295 0.357214140560604 -0.62595008222493 1 2955.43 72.49 444.576822323287
0.00181818181818182 1.42939499489246 0.352795929573594 -0.729353876278669 1 3145.13 76.82 446.964720978452
0.00181818181818182 1.44234382867905 0.395612977693977 -0.831452234423803 1 2929.13 73.1 445.891308406052
0.00181818181818182 1.40632836835036 0.365787854029123 -0.693981614196096 1 2514.8 61.88 434.453498085807
0.00181818181818182 1.42939499489246 0.352795929573594 -0.729353876278669 1 3145.13 76.82 446.964720978452
0.00181818181818182 1.42939499489246 0.352795929573594 -0.729353876278669 1 3145.13 76.82 446.964720978452
0.00181818181818182 1.40632836835036 0.365787854029123 -0.693981614196096 1 2514.8 61.88 434.453498085807
0.00181818181818182 1.42939499489246 0.352795929573594 -0.729353876278669 1 3145.13 76.82 446.964720978452
0.00181818181818182 1.39340101988266 0.328984045456308 -0.736533109730325 1 2630.29 66.68 428.478762759867
0.00181818181818182 1.44234382867905 0.395612977693977 -0.831452234423803 1 2929.13 73.1 445.891308406052
0.00181818181818182 1.42939499489246 0.352795929573594 -0.729353876278669 1 3145.13 76.82 446.964720978452
0.00181818181818182 1.4588697204257 0.396293354702212 -0.712496017873812 1 2973.43 70.65 440.569462869563
0.00181818181818182 1.40632836835036 0.365787854029123 -0.693981614196096 1 2514.8 61.88 434.453498085807
0.00181818181818182 1.42939499489246 0.352795929573594 -0.729353876278669 1 3145.13 76.82 446.964720978452
0.00181818181818182 1.40921510629916 0.336551773790574 -0.396881457793454 1 2792.42 62.81 447.924608198627
0.00181818181818182 1.4259669238913 0.362578102467549 -0.680133667131815 1 3096.32 75.07 441.997247074839
0.00181818181818182 1.42939499489246 0.352795929573594 -0.729353876278669 1 3145.13 76.82 446.964720978452
0.00181818181818182 1.42939499489246 0.352795929573594 -0.729353876278669 1 3145.13 76.82 446.964720978452
0.00181818181818182 1.42597717847171 0.397498162512375 -0.946200393774982 0.99 2487.10101010101 64.5151515151515 447.001557618947
0.00181818181818182 1.40632836835036 0.365787854029123 -0.693981614196096 1 2514.8 61.88 434.453498085807
0.00181818181818182 1.40731746466102 0.395298426224396 -0.993297660425602 0.99 2568.0404040404 68.2222222222222 436.496448742934
0.00181818181818182 1.44234382867905 0.395612977693977 -0.831452234423803 1 2929.13 73.1 445.891308406052
0.00181818181818182 1.42939499489246 0.352795929573594 -0.729353876278669 1 3145.13 76.82 446.964720978452
0.00181818181818182 1.4147781491807 0.334719115850261 -0.667797413724529 0.99 2738.71717171717 67.5858585858586 448.16433002044
0.00181818181818182 1.40632836835036 0.365787854029123 -0.693981614196096 1 2514.8 61.88 434.453498085807
0.00181818181818182 1.4232165661765 0.359884368272689 -0.596243360359597 1 2725.63 63.99 446.019064428697
0.00181818181818182 1.44234382867905 0.395612977693977 -0.831452234423803 1 2929.13 73.1 445.891308406052
0.00181818181818182 1.40632836835036 0.365787854029123 -0.693981614196096 1 2514.8 61.88 434.453498085807
0.00181818181818182 1.4588697204257 0.396293354702212 -0.712496017873812 1 2973.43 70.65 440.569462869563
0.00181818181818182 1.4232165661765 0.359884368272689 -0.596243360359597 1 2725.63 63.99 446.019064428697
0.00181818181818182 1.44234382867905 0.395612977693977 -0.831452234423803 1 2929.13 73.1 445.891308406052
0.00181818181818182 1.42939499489246 0.352795929573594 -0.729353876278669 1 3145.13 76.82 446.964720978452
0.00181818181818182 1.40921510629916 0.336551773790574 -0.396881457793454 1 2792.42 62.81 447.924608198627
0.00181818181818182 1.42939499489246 0.352795929573594 -0.729353876278669 1 3145.13 76.82 446.964720978452
0.00181818181818182 1.40731746466102 0.395298426224396 -0.993297660425602 0.99 2568.0404040404 68.2222222222222 436.496448742934
0.00181818181818182 1.40632836835036 0.365787854029123 -0.693981614196096 1 2514.8 61.88 434.453498085807
0.00181818181818182 1.44234382867905 0.395612977693977 -0.831452234423803 1 2929.13 73.1 445.891308406052
0.00181818181818182 1.44234382867905 0.395612977693977 -0.831452234423803 1 2929.13 73.1 445.891308406052
0.00181818181818182 1.4232165661765 0.359884368272689 -0.596243360359597 1 2725.63 63.99 446.019064428697
0.00181818181818182 1.42939499489246 0.352795929573594 -0.729353876278669 1 3145.13 76.82 446.964720978452
0.00181818181818182 1.4588697204257 0.396293354702212 -0.712496017873812 1 2973.43 70.65 440.569462869563
0.00181818181818182 1.42939499489246 0.352795929573594 -0.729353876278669 1 3145.13 76.82 446.964720978452
0.00181818181818182 1.44234382867905 0.395612977693977 -0.831452234423803 1 2929.13 73.1 445.891308406052
0.00181818181818182 1.4147781491807 0.334719115850261 -0.667797413724529 0.99 2738.71717171717 67.5858585858586 448.16433002044
0.00181818181818182 1.42939499489246 0.352795929573594 -0.729353876278669 1 3145.13 76.82 446.964720978452
0.00181818181818182 1.42939499489246 0.352795929573594 -0.729353876278669 1 3145.13 76.82 446.964720978452
0.00181818181818182 1.42939499489246 0.352795929573594 -0.729353876278669 1 3145.13 76.82 446.964720978452
0.00181818181818182 1.39950405009735 0.345925996078197 -0.732480900636005 0.99 2485.52525252525 63.8383838383838 452.207193332715
0.00181818181818182 1.42939499489246 0.352795929573594 -0.729353876278669 1 3145.13 76.82 446.964720978452
0.00181818181818182 1.4588697204257 0.396293354702212 -0.712496017873812 1 2973.43 70.65 440.569462869563
0.00181818181818182 1.44234382867905 0.395612977693977 -0.831452234423803 1 2929.13 73.1 445.891308406052
0.00181818181818182 1.40731746466102 0.395298426224396 -0.993297660425602 0.99 2568.0404040404 68.2222222222222 436.496448742934
0.00181818181818182 1.4588697204257 0.396293354702212 -0.712496017873812 1 2973.43 70.65 440.569462869563
0.00181818181818182 1.42939499489246 0.352795929573594 -0.729353876278669 1 3145.13 76.82 446.964720978452
0.00181818181818182 1.40632836835036 0.365787854029123 -0.693981614196096 1 2514.8 61.88 434.453498085807
0.00181818181818182 1.4588697204257 0.396293354702212 -0.712496017873812 1 2973.43 70.65 440.569462869563
0.00181818181818182 1.42939499489246 0.352795929573594 -0.729353876278669 1 3145.13 76.82 446.964720978452
0.00181818181818182 1.4232165661765 0.359884368272689 -0.596243360359597 1 2725.63 63.99 446.019064428697
0.00181818181818182 1.4588697204257 0.396293354702212 -0.712496017873812 1 2973.43 70.65 440.569462869563
0.00181818181818182 1.42939499489246 0.352795929573594 -0.729353876278669 1 3145.13 76.82 446.964720978452
0.00181818181818182 1.4147781491807 0.334719115850261 -0.667797413724529 0.99 2738.71717171717 67.5858585858586 448.16433002044
0.00181818181818182 1.42939499489246 0.352795929573594 -0.729353876278669 1 3145.13 76.82 446.964720978452
0.00181818181818182 1.42939499489246 0.352795929573594 -0.729353876278669 1 3145.13 76.82 446.964720978452
0.00181818181818182 1.40632836835036 0.365787854029123 -0.693981614196096 1 2514.8 61.88 434.453498085807
0.00181818181818182 1.4259669238913 0.362578102467549 -0.680133667131815 1 3096.32 75.07 441.997247074839
0.00181818181818182 1.42939499489246 0.352795929573594 -0.729353876278669 1 3145.13 76.82 446.964720978452
0.00181818181818182 1.40632836835036 0.365787854029123 -0.693981614196096 1 2514.8 61.88 434.453498085807
0.00181818181818182 1.4147781491807 0.334719115850261 -0.667797413724529 0.99 2738.71717171717 67.5858585858586 448.16433002044
0.00181818181818182 1.42939499489246 0.352795929573594 -0.729353876278669 1 3145.13 76.82 446.964720978452
0.00181818181818182 1.42939499489246 0.352795929573594 -0.729353876278669 1 3145.13 76.82 446.964720978452
0.00181818181818182 1.4232165661765 0.359884368272689 -0.596243360359597 1 2725.63 63.99 446.019064428697
0.00181818181818182 1.44234382867905 0.395612977693977 -0.831452234423803 1 2929.13 73.1 445.891308406052
0.00181818181818182 1.40632836835036 0.365787854029123 -0.693981614196096 1 2514.8 61.88 434.453498085807
0.00181818181818182 1.42939499489246 0.352795929573594 -0.729353876278669 1 3145.13 76.82 446.964720978452
0.00181818181818182 1.40921510629916 0.336551773790574 -0.396881457793454 1 2792.42 62.81 447.924608198627
0.00181818181818182 1.4147781491807 0.334719115850261 -0.667797413724529 0.99 2738.71717171717 67.5858585858586 448.16433002044
0.00181818181818182 1.42939499489246 0.352795929573594 -0.729353876278669 1 3145.13 76.82 446.964720978452
0.00181818181818182 1.4588697204257 0.396293354702212 -0.712496017873812 1 2973.43 70.65 440.569462869563
0.00181818181818182 1.44234382867905 0.395612977693977 -0.831452234423803 1 2929.13 73.1 445.891308406052
0.00181818181818182 1.42597717847171 0.397498162512375 -0.946200393774982 0.99 2487.10101010101 64.5151515151515 447.001557618947
0.00181818181818182 1.42560417681295 0.357214140560604 -0.62595008222493 1 2955.43 72.49 444.576822323287
0.00181818181818182 1.44234382867905 0.395612977693977 -0.831452234423803 1 2929.13 73.1 445.891308406052
0.00181818181818182 1.4147781491807 0.334719115850261 -0.667797413724529 0.99 2738.71717171717 67.5858585858586 448.16433002044
0.00181818181818182 1.42939499489246 0.352795929573594 -0.729353876278669 1 3145.13 76.82 446.964720978452
0.00181818181818182 1.40632836835036 0.365787854029123 -0.693981614196096 1 2514.8 61.88 434.453498085807
0.00181818181818182 1.4232165661765 0.359884368272689 -0.596243360359597 1 2725.63 63.99 446.019064428697
0.00181818181818182 1.39481878323144 0.363492546938669 -0.925850259240205 1 2472.37 65.74 462.815968933531
0.00181818181818182 1.43294862692837 0.386841119602697 -0.871049965292048 1 2838.65 72.96 450.124449992973
0.00181818181818182 1.44234382867905 0.395612977693977 -0.831452234423803 1 2929.13 73.1 445.891308406052
0.00181818181818182 1.4232165661765 0.359884368272689 -0.596243360359597 1 2725.63 63.99 446.019064428697
0.00181818181818182 1.42939499489246 0.352795929573594 -0.729353876278669 1 3145.13 76.82 446.964720978452
0.00181818181818182 1.4588697204257 0.396293354702212 -0.712496017873812 1 2973.43 70.65 440.569462869563
0.00181818181818182 1.42939499489246 0.352795929573594 -0.729353876278669 1 3145.13 76.82 446.964720978452
0.00181818181818182 1.4588697204257 0.396293354702212 -0.712496017873812 1 2973.43 70.65 440.569462869563
0.00181818181818182 1.42939499489246 0.352795929573594 -0.729353876278669 1 3145.13 76.82 446.964720978452
0.00181818181818182 1.42939499489246 0.352795929573594 -0.729353876278669 1 3145.13 76.82 446.964720978452
0.00181818181818182 1.42939499489246 0.352795929573594 -0.729353876278669 1 3145.13 76.82 446.964720978452
0.00181818181818182 1.42939499489246 0.352795929573594 -0.729353876278669 1 3145.13 76.82 446.964720978452
0.00181818181818182 1.42030670910264 0.374217423271639 -0.766444509889902 0.99 2566.92929292929 64.7979797979798 442.931367821262
0.00181818181818182 1.41685443006423 0.358552292040635 -0.684713961370806 1 2733.52 66.84 451.057108604079
0.00181818181818182 1.42939499489246 0.352795929573594 -0.729353876278669 1 3145.13 76.82 446.964720978452
0.00181818181818182 1.4588697204257 0.396293354702212 -0.712496017873812 1 2973.43 70.65 440.569462869563
0.00181818181818182 1.4147781491807 0.334719115850261 -0.667797413724529 0.99 2738.71717171717 67.5858585858586 448.16433002044
0.00181818181818182 1.42939499489246 0.352795929573594 -0.729353876278669 1 3145.13 76.82 446.964720978452
0.00181818181818182 1.39881282600301 0.327775583317496 -0.686042566435804 1 2857.34 73.93 445.956505027288
