0.00181818181818182 1.46251449915143 0.374459946631712 -0.325028001727522 0.98 3635.25510204082 76.4795918367347 434.681696901097
0.00181818181818182 1.51269276814296 0.394321142560781 0.596262164702117 0.99 3417.06060606061 48.3636363636364 448.415120626954
0.00181818181818182 1.40238323408589 0.331078500865894 -0.236337533319825 0.98 2566.09183673469 53.0816326530612 420.632238150722
0.00181818181818182 1.46210410341308 0.35416935183793 -0.322407691217329 0.99 3745.80808080808 76.5858585858586 439.777766419914
0.00181818181818182 1.41728594578216 0.349657343292441 -0.738924425936659 0.98 2837.16326530612 72.9285714285714 456.131451424589
0.00181818181818182 1.45701154860999 0.39124192461866 -0.0746921146231747 0.99 3002.21212121212 55.3838383838384 451.301335716085
0.00181818181818182 1.43788521748224 0.390280280546501 -0.594406758120775 0.98 2661.83673469388 61.6938775510204 465.075184825503
0.00181818181818182 1.4300645614891 0.36910786685527 -0.911103731945258 0.98 3143.81632653061 80.4795918367347 416.174361588073
0.00181818181818182 1.41728594578216 0.349657343292441 -0.738924425936659 0.98 2837.16326530612 72.9285714285714 456.131451424589
0.00181818181818182 1.43686660552558 0.333859172349382 -0.471793858499022 0.99 3413.12121212121 77.2525252525252 429.876440018636
0.00181818181818182 1.4521884432793 0.332270397403718 0.204246253338196 1 3294.6 56.75 418.727633393344
0.00181818181818182 1.38861327393608 0.319235134392671 -0.967030242742153 0.98 3194.04081632653 88 476.304593580337
0.00181818181818182 1.42318504032204 0.338037850368771 -0.203622079576923 0.99 2916.58585858586 58.6262626262626 424.05347925794
0.00181818181818182 1.37004711331412 0.319114003071256 -0.875297945946446 0.97 2655.09278350515 72.2371134020619 453.783471181302
0.00181818181818182 1.46301302179961 0.324551410404677 0.364408393080388 1 4031.23 65.33 455.061201968541
0.00181818181818182 1.46127376823249 0.336892549528755 0.115032842344283 0.99 3879.39393939394 69.3030303030303 473.311474699254
0.00181818181818182 1.44513597358586 0.342615963337836 -0.0379731304893446 0.98 3179.01020408163 62.3061224489796 447.000262294172
0.00181818181818182 1.45513311517387 0.363137494231475 -0.141550488659006 0.99 3516.64646464646 66.3535353535353 431.68884202111
0.00181818181818182 1.43788521748224 0.390280280546501 -0.594406758120775 0.98 2661.83673469388 61.6938775510204 465.075184825503
0.00181818181818182 1.4651105075099 0.33917830978232 0.253662448235924 0.99 3670.63636363636 61.8383838383838 436.546717820894
0.00181818181818182 1.43406828441924 0.365743016814483 -0.300938681021251 0.99 2822.76767676768 59.2525252525253 460.073443041075
0.00181818181818182 1.41178218782417 0.32997966280173 -0.561212187089996 0.98 2911.90816326531 69.9387755102041 446.094186037895
0.00181818181818182 1.40238323408589 0.331078500865894 -0.236337533319825 0.98 2566.09183673469 53.0816326530612 420.632238150722
0.00181818181818182 1.40365038635209 0.298320393403992 0.0135092842392623 0.98 2987.78571428571 57.4591836734694 416.098655436987
0.00181818181818182 1.40140814925678 0.268103184010712 -0.358607991641092 0.99 3945.32323232323 88.0909090909091 451.619813520469
0.00181818181818182 1.41728594578216 0.349657343292441 -0.738924425936659 0.98 2837.16326530612 72.9285714285714 456.131451424589
0.00181818181818182 1.46301302179961 0.324551410404677 0.364408393080388 1 4031.23 65.33 455.061201968541
0.00181818181818182 1.4651105075099 0.33917830978232 0.253662448235924 0.99 3670.63636363636 61.8383838383838 436.546717820894
0.00181818181818182 1.46374286353152 0.38066160474261 -0.182242273640953 0.98 2959.5 60.3061224489796 481.784579694728
0.00181818181818182 1.40967579053385 0.341182299535602 -0.458833593064296 0.98 2641.13265306122 60.8469387755102 436.771736312013
0.00181818181818182 1.38424775330285 0.283490036025051 -0.36372817963631 0.98 3430.41836734694 78.3775510204082 420.339706794998
0.00181818181818182 1.49992909861528 0.388288082196057 0.190679030434109 0.99 3708.67676767677 61.8787878787879 432.31627193816
0.00181818181818182 1.38356263136194 0.272468791318832 -0.294562310136295 0.98 2885.74489795918 64.4591836734694 415.506998077073
0.00181818181818182 1.42314159343281 0.339117257929948 -0.844045013917179 0.98 3254.30612244898 86.1326530612245 445.88459680391
0.00181818181818182 1.48944942821388 0.355057587999285 0.872755632221954 1 3192.23 41.76 429.998384416759
0.00181818181818182 1.46374286353152 0.38066160474261 -0.182242273640953 0.98 2959.5 60.3061224489796 481.784579694728
0.00181818181818182 1.4300645614891 0.36910786685527 -0.911103731945258 0.98 3143.81632653061 80.4795918367347 416.174361588073
0.00181818181818182 1.47962480798884 0.347608556485955 0.400931959359774 0.99 3709.18181818182 58.989898989899 439.184566877907
0.00181818181818182 1.37172722092977 0.283834264034051 -0.611748013429179 0.97 2901.8969072165 74.3505154639175 464.76926344199
0.00181818181818182 1.37172722092977 0.283834264034051 -0.611748013429179 0.97 2901.8969072165 74.3505154639175 464.76926344199
0.00181818181818182 1.37172722092977 0.283834264034051 -0.611748013429179 0.97 2901.8969072165 74.3505154639175 464.76926344199
0.00181818181818182 1.49985967848782 0.395713014397888 0.123687356841476 1 3435.93 58.23 447.931536896368
0.00181818181818182 1.44513597358586 0.342615963337836 -0.0379731304893446 0.98 3179.01020408163 62.3061224489796 447.000262294172
0.00181818181818182 1.4195613854685 0.356520577354918 -0.627453079787673 0.99 2828.67676767677 66.3434343434343 426.287570818625
0.00181818181818182 1.43351827974348 0.354693321226903 -0.0984523853219224 0.98 2766.14285714286 52.9183673469388 430.911756331176
0.00181818181818182 1.39432799956861 0.336752379099404 -0.865925963206966 0.97 2813.0618556701 75.2886597938144 443.011626430813
0.00181818181818182 1.38600096799312 0.320839099380467 -0.478370722414881 0.99 2486.60606060606 58.3232323232323 446.598596894877
0.00181818181818182 1.4900248075158 0.388858905472767 0.604499537948948 1 2999.93 42.42 439.358203896836
0.00181818181818182 1.43351827974348 0.354693321226903 -0.0984523853219224 0.98 2766.14285714286 52.9183673469388 430.911756331176
0.00181818181818182 1.40140814925678 0.268103184010712 -0.358607991641092 0.99 3945.32323232323 88.0909090909091 451.619813520469
0.00181818181818182 1.39653701744379 0.290367372054654 0.137487774299163 0.98 2729.40816326531 51.5816326530612 425.266619640302
0.00181818181818182 1.44668335625812 0.376057693136412 -0.252857378676828 0.99 3005.30303030303 62.5858585858586 467.320976863876
0.00181818181818182 1.4238662165512 0.372894752201068 -0.528238848356032 1 2401.26 55.43 432.077221942835
0.00181818181818182 1.46251449915143 0.374459946631712 -0.325028001727522 0.98 3635.25510204082 76.4795918367347 434.681696901097
0.00181818181818182 1.3699881066819 0.274536375715665 -0.0847109814099291 0.98 3008.85714285714 62.3673469387755 445.644295916129
0.00181818181818182 1.46521777467788 0.366170444426253 0.126965398665715 0.99 3540.30303030303 62.8686868686869 467.890312390387
0.00181818181818182 1.46521777467788 0.366170444426253 0.126965398665715 0.99 3540.30303030303 62.8686868686869 467.890312390387
0.00181818181818182 1.47962480798884 0.347608556485955 0.400931959359774 0.99 3709.18181818182 58.989898989899 439.184566877907
0.00181818181818182 1.45168052594959 0.356148172227032 0.396736682515934 0.99 2948.90909090909 46.7070707070707 455.66256095538
0.00181818181818182 1.44321160314953 0.295705184112719 0.353528506569842 0.99 3637.44444444444 60.0606060606061 445.22212693504
0.00181818181818182 1.40238323408589 0.331078500865894 -0.236337533319825 0.98 2566.09183673469 53.0816326530612 420.632238150722
0.00181818181818182 1.46960680214688 0.362634484353475 -0.37418844178319 0.99 3981.27272727273 83.1111111111111 436.376944776087
0.00181818181818182 1.51269276814296 0.394321142560781 0.596262164702117 0.99 3417.06060606061 48.3636363636364 448.415120626954
0.00181818181818182 1.4651105075099 0.33917830978232 0.253662448235924 0.99 3670.63636363636 61.8383838383838 436.546717820894
0.00181818181818182 1.39218462720614 0.321305924278017 -0.443041655809881 1 2937.82 69.08 418.494134731186
0.00181818181818182 1.33400051894819 0.237547210597336 -0.917355107943803 0.99 3121.69696969697 89.8686868686869 413.332608351249
0.00181818181818182 1.39653701744379 0.290367372054654 0.137487774299163 0.98 2729.40816326531 51.5816326530612 425.266619640302
0.00181818181818182 1.46986199794959 0.364315078704769 0.132676541899288 1 3517.79 60.44 462.669656611999
0.00181818181818182 1.38600096799312 0.320839099380467 -0.478370722414881 0.99 2486.60606060606 58.3232323232323 446.598596894877
0.00181818181818182 1.38109473457286 0.318487632887206 -0.485620664582721 0.98 2606.55102040816 59.7551020408163 413.261931632572
0.00181818181818182 1.48585512080663 0.37880286959081 -0.352410085427545 1 3721.08 74.65 416.063512370906
0.00181818181818182 1.41728594578216 0.349657343292441 -0.738924425936659 0.98 2837.16326530612 72.9285714285714 456.131451424589
0.00181818181818182 1.38356263136194 0.272468791318832 -0.294562310136295 0.98 2885.74489795918 64.4591836734694 415.506998077073
0.00181818181818182 1.38861327393608 0.319235134392671 -0.967030242742153 0.98 3194.04081632653 88 476.304593580337
0.00181818181818182 1.46960680214688 0.362634484353475 -0.37418844178319 0.99 3981.27272727273 83.1111111111111 436.376944776087
0.00181818181818182 1.33400051894819 0.237547210597336 -0.917355107943803 0.99 3121.69696969697 89.8686868686869 413.332608351249
0.00181818181818182 1.43406828441924 0.365743016814483 -0.300938681021251 0.99 2822.76767676768 59.2525252525253 460.073443041075
0.00181818181818182 1.51269276814296 0.394321142560781 0.596262164702117 0.99 3417.06060606061 48.3636363636364 448.415120626954
0.00181818181818182 1.45513311517387 0.363137494231475 -0.141550488659006 0.99 3516.64646464646 66.3535353535353 431.68884202111
0.00181818181818182 1.38356263136194 0.272468791318832 -0.294562310136295 0.98 2885.74489795918 64.4591836734694 415.506998077073
0.00181818181818182 1.47579507335596 0.380189666459484 0.418383135894519 0.99 3423.08080808081 52.3131313131313 455.875345967233
0.00181818181818182 1.41705689242046 0.362344712647782 -0.0817556637078647 0.99 2185.29292929293 41.4949494949495 431.07606234728
0.00181818181818182 1.40140814925678 0.268103184010712 -0.358607991641092 0.99 3945.32323232323 88.0909090909091 451.619813520469
0.00181818181818182 1.43973934299558 0.380904043463093 -0.055391024047058 0.99 2596.71717171717 49.2828282828283 437.169395164995
0.00181818181818182 1.48944942821388 0.355057587999285 0.872755632221954 1 3192.23 41.76 429.998384416759
0.00181818181818182 1.40140814925678 0.268103184010712 -0.358607991641092 0.99 3945.32323232323 88.0909090909091 451.619813520469
0.00181818181818182 1.48173427423132 0.356889739038509 0.357983943906427 0.99 3511.14141414141 56.9393939393939 429.683422435173
0.00181818181818182 1.3699881066819 0.274536375715665 -0.0847109814099291 0.98 3008.85714285714 62.3673469387755 445.644295916129
0.00181818181818182 1.46251449915143 0.374459946631712 -0.325028001727522 0.98 3635.25510204082 76.4795918367347 434.681696901097
0.00181818181818182 1.42828675439763 0.380658271088891 -0.292261269168901 0.98 2283.61224489796 45.9591836734694 442.984081041448
0.00181818181818182 1.41728594578216 0.349657343292441 -0.738924425936659 0.98 2837.16326530612 72.9285714285714 456.131451424589
0.00181818181818182 1.44668335625812 0.376057693136412 -0.252857378676828 0.99 3005.30303030303 62.5858585858586 467.320976863876
0.00181818181818182 1.4900248075158 0.388858905472767 0.604499537948948 1 2999.93 42.42 439.358203896836
0.00181818181818182 1.43686660552558 0.333859172349382 -0.471793858499022 0.99 3413.12121212121 77.2525252525252 429.876440018636
0.00181818181818182 1.42828675439763 0.380658271088891 -0.292261269168901 0.98 2283.61224489796 45.9591836734694 442.984081041448
0.00181818181818182 1.45513311517387 0.363137494231475 -0.141550488659006 0.99 3516.64646464646 66.3535353535353 431.68884202111
0.00181818181818182 1.43406828441924 0.365743016814483 -0.300938681021251 0.99 2822.76767676768 59.2525252525253 460.073443041075
0.00181818181818182 1.44513597358586 0.342615963337836 -0.0379731304893446 0.98 3179.01020408163 62.3061224489796 447.000262294172
0.00181818181818182 1.40238323408589 0.331078500865894 -0.236337533319825 0.98 2566.09183673469 53.0816326530612 420.632238150722
0.00181818181818182 1.38109473457286 0.318487632887206 -0.485620664582721 0.98 2606.55102040816 59.7551020408163 413.261931632572
0.00181818181818182 1.3699881066819 0.274536375715665 -0.0847109814099291 0.98 3008.85714285714 62.3673469387755 445.644295916129
0.00181818181818182 1.46986448688059 0.386689910584716 0.235473706022654 0.99 2821.21212121212 46.8989898989899 448.89512043741
0.00181818181818182 1.4945541983936 0.373323390431343 0.56112276756826 1 3483.74 51.34 431.171090559619
0.00181818181818182 1.46827401669739 0.390028502801452 -0.385914680501818 0.98 3224.78571428571 67.3469387755102 421.168729042333
0.00181818181818182 1.39653701744379 0.290367372054654 0.137487774299163 0.98 2729.40816326531 51.5816326530612 425.266619640302
0.00181818181818182 1.4341264569209 0.352399778604184 -0.322952719999752 0.99 2983.19191919192 64.0808080808081 429.195374576236
0.00181818181818182 1.49985967848782 0.395713014397888 0.123687356841476 1 3435.93 58.23 447.931536896368
0.00181818181818182 1.4300645614891 0.36910786685527 -0.911103731945258 0.98 3143.81632653061 80.4795918367347 416.174361588073
0.00181818181818182 1.4788986178115 0.39312417821493 0.0831250594928861 1 3206.08 55.56 441.556441678242
0.00181818181818182 1.37172722092977 0.283834264034051 -0.611748013429179 0.97 2901.8969072165 74.3505154639175 464.76926344199
0.00181818181818182 1.46563328966939 0.358699318650105 0.140535656300292 0.99 3487.79797979798 61.5757575757576 449.31647831565
0.00181818181818182 1.49985967848782 0.395713014397888 0.123687356841476 1 3435.93 58.23 447.931536896368
0.00181818181818182 1.46521777467788 0.366170444426253 0.126965398665715 0.99 3540.30303030303 62.8686868686869 467.890312390387
0.00181818181818182 1.37172722092977 0.283834264034051 -0.611748013429179 0.97 2901.8969072165 74.3505154639175 464.76926344199
0.00181818181818182 1.4300645614891 0.36910786685527 -0.911103731945258 0.98 3143.81632653061 80.4795918367347 416.174361588073
0.00181818181818182 1.41705689242046 0.362344712647782 -0.0817556637078647 0.99 2185.29292929293 41.4949494949495 431.07606234728
0.00181818181818182 1.40843420348533 0.342635390896835 -0.481843682552249 0.98 2664.88775510204 62.5612244897959 450.008345236159
0.00181818181818182 1.49985967848782 0.395713014397888 0.123687356841476 1 3435.93 58.23 447.931536896368
0.00181818181818182 1.47361837693363 0.371031759604873 -0.345756613876581 0.99 3846.28282828283 78.2626262626263 445.460394364522
0.00181818181818182 1.38356263136194 0.272468791318832 -0.294562310136295 0.98 2885.74489795918 64.4591836734694 415.506998077073
0.00181818181818182 1.3699881066819 0.274536375715665 -0.0847109814099291 0.98 3008.85714285714 62.3673469387755 445.644295916129
0.00181818181818182 1.41728594578216 0.349657343292441 -0.738924425936659 0.98 2837.16326530612 72.9285714285714 456.131451424589
0.00181818181818182 1.41705689242046 0.362344712647782 -0.0817556637078647 0.99 2185.29292929293 41.4949494949495 431.07606234728
0.00181818181818182 1.40365038635209 0.298320393403992 0.0135092842392623 0.98 2987.78571428571 57.4591836734694 416.098655436987
0.00181818181818182 1.42828675439763 0.380658271088891 -0.292261269168901 0.98 2283.61224489796 45.9591836734694 442.984081041448
0.00181818181818182 1.46318679037778 0.330797255942905 0.102914645474769 0.99 3616.51515151515 65.4848484848485 417.005545680903
0.00181818181818182 1.39432799956861 0.336752379099404 -0.865925963206966 0.97 2813.0618556701 75.2886597938144 443.011626430813
0.00181818181818182 1.46960680214688 0.362634484353475 -0.37418844178319 0.99 3981.27272727273 83.1111111111111 436.376944776087
0.00181818181818182 1.4341264569209 0.352399778604184 -0.322952719999752 0.99 2983.19191919192 64.0808080808081 429.195374576236
0.00181818181818182 1.44321160314953 0.295705184112719 0.353528506569842 0.99 3637.44444444444 60.0606060606061 445.22212693504
0.00181818181818182 1.41086620003951 0.306867924951545 0.0626771044901101 0.98 3014.60204081633 56.0612244897959 424.978425283886
0.00181818181818182 1.44959233157649 0.366511466321907 -0.250136354179923 0.98 3226.01020408163 66.6836734693878 443.3961235645
0.00181818181818182 1.4788986178115 0.39312417821493 0.0831250594928861 1 3206.08 55.56 441.556441678242
0.00181818181818182 1.39218462720614 0.321305924278017 -0.443041655809881 1 2937.82 69.08 418.494134731186
0.00181818181818182 1.40140814925678 0.268103184010712 -0.358607991641092 0.99 3945.32323232323 88.0909090909091 451.619813520469
0.00181818181818182 1.44321160314953 0.295705184112719 0.353528506569842 0.99 3637.44444444444 60.0606060606061 445.22212693504
0.00181818181818182 1.41889116620605 0.323049056056105 -0.0190582476393362 0.99 2883.25252525253 56.8383838383838 424.354754833223
0.00181818181818182 1.387186851063 0.26654877082274 -0.739594768928865 0.99 3572.52525252525 92.1616161616162 432.668486773787
0.00181818181818182 1.42828675439763 0.380658271088891 -0.292261269168901 0.98 2283.61224489796 45.9591836734694 442.984081041448
0.00181818181818182 1.43351827974348 0.354693321226903 -0.0984523853219224 0.98 2766.14285714286 52.9183673469388 430.911756331176
0.00181818181818182 1.41789841246469 0.329496780967438 0.071484855239794 0.98 2875.60204081633 53.2244897959184 425.847065390461
0.00181818181818182 1.38424775330285 0.283490036025051 -0.36372817963631 0.98 3430.41836734694 78.3775510204082 420.339706794998
0.00181818181818182 1.4945541983936 0.373323390431343 0.56112276756826 1 3483.74 51.34 431.171090559619
0.00181818181818182 1.42701146238261 0.314917862536555 -0.164152489180173 0.98 3316.98979591837 68.4285714285714 433.260774389102
0.00181818181818182 1.44668335625812 0.376057693136412 -0.252857378676828 0.99 3005.30303030303 62.5858585858586 467.320976863876
0.00181818181818182 1.44668335625812 0.376057693136412 -0.252857378676828 0.99 3005.30303030303 62.5858585858586 467.320976863876
0.00181818181818182 1.4519986804995 0.330853857116614 -0.306372351363531 0.99 3585.79797979798 74.8585858585859 422.797435415048
0.00181818181818182 1.44668335625812 0.376057693136412 -0.252857378676828 0.99 3005.30303030303 62.5858585858586 467.320976863876
0.00181818181818182 1.51269276814296 0.394321142560781 0.596262164702117 0.99 3417.06060606061 48.3636363636364 448.415120626954
0.00181818181818182 1.46277016865731 0.333638345513471 0.276973871131561 0.99 3366.43434343434 57.4646464646465 419.372333377013
0.00181818181818182 1.40028480800532 0.331740356496522 -0.485774098017347 0.98 2613.4693877551 60.7244897959184 433.553075192799
0.00181818181818182 1.4945541983936 0.373323390431343 0.56112276756826 1 3483.74 51.34 431.171090559619
0.00181818181818182 1.46127376823249 0.336892549528755 0.115032842344283 0.99 3879.39393939394 69.3030303030303 473.311474699254
0.00181818181818182 1.41789841246469 0.329496780967438 0.071484855239794 0.98 2875.60204081633 53.2244897959184 425.847065390461
0.00181818181818182 1.46374286353152 0.38066160474261 -0.182242273640953 0.98 2959.5 60.3061224489796 481.784579694728
0.00181818181818182 1.38424775330285 0.283490036025051 -0.36372817963631 0.98 3430.41836734694 78.3775510204082 420.339706794998
0.00181818181818182 1.44668335625812 0.376057693136412 -0.252857378676828 0.99 3005.30303030303 62.5858585858586 467.320976863876
0.00181818181818182 1.40140814925678 0.268103184010712 -0.358607991641092 0.99 3945.32323232323 88.0909090909091 451.619813520469
0.00181818181818182 1.51286214297212 0.397544600876857 0.293679110525618 0.99 3767.68686868687 60.969696969697 461.987831709734
0.00181818181818182 1.37172722092977 0.283834264034051 -0.611748013429179 0.97 2901.8969072165 74.3505154639175 464.76926344199
0.00181818181818182 1.43406828441924 0.365743016814483 -0.300938681021251 0.99 2822.76767676768 59.2525252525253 460.073443041075
0.00181818181818182 1.35638660307647 0.271074865555945 -0.406195020733282 1 2389.25 56.16 400.123798806337
0.00181818181818182 1.38923300414553 0.320667629032292 -0.865020400390081 0.98 3141.9693877551 86.9591836734694 469.344554093189
0.00181818181818182 1.50882395567673 0.397771450027851 0.506867604075193 1 3362.28 48.57 434.503390704562
0.00181818181818182 1.50882395567673 0.397771450027851 0.506867604075193 1 3362.28 48.57 434.503390704562
0.00181818181818182 1.46986199794959 0.364315078704769 0.132676541899288 1 3517.79 60.44 462.669656611999
0.00181818181818182 1.4437669147549 0.325862580665131 -0.0196394704484421 1 3542.62 65.25 415.057799117149
0.00181818181818182 1.40843420348533 0.342635390896835 -0.481843682552249 0.98 2664.88775510204 62.5612244897959 450.008345236159
0.00181818181818182 1.41705689242046 0.362344712647782 -0.0817556637078647 0.99 2185.29292929293 41.4949494949495 431.07606234728
0.00181818181818182 1.43406828441924 0.365743016814483 -0.300938681021251 0.99 2822.76767676768 59.2525252525253 460.073443041075
0.00181818181818182 1.45701154860999 0.39124192461866 -0.0746921146231747 0.99 3002.21212121212 55.3838383838384 451.301335716085
0.00181818181818182 1.47962480798884 0.347608556485955 0.400931959359774 0.99 3709.18181818182 58.989898989899 439.184566877907
0.00181818181818182 1.41728594578216 0.349657343292441 -0.738924425936659 0.98 2837.16326530612 72.9285714285714 456.131451424589
0.00181818181818182 1.38356263136194 0.272468791318832 -0.294562310136295 0.98 2885.74489795918 64.4591836734694 415.506998077073
0.00181818181818182 1.42701146238261 0.314917862536555 -0.164152489180173 0.98 3316.98979591837 68.4285714285714 433.260774389102
0.00181818181818182 1.42828675439763 0.380658271088891 -0.292261269168901 0.98 2283.61224489796 45.9591836734694 442.984081041448
0.00181818181818182 1.4300645614891 0.36910786685527 -0.911103731945258 0.98 3143.81632653061 80.4795918367347 416.174361588073
0.00181818181818182 1.40140814925678 0.268103184010712 -0.358607991641092 0.99 3945.32323232323 88.0909090909091 451.619813520469
0.00181818181818182 1.46972754363049 0.385638488209165 -0.372810986741638 1 3519.6 72.37 442.467031847779
0.00181818181818182 1.40140814925678 0.268103184010712 -0.358607991641092 0.99 3945.32323232323 88.0909090909091 451.619813520469
0.00181818181818182 1.40365038635209 0.298320393403992 0.0135092842392623 0.98 2987.78571428571 57.4591836734694 416.098655436987
0.00181818181818182 1.38923300414553 0.320667629032292 -0.865020400390081 0.98 3141.9693877551 86.9591836734694 469.344554093189
0.00181818181818182 1.44321160314953 0.295705184112719 0.353528506569842 0.99 3637.44444444444 60.0606060606061 445.22212693504
0.00181818181818182 1.46972754363049 0.385638488209165 -0.372810986741638 1 3519.6 72.37 442.467031847779
0.00181818181818182 1.46301302179961 0.324551410404677 0.364408393080388 1 4031.23 65.33 455.061201968541
0.00181818181818182 1.39218462720614 0.321305924278017 -0.443041655809881 1 2937.82 69.08 418.494134731186
0.00181818181818182 1.3699881066819 0.274536375715665 -0.0847109814099291 0.98 3008.85714285714 62.3673469387755 445.644295916129
0.00181818181818182 1.40967579053385 0.341182299535602 -0.458833593064296 0.98 2641.13265306122 60.8469387755102 436.771736312013
0.00181818181818182 1.43406828441924 0.365743016814483 -0.300938681021251 0.99 2822.76767676768 59.2525252525253 460.073443041075
0.00181818181818182 1.40365038635209 0.298320393403992 0.0135092842392623 0.98 2987.78571428571 57.4591836734694 416.098655436987
0.00181818181818182 1.40295900378365 0.392290196339765 -0.719385250775488 0.98 1974.21428571429 47.2448979591837 432.851842675942
0.00181818181818182 1.42883516200435 0.316502137507658 0.678998881055424 1 2881.65 41.89 430.262352676515
0.00181818181818182 1.44322051408381 0.39457342463466 -0.820069049464181 0.98 3177.45918367347 77.7959183673469 420.645873602301
0.00181818181818182 1.37172722092977 0.283834264034051 -0.611748013429179 0.97 2901.8969072165 74.3505154639175 464.76926344199
0.00181818181818182 1.36985406646856 0.271420446338579 -0.936840676196925 0.99 3504.10101010101 98.6666666666667 481.239762608668
0.00181818181818182 1.35057010231125 0.253092666241022 -0.19622495701803 0.98 2720.58163265306 59.0612244897959 410.575205603257
0.00181818181818182 1.4900248075158 0.388858905472767 0.604499537948948 1 2999.93 42.42 439.358203896836
0.00181818181818182 1.4300645614891 0.36910786685527 -0.911103731945258 0.98 3143.81632653061 80.4795918367347 416.174361588073
0.00181818181818182 1.38923300414553 0.320667629032292 -0.865020400390081 0.98 3141.9693877551 86.9591836734694 469.344554093189
0.00181818181818182 1.41745256590727 0.369702523053802 -0.485595408460768 0.98 2369.09183673469 52.6122448979592 425.174527344918
0.00181818181818182 1.40295900378365 0.392290196339765 -0.719385250775488 0.98 1974.21428571429 47.2448979591837 432.851842675942
0.00181818181818182 1.39218462720614 0.321305924278017 -0.443041655809881 1 2937.82 69.08 418.494134731186
0.00181818181818182 1.46374286353152 0.38066160474261 -0.182242273640953 0.98 2959.5 60.3061224489796 481.784579694728
0.00181818181818182 1.43686660552558 0.333859172349382 -0.471793858499022 0.99 3413.12121212121 77.2525252525252 429.876440018636
0.00181818181818182 1.49992909861528 0.388288082196057 0.190679030434109 0.99 3708.67676767677 61.8787878787879 432.31627193816
0.00181818181818182 1.37172722092977 0.283834264034051 -0.611748013429179 0.97 2901.8969072165 74.3505154639175 464.76926344199
0.00181818181818182 1.46198189397163 0.38376546085053 -0.218001765792716 0.99 3229.38383838384 66.6363636363636 449.499629413207
0.00181818181818182 1.43788521748224 0.390280280546501 -0.594406758120775 0.98 2661.83673469388 61.6938775510204 465.075184825503
0.00181818181818182 1.48616973291622 0.36841878480616 -0.294562981243149 0.99 3826.79797979798 79.8686868686869 443.56880226062
0.00181818181818182 1.40238323408589 0.331078500865894 -0.236337533319825 0.98 2566.09183673469 53.0816326530612 420.632238150722
0.00181818181818182 1.4651105075099 0.33917830978232 0.253662448235924 0.99 3670.63636363636 61.8383838383838 436.546717820894
0.00181818181818182 1.4300645614891 0.36910786685527 -0.911103731945258 0.98 3143.81632653061 80.4795918367347 416.174361588073
0.00181818181818182 1.4238662165512 0.372894752201068 -0.528238848356032 1 2401.26 55.43 432.077221942835
0.00181818181818182 1.46277016865731 0.333638345513471 0.276973871131561 0.99 3366.43434343434 57.4646464646465 419.372333377013
0.00181818181818182 1.4195613854685 0.356520577354918 -0.627453079787673 0.99 2828.67676767677 66.3434343434343 426.287570818625
0.00181818181818182 1.46251449915143 0.374459946631712 -0.325028001727522 0.98 3635.25510204082 76.4795918367347 434.681696901097
0.00181818181818182 1.46960680214688 0.362634484353475 -0.37418844178319 0.99 3981.27272727273 83.1111111111111 436.376944776087
0.00181818181818182 1.49524632118942 0.380026414619286 -0.203137246088683 0.99 3694.43434343434 74.9090909090909 465.223362883784
0.00181818181818182 1.49855898312991 0.387166347623168 0.399258153089903 0.99 3221.17171717172 50.010101010101 460.143585862729
0.00181818181818182 1.42828675439763 0.380658271088891 -0.292261269168901 0.98 2283.61224489796 45.9591836734694 442.984081041448
0.00181818181818182 1.40365038635209 0.298320393403992 0.0135092842392623 0.98 2987.78571428571 57.4591836734694 416.098655436987
0.00181818181818182 1.44513597358586 0.342615963337836 -0.0379731304893446 0.98 3179.01020408163 62.3061224489796 447.000262294172
0.00181818181818182 1.41705689242046 0.362344712647782 -0.0817556637078647 0.99 2185.29292929293 41.4949494949495 431.07606234728
0.00181818181818182 1.39336773046971 0.297451846189732 -0.355446424983447 0.99 2987.06060606061 66.9393939393939 406.321426553184
0.00181818181818182 1.39336773046971 0.297451846189732 -0.355446424983447 0.99 2987.06060606061 66.9393939393939 406.321426553184
0.00181818181818182 1.39432799956861 0.336752379099404 -0.865925963206966 0.97 2813.0618556701 75.2886597938144 443.011626430813
0.00181818181818182 1.42972173756896 0.32847424233427 -0.470672771374281 1 3079.34 68.39 403.715865880062
0.00181818181818182 1.41705689242046 0.362344712647782 -0.0817556637078647 0.99 2185.29292929293 41.4949494949495 431.07606234728
0.00181818181818182 1.38923300414553 0.320667629032292 -0.865020400390081 0.98 3141.9693877551 86.9591836734694 469.344554093189
0.00181818181818182 1.48173427423132 0.356889739038509 0.357983943906427 0.99 3511.14141414141 56.9393939393939 429.683422435173
0.00181818181818182 1.40365038635209 0.298320393403992 0.0135092842392623 0.98 2987.78571428571 57.4591836734694 416.098655436987
0.00181818181818182 1.38356263136194 0.272468791318832 -0.294562310136295 0.98 2885.74489795918 64.4591836734694 415.506998077073
0.00181818181818182 1.49524632118942 0.380026414619286 -0.203137246088683 0.99 3694.43434343434 74.9090909090909 465.223362883784
0.00181818181818182 1.40843420348533 0.342635390896835 -0.481843682552249 0.98 2664.88775510204 62.5612244897959 450.008345236159
0.00181818181818182 1.44321160314953 0.295705184112719 0.353528506569842 0.99 3637.44444444444 60.0606060606061 445.22212693504
0.00181818181818182 1.3699881066819 0.274536375715665 -0.0847109814099291 0.98 3008.85714285714 62.3673469387755 445.644295916129
0.00181818181818182 1.43788521748224 0.390280280546501 -0.594406758120775 0.98 2661.83673469388 61.6938775510204 465.075184825503
0.00181818181818182 1.33400051894819 0.237547210597336 -0.917355107943803 0.99 3121.69696969697 89.8686868686869 413.332608351249
0.00181818181818182 1.43406828441924 0.365743016814483 -0.300938681021251 0.99 2822.76767676768 59.2525252525253 460.073443041075
0.00181818181818182 1.4604485312286 0.359821928961235 -0.125819268180491 0.99 3231.20202020202 64.7777777777778 436.490986675133
0.00181818181818182 1.45980658073019 0.346507640441579 0.292922311050787 0.99 3112.90909090909 52.6161616161616 449.025845026188
0.00181818181818182 1.45513311517387 0.363137494231475 -0.141550488659006 0.99 3516.64646464646 66.3535353535353 431.68884202111
0.00181818181818182 1.45169702185346 0.360414119291177 -0.238637773452769 1 3560.84 71.03 446.117260513145
0.00181818181818182 1.40789146676046 0.291556211922157 -0.562897080898741 0.98 3187.92857142857 74.6020408163265 421.389799388283
0.00181818181818182 1.45513311517387 0.363137494231475 -0.141550488659006 0.99 3516.64646464646 66.3535353535353 431.68884202111
0.00181818181818182 1.3699881066819 0.274536375715665 -0.0847109814099291 0.98 3008.85714285714 62.3673469387755 445.644295916129
0.00181818181818182 1.39432799956861 0.336752379099404 -0.865925963206966 0.97 2813.0618556701 75.2886597938144 443.011626430813
0.00181818181818182 1.42828675439763 0.380658271088891 -0.292261269168901 0.98 2283.61224489796 45.9591836734694 442.984081041448
0.00181818181818182 1.44742404558183 0.336182105778725 -0.0775055321222404 1 3875.79 74.01 419.872372504496
0.00181818181818182 1.4788986178115 0.39312417821493 0.0831250594928861 1 3206.08 55.56 441.556441678242
0.00181818181818182 1.4300645614891 0.36910786685527 -0.911103731945258 0.98 3143.81632653061 80.4795918367347 416.174361588073
0.00181818181818182 1.49985967848782 0.395713014397888 0.123687356841476 1 3435.93 58.23 447.931536896368
0.00181818181818182 1.4437669147549 0.325862580665131 -0.0196394704484421 1 3542.62 65.25 415.057799117149
0.00181818181818182 1.37494008343692 0.299083070960401 -0.737108530115505 0.99 3147.40404040404 81.4747474747475 474.947507853262
0.00181818181818182 1.42828675439763 0.380658271088891 -0.292261269168901 0.98 2283.61224489796 45.9591836734694 442.984081041448
0.00181818181818182 1.37172722092977 0.283834264034051 -0.611748013429179 0.97 2901.8969072165 74.3505154639175 464.76926344199
0.00181818181818182 1.46301302179961 0.324551410404677 0.364408393080388 1 4031.23 65.33 455.061201968541
0.00181818181818182 1.43825233456905 0.336800852228661 -0.764665793167346 1 3825.88 94.08 444.038967800991
0.00181818181818182 1.43351827974348 0.354693321226903 -0.0984523853219224 0.98 2766.14285714286 52.9183673469388 430.911756331176
0.00181818181818182 1.44668335625812 0.376057693136412 -0.252857378676828 0.99 3005.30303030303 62.5858585858586 467.320976863876
0.00181818181818182 1.40365038635209 0.298320393403992 0.0135092842392623 0.98 2987.78571428571 57.4591836734694 416.098655436987
0.00181818181818182 1.41618225954801 0.364562786011213 -0.477041235578902 0.99 2471.25252525253 56.7070707070707 447.160114934734
0.00181818181818182 1.40295900378365 0.392290196339765 -0.719385250775488 0.98 1974.21428571429 47.2448979591837 432.851842675942
0.00181818181818182 1.40295900378365 0.392290196339765 -0.719385250775488 0.98 1974.21428571429 47.2448979591837 432.851842675942
0.00181818181818182 1.40238323408589 0.331078500865894 -0.236337533319825 0.98 2566.09183673469 53.0816326530612 420.632238150722
0.00181818181818182 1.36985406646856 0.271420446338579 -0.936840676196925 0.99 3504.10101010101 98.6666666666667 481.239762608668
0.00181818181818182 1.40140814925678 0.268103184010712 -0.358607991641092 0.99 3945.32323232323 88.0909090909091 451.619813520469
0.00181818181818182 1.44668335625812 0.376057693136412 -0.252857378676828 0.99 3005.30303030303 62.5858585858586 467.320976863876
0.00181818181818182 1.49985967848782 0.395713014397888 0.123687356841476 1 3435.93 58.23 447.931536896368
0.00181818181818182 1.49192143671034 0.398743352264283 0.352141306952258 1 3260.33 51.89 462.729891748326
0.00181818181818182 1.4238662165512 0.372894752201068 -0.528238848356032 1 2401.26 55.43 432.077221942835
0.00181818181818182 1.42828675439763 0.380658271088891 -0.292261269168901 0.98 2283.61224489796 45.9591836734694 442.984081041448
0.00181818181818182 1.44959233157649 0.366511466321907 -0.250136354179923 0.98 3226.01020408163 66.6836734693878 443.3961235645
0.00181818181818182 1.40365038635209 0.298320393403992 0.0135092842392623 0.98 2987.78571428571 57.4591836734694 416.098655436987
0.00181818181818182 1.43633983811402 0.383162708408746 0.136022652635135 1 2217.06 38.72 420.571154908104
0.00181818181818182 1.49985967848782 0.395713014397888 0.123687356841476 1 3435.93 58.23 447.931536896368
0.00181818181818182 1.40365038635209 0.298320393403992 0.0135092842392623 0.98 2987.78571428571 57.4591836734694 416.098655436987
0.00181818181818182 1.49161726655724 0.383712660290312 0.134499046035904 0.99 3572.9595959596 63.1616161616162 481.141515750581
0.00181818181818182 1.46960680214688 0.362634484353475 -0.37418844178319 0.99 3981.27272727273 83.1111111111111 436.376944776087
0.00181818181818182 1.43686660552558 0.333859172349382 -0.471793858499022 0.99 3413.12121212121 77.2525252525252 429.876440018636
0.00181818181818182 1.47962480798884 0.347608556485955 0.400931959359774 0.99 3709.18181818182 58.989898989899 439.184566877907
0.00181818181818182 1.36579703842549 0.277615103760971 -0.548384894518649 0.98 2626.83673469388 63.5102040816327 403.093982655259
0.00181818181818182 1.42828675439763 0.380658271088891 -0.292261269168901 0.98 2283.61224489796 45.9591836734694 442.984081041448
0.00181818181818182 1.40967579053385 0.341182299535602 -0.458833593064296 0.98 2641.13265306122 60.8469387755102 436.771736312013
0.00181818181818182 1.48944942821388 0.355057587999285 0.872755632221954 1 3192.23 41.76 429.998384416759
0.00181818181818182 1.38356263136194 0.272468791318832 -0.294562310136295 0.98 2885.74489795918 64.4591836734694 415.506998077073
0.00181818181818182 1.39218462720614 0.321305924278017 -0.443041655809881 1 2937.82 69.08 418.494134731186
0.00181818181818182 1.43351827974348 0.354693321226903 -0.0984523853219224 0.98 2766.14285714286 52.9183673469388 430.911756331176
0.00181818181818182 1.42322384142766 0.33454747994014 -0.892411268397634 0.98 3224.58163265306 84.2857142857143 425.972727329238
0.00181818181818182 1.46450666708832 0.365088895210851 0.477532231328638 0.99 2923.62626262626 44.4646464646465 430.593837796921
0.00181818181818182 1.4788986178115 0.39312417821493 0.0831250594928861 1 3206.08 55.56 441.556441678242
0.00181818181818182 1.41728594578216 0.349657343292441 -0.738924425936659 0.98 2837.16326530612 72.9285714285714 456.131451424589
0.00181818181818182 1.49855898312991 0.387166347623168 0.399258153089903 0.99 3221.17171717172 50.010101010101 460.143585862729
0.00181818181818182 1.41728594578216 0.349657343292441 -0.738924425936659 0.98 2837.16326530612 72.9285714285714 456.131451424589
0.00181818181818182 1.47962480798884 0.347608556485955 0.400931959359774 0.99 3709.18181818182 58.989898989899 439.184566877907
0.00181818181818182 1.39653701744379 0.290367372054654 0.137487774299163 0.98 2729.40816326531 51.5816326530612 425.266619640302
0.00181818181818182 1.47752007426545 0.396761749293779 -0.0172201866602686 1 3081.6 55.69 464.441583350677
0.00181818181818182 1.33400051894819 0.237547210597336 -0.917355107943803 0.99 3121.69696969697 89.8686868686869 413.332608351249
0.00181818181818182 1.43973934299558 0.380904043463093 -0.055391024047058 0.99 2596.71717171717 49.2828282828283 437.169395164995
0.00181818181818182 1.43406828441924 0.365743016814483 -0.300938681021251 0.99 2822.76767676768 59.2525252525253 460.073443041075
0.00181818181818182 1.49192143671034 0.398743352264283 0.352141306952258 1 3260.33 51.89 462.729891748326
0.00181818181818182 1.40365038635209 0.298320393403992 0.0135092842392623 0.98 2987.78571428571 57.4591836734694 416.098655436987
0.00181818181818182 1.46972754363049 0.385638488209165 -0.372810986741638 1 3519.6 72.37 442.467031847779
0.00181818181818182 1.49616907322537 0.388939178226548 0.436589906480982 0.99 3595.36363636364 55.5151515151515 473.545337277247
0.00181818181818182 1.33400051894819 0.237547210597336 -0.917355107943803 0.99 3121.69696969697 89.8686868686869 413.332608351249
0.00181818181818182 1.42304725759209 0.344937310588007 -0.288714157093409 0.99 2994.76767676768 62.1010101010101 471.881803613817
0.00181818181818182 1.42828675439763 0.380658271088891 -0.292261269168901 0.98 2283.61224489796 45.9591836734694 442.984081041448
0.00181818181818182 1.45591014979937 0.354501630162916 0.277616205951799 0.99 3290.63636363636 53.7676767676768 416.630568228582
0.00181818181818182 1.4437669147549 0.325862580665131 -0.0196394704484421 1 3542.62 65.25 415.057799117149
0.00181818181818182 1.41086620003951 0.306867924951545 0.0626771044901101 0.98 3014.60204081633 56.0612244897959 424.978425283886
0.00181818181818182 1.39432799956861 0.336752379099404 -0.865925963206966 0.97 2813.0618556701 75.2886597938144 443.011626430813
0.00181818181818182 1.40287524834275 0.346888427203521 -0.509731791913509 0.98 2529.72448979592 58.234693877551 436.260788006782
0.00181818181818182 1.40843420348533 0.342635390896835 -0.481843682552249 0.98 2664.88775510204 62.5612244897959 450.008345236159
0.00181818181818182 1.46960680214688 0.362634484353475 -0.37418844178319 0.99 3981.27272727273 83.1111111111111 436.376944776087
0.00181818181818182 1.33400051894819 0.237547210597336 -0.917355107943803 0.99 3121.69696969697 89.8686868686869 413.332608351249
0.00181818181818182 1.3699881066819 0.274536375715665 -0.0847109814099291 0.98 3008.85714285714 62.3673469387755 445.644295916129
0.00181818181818182 1.50882395567673 0.397771450027851 0.506867604075193 1 3362.28 48.57 434.503390704562
0.00181818181818182 1.46960680214688 0.362634484353475 -0.37418844178319 0.99 3981.27272727273 83.1111111111111 436.376944776087
0.00181818181818182 1.46960680214688 0.362634484353475 -0.37418844178319 0.99 3981.27272727273 83.1111111111111 436.376944776087
0.00181818181818182 1.43503662200417 0.325850724132774 -0.225576304001759 0.98 3568.54081632653 74.1122448979592 429.284003842105
0.00181818181818182 1.48149233630556 0.39477553054015 0.345988414426816 0.99 3014.85858585859 46.4646464646465 451.080778226182
0.00181818181818182 1.49985967848782 0.395713014397888 0.123687356841476 1 3435.93 58.23 447.931536896368
0.00181818181818182 1.38424775330285 0.283490036025051 -0.36372817963631 0.98 3430.41836734694 78.3775510204082 420.339706794998
0.00181818181818182 1.4521884432793 0.332270397403718 0.204246253338196 1 3294.6 56.75 418.727633393344
0.00181818181818182 1.4788986178115 0.39312417821493 0.0831250594928861 1 3206.08 55.56 441.556441678242
0.00181818181818182 1.41728594578216 0.349657343292441 -0.738924425936659 0.98 2837.16326530612 72.9285714285714 456.131451424589
0.00181818181818182 1.46320491289014 0.388007872713994 -0.54776044482841 0.98 3032.73469387755 67.1122448979592 424.124164500698
0.00181818181818182 1.44959233157649 0.366511466321907 -0.250136354179923 0.98 3226.01020408163 66.6836734693878 443.3961235645
0.00181818181818182 1.44513597358586 0.342615963337836 -0.0379731304893446 0.98 3179.01020408163 62.3061224489796 447.000262294172
0.00181818181818182 1.47962480798884 0.347608556485955 0.400931959359774 0.99 3709.18181818182 58.989898989899 439.184566877907
0.00181818181818182 1.49041690836565 0.39669913088732 -0.0806520615959022 1 3263.05 60.85 432.709606657043
0.00181818181818182 1.42828675439763 0.380658271088891 -0.292261269168901 0.98 2283.61224489796 45.9591836734694 442.984081041448
0.00181818181818182 1.45779582884515 0.377808379752754 -0.28351341024012 0.98 2892.80612244898 59.8673469387755 466.235863879074
0.00181818181818182 1.46827401669739 0.390028502801452 -0.385914680501818 0.98 3224.78571428571 67.3469387755102 421.168729042333
0.00181818181818182 1.4604485312286 0.359821928961235 -0.125819268180491 0.99 3231.20202020202 64.7777777777778 436.490986675133
0.00181818181818182 1.44306709036611 0.324906877483977 0.183110337814604 0.99 3228.42424242424 55.7474747474747 431.578800448565
0.00181818181818182 1.46127376823249 0.336892549528755 0.115032842344283 0.99 3879.39393939394 69.3030303030303 473.311474699254
0.00181818181818182 1.4341264569209 0.352399778604184 -0.322952719999752 0.99 2983.19191919192 64.0808080808081 429.195374576236
0.00181818181818182 1.44321160314953 0.295705184112719 0.353528506569842 0.99 3637.44444444444 60.0606060606061 445.22212693504
0.00181818181818182 1.36579703842549 0.277615103760971 -0.548384894518649 0.98 2626.83673469388 63.5102040816327 403.093982655259
0.00181818181818182 1.38109473457286 0.318487632887206 -0.485620664582721 0.98 2606.55102040816 59.7551020408163 413.261931632572
0.00181818181818182 1.4900248075158 0.388858905472767 0.604499537948948 1 2999.93 42.42 439.358203896836
0.00181818181818182 1.40238323408589 0.331078500865894 -0.236337533319825 0.98 2566.09183673469 53.0816326530612 420.632238150722
0.00181818181818182 1.41705689242046 0.362344712647782 -0.0817556637078647 0.99 2185.29292929293 41.4949494949495 431.07606234728
0.00181818181818182 1.49985967848782 0.395713014397888 0.123687356841476 1 3435.93 58.23 447.931536896368
0.00181818181818182 1.40238323408589 0.331078500865894 -0.236337533319825 0.98 2566.09183673469 53.0816326530612 420.632238150722
0.00181818181818182 1.41686023128832 0.344974350275894 -0.338575550167266 0.99 3129.56565656566 66.1212121212121 443.727016229846
0.00181818181818182 1.41728594578216 0.349657343292441 -0.738924425936659 0.98 2837.16326530612 72.9285714285714 456.131451424589
0.00181818181818182 1.38109473457286 0.318487632887206 -0.485620664582721 0.98 2606.55102040816 59.7551020408163 413.261931632572
0.00181818181818182 1.39218462720614 0.321305924278017 -0.443041655809881 1 2937.82 69.08 418.494134731186
0.00181818181818182 1.38861327393608 0.319235134392671 -0.967030242742153 0.98 3194.04081632653 88 476.304593580337
0.00181818181818182 1.46960680214688 0.362634484353475 -0.37418844178319 0.99 3981.27272727273 83.1111111111111 436.376944776087
0.00181818181818182 1.47361837693363 0.371031759604873 -0.345756613876581 0.99 3846.28282828283 78.2626262626263 445.460394364522
0.00181818181818182 1.4604485312286 0.359821928961235 -0.125819268180491 0.99 3231.20202020202 64.7777777777778 436.490986675133
0.00181818181818182 1.44959233157649 0.366511466321907 -0.250136354179923 0.98 3226.01020408163 66.6836734693878 443.3961235645
0.00181818181818182 1.40365038635209 0.298320393403992 0.0135092842392623 0.98 2987.78571428571 57.4591836734694 416.098655436987
0.00181818181818182 1.46251449915143 0.374459946631712 -0.325028001727522 0.98 3635.25510204082 76.4795918367347 434.681696901097
0.00181818181818182 1.39432799956861 0.336752379099404 -0.865925963206966 0.97 2813.0618556701 75.2886597938144 443.011626430813
0.00181818181818182 1.41710807730544 0.344739549261831 0.201394238899387 0.99 2552.77777777778 44.2525252525253 422.727161161464
0.00181818181818182 1.41710807730544 0.344739549261831 0.201394238899387 0.99 2552.77777777778 44.2525252525253 422.727161161464
0.00181818181818182 1.42828675439763 0.380658271088891 -0.292261269168901 0.98 2283.61224489796 45.9591836734694 442.984081041448
0.00181818181818182 1.4195613854685 0.356520577354918 -0.627453079787673 0.99 2828.67676767677 66.3434343434343 426.287570818625
0.00181818181818182 1.4341264569209 0.352399778604184 -0.322952719999752 0.99 2983.19191919192 64.0808080808081 429.195374576236
0.00181818181818182 1.44668335625812 0.376057693136412 -0.252857378676828 0.99 3005.30303030303 62.5858585858586 467.320976863876
0.00181818181818182 1.46320491289014 0.388007872713994 -0.54776044482841 0.98 3032.73469387755 67.1122448979592 424.124164500698
0.00181818181818182 1.47361837693363 0.371031759604873 -0.345756613876581 0.99 3846.28282828283 78.2626262626263 445.460394364522
0.00181818181818182 1.36985406646856 0.271420446338579 -0.936840676196925 0.99 3504.10101010101 98.6666666666667 481.239762608668
0.00181818181818182 1.45513311517387 0.363137494231475 -0.141550488659006 0.99 3516.64646464646 66.3535353535353 431.68884202111
0.00181818181818182 1.4651105075099 0.33917830978232 0.253662448235924 0.99 3670.63636363636 61.8383838383838 436.546717820894
0.00181818181818182 1.4300645614891 0.36910786685527 -0.911103731945258 0.98 3143.81632653061 80.4795918367347 416.174361588073
0.00181818181818182 1.4260437148418 0.290242807354393 0.0157271130843034 0.99 3808.56565656566 72.4444444444444 423.523420615771
0.00181818181818182 1.43973934299558 0.380904043463093 -0.055391024047058 0.99 2596.71717171717 49.2828282828283 437.169395164995
0.00181818181818182 1.44668335625812 0.376057693136412 -0.252857378676828 0.99 3005.30303030303 62.5858585858586 467.320976863876
0.00181818181818182 1.41728594578216 0.349657343292441 -0.738924425936659 0.98 2837.16326530612 72.9285714285714 456.131451424589
0.00181818181818182 1.46318679037778 0.330797255942905 0.102914645474769 0.99 3616.51515151515 65.4848484848485 417.005545680903
0.00181818181818182 1.48173427423132 0.356889739038509 0.357983943906427 0.99 3511.14141414141 56.9393939393939 429.683422435173
0.00181818181818182 1.40238323408589 0.331078500865894 -0.236337533319825 0.98 2566.09183673469 53.0816326530612 420.632238150722
0.00181818181818182 1.44321160314953 0.295705184112719 0.353528506569842 0.99 3637.44444444444 60.0606060606061 445.22212693504
0.00181818181818182 1.42828675439763 0.380658271088891 -0.292261269168901 0.98 2283.61224489796 45.9591836734694 442.984081041448
0.00181818181818182 1.49855898312991 0.387166347623168 0.399258153089903 0.99 3221.17171717172 50.010101010101 460.143585862729
0.00181818181818182 1.51269276814296 0.394321142560781 0.596262164702117 0.99 3417.06060606061 48.3636363636364 448.415120626954
0.00181818181818182 1.45591014979937 0.354501630162916 0.277616205951799 0.99 3290.63636363636 53.7676767676768 416.630568228582
0.00181818181818182 1.40238323408589 0.331078500865894 -0.236337533319825 0.98 2566.09183673469 53.0816326530612 420.632238150722
0.00181818181818182 1.38356263136194 0.272468791318832 -0.294562310136295 0.98 2885.74489795918 64.4591836734694 415.506998077073
0.00181818181818182 1.46127376823249 0.336892549528755 0.115032842344283 0.99 3879.39393939394 69.3030303030303 473.311474699254
0.00181818181818182 1.43032238517771 0.367546265286444 -0.281237825326436 0.98 2358.36734693878 48.8877551020408 432.486266480676
0.00181818181818182 1.41728594578216 0.349657343292441 -0.738924425936659 0.98 2837.16326530612 72.9285714285714 456.131451424589
0.00181818181818182 1.51269276814296 0.394321142560781 0.596262164702117 0.99 3417.06060606061 48.3636363636364 448.415120626954
0.00181818181818182 1.46374286353152 0.38066160474261 -0.182242273640953 0.98 2959.5 60.3061224489796 481.784579694728
0.00181818181818182 1.38356263136194 0.272468791318832 -0.294562310136295 0.98 2885.74489795918 64.4591836734694 415.506998077073
0.00181818181818182 1.4471413734233 0.369301278297683 0.0570432139052852 0.99 2820.73737373737 49.2222222222222 415.66812011327
0.00181818181818182 1.39218462720614 0.321305924278017 -0.443041655809881 1 2937.82 69.08 418.494134731186
0.00181818181818182 1.46374286353152 0.38066160474261 -0.182242273640953 0.98 2959.5 60.3061224489796 481.784579694728
0.00181818181818182 1.39336773046971 0.297451846189732 -0.355446424983447 0.99 2987.06060606061 66.9393939393939 406.321426553184
0.00181818181818182 1.41789841246469 0.329496780967438 0.071484855239794 0.98 2875.60204081633 53.2244897959184 425.847065390461
0.00181818181818182 1.39218462720614 0.321305924278017 -0.443041655809881 1 2937.82 69.08 418.494134731186
0.00181818181818182 1.49041690836565 0.39669913088732 -0.0806520615959022 1 3263.05 60.85 432.709606657043
0.00181818181818182 1.41784959871469 0.300944062732646 -0.137884003850871 0.99 3326.12121212121 67.6060606060606 413.993683871569
0.00181818181818182 1.38575600079244 0.306845763345934 -0.0135389184409768 0.99 2373.30303030303 45.8888888888889 433.834060555492
0.00181818181818182 1.39432799956861 0.336752379099404 -0.865925963206966 0.97 2813.0618556701 75.2886597938144 443.011626430813
0.00181818181818182 1.40140814925678 0.268103184010712 -0.358607991641092 0.99 3945.32323232323 88.0909090909091 451.619813520469
0.00181818181818182 1.38356263136194 0.272468791318832 -0.294562310136295 0.98 2885.74489795918 64.4591836734694 415.506998077073
0.00181818181818182 1.40365038635209 0.298320393403992 0.0135092842392623 0.98 2987.78571428571 57.4591836734694 416.098655436987
0.00181818181818182 1.49855898312991 0.387166347623168 0.399258153089903 0.99 3221.17171717172 50.010101010101 460.143585862729
0.00181818181818182 1.43686660552558 0.333859172349382 -0.471793858499022 0.99 3413.12121212121 77.2525252525252 429.876440018636
0.00181818181818182 1.48616973291622 0.36841878480616 -0.294562981243149 0.99 3826.79797979798 79.8686868686869 443.56880226062
0.00181818181818182 1.43032238517771 0.367546265286444 -0.281237825326436 0.98 2358.36734693878 48.8877551020408 432.486266480676
0.00181818181818182 1.38424775330285 0.283490036025051 -0.36372817963631 0.98 3430.41836734694 78.3775510204082 420.339706794998
0.00181818181818182 1.43032238517771 0.367546265286444 -0.281237825326436 0.98 2358.36734693878 48.8877551020408 432.486266480676
0.00181818181818182 1.46455062105024 0.353980019302226 -0.215048127925772 0.98 3603.27551020408 73.3673469387755 434.519266180673
0.00181818181818182 1.44959233157649 0.366511466321907 -0.250136354179923 0.98 3226.01020408163 66.6836734693878 443.3961235645
0.00181818181818182 1.45169702185346 0.360414119291177 -0.238637773452769 1 3560.84 71.03 446.117260513145
0.00181818181818182 1.46127376823249 0.336892549528755 0.115032842344283 0.99 3879.39393939394 69.3030303030303 473.311474699254
0.00181818181818182 1.38356263136194 0.272468791318832 -0.294562310136295 0.98 2885.74489795918 64.4591836734694 415.506998077073
0.00181818181818182 1.41618225954801 0.364562786011213 -0.477041235578902 0.99 2471.25252525253 56.7070707070707 447.160114934734
0.00181818181818182 1.51269276814296 0.394321142560781 0.596262164702117 0.99 3417.06060606061 48.3636363636364 448.415120626954
0.00181818181818182 1.4900248075158 0.388858905472767 0.604499537948948 1 2999.93 42.42 439.358203896836
0.00181818181818182 1.39218462720614 0.321305924278017 -0.443041655809881 1 2937.82 69.08 418.494134731186
0.00181818181818182 1.45513311517387 0.363137494231475 -0.141550488659006 0.99 3516.64646464646 66.3535353535353 431.68884202111
0.00181818181818182 1.39218462720614 0.321305924278017 -0.443041655809881 1 2937.82 69.08 418.494134731186
0.00181818181818182 1.40843420348533 0.342635390896835 -0.481843682552249 0.98 2664.88775510204 62.5612244897959 450.008345236159
0.00181818181818182 1.4300645614891 0.36910786685527 -0.911103731945258 0.98 3143.81632653061 80.4795918367347 416.174361588073
0.00181818181818182 1.43686660552558 0.333859172349382 -0.471793858499022 0.99 3413.12121212121 77.2525252525252 429.876440018636
0.00181818181818182 1.42701146238261 0.314917862536555 -0.164152489180173 0.98 3316.98979591837 68.4285714285714 433.260774389102
0.00181818181818182 1.40140814925678 0.268103184010712 -0.358607991641092 0.99 3945.32323232323 88.0909090909091 451.619813520469
0.00181818181818182 1.45169702185346 0.360414119291177 -0.238637773452769 1 3560.84 71.03 446.117260513145
0.00181818181818182 1.38947605934919 0.258742901280215 -0.333782007794767 0.99 3548.0404040404 79.4848484848485 424.480425704151
0.00181818181818182 1.49992909861528 0.388288082196057 0.190679030434109 0.99 3708.67676767677 61.8787878787879 432.31627193816
0.00181818181818182 1.4945541983936 0.373323390431343 0.56112276756826 1 3483.74 51.34 431.171090559619
0.00181818181818182 1.47830464238198 0.342778020559266 0.921722803182766 1 3404.19 45.18 437.531291921589
0.00181818181818182 1.40140814925678 0.268103184010712 -0.358607991641092 0.99 3945.32323232323 88.0909090909091 451.619813520469
0.00181818181818182 1.47962480798884 0.347608556485955 0.400931959359774 0.99 3709.18181818182 58.989898989899 439.184566877907
0.00181818181818182 1.46147403067481 0.373492251537251 -0.470570243398247 0.98 3440.62244897959 75.8775510204082 461.127047576967
0.00181818181818182 1.44513597358586 0.342615963337836 -0.0379731304893446 0.98 3179.01020408163 62.3061224489796 447.000262294172
0.00181818181818182 1.43351827974348 0.354693321226903 -0.0984523853219224 0.98 2766.14285714286 52.9183673469388 430.911756331176
0.00181818181818182 1.46563328966939 0.358699318650105 0.140535656300292 0.99 3487.79797979798 61.5757575757576 449.31647831565
0.00181818181818182 1.39004617935713 0.272418752000509 -0.0429183159819934 0.98 3024.12244897959 62.0918367346939 431.641475487896
0.00181818181818182 1.46127376823249 0.336892549528755 0.115032842344283 0.99 3879.39393939394 69.3030303030303 473.311474699254
0.00181818181818182 1.38356263136194 0.272468791318832 -0.294562310136295 0.98 2885.74489795918 64.4591836734694 415.506998077073
0.00181818181818182 1.46960680214688 0.362634484353475 -0.37418844178319 0.99 3981.27272727273 83.1111111111111 436.376944776087
0.00181818181818182 1.46277016865731 0.333638345513471 0.276973871131561 0.99 3366.43434343434 57.4646464646465 419.372333377013
0.00181818181818182 1.39432799956861 0.336752379099404 -0.865925963206966 0.97 2813.0618556701 75.2886597938144 443.011626430813
0.00181818181818182 1.45591014979937 0.354501630162916 0.277616205951799 0.99 3290.63636363636 53.7676767676768 416.630568228582
0.00181818181818182 1.40140814925678 0.268103184010712 -0.358607991641092 0.99 3945.32323232323 88.0909090909091 451.619813520469
0.00181818181818182 1.3699881066819 0.274536375715665 -0.0847109814099291 0.98 3008.85714285714 62.3673469387755 445.644295916129
0.00181818181818182 1.41112480840521 0.298202908840894 -0.550851329355504 0.98 3626.68367346939 88.7857142857143 464.521870209576
0.00181818181818182 1.3699881066819 0.274536375715665 -0.0847109814099291 0.98 3008.85714285714 62.3673469387755 445.644295916129
0.00181818181818182 1.37004711331412 0.319114003071256 -0.875297945946446 0.97 2655.09278350515 72.2371134020619 453.783471181302
0.00181818181818182 1.4521884432793 0.332270397403718 0.204246253338196 1 3294.6 56.75 418.727633393344
0.00181818181818182 1.37172722092977 0.283834264034051 -0.611748013429179 0.97 2901.8969072165 74.3505154639175 464.76926344199
0.00181818181818182 1.39218462720614 0.321305924278017 -0.443041655809881 1 2937.82 69.08 418.494134731186
0.00181818181818182 1.42984795267942 0.338147040586916 -0.191372528674333 0.98 3224.04081632653 64.4183673469388 443.973487520613
0.00181818181818182 1.49041690836565 0.39669913088732 -0.0806520615959022 1 3263.05 60.85 432.709606657043
0.00181818181818182 1.4356499822475 0.351513923229099 -0.119443227406895 1 3160.51 59.7 423.835794187706
0.00181818181818182 1.50882395567673 0.397771450027851 0.506867604075193 1 3362.28 48.57 434.503390704562
0.00181818181818182 1.46251449915143 0.374459946631712 -0.325028001727522 0.98 3635.25510204082 76.4795918367347 434.681696901097
0.00181818181818182 1.43788521748224 0.390280280546501 -0.594406758120775 0.98 2661.83673469388 61.6938775510204 465.075184825503
0.00181818181818182 1.43351827974348 0.354693321226903 -0.0984523853219224 0.98 2766.14285714286 52.9183673469388 430.911756331176
0.00181818181818182 1.44668335625812 0.376057693136412 -0.252857378676828 0.99 3005.30303030303 62.5858585858586 467.320976863876
0.00181818181818182 1.37172722092977 0.283834264034051 -0.611748013429179 0.97 2901.8969072165 74.3505154639175 464.76926344199
0.00181818181818182 1.43788521748224 0.390280280546501 -0.594406758120775 0.98 2661.83673469388 61.6938775510204 465.075184825503
0.00181818181818182 1.45701154860999 0.39124192461866 -0.0746921146231747 0.99 3002.21212121212 55.3838383838384 451.301335716085
0.00181818181818182 1.37172722092977 0.283834264034051 -0.611748013429179 0.97 2901.8969072165 74.3505154639175 464.76926344199
0.00181818181818182 1.39218462720614 0.321305924278017 -0.443041655809881 1 2937.82 69.08 418.494134731186
0.00181818181818182 1.40238323408589 0.331078500865894 -0.236337533319825 0.98 2566.09183673469 53.0816326530612 420.632238150722
0.00181818181818182 1.48616973291622 0.36841878480616 -0.294562981243149 0.99 3826.79797979798 79.8686868686869 443.56880226062
0.00181818181818182 1.41710807730544 0.344739549261831 0.201394238899387 0.99 2552.77777777778 44.2525252525253 422.727161161464
0.00181818181818182 1.49985967848782 0.395713014397888 0.123687356841476 1 3435.93 58.23 447.931536896368
0.00181818181818182 1.44513597358586 0.342615963337836 -0.0379731304893446 0.98 3179.01020408163 62.3061224489796 447.000262294172
0.00181818181818182 1.42828675439763 0.380658271088891 -0.292261269168901 0.98 2283.61224489796 45.9591836734694 442.984081041448
0.00181818181818182 1.36985406646856 0.271420446338579 -0.936840676196925 0.99 3504.10101010101 98.6666666666667 481.239762608668
0.00181818181818182 1.40843420348533 0.342635390896835 -0.481843682552249 0.98 2664.88775510204 62.5612244897959 450.008345236159
0.00181818181818182 1.41789841246469 0.329496780967438 0.071484855239794 0.98 2875.60204081633 53.2244897959184 425.847065390461
0.00181818181818182 1.45169702185346 0.360414119291177 -0.238637773452769 1 3560.84 71.03 446.117260513145
0.00181818181818182 1.41889116620605 0.323049056056105 -0.0190582476393362 0.99 2883.25252525253 56.8383838383838 424.354754833223
0.00181818181818182 1.46127376823249 0.336892549528755 0.115032842344283 0.99 3879.39393939394 69.3030303030303 473.311474699254
0.00181818181818182 1.38575600079244 0.306845763345934 -0.0135389184409768 0.99 2373.30303030303 45.8888888888889 433.834060555492
0.00181818181818182 1.49041690836565 0.39669913088732 -0.0806520615959022 1 3263.05 60.85 432.709606657043
0.00181818181818182 1.3699881066819 0.274536375715665 -0.0847109814099291 0.98 3008.85714285714 62.3673469387755 445.644295916129
0.00181818181818182 1.4651105075099 0.33917830978232 0.253662448235924 0.99 3670.63636363636 61.8383838383838 436.546717820894
0.00181818181818182 1.40140814925678 0.268103184010712 -0.358607991641092 0.99 3945.32323232323 88.0909090909091 451.619813520469
0.00181818181818182 1.41789841246469 0.329496780967438 0.071484855239794 0.98 2875.60204081633 53.2244897959184 425.847065390461
0.00181818181818182 1.42828675439763 0.380658271088891 -0.292261269168901 0.98 2283.61224489796 45.9591836734694 442.984081041448
0.00181818181818182 1.39336773046971 0.297451846189732 -0.355446424983447 0.99 2987.06060606061 66.9393939393939 406.321426553184
0.00181818181818182 1.42984795267942 0.338147040586916 -0.191372528674333 0.98 3224.04081632653 64.4183673469388 443.973487520613
0.00181818181818182 1.40365038635209 0.298320393403992 0.0135092842392623 0.98 2987.78571428571 57.4591836734694 416.098655436987
0.00181818181818182 1.42984795267942 0.338147040586916 -0.191372528674333 0.98 3224.04081632653 64.4183673469388 443.973487520613
0.00181818181818182 1.49855898312991 0.387166347623168 0.399258153089903 0.99 3221.17171717172 50.010101010101 460.143585862729
0.00181818181818182 1.37172722092977 0.283834264034051 -0.611748013429179 0.97 2901.8969072165 74.3505154639175 464.76926344199
0.00181818181818182 1.44480029108203 0.330229853838519 0.17138336943749 0.99 3049.83838383838 53.7070707070707 409.321042189687
0.00181818181818182 1.46827401669739 0.390028502801452 -0.385914680501818 0.98 3224.78571428571 67.3469387755102 421.168729042333
0.00181818181818182 1.39218462720614 0.321305924278017 -0.443041655809881 1 2937.82 69.08 418.494134731186
0.00181818181818182 1.49985967848782 0.395713014397888 0.123687356841476 1 3435.93 58.23 447.931536896368
0.00181818181818182 1.4521884432793 0.332270397403718 0.204246253338196 1 3294.6 56.75 418.727633393344
0.00181818181818182 1.49985967848782 0.395713014397888 0.123687356841476 1 3435.93 58.23 447.931536896368
0.00181818181818182 1.38424775330285 0.283490036025051 -0.36372817963631 0.98 3430.41836734694 78.3775510204082 420.339706794998
0.00181818181818182 1.46563328966939 0.358699318650105 0.140535656300292 0.99 3487.79797979798 61.5757575757576 449.31647831565
0.00181818181818182 1.39509745461993 0.331278343650055 -0.260818475740788 1 2280.75 48.86 405.150350818446
0.00181818181818182 1.38861327393608 0.319235134392671 -0.967030242742153 0.98 3194.04081632653 88 476.304593580337
0.00181818181818182 1.41728594578216 0.349657343292441 -0.738924425936659 0.98 2837.16326530612 72.9285714285714 456.131451424589
0.00181818181818182 1.39218462720614 0.321305924278017 -0.443041655809881 1 2937.82 69.08 418.494134731186
0.00181818181818182 1.44513597358586 0.342615963337836 -0.0379731304893446 0.98 3179.01020408163 62.3061224489796 447.000262294172
0.00181818181818182 1.49992909861528 0.388288082196057 0.190679030434109 0.99 3708.67676767677 61.8787878787879 432.31627193816
0.00181818181818182 1.4300645614891 0.36910786685527 -0.911103731945258 0.98 3143.81632653061 80.4795918367347 416.174361588073
0.00181818181818182 1.3699881066819 0.274536375715665 -0.0847109814099291 0.98 3008.85714285714 62.3673469387755 445.644295916129
0.00181818181818182 1.51269276814296 0.394321142560781 0.596262164702117 0.99 3417.06060606061 48.3636363636364 448.415120626954
0.00181818181818182 1.4945541983936 0.373323390431343 0.56112276756826 1 3483.74 51.34 431.171090559619
0.00181818181818182 1.41705689242046 0.362344712647782 -0.0817556637078647 0.99 2185.29292929293 41.4949494949495 431.07606234728
0.00181818181818182 1.40140814925678 0.268103184010712 -0.358607991641092 0.99 3945.32323232323 88.0909090909091 451.619813520469
0.00181818181818182 1.49524632118942 0.380026414619286 -0.203137246088683 0.99 3694.43434343434 74.9090909090909 465.223362883784
0.00181818181818182 1.45591014979937 0.354501630162916 0.277616205951799 0.99 3290.63636363636 53.7676767676768 416.630568228582
0.00181818181818182 1.44668335625812 0.376057693136412 -0.252857378676828 0.99 3005.30303030303 62.5858585858586 467.320976863876
0.00181818181818182 1.41789841246469 0.329496780967438 0.071484855239794 0.98 2875.60204081633 53.2244897959184 425.847065390461
0.00181818181818182 1.42828675439763 0.380658271088891 -0.292261269168901 0.98 2283.61224489796 45.9591836734694 442.984081041448
0.00181818181818182 1.3699881066819 0.274536375715665 -0.0847109814099291 0.98 3008.85714285714 62.3673469387755 445.644295916129
0.00181818181818182 1.44959233157649 0.366511466321907 -0.250136354179923 0.98 3226.01020408163 66.6836734693878 443.3961235645
0.00181818181818182 1.51269276814296 0.394321142560781 0.596262164702117 0.99 3417.06060606061 48.3636363636364 448.415120626954
0.00181818181818182 1.46374286353152 0.38066160474261 -0.182242273640953 0.98 2959.5 60.3061224489796 481.784579694728
0.00181818181818182 1.38356263136194 0.272468791318832 -0.294562310136295 0.98 2885.74489795918 64.4591836734694 415.506998077073
0.00181818181818182 1.46960680214688 0.362634484353475 -0.37418844178319 0.99 3981.27272727273 83.1111111111111 436.376944776087
0.00181818181818182 1.34392956228248 0.281714756517455 -0.407954141745444 0.98 2119.5 51.2244897959184 429.04379821643
0.00181818181818182 1.42349024180838 0.322906669536066 -0.197982326390949 0.99 3017.49494949495 64.989898989899 441.241921431259
0.00181818181818182 1.46374286353152 0.38066160474261 -0.182242273640953 0.98 2959.5 60.3061224489796 481.784579694728
0.00181818181818182 1.37172722092977 0.283834264034051 -0.611748013429179 0.97 2901.8969072165 74.3505154639175 464.76926344199
0.00181818181818182 1.40238323408589 0.331078500865894 -0.236337533319825 0.98 2566.09183673469 53.0816326530612 420.632238150722
0.00181818181818182 1.46295907894381 0.37579569535304 0.10822880647958 0.99 3035.89898989899 51.4545454545455 448.955038540919
0.00181818181818182 1.36985406646856 0.271420446338579 -0.936840676196925 0.99 3504.10101010101 98.6666666666667 481.239762608668
0.00181818181818182 1.44668335625812 0.376057693136412 -0.252857378676828 0.99 3005.30303030303 62.5858585858586 467.320976863876
0.00181818181818182 1.46563328966939 0.358699318650105 0.140535656300292 0.99 3487.79797979798 61.5757575757576 449.31647831565
0.00181818181818182 1.37172722092977 0.283834264034051 -0.611748013429179 0.97 2901.8969072165 74.3505154639175 464.76926344199
0.00181818181818182 1.4945541983936 0.373323390431343 0.56112276756826 1 3483.74 51.34 431.171090559619
0.00181818181818182 1.40238323408589 0.331078500865894 -0.236337533319825 0.98 2566.09183673469 53.0816326530612 420.632238150722
0.00181818181818182 1.41705689242046 0.362344712647782 -0.0817556637078647 0.99 2185.29292929293 41.4949494949495 431.07606234728
0.00181818181818182 1.38356263136194 0.272468791318832 -0.294562310136295 0.98 2885.74489795918 64.4591836734694 415.506998077073
0.00181818181818182 1.39432799956861 0.336752379099404 -0.865925963206966 0.97 2813.0618556701 75.2886597938144 443.011626430813
0.00181818181818182 1.43686660552558 0.333859172349382 -0.471793858499022 0.99 3413.12121212121 77.2525252525252 429.876440018636
0.00181818181818182 1.39340680926635 0.318182876011873 -0.958667205076698 1 3428.32 96.29 455.207116160386
0.00181818181818182 1.40365038635209 0.298320393403992 0.0135092842392623 0.98 2987.78571428571 57.4591836734694 416.098655436987
0.00181818181818182 1.4195613854685 0.356520577354918 -0.627453079787673 0.99 2828.67676767677 66.3434343434343 426.287570818625
0.00181818181818182 1.46320491289014 0.388007872713994 -0.54776044482841 0.98 3032.73469387755 67.1122448979592 424.124164500698
0.00181818181818182 1.40295900378365 0.392290196339765 -0.719385250775488 0.98 1974.21428571429 47.2448979591837 432.851842675942
0.00181818181818182 1.44668335625812 0.376057693136412 -0.252857378676828 0.99 3005.30303030303 62.5858585858586 467.320976863876
0.00181818181818182 1.41705689242046 0.362344712647782 -0.0817556637078647 0.99 2185.29292929293 41.4949494949495 431.07606234728
0.00181818181818182 1.40287524834275 0.346888427203521 -0.509731791913509 0.98 2529.72448979592 58.234693877551 436.260788006782
0.00181818181818182 1.41705689242046 0.362344712647782 -0.0817556637078647 0.99 2185.29292929293 41.4949494949495 431.07606234728
0.00181818181818182 1.39336773046971 0.297451846189732 -0.355446424983447 0.99 2987.06060606061 66.9393939393939 406.321426553184
0.00181818181818182 1.41728594578216 0.349657343292441 -0.738924425936659 0.98 2837.16326530612 72.9285714285714 456.131451424589
0.00181818181818182 1.46127376823249 0.336892549528755 0.115032842344283 0.99 3879.39393939394 69.3030303030303 473.311474699254
0.00181818181818182 1.38356263136194 0.272468791318832 -0.294562310136295 0.98 2885.74489795918 64.4591836734694 415.506998077073
0.00181818181818182 1.38356263136194 0.272468791318832 -0.294562310136295 0.98 2885.74489795918 64.4591836734694 415.506998077073
