0 1.44668335625812 0.376057693136412 -0.252857378676828 0.99 3005.30303030303 62.5858585858586 467.320976863876
0.00334448160535117 1.39218462720614 0.321305924278017 -0.443041655809881 1 2937.82 69.08 418.494134731186
0 1.44668335625812 0.376057693136412 -0.252857378676828 0.99 3005.30303030303 62.5858585858586 467.320976863876
0.00334448160535117 1.43675516229826 0.370969701409615 -0.804966393045725 1 3127.85 77.46 470.168642243109
0 1.44668335625812 0.376057693136412 -0.252857378676828 0.99 3005.30303030303 62.5858585858586 467.320976863876
0 1.44668335625812 0.376057693136412 -0.252857378676828 0.99 3005.30303030303 62.5858585858586 467.320976863876
0.00334448160535117 1.4195613854685 0.356520577354918 -0.627453079787673 0.99 2828.67676767677 66.3434343434343 426.287570818625
0 1.44668335625812 0.376057693136412 -0.252857378676828 0.99 3005.30303030303 62.5858585858586 467.320976863876
0 1.44668335625812 0.376057693136412 -0.252857378676828 0.99 3005.30303030303 62.5858585858586 467.320976863876
0 1.44668335625812 0.376057693136412 -0.252857378676828 0.99 3005.30303030303 62.5858585858586 467.320976863876
0 1.44668335625812 0.376057693136412 -0.252857378676828 0.99 3005.30303030303 62.5858585858586 467.320976863876
0 1.46400070707676 0.392297116853888 -0.331353204997926 0.99 3035.84848484848 63.3838383838384 439.108415856145
0.00334448160535117 1.39218462720614 0.321305924278017 -0.443041655809881 1 2937.82 69.08 418.494134731186
0 1.43791428035407 0.380487481392632 -0.975383881035816 0.99 3251.28282828283 85.5757575757576 462.134151412582
0.00334448160535117 1.41618225954801 0.364562786011213 -0.477041235578902 0.99 2471.25252525253 56.7070707070707 447.160114934734
0.00334448160535117 1.39218462720614 0.321305924278017 -0.443041655809881 1 2937.82 69.08 418.494134731186
0 1.44668335625812 0.376057693136412 -0.252857378676828 0.99 3005.30303030303 62.5858585858586 467.320976863876
0 1.4341264569209 0.352399778604184 -0.322952719999752 0.99 2983.19191919192 64.0808080808081 429.195374576236
0 1.4341264569209 0.352399778604184 -0.322952719999752 0.99 2983.19191919192 64.0808080808081 429.195374576236
0.00334448160535117 1.42939499489246 0.352795929573594 -0.729353876278669 1 3145.13 76.82 446.964720978452
0 1.43406828441924 0.365743016814483 -0.300938681021251 0.99 2822.76767676768 59.2525252525253 460.073443041075
0 1.43406828441924 0.365743016814483 -0.300938681021251 0.99 2822.76767676768 59.2525252525253 460.073443041075
0.00334448160535117 1.39218462720614 0.321305924278017 -0.443041655809881 1 2937.82 69.08 418.494134731186
0.00334448160535117 1.39218462720614 0.321305924278017 -0.443041655809881 1 2937.82 69.08 418.494134731186
0 1.44668335625812 0.376057693136412 -0.252857378676828 0.99 3005.30303030303 62.5858585858586 467.320976863876
0 1.43791428035407 0.380487481392632 -0.975383881035816 0.99 3251.28282828283 85.5757575757576 462.134151412582
0 1.44668335625812 0.376057693136412 -0.252857378676828 0.99 3005.30303030303 62.5858585858586 467.320976863876
0 1.4341264569209 0.352399778604184 -0.322952719999752 0.99 2983.19191919192 64.0808080808081 429.195374576236
0 1.4341264569209 0.352399778604184 -0.322952719999752 0.99 2983.19191919192 64.0808080808081 429.195374576236
0 1.42344609355624 0.338198186434174 -0.520068493194732 0.99 3092.58585858586 73.1212121212121 425.310519504447
0 1.44668335625812 0.376057693136412 -0.252857378676828 0.99 3005.30303030303 62.5858585858586 467.320976863876
0.00334448160535117 1.39218462720614 0.321305924278017 -0.443041655809881 1 2937.82 69.08 418.494134731186
0.00334448160535117 1.42349024180838 0.322906669536066 -0.197982326390949 0.99 3017.49494949495 64.989898989899 441.241921431259
0 1.44668335625812 0.376057693136412 -0.252857378676828 0.99 3005.30303030303 62.5858585858586 467.320976863876
0.00334448160535117 1.4195613854685 0.356520577354918 -0.627453079787673 0.99 2828.67676767677 66.3434343434343 426.287570818625
0.00334448160535117 1.4238662165512 0.372894752201068 -0.528238848356032 1 2401.26 55.43 432.077221942835
0.00334448160535117 1.43290801112279 0.37972444683956 -0.641889311394072 0.99 2893.69696969697 68.6767676767677 449.173880225098
0.00334448160535117 1.42939499489246 0.352795929573594 -0.729353876278669 1 3145.13 76.82 446.964720978452
0.00334448160535117 1.40632836835036 0.365787854029123 -0.693981614196096 1 2514.8 61.88 434.453498085807
0 1.43406828441924 0.365743016814483 -0.300938681021251 0.99 2822.76767676768 59.2525252525253 460.073443041075
0 1.44668335625812 0.376057693136412 -0.252857378676828 0.99 3005.30303030303 62.5858585858586 467.320976863876
0 1.44668335625812 0.376057693136412 -0.252857378676828 0.99 3005.30303030303 62.5858585858586 467.320976863876
0.00334448160535117 1.39218462720614 0.321305924278017 -0.443041655809881 1 2937.82 69.08 418.494134731186
0.00334448160535117 1.39218462720614 0.321305924278017 -0.443041655809881 1 2937.82 69.08 418.494134731186
0.00334448160535117 1.39218462720614 0.321305924278017 -0.443041655809881 1 2937.82 69.08 418.494134731186
0.00334448160535117 1.39218462720614 0.321305924278017 -0.443041655809881 1 2937.82 69.08 418.494134731186
0 1.4341264569209 0.352399778604184 -0.322952719999752 0.99 2983.19191919192 64.0808080808081 429.195374576236
0 1.43406828441924 0.365743016814483 -0.300938681021251 0.99 2822.76767676768 59.2525252525253 460.073443041075
0.00334448160535117 1.42939499489246 0.352795929573594 -0.729353876278669 1 3145.13 76.82 446.964720978452
0 1.42862066076145 0.341172791874613 -0.483718566754895 0.99 3296.08080808081 75.4949494949495 462.010189452212
0.00334448160535117 1.39218462720614 0.321305924278017 -0.443041655809881 1 2937.82 69.08 418.494134731186
0.00334448160535117 1.39218462720614 0.321305924278017 -0.443041655809881 1 2937.82 69.08 418.494134731186
0.00334448160535117 1.39218462720614 0.321305924278017 -0.443041655809881 1 2937.82 69.08 418.494134731186
0 1.44668335625812 0.376057693136412 -0.252857378676828 0.99 3005.30303030303 62.5858585858586 467.320976863876
0 1.4341264569209 0.352399778604184 -0.322952719999752 0.99 2983.19191919192 64.0808080808081 429.195374576236
0.00334448160535117 1.39218462720614 0.321305924278017 -0.443041655809881 1 2937.82 69.08 418.494134731186
0.00334448160535117 1.39218462720614 0.321305924278017 -0.443041655809881 1 2937.82 69.08 418.494134731186
0.00334448160535117 1.41618225954801 0.364562786011213 -0.477041235578902 0.99 2471.25252525253 56.7070707070707 447.160114934734
0 1.43406828441924 0.365743016814483 -0.300938681021251 0.99 2822.76767676768 59.2525252525253 460.073443041075
0.00334448160535117 1.39218462720614 0.321305924278017 -0.443041655809881 1 2937.82 69.08 418.494134731186
0.00334448160535117 1.42349024180838 0.322906669536066 -0.197982326390949 0.99 3017.49494949495 64.989898989899 441.241921431259
0.00334448160535117 1.39218462720614 0.321305924278017 -0.443041655809881 1 2937.82 69.08 418.494134731186
0.00334448160535117 1.39274697678187 0.323008917256828 -0.41109495129868 1 2391.26 54.37 438.997567999416
0.00334448160535117 1.39218462720614 0.321305924278017 -0.443041655809881 1 2937.82 69.08 418.494134731186
0.00334448160535117 1.4238662165512 0.372894752201068 -0.528238848356032 1 2401.26 55.43 432.077221942835
0 1.42862066076145 0.341172791874613 -0.483718566754895 0.99 3296.08080808081 75.4949494949495 462.010189452212
0 1.44668335625812 0.376057693136412 -0.252857378676828 0.99 3005.30303030303 62.5858585858586 467.320976863876
0.00334448160535117 1.40632836835036 0.365787854029123 -0.693981614196096 1 2514.8 61.88 434.453498085807
0 1.44668335625812 0.376057693136412 -0.252857378676828 0.99 3005.30303030303 62.5858585858586 467.320976863876
0.00334448160535117 1.39218462720614 0.321305924278017 -0.443041655809881 1 2937.82 69.08 418.494134731186
0 1.43406828441924 0.365743016814483 -0.300938681021251 0.99 2822.76767676768 59.2525252525253 460.073443041075
0 1.42862066076145 0.341172791874613 -0.483718566754895 0.99 3296.08080808081 75.4949494949495 462.010189452212
0 1.4341264569209 0.352399778604184 -0.322952719999752 0.99 2983.19191919192 64.0808080808081 429.195374576236
0.00334448160535117 1.43327696073412 0.37499666898514 -0.606024314289308 0.99 2659.62626262626 60.5555555555556 434.506865741201
0 1.41686023128832 0.344974350275894 -0.338575550167266 0.99 3129.56565656566 66.1212121212121 443.727016229846
0 1.44668335625812 0.376057693136412 -0.252857378676828 0.99 3005.30303030303 62.5858585858586 467.320976863876
0.00334448160535117 1.39218462720614 0.321305924278017 -0.443041655809881 1 2937.82 69.08 418.494134731186
0.00334448160535117 1.44234382867905 0.395612977693977 -0.831452234423803 1 2929.13 73.1 445.891308406052
0 1.4341264569209 0.352399778604184 -0.322952719999752 0.99 2983.19191919192 64.0808080808081 429.195374576236
0.00334448160535117 1.46602875717437 0.378942096642469 -0.126800099055805 1 3072.1 59.22 441.84116167061
0.00334448160535117 1.39218462720614 0.321305924278017 -0.443041655809881 1 2937.82 69.08 418.494134731186
0 1.43406828441924 0.365743016814483 -0.300938681021251 0.99 2822.76767676768 59.2525252525253 460.073443041075
0 1.4341264569209 0.352399778604184 -0.322952719999752 0.99 2983.19191919192 64.0808080808081 429.195374576236
0 1.4341264569209 0.352399778604184 -0.322952719999752 0.99 2983.19191919192 64.0808080808081 429.195374576236
0.00334448160535117 1.39218462720614 0.321305924278017 -0.443041655809881 1 2937.82 69.08 418.494134731186
0 1.44668335625812 0.376057693136412 -0.252857378676828 0.99 3005.30303030303 62.5858585858586 467.320976863876
0 1.44668335625812 0.376057693136412 -0.252857378676828 0.99 3005.30303030303 62.5858585858586 467.320976863876
0 1.41686023128832 0.344974350275894 -0.338575550167266 0.99 3129.56565656566 66.1212121212121 443.727016229846
0.00334448160535117 1.41618225954801 0.364562786011213 -0.477041235578902 0.99 2471.25252525253 56.7070707070707 447.160114934734
0.00334448160535117 1.39218462720614 0.321305924278017 -0.443041655809881 1 2937.82 69.08 418.494134731186
0.00334448160535117 1.42939499489246 0.352795929573594 -0.729353876278669 1 3145.13 76.82 446.964720978452
0 1.44668335625812 0.376057693136412 -0.252857378676828 0.99 3005.30303030303 62.5858585858586 467.320976863876
0.00334448160535117 1.39218462720614 0.321305924278017 -0.443041655809881 1 2937.82 69.08 418.494134731186
0.00334448160535117 1.39218462720614 0.321305924278017 -0.443041655809881 1 2937.82 69.08 418.494134731186
0 1.44668335625812 0.376057693136412 -0.252857378676828 0.99 3005.30303030303 62.5858585858586 467.320976863876
0 1.44668335625812 0.376057693136412 -0.252857378676828 0.99 3005.30303030303 62.5858585858586 467.320976863876
0.00334448160535117 1.42939499489246 0.352795929573594 -0.729353876278669 1 3145.13 76.82 446.964720978452
0.00334448160535117 1.38600096799312 0.320839099380467 -0.478370722414881 0.99 2486.60606060606 58.3232323232323 446.598596894877
0 1.44668335625812 0.376057693136412 -0.252857378676828 0.99 3005.30303030303 62.5858585858586 467.320976863876
0.00334448160535117 1.40632836835036 0.365787854029123 -0.693981614196096 1 2514.8 61.88 434.453498085807
0 1.44668335625812 0.376057693136412 -0.252857378676828 0.99 3005.30303030303 62.5858585858586 467.320976863876
0.00334448160535117 1.4238662165512 0.372894752201068 -0.528238848356032 1 2401.26 55.43 432.077221942835
0.00334448160535117 1.41488150066795 0.331998271737786 -0.47862744052627 0.99 3131.90909090909 72.4242424242424 454.273088889852
0.00334448160535117 1.39218462720614 0.321305924278017 -0.443041655809881 1 2937.82 69.08 418.494134731186
0.00334448160535117 1.4238662165512 0.372894752201068 -0.528238848356032 1 2401.26 55.43 432.077221942835
0 1.44668335625812 0.376057693136412 -0.252857378676828 0.99 3005.30303030303 62.5858585858586 467.320976863876
0 1.44668335625812 0.376057693136412 -0.252857378676828 0.99 3005.30303030303 62.5858585858586 467.320976863876
0.00334448160535117 1.39218462720614 0.321305924278017 -0.443041655809881 1 2937.82 69.08 418.494134731186
0.00334448160535117 1.41618225954801 0.364562786011213 -0.477041235578902 0.99 2471.25252525253 56.7070707070707 447.160114934734
0 1.44668335625812 0.376057693136412 -0.252857378676828 0.99 3005.30303030303 62.5858585858586 467.320976863876
0.00334448160535117 1.4238662165512 0.372894752201068 -0.528238848356032 1 2401.26 55.43 432.077221942835
0 1.43406828441924 0.365743016814483 -0.300938681021251 0.99 2822.76767676768 59.2525252525253 460.073443041075
0.00334448160535117 1.4613258574926 0.394181696006394 -0.217920089217208 1 2823.49 55.06 440.556049893985
0.00334448160535117 1.42349024180838 0.322906669536066 -0.197982326390949 0.99 3017.49494949495 64.989898989899 441.241921431259
0 1.44668335625812 0.376057693136412 -0.252857378676828 0.99 3005.30303030303 62.5858585858586 467.320976863876
0.00334448160535117 1.39218462720614 0.321305924278017 -0.443041655809881 1 2937.82 69.08 418.494134731186
0 1.43406828441924 0.365743016814483 -0.300938681021251 0.99 2822.76767676768 59.2525252525253 460.073443041075
0 1.43406828441924 0.365743016814483 -0.300938681021251 0.99 2822.76767676768 59.2525252525253 460.073443041075
0.00334448160535117 1.4195613854685 0.356520577354918 -0.627453079787673 0.99 2828.67676767677 66.3434343434343 426.287570818625
0.00334448160535117 1.42939499489246 0.352795929573594 -0.729353876278669 1 3145.13 76.82 446.964720978452
0 1.4341264569209 0.352399778604184 -0.322952719999752 0.99 2983.19191919192 64.0808080808081 429.195374576236
0 1.44668335625812 0.376057693136412 -0.252857378676828 0.99 3005.30303030303 62.5858585858586 467.320976863876
0 1.4341264569209 0.352399778604184 -0.322952719999752 0.99 2983.19191919192 64.0808080808081 429.195374576236
0.00334448160535117 1.40921510629916 0.336551773790574 -0.396881457793454 1 2792.42 62.81 447.924608198627
0.00334448160535117 1.42939499489246 0.352795929573594 -0.729353876278669 1 3145.13 76.82 446.964720978452
0.00334448160535117 1.4195613854685 0.356520577354918 -0.627453079787673 0.99 2828.67676767677 66.3434343434343 426.287570818625
0 1.44668335625812 0.376057693136412 -0.252857378676828 0.99 3005.30303030303 62.5858585858586 467.320976863876
0 1.44668335625812 0.376057693136412 -0.252857378676828 0.99 3005.30303030303 62.5858585858586 467.320976863876
0.00334448160535117 1.39218462720614 0.321305924278017 -0.443041655809881 1 2937.82 69.08 418.494134731186
0.00334448160535117 1.39218462720614 0.321305924278017 -0.443041655809881 1 2937.82 69.08 418.494134731186
0.00334448160535117 1.42349024180838 0.322906669536066 -0.197982326390949 0.99 3017.49494949495 64.989898989899 441.241921431259
0.00334448160535117 1.39218462720614 0.321305924278017 -0.443041655809881 1 2937.82 69.08 418.494134731186
0.00334448160535117 1.39454872574101 0.299806012695568 -0.38134501676091 0.99 2989.24242424242 68.3939393939394 439.747419927631
0 1.44668335625812 0.376057693136412 -0.252857378676828 0.99 3005.30303030303 62.5858585858586 467.320976863876
0.00334448160535117 1.44234382867905 0.395612977693977 -0.831452234423803 1 2929.13 73.1 445.891308406052
0.00334448160535117 1.4195613854685 0.356520577354918 -0.627453079787673 0.99 2828.67676767677 66.3434343434343 426.287570818625
0 1.44668335625812 0.376057693136412 -0.252857378676828 0.99 3005.30303030303 62.5858585858586 467.320976863876
0.00334448160535117 1.41618225954801 0.364562786011213 -0.477041235578902 0.99 2471.25252525253 56.7070707070707 447.160114934734
0.00334448160535117 1.39218462720614 0.321305924278017 -0.443041655809881 1 2937.82 69.08 418.494134731186
0.00334448160535117 1.45703039290306 0.370835451198002 -0.421542657045385 0.99 3178.18181818182 69.3636363636364 455.560170934431
0.00334448160535117 1.43301189516785 0.369914076491586 -0.612713175093316 0.99 2626.86868686869 62.989898989899 437.7599298389
0 1.43406828441924 0.365743016814483 -0.300938681021251 0.99 2822.76767676768 59.2525252525253 460.073443041075
0.00334448160535117 1.41746731819201 0.346254755575226 -0.456200343416299 0.99 2707.9595959596 61.6363636363636 446.106968989049
0 1.44668335625812 0.376057693136412 -0.252857378676828 0.99 3005.30303030303 62.5858585858586 467.320976863876
0 1.43406828441924 0.365743016814483 -0.300938681021251 0.99 2822.76767676768 59.2525252525253 460.073443041075
0.00334448160535117 1.39218462720614 0.321305924278017 -0.443041655809881 1 2937.82 69.08 418.494134731186
0.00334448160535117 1.39218462720614 0.321305924278017 -0.443041655809881 1 2937.82 69.08 418.494134731186
0.00334448160535117 1.39218462720614 0.321305924278017 -0.443041655809881 1 2937.82 69.08 418.494134731186
0.00334448160535117 1.43149460066054 0.396293899953443 -0.80116718030932 0.99 2657.92929292929 66.6060606060606 428.411177934015
0 1.44668335625812 0.376057693136412 -0.252857378676828 0.99 3005.30303030303 62.5858585858586 467.320976863876
0.00334448160535117 1.39218462720614 0.321305924278017 -0.443041655809881 1 2937.82 69.08 418.494134731186
0 1.43406828441924 0.365743016814483 -0.300938681021251 0.99 2822.76767676768 59.2525252525253 460.073443041075
0.00334448160535117 1.4588697204257 0.396293354702212 -0.712496017873812 1 2973.43 70.65 440.569462869563
0.00334448160535117 1.4238662165512 0.372894752201068 -0.528238848356032 1 2401.26 55.43 432.077221942835
0.00334448160535117 1.39218462720614 0.321305924278017 -0.443041655809881 1 2937.82 69.08 418.494134731186
0.00334448160535117 1.39218462720614 0.321305924278017 -0.443041655809881 1 2937.82 69.08 418.494134731186
0.00334448160535117 1.39218462720614 0.321305924278017 -0.443041655809881 1 2937.82 69.08 418.494134731186
0.00334448160535117 1.39218462720614 0.321305924278017 -0.443041655809881 1 2937.82 69.08 418.494134731186
0 1.44668335625812 0.376057693136412 -0.252857378676828 0.99 3005.30303030303 62.5858585858586 467.320976863876
0 1.4341264569209 0.352399778604184 -0.322952719999752 0.99 2983.19191919192 64.0808080808081 429.195374576236
0 1.44668335625812 0.376057693136412 -0.252857378676828 0.99 3005.30303030303 62.5858585858586 467.320976863876
0.00334448160535117 1.4195613854685 0.356520577354918 -0.627453079787673 0.99 2828.67676767677 66.3434343434343 426.287570818625
0.00334448160535117 1.43301189516785 0.369914076491586 -0.612713175093316 0.99 2626.86868686869 62.989898989899 437.7599298389
0.00334448160535117 1.40818201893791 0.3448645298211 -0.441673375518328 0.99 2438.08080808081 56.4949494949495 455.509677978146
0 1.44668335625812 0.376057693136412 -0.252857378676828 0.99 3005.30303030303 62.5858585858586 467.320976863876
0.00334448160535117 1.4238662165512 0.372894752201068 -0.528238848356032 1 2401.26 55.43 432.077221942835
0 1.44668335625812 0.376057693136412 -0.252857378676828 0.99 3005.30303030303 62.5858585858586 467.320976863876
0 1.44668335625812 0.376057693136412 -0.252857378676828 0.99 3005.30303030303 62.5858585858586 467.320976863876
0.00334448160535117 1.4195613854685 0.356520577354918 -0.627453079787673 0.99 2828.67676767677 66.3434343434343 426.287570818625
0 1.43406828441924 0.365743016814483 -0.300938681021251 0.99 2822.76767676768 59.2525252525253 460.073443041075
0.00334448160535117 1.39218462720614 0.321305924278017 -0.443041655809881 1 2937.82 69.08 418.494134731186
0 1.44668335625812 0.376057693136412 -0.252857378676828 0.99 3005.30303030303 62.5858585858586 467.320976863876
0 1.44668335625812 0.376057693136412 -0.252857378676828 0.99 3005.30303030303 62.5858585858586 467.320976863876
0.00334448160535117 1.39218462720614 0.321305924278017 -0.443041655809881 1 2937.82 69.08 418.494134731186
0.00334448160535117 1.39218462720614 0.321305924278017 -0.443041655809881 1 2937.82 69.08 418.494134731186
0 1.45395121037485 0.381803476406951 -0.354610240734062 0.99 3160.85858585859 67.1818181818182 459.181213726757
0.00334448160535117 1.38600096799312 0.320839099380467 -0.478370722414881 0.99 2486.60606060606 58.3232323232323 446.598596894877
0.00334448160535117 1.39218462720614 0.321305924278017 -0.443041655809881 1 2937.82 69.08 418.494134731186
0 1.43406828441924 0.365743016814483 -0.300938681021251 0.99 2822.76767676768 59.2525252525253 460.073443041075
0.00334448160535117 1.39218462720614 0.321305924278017 -0.443041655809881 1 2937.82 69.08 418.494134731186
0.00334448160535117 1.42349024180838 0.322906669536066 -0.197982326390949 0.99 3017.49494949495 64.989898989899 441.241921431259
0 1.44668335625812 0.376057693136412 -0.252857378676828 0.99 3005.30303030303 62.5858585858586 467.320976863876
0.00334448160535117 1.39218462720614 0.321305924278017 -0.443041655809881 1 2937.82 69.08 418.494134731186
0 1.44668335625812 0.376057693136412 -0.252857378676828 0.99 3005.30303030303 62.5858585858586 467.320976863876
0 1.43406828441924 0.365743016814483 -0.300938681021251 0.99 2822.76767676768 59.2525252525253 460.073443041075
0 1.44668335625812 0.376057693136412 -0.252857378676828 0.99 3005.30303030303 62.5858585858586 467.320976863876
0.00334448160535117 1.43958742202845 0.378182628523041 -0.577640681907457 0.99 3078.0404040404 72.1313131313131 430.835813239589
0.00334448160535117 1.4195613854685 0.356520577354918 -0.627453079787673 0.99 2828.67676767677 66.3434343434343 426.287570818625
0 1.44668335625812 0.376057693136412 -0.252857378676828 0.99 3005.30303030303 62.5858585858586 467.320976863876
0.00334448160535117 1.43301189516785 0.369914076491586 -0.612713175093316 0.99 2626.86868686869 62.989898989899 437.7599298389
0 1.40280546461207 0.35452822953392 -0.488000650972366 1 2377.42 53.26 428.508629140733
0.00334448160535117 1.39218462720614 0.321305924278017 -0.443041655809881 1 2937.82 69.08 418.494134731186
0 1.44668335625812 0.376057693136412 -0.252857378676828 0.99 3005.30303030303 62.5858585858586 467.320976863876
0.00334448160535117 1.44052203244263 0.374103661895628 -0.4035848723215 0.99 2994.0202020202 64.3737373737374 462.212396705223
0.00334448160535117 1.39218462720614 0.321305924278017 -0.443041655809881 1 2937.82 69.08 418.494134731186
0 1.44668335625812 0.376057693136412 -0.252857378676828 0.99 3005.30303030303 62.5858585858586 467.320976863876
0 1.4341264569209 0.352399778604184 -0.322952719999752 0.99 2983.19191919192 64.0808080808081 429.195374576236
0 1.43406828441924 0.365743016814483 -0.300938681021251 0.99 2822.76767676768 59.2525252525253 460.073443041075
0.00334448160535117 1.39218462720614 0.321305924278017 -0.443041655809881 1 2937.82 69.08 418.494134731186
0 1.44668335625812 0.376057693136412 -0.252857378676828 0.99 3005.30303030303 62.5858585858586 467.320976863876
0 1.43406828441924 0.365743016814483 -0.300938681021251 0.99 2822.76767676768 59.2525252525253 460.073443041075
0 1.43406828441924 0.365743016814483 -0.300938681021251 0.99 2822.76767676768 59.2525252525253 460.073443041075
0 1.44668335625812 0.376057693136412 -0.252857378676828 0.99 3005.30303030303 62.5858585858586 467.320976863876
0 1.44668335625812 0.376057693136412 -0.252857378676828 0.99 3005.30303030303 62.5858585858586 467.320976863876
0 1.43406828441924 0.365743016814483 -0.300938681021251 0.99 2822.76767676768 59.2525252525253 460.073443041075
0.00334448160535117 1.39218462720614 0.321305924278017 -0.443041655809881 1 2937.82 69.08 418.494134731186
0.00334448160535117 1.39218462720614 0.321305924278017 -0.443041655809881 1 2937.82 69.08 418.494134731186
0.00334448160535117 1.4195613854685 0.356520577354918 -0.627453079787673 0.99 2828.67676767677 66.3434343434343 426.287570818625
0.00334448160535117 1.4195613854685 0.356520577354918 -0.627453079787673 0.99 2828.67676767677 66.3434343434343 426.287570818625
0.00334448160535117 1.39218462720614 0.321305924278017 -0.443041655809881 1 2937.82 69.08 418.494134731186
0 1.44668335625812 0.376057693136412 -0.252857378676828 0.99 3005.30303030303 62.5858585858586 467.320976863876
0 1.44668335625812 0.376057693136412 -0.252857378676828 0.99 3005.30303030303 62.5858585858586 467.320976863876
0.00334448160535117 1.38600096799312 0.320839099380467 -0.478370722414881 0.99 2486.60606060606 58.3232323232323 446.598596894877
0.00334448160535117 1.39218462720614 0.321305924278017 -0.443041655809881 1 2937.82 69.08 418.494134731186
0.00334448160535117 1.39218462720614 0.321305924278017 -0.443041655809881 1 2937.82 69.08 418.494134731186
0.00334448160535117 1.39218462720614 0.321305924278017 -0.443041655809881 1 2937.82 69.08 418.494134731186
0 1.44668335625812 0.376057693136412 -0.252857378676828 0.99 3005.30303030303 62.5858585858586 467.320976863876
0.00334448160535117 1.4195613854685 0.356520577354918 -0.627453079787673 0.99 2828.67676767677 66.3434343434343 426.287570818625
0 1.44668335625812 0.376057693136412 -0.252857378676828 0.99 3005.30303030303 62.5858585858586 467.320976863876
0.00334448160535117 1.39218462720614 0.321305924278017 -0.443041655809881 1 2937.82 69.08 418.494134731186
0.00334448160535117 1.46602875717437 0.378942096642469 -0.126800099055805 1 3072.1 59.22 441.84116167061
0.00334448160535117 1.4238662165512 0.372894752201068 -0.528238848356032 1 2401.26 55.43 432.077221942835
0 1.4341264569209 0.352399778604184 -0.322952719999752 0.99 2983.19191919192 64.0808080808081 429.195374576236
0.00334448160535117 1.42939499489246 0.352795929573594 -0.729353876278669 1 3145.13 76.82 446.964720978452
0.00334448160535117 1.44484123454117 0.387886336526736 -0.545412187360035 0.99 3041.18181818182 68.010101010101 453.482283399297
0 1.43406828441924 0.365743016814483 -0.300938681021251 0.99 2822.76767676768 59.2525252525253 460.073443041075
0 1.44668335625812 0.376057693136412 -0.252857378676828 0.99 3005.30303030303 62.5858585858586 467.320976863876
0.00334448160535117 1.39218462720614 0.321305924278017 -0.443041655809881 1 2937.82 69.08 418.494134731186
0 1.44668335625812 0.376057693136412 -0.252857378676828 0.99 3005.30303030303 62.5858585858586 467.320976863876
0.00334448160535117 1.38600096799312 0.320839099380467 -0.478370722414881 0.99 2486.60606060606 58.3232323232323 446.598596894877
0.00334448160535117 1.39218462720614 0.321305924278017 -0.443041655809881 1 2937.82 69.08 418.494134731186
0.00334448160535117 1.41618225954801 0.364562786011213 -0.477041235578902 0.99 2471.25252525253 56.7070707070707 447.160114934734
0.00334448160535117 1.4195613854685 0.356520577354918 -0.627453079787673 0.99 2828.67676767677 66.3434343434343 426.287570818625
0 1.42862066076145 0.341172791874613 -0.483718566754895 0.99 3296.08080808081 75.4949494949495 462.010189452212
0.00334448160535117 1.43958742202845 0.378182628523041 -0.577640681907457 0.99 3078.0404040404 72.1313131313131 430.835813239589
0 1.42862066076145 0.341172791874613 -0.483718566754895 0.99 3296.08080808081 75.4949494949495 462.010189452212
0 1.4341264569209 0.352399778604184 -0.322952719999752 0.99 2983.19191919192 64.0808080808081 429.195374576236
0 1.44668335625812 0.376057693136412 -0.252857378676828 0.99 3005.30303030303 62.5858585858586 467.320976863876
0.00334448160535117 1.39218462720614 0.321305924278017 -0.443041655809881 1 2937.82 69.08 418.494134731186
0 1.4341264569209 0.352399778604184 -0.322952719999752 0.99 2983.19191919192 64.0808080808081 429.195374576236
0 1.44668335625812 0.376057693136412 -0.252857378676828 0.99 3005.30303030303 62.5858585858586 467.320976863876
0 1.44668335625812 0.376057693136412 -0.252857378676828 0.99 3005.30303030303 62.5858585858586 467.320976863876
0.00334448160535117 1.4238662165512 0.372894752201068 -0.528238848356032 1 2401.26 55.43 432.077221942835
0.00334448160535117 1.39218462720614 0.321305924278017 -0.443041655809881 1 2937.82 69.08 418.494134731186
0 1.42862066076145 0.341172791874613 -0.483718566754895 0.99 3296.08080808081 75.4949494949495 462.010189452212
0.00334448160535117 1.42939499489246 0.352795929573594 -0.729353876278669 1 3145.13 76.82 446.964720978452
0.00334448160535117 1.39218462720614 0.321305924278017 -0.443041655809881 1 2937.82 69.08 418.494134731186
0.00334448160535117 1.39218462720614 0.321305924278017 -0.443041655809881 1 2937.82 69.08 418.494134731186
0.00334448160535117 1.39218462720614 0.321305924278017 -0.443041655809881 1 2937.82 69.08 418.494134731186
0.00334448160535117 1.4238662165512 0.372894752201068 -0.528238848356032 1 2401.26 55.43 432.077221942835
0 1.44668335625812 0.376057693136412 -0.252857378676828 0.99 3005.30303030303 62.5858585858586 467.320976863876
0.00334448160535117 1.40176014655901 0.323563560678397 -0.429599567894122 0.99 3021.80808080808 69.8787878787879 451.832820824386
0 1.44668335625812 0.376057693136412 -0.252857378676828 0.99 3005.30303030303 62.5858585858586 467.320976863876
0 1.44668335625812 0.376057693136412 -0.252857378676828 0.99 3005.30303030303 62.5858585858586 467.320976863876
0.00334448160535117 1.45648079643561 0.399018411230006 -0.710901865781296 0.99 3148.75757575758 73.4141414141414 457.771525293824
0.00334448160535117 1.42939499489246 0.352795929573594 -0.729353876278669 1 3145.13 76.82 446.964720978452
0 1.44668335625812 0.376057693136412 -0.252857378676828 0.99 3005.30303030303 62.5858585858586 467.320976863876
0.00334448160535117 1.38930459076095 0.316530841918974 -0.319181444270887 0.99 2703.27272727273 58.8080808080808 437.693669410697
0 1.44668335625812 0.376057693136412 -0.252857378676828 0.99 3005.30303030303 62.5858585858586 467.320976863876
0 1.4341264569209 0.352399778604184 -0.322952719999752 0.99 2983.19191919192 64.0808080808081 429.195374576236
0.00334448160535117 1.4232165661765 0.359884368272689 -0.596243360359597 1 2725.63 63.99 446.019064428697
0 1.44668335625812 0.376057693136412 -0.252857378676828 0.99 3005.30303030303 62.5858585858586 467.320976863876
0.00334448160535117 1.39218462720614 0.321305924278017 -0.443041655809881 1 2937.82 69.08 418.494134731186
0 1.44668335625812 0.376057693136412 -0.252857378676828 0.99 3005.30303030303 62.5858585858586 467.320976863876
0.00334448160535117 1.39218462720614 0.321305924278017 -0.443041655809881 1 2937.82 69.08 418.494134731186
0 1.44668335625812 0.376057693136412 -0.252857378676828 0.99 3005.30303030303 62.5858585858586 467.320976863876
0 1.42862066076145 0.341172791874613 -0.483718566754895 0.99 3296.08080808081 75.4949494949495 462.010189452212
0.00334448160535117 1.38600096799312 0.320839099380467 -0.478370722414881 0.99 2486.60606060606 58.3232323232323 446.598596894877
0.00334448160535117 1.40202745335928 0.347318246485396 -0.600903624806696 0.99 2524.13131313131 60.2222222222222 431.618525962263
0 1.44668335625812 0.376057693136412 -0.252857378676828 0.99 3005.30303030303 62.5858585858586 467.320976863876
0.00334448160535117 1.4195613854685 0.356520577354918 -0.627453079787673 0.99 2828.67676767677 66.3434343434343 426.287570818625
0.00334448160535117 1.42349024180838 0.322906669536066 -0.197982326390949 0.99 3017.49494949495 64.989898989899 441.241921431259
0.00334448160535117 1.39218462720614 0.321305924278017 -0.443041655809881 1 2937.82 69.08 418.494134731186
0.00334448160535117 1.44009922587735 0.367460225343478 -0.328639033506131 1 2748.98 58.71 452.345433713426
0.00334448160535117 1.39218462720614 0.321305924278017 -0.443041655809881 1 2937.82 69.08 418.494134731186
0 1.44668335625812 0.376057693136412 -0.252857378676828 0.99 3005.30303030303 62.5858585858586 467.320976863876
0.00334448160535117 1.43155024420465 0.347816929056227 -0.447739554005757 0.99 2877.68686868687 65.1111111111111 434.77580366905
0.00334448160535117 1.4195613854685 0.356520577354918 -0.627453079787673 0.99 2828.67676767677 66.3434343434343 426.287570818625
0.00334448160535117 1.39218462720614 0.321305924278017 -0.443041655809881 1 2937.82 69.08 418.494134731186
0.00334448160535117 1.39218462720614 0.321305924278017 -0.443041655809881 1 2937.82 69.08 418.494134731186
0.00334448160535117 1.39218462720614 0.321305924278017 -0.443041655809881 1 2937.82 69.08 418.494134731186
0.00334448160535117 1.43149460066054 0.396293899953443 -0.80116718030932 0.99 2657.92929292929 66.6060606060606 428.411177934015
0.00334448160535117 1.41618225954801 0.364562786011213 -0.477041235578902 0.99 2471.25252525253 56.7070707070707 447.160114934734
0 1.44668335625812 0.376057693136412 -0.252857378676828 0.99 3005.30303030303 62.5858585858586 467.320976863876
0 1.42862066076145 0.341172791874613 -0.483718566754895 0.99 3296.08080808081 75.4949494949495 462.010189452212
0.00334448160535117 1.39218462720614 0.321305924278017 -0.443041655809881 1 2937.82 69.08 418.494134731186
0.00334448160535117 1.38600096799312 0.320839099380467 -0.478370722414881 0.99 2486.60606060606 58.3232323232323 446.598596894877
0.00334448160535117 1.4195613854685 0.356520577354918 -0.627453079787673 0.99 2828.67676767677 66.3434343434343 426.287570818625
0.00334448160535117 1.44234382867905 0.395612977693977 -0.831452234423803 1 2929.13 73.1 445.891308406052
0.00334448160535117 1.39218462720614 0.321305924278017 -0.443041655809881 1 2937.82 69.08 418.494134731186
0.00334448160535117 1.39218462720614 0.321305924278017 -0.443041655809881 1 2937.82 69.08 418.494134731186
0.00334448160535117 1.39218462720614 0.321305924278017 -0.443041655809881 1 2937.82 69.08 418.494134731186
0 1.44668335625812 0.376057693136412 -0.252857378676828 0.99 3005.30303030303 62.5858585858586 467.320976863876
0 1.44668335625812 0.376057693136412 -0.252857378676828 0.99 3005.30303030303 62.5858585858586 467.320976863876
0 1.42599609418521 0.371034874418683 -0.330691974895632 1 2654.05 54.74 431.194901749176
0.00334448160535117 1.39218462720614 0.321305924278017 -0.443041655809881 1 2937.82 69.08 418.494134731186
0.00334448160535117 1.44337133421472 0.35983108339807 -0.422235984006279 1 3349.19 73.47 459.528550240606
0.00334448160535117 1.39218462720614 0.321305924278017 -0.443041655809881 1 2937.82 69.08 418.494134731186
0.00334448160535117 1.4147781491807 0.334719115850261 -0.667797413724529 0.99 2738.71717171717 67.5858585858586 448.16433002044
0 1.44668335625812 0.376057693136412 -0.252857378676828 0.99 3005.30303030303 62.5858585858586 467.320976863876
0 1.44668335625812 0.376057693136412 -0.252857378676828 0.99 3005.30303030303 62.5858585858586 467.320976863876
0.00334448160535117 1.39218462720614 0.321305924278017 -0.443041655809881 1 2937.82 69.08 418.494134731186
0 1.44668335625812 0.376057693136412 -0.252857378676828 0.99 3005.30303030303 62.5858585858586 467.320976863876
0 1.38911029015565 0.310858823133611 -0.204091690965874 0.99 2964.9494949495 61.6161616161616 438.400595035687
0 1.4341264569209 0.352399778604184 -0.322952719999752 0.99 2983.19191919192 64.0808080808081 429.195374576236
0.00334448160535117 1.39218462720614 0.321305924278017 -0.443041655809881 1 2937.82 69.08 418.494134731186
0.00334448160535117 1.39218462720614 0.321305924278017 -0.443041655809881 1 2937.82 69.08 418.494134731186
0 1.43406828441924 0.365743016814483 -0.300938681021251 0.99 2822.76767676768 59.2525252525253 460.073443041075
0 1.42862066076145 0.341172791874613 -0.483718566754895 0.99 3296.08080808081 75.4949494949495 462.010189452212
0.00334448160535117 1.4195613854685 0.356520577354918 -0.627453079787673 0.99 2828.67676767677 66.3434343434343 426.287570818625
0 1.44668335625812 0.376057693136412 -0.252857378676828 0.99 3005.30303030303 62.5858585858586 467.320976863876
0.00334448160535117 1.4238662165512 0.372894752201068 -0.528238848356032 1 2401.26 55.43 432.077221942835
0.00334448160535117 1.4238662165512 0.372894752201068 -0.528238848356032 1 2401.26 55.43 432.077221942835
0 1.44668335625812 0.376057693136412 -0.252857378676828 0.99 3005.30303030303 62.5858585858586 467.320976863876
0.00334448160535117 1.4238662165512 0.372894752201068 -0.528238848356032 1 2401.26 55.43 432.077221942835
0 1.44668335625812 0.376057693136412 -0.252857378676828 0.99 3005.30303030303 62.5858585858586 467.320976863876
0.00334448160535117 1.39218462720614 0.321305924278017 -0.443041655809881 1 2937.82 69.08 418.494134731186
0.00334448160535117 1.40202745335928 0.347318246485396 -0.600903624806696 0.99 2524.13131313131 60.2222222222222 431.618525962263
0 1.4341264569209 0.352399778604184 -0.322952719999752 0.99 2983.19191919192 64.0808080808081 429.195374576236
0.00334448160535117 1.39218462720614 0.321305924278017 -0.443041655809881 1 2937.82 69.08 418.494134731186
0.00334448160535117 1.38600096799312 0.320839099380467 -0.478370722414881 0.99 2486.60606060606 58.3232323232323 446.598596894877
0.00334448160535117 1.39218462720614 0.321305924278017 -0.443041655809881 1 2937.82 69.08 418.494134731186
0 1.44668335625812 0.376057693136412 -0.252857378676828 0.99 3005.30303030303 62.5858585858586 467.320976863876
0 1.44668335625812 0.376057693136412 -0.252857378676828 0.99 3005.30303030303 62.5858585858586 467.320976863876
0.00334448160535117 1.39218462720614 0.321305924278017 -0.443041655809881 1 2937.82 69.08 418.494134731186
0 1.43406828441924 0.365743016814483 -0.300938681021251 0.99 2822.76767676768 59.2525252525253 460.073443041075
0.00334448160535117 1.39218462720614 0.321305924278017 -0.443041655809881 1 2937.82 69.08 418.494134731186
0 1.41686023128832 0.344974350275894 -0.338575550167266 0.99 3129.56565656566 66.1212121212121 443.727016229846
0 1.41686023128832 0.344974350275894 -0.338575550167266 0.99 3129.56565656566 66.1212121212121 443.727016229846
0 1.43406828441924 0.365743016814483 -0.300938681021251 0.99 2822.76767676768 59.2525252525253 460.073443041075
0 1.44668335625812 0.376057693136412 -0.252857378676828 0.99 3005.30303030303 62.5858585858586 467.320976863876
0 1.43406828441924 0.365743016814483 -0.300938681021251 0.99 2822.76767676768 59.2525252525253 460.073443041075
0 1.44668335625812 0.376057693136412 -0.252857378676828 0.99 3005.30303030303 62.5858585858586 467.320976863876
0.00334448160535117 1.39218462720614 0.321305924278017 -0.443041655809881 1 2937.82 69.08 418.494134731186
0 1.44668335625812 0.376057693136412 -0.252857378676828 0.99 3005.30303030303 62.5858585858586 467.320976863876
0.00334448160535117 1.39218462720614 0.321305924278017 -0.443041655809881 1 2937.82 69.08 418.494134731186
0 1.44668335625812 0.376057693136412 -0.252857378676828 0.99 3005.30303030303 62.5858585858586 467.320976863876
0.00334448160535117 1.4259669238913 0.362578102467549 -0.680133667131815 1 3096.32 75.07 441.997247074839
0.00334448160535117 1.39218462720614 0.321305924278017 -0.443041655809881 1 2937.82 69.08 418.494134731186
0 1.44668335625812 0.376057693136412 -0.252857378676828 0.99 3005.30303030303 62.5858585858586 467.320976863876
0 1.44668335625812 0.376057693136412 -0.252857378676828 0.99 3005.30303030303 62.5858585858586 467.320976863876
0 1.44668335625812 0.376057693136412 -0.252857378676828 0.99 3005.30303030303 62.5858585858586 467.320976863876
0.00334448160535117 1.39218462720614 0.321305924278017 -0.443041655809881 1 2937.82 69.08 418.494134731186
0.00334448160535117 1.43413779458552 0.373964505408052 -0.587539010420425 0.99 2822.31313131313 65.989898989899 433.289432564843
0 1.44668335625812 0.376057693136412 -0.252857378676828 0.99 3005.30303030303 62.5858585858586 467.320976863876
0.00334448160535117 1.43958742202845 0.378182628523041 -0.577640681907457 0.99 3078.0404040404 72.1313131313131 430.835813239589
0 1.44668335625812 0.376057693136412 -0.252857378676828 0.99 3005.30303030303 62.5858585858586 467.320976863876
0 1.44668335625812 0.376057693136412 -0.252857378676828 0.99 3005.30303030303 62.5858585858586 467.320976863876
0 1.44668335625812 0.376057693136412 -0.252857378676828 0.99 3005.30303030303 62.5858585858586 467.320976863876
0.00334448160535117 1.39218462720614 0.321305924278017 -0.443041655809881 1 2937.82 69.08 418.494134731186
0.00334448160535117 1.41088088020819 0.393556449345537 -0.948264397335929 0.99 2194 58.020202020202 442.88840046295
0.00334448160535117 1.39218462720614 0.321305924278017 -0.443041655809881 1 2937.82 69.08 418.494134731186
0 1.42862066076145 0.341172791874613 -0.483718566754895 0.99 3296.08080808081 75.4949494949495 462.010189452212
0 1.44668335625812 0.376057693136412 -0.252857378676828 0.99 3005.30303030303 62.5858585858586 467.320976863876
0.00334448160535117 1.39218462720614 0.321305924278017 -0.443041655809881 1 2937.82 69.08 418.494134731186
0 1.43406828441924 0.365743016814483 -0.300938681021251 0.99 2822.76767676768 59.2525252525253 460.073443041075
0.00334448160535117 1.38600096799312 0.320839099380467 -0.478370722414881 0.99 2486.60606060606 58.3232323232323 446.598596894877
0 1.4341264569209 0.352399778604184 -0.322952719999752 0.99 2983.19191919192 64.0808080808081 429.195374576236
0.00334448160535117 1.4195613854685 0.356520577354918 -0.627453079787673 0.99 2828.67676767677 66.3434343434343 426.287570818625
0 1.44668335625812 0.376057693136412 -0.252857378676828 0.99 3005.30303030303 62.5858585858586 467.320976863876
0.00334448160535117 1.39218462720614 0.321305924278017 -0.443041655809881 1 2937.82 69.08 418.494134731186
0.00334448160535117 1.39218462720614 0.321305924278017 -0.443041655809881 1 2937.82 69.08 418.494134731186
0 1.43406828441924 0.365743016814483 -0.300938681021251 0.99 2822.76767676768 59.2525252525253 460.073443041075
0.00334448160535117 1.42349024180838 0.322906669536066 -0.197982326390949 0.99 3017.49494949495 64.989898989899 441.241921431259
0.00334448160535117 1.42939499489246 0.352795929573594 -0.729353876278669 1 3145.13 76.82 446.964720978452
0.00334448160535117 1.39218462720614 0.321305924278017 -0.443041655809881 1 2937.82 69.08 418.494134731186
0 1.4341264569209 0.352399778604184 -0.322952719999752 0.99 2983.19191919192 64.0808080808081 429.195374576236
0 1.4341264569209 0.352399778604184 -0.322952719999752 0.99 2983.19191919192 64.0808080808081 429.195374576236
0 1.44668335625812 0.376057693136412 -0.252857378676828 0.99 3005.30303030303 62.5858585858586 467.320976863876
0 1.44668335625812 0.376057693136412 -0.252857378676828 0.99 3005.30303030303 62.5858585858586 467.320976863876
0 1.44668335625812 0.376057693136412 -0.252857378676828 0.99 3005.30303030303 62.5858585858586 467.320976863876
0 1.44668335625812 0.376057693136412 -0.252857378676828 0.99 3005.30303030303 62.5858585858586 467.320976863876
0 1.44668335625812 0.376057693136412 -0.252857378676828 0.99 3005.30303030303 62.5858585858586 467.320976863876
0.00334448160535117 1.43413779458552 0.373964505408052 -0.587539010420425 0.99 2822.31313131313 65.989898989899 433.289432564843
0 1.42862066076145 0.341172791874613 -0.483718566754895 0.99 3296.08080808081 75.4949494949495 462.010189452212
0.00334448160535117 1.38600096799312 0.320839099380467 -0.478370722414881 0.99 2486.60606060606 58.3232323232323 446.598596894877
0 1.4341264569209 0.352399778604184 -0.322952719999752 0.99 2983.19191919192 64.0808080808081 429.195374576236
0 1.43406828441924 0.365743016814483 -0.300938681021251 0.99 2822.76767676768 59.2525252525253 460.073443041075
0.00334448160535117 1.42349024180838 0.322906669536066 -0.197982326390949 0.99 3017.49494949495 64.989898989899 441.241921431259
0.00334448160535117 1.39218462720614 0.321305924278017 -0.443041655809881 1 2937.82 69.08 418.494134731186
0 1.44668335625812 0.376057693136412 -0.252857378676828 0.99 3005.30303030303 62.5858585858586 467.320976863876
0 1.44668335625812 0.376057693136412 -0.252857378676828 0.99 3005.30303030303 62.5858585858586 467.320976863876
0.00334448160535117 1.38600096799312 0.320839099380467 -0.478370722414881 0.99 2486.60606060606 58.3232323232323 446.598596894877
0.00334448160535117 1.42939499489246 0.352795929573594 -0.729353876278669 1 3145.13 76.82 446.964720978452
0.00334448160535117 1.4195613854685 0.356520577354918 -0.627453079787673 0.99 2828.67676767677 66.3434343434343 426.287570818625
0 1.43406828441924 0.365743016814483 -0.300938681021251 0.99 2822.76767676768 59.2525252525253 460.073443041075
0.00334448160535117 1.39218462720614 0.321305924278017 -0.443041655809881 1 2937.82 69.08 418.494134731186
0.00334448160535117 1.39218462720614 0.321305924278017 -0.443041655809881 1 2937.82 69.08 418.494134731186
0 1.44668335625812 0.376057693136412 -0.252857378676828 0.99 3005.30303030303 62.5858585858586 467.320976863876
0 1.44668335625812 0.376057693136412 -0.252857378676828 0.99 3005.30303030303 62.5858585858586 467.320976863876
0.00334448160535117 1.4195613854685 0.356520577354918 -0.627453079787673 0.99 2828.67676767677 66.3434343434343 426.287570818625
0 1.44668335625812 0.376057693136412 -0.252857378676828 0.99 3005.30303030303 62.5858585858586 467.320976863876
0 1.40280546461207 0.35452822953392 -0.488000650972366 1 2377.42 53.26 428.508629140733
0 1.44668335625812 0.376057693136412 -0.252857378676828 0.99 3005.30303030303 62.5858585858586 467.320976863876
0.00334448160535117 1.42939499489246 0.352795929573594 -0.729353876278669 1 3145.13 76.82 446.964720978452
0.00334448160535117 1.39218462720614 0.321305924278017 -0.443041655809881 1 2937.82 69.08 418.494134731186
0.00334448160535117 1.4195613854685 0.356520577354918 -0.627453079787673 0.99 2828.67676767677 66.3434343434343 426.287570818625
0 1.44668335625812 0.376057693136412 -0.252857378676828 0.99 3005.30303030303 62.5858585858586 467.320976863876
0.00334448160535117 1.41618225954801 0.364562786011213 -0.477041235578902 0.99 2471.25252525253 56.7070707070707 447.160114934734
0.00334448160535117 1.38600096799312 0.320839099380467 -0.478370722414881 0.99 2486.60606060606 58.3232323232323 446.598596894877
0.00334448160535117 1.4195613854685 0.356520577354918 -0.627453079787673 0.99 2828.67676767677 66.3434343434343 426.287570818625
0.00334448160535117 1.39279420667988 0.321094089011378 -0.695785722145457 0.99 2933.41414141414 75.030303030303 453.434043551314
0.00334448160535117 1.39218462720614 0.321305924278017 -0.443041655809881 1 2937.82 69.08 418.494134731186
0.00334448160535117 1.4195613854685 0.356520577354918 -0.627453079787673 0.99 2828.67676767677 66.3434343434343 426.287570818625
0.00334448160535117 1.39218462720614 0.321305924278017 -0.443041655809881 1 2937.82 69.08 418.494134731186
0.00334448160535117 1.43964004552987 0.34897357681688 -0.294373655165795 1 3219.87 69.01 439.375339739367
0 1.4341264569209 0.352399778604184 -0.322952719999752 0.99 2983.19191919192 64.0808080808081 429.195374576236
0.00334448160535117 1.38600096799312 0.320839099380467 -0.478370722414881 0.99 2486.60606060606 58.3232323232323 446.598596894877
0 1.43406828441924 0.365743016814483 -0.300938681021251 0.99 2822.76767676768 59.2525252525253 460.073443041075
0 1.4341264569209 0.352399778604184 -0.322952719999752 0.99 2983.19191919192 64.0808080808081 429.195374576236
0.00334448160535117 1.4195613854685 0.356520577354918 -0.627453079787673 0.99 2828.67676767677 66.3434343434343 426.287570818625
0.00334448160535117 1.39218462720614 0.321305924278017 -0.443041655809881 1 2937.82 69.08 418.494134731186
0 1.44668335625812 0.376057693136412 -0.252857378676828 0.99 3005.30303030303 62.5858585858586 467.320976863876
0 1.44668335625812 0.376057693136412 -0.252857378676828 0.99 3005.30303030303 62.5858585858586 467.320976863876
0.00334448160535117 1.43301189516785 0.369914076491586 -0.612713175093316 0.99 2626.86868686869 62.989898989899 437.7599298389
0.00334448160535117 1.39218462720614 0.321305924278017 -0.443041655809881 1 2937.82 69.08 418.494134731186
0 1.44668335625812 0.376057693136412 -0.252857378676828 0.99 3005.30303030303 62.5858585858586 467.320976863876
0 1.43406828441924 0.365743016814483 -0.300938681021251 0.99 2822.76767676768 59.2525252525253 460.073443041075
0 1.44668335625812 0.376057693136412 -0.252857378676828 0.99 3005.30303030303 62.5858585858586 467.320976863876
0 1.43406828441924 0.365743016814483 -0.300938681021251 0.99 2822.76767676768 59.2525252525253 460.073443041075
0.00334448160535117 1.39218462720614 0.321305924278017 -0.443041655809881 1 2937.82 69.08 418.494134731186
0.00334448160535117 1.41618225954801 0.364562786011213 -0.477041235578902 0.99 2471.25252525253 56.7070707070707 447.160114934734
0 1.44668335625812 0.376057693136412 -0.252857378676828 0.99 3005.30303030303 62.5858585858586 467.320976863876
0.00334448160535117 1.38600096799312 0.320839099380467 -0.478370722414881 0.99 2486.60606060606 58.3232323232323 446.598596894877
0 1.4341264569209 0.352399778604184 -0.322952719999752 0.99 2983.19191919192 64.0808080808081 429.195374576236
0 1.44668335625812 0.376057693136412 -0.252857378676828 0.99 3005.30303030303 62.5858585858586 467.320976863876
0.00334448160535117 1.39218462720614 0.321305924278017 -0.443041655809881 1 2937.82 69.08 418.494134731186
0.00334448160535117 1.40202745335928 0.347318246485396 -0.600903624806696 0.99 2524.13131313131 60.2222222222222 431.618525962263
0.00334448160535117 1.39218462720614 0.321305924278017 -0.443041655809881 1 2937.82 69.08 418.494134731186
0.00334448160535117 1.39218462720614 0.321305924278017 -0.443041655809881 1 2937.82 69.08 418.494134731186
0 1.42816361120511 0.380336899910004 -0.395754755024869 0.99 2426.22222222222 53.1919191919192 449.136886390853
0.00334448160535117 1.39218462720614 0.321305924278017 -0.443041655809881 1 2937.82 69.08 418.494134731186
0.00334448160535117 1.4195613854685 0.356520577354918 -0.627453079787673 0.99 2828.67676767677 66.3434343434343 426.287570818625
0 1.44668335625812 0.376057693136412 -0.252857378676828 0.99 3005.30303030303 62.5858585858586 467.320976863876
0 1.44668335625812 0.376057693136412 -0.252857378676828 0.99 3005.30303030303 62.5858585858586 467.320976863876
0 1.44668335625812 0.376057693136412 -0.252857378676828 0.99 3005.30303030303 62.5858585858586 467.320976863876
0.00334448160535117 1.38600096799312 0.320839099380467 -0.478370722414881 0.99 2486.60606060606 58.3232323232323 446.598596894877
0 1.4341264569209 0.352399778604184 -0.322952719999752 0.99 2983.19191919192 64.0808080808081 429.195374576236
0.00334448160535117 1.39218462720614 0.321305924278017 -0.443041655809881 1 2937.82 69.08 418.494134731186
0.00334448160535117 1.43964004552987 0.34897357681688 -0.294373655165795 1 3219.87 69.01 439.375339739367
0 1.44668335625812 0.376057693136412 -0.252857378676828 0.99 3005.30303030303 62.5858585858586 467.320976863876
0.00334448160535117 1.4195613854685 0.356520577354918 -0.627453079787673 0.99 2828.67676767677 66.3434343434343 426.287570818625
0.00334448160535117 1.39218462720614 0.321305924278017 -0.443041655809881 1 2937.82 69.08 418.494134731186
0 1.43791428035407 0.380487481392632 -0.975383881035816 0.99 3251.28282828283 85.5757575757576 462.134151412582
0 1.44668335625812 0.376057693136412 -0.252857378676828 0.99 3005.30303030303 62.5858585858586 467.320976863876
0.00334448160535117 1.4195613854685 0.356520577354918 -0.627453079787673 0.99 2828.67676767677 66.3434343434343 426.287570818625
0.00334448160535117 1.39218462720614 0.321305924278017 -0.443041655809881 1 2937.82 69.08 418.494134731186
0.00334448160535117 1.4195613854685 0.356520577354918 -0.627453079787673 0.99 2828.67676767677 66.3434343434343 426.287570818625
0.00334448160535117 1.4195613854685 0.356520577354918 -0.627453079787673 0.99 2828.67676767677 66.3434343434343 426.287570818625
0 1.40532973992946 0.323071628031353 -0.433320085087504 1 2802.1 62.97 418.627039590177
0 1.44668335625812 0.376057693136412 -0.252857378676828 0.99 3005.30303030303 62.5858585858586 467.320976863876
0.00334448160535117 1.4195613854685 0.356520577354918 -0.627453079787673 0.99 2828.67676767677 66.3434343434343 426.287570818625
0.00334448160535117 1.39218462720614 0.321305924278017 -0.443041655809881 1 2937.82 69.08 418.494134731186
0.00334448160535117 1.39975933742096 0.322806104726584 -0.569904000284326 0.99 2712.0303030303 66.1111111111111 453.530310751816
0 1.4341264569209 0.352399778604184 -0.322952719999752 0.99 2983.19191919192 64.0808080808081 429.195374576236
0.00334448160535117 1.39218462720614 0.321305924278017 -0.443041655809881 1 2937.82 69.08 418.494134731186
0.00334448160535117 1.39218462720614 0.321305924278017 -0.443041655809881 1 2937.82 69.08 418.494134731186
0.00334448160535117 1.39218462720614 0.321305924278017 -0.443041655809881 1 2937.82 69.08 418.494134731186
0.00334448160535117 1.41016093107705 0.330096693899342 -0.503670452152565 0.99 2957.45454545455 70.3939393939394 434.038372015586
0.00334448160535117 1.4238662165512 0.372894752201068 -0.528238848356032 1 2401.26 55.43 432.077221942835
0.00334448160535117 1.39218462720614 0.321305924278017 -0.443041655809881 1 2937.82 69.08 418.494134731186
0.00334448160535117 1.39218462720614 0.321305924278017 -0.443041655809881 1 2937.82 69.08 418.494134731186
0.00334448160535117 1.4238662165512 0.372894752201068 -0.528238848356032 1 2401.26 55.43 432.077221942835
0.00334448160535117 1.39218462720614 0.321305924278017 -0.443041655809881 1 2937.82 69.08 418.494134731186
0 1.4341264569209 0.352399778604184 -0.322952719999752 0.99 2983.19191919192 64.0808080808081 429.195374576236
0.00334448160535117 1.4195613854685 0.356520577354918 -0.627453079787673 0.99 2828.67676767677 66.3434343434343 426.287570818625
0.00334448160535117 1.41488150066795 0.331998271737786 -0.47862744052627 0.99 3131.90909090909 72.4242424242424 454.273088889852
0 1.43791428035407 0.380487481392632 -0.975383881035816 0.99 3251.28282828283 85.5757575757576 462.134151412582
0 1.43406828441924 0.365743016814483 -0.300938681021251 0.99 2822.76767676768 59.2525252525253 460.073443041075
0 1.43406828441924 0.365743016814483 -0.300938681021251 0.99 2822.76767676768 59.2525252525253 460.073443041075
0.00334448160535117 1.4195613854685 0.356520577354918 -0.627453079787673 0.99 2828.67676767677 66.3434343434343 426.287570818625
0 1.40280546461207 0.35452822953392 -0.488000650972366 1 2377.42 53.26 428.508629140733
0 1.44668335625812 0.376057693136412 -0.252857378676828 0.99 3005.30303030303 62.5858585858586 467.320976863876
0.00334448160535117 1.39218462720614 0.321305924278017 -0.443041655809881 1 2937.82 69.08 418.494134731186
0 1.4341264569209 0.352399778604184 -0.322952719999752 0.99 2983.19191919192 64.0808080808081 429.195374576236
0.00334448160535117 1.41618225954801 0.364562786011213 -0.477041235578902 0.99 2471.25252525253 56.7070707070707 447.160114934734
0 1.43406828441924 0.365743016814483 -0.300938681021251 0.99 2822.76767676768 59.2525252525253 460.073443041075
0.00334448160535117 1.39218462720614 0.321305924278017 -0.443041655809881 1 2937.82 69.08 418.494134731186
0 1.44668335625812 0.376057693136412 -0.252857378676828 0.99 3005.30303030303 62.5858585858586 467.320976863876
0.00334448160535117 1.39218462720614 0.321305924278017 -0.443041655809881 1 2937.82 69.08 418.494134731186
0.00334448160535117 1.43675516229826 0.370969701409615 -0.804966393045725 1 3127.85 77.46 470.168642243109
0 1.44668335625812 0.376057693136412 -0.252857378676828 0.99 3005.30303030303 62.5858585858586 467.320976863876
0.00334448160535117 1.39218462720614 0.321305924278017 -0.443041655809881 1 2937.82 69.08 418.494134731186
0 1.44668335625812 0.376057693136412 -0.252857378676828 0.99 3005.30303030303 62.5858585858586 467.320976863876
0.00334448160535117 1.39218462720614 0.321305924278017 -0.443041655809881 1 2937.82 69.08 418.494134731186
0 1.44668335625812 0.376057693136412 -0.252857378676828 0.99 3005.30303030303 62.5858585858586 467.320976863876
0 1.43406828441924 0.365743016814483 -0.300938681021251 0.99 2822.76767676768 59.2525252525253 460.073443041075
0 1.4341264569209 0.352399778604184 -0.322952719999752 0.99 2983.19191919192 64.0808080808081 429.195374576236
0 1.4341264569209 0.352399778604184 -0.322952719999752 0.99 2983.19191919192 64.0808080808081 429.195374576236
0 1.4341264569209 0.352399778604184 -0.322952719999752 0.99 2983.19191919192 64.0808080808081 429.195374576236
0.00334448160535117 1.4238662165512 0.372894752201068 -0.528238848356032 1 2401.26 55.43 432.077221942835
0 1.44668335625812 0.376057693136412 -0.252857378676828 0.99 3005.30303030303 62.5858585858586 467.320976863876
0.00334448160535117 1.39218462720614 0.321305924278017 -0.443041655809881 1 2937.82 69.08 418.494134731186
0 1.44668335625812 0.376057693136412 -0.252857378676828 0.99 3005.30303030303 62.5858585858586 467.320976863876
0.00334448160535117 1.41618225954801 0.364562786011213 -0.477041235578902 0.99 2471.25252525253 56.7070707070707 447.160114934734
0 1.43745176732299 0.371460862565825 -0.993111874437699 1 3344.41 91.07 438.079974632619
0 1.44668335625812 0.376057693136412 -0.252857378676828 0.99 3005.30303030303 62.5858585858586 467.320976863876
0.00334448160535117 1.38600096799312 0.320839099380467 -0.478370722414881 0.99 2486.60606060606 58.3232323232323 446.598596894877
0 1.41686023128832 0.344974350275894 -0.338575550167266 0.99 3129.56565656566 66.1212121212121 443.727016229846
0.00334448160535117 1.38738337027926 0.34489003649675 -0.563811896018016 0.99 2388.54545454545 56.8888888888889 447.201602549075
0 1.44668335625812 0.376057693136412 -0.252857378676828 0.99 3005.30303030303 62.5858585858586 467.320976863876
0 1.44668335625812 0.376057693136412 -0.252857378676828 0.99 3005.30303030303 62.5858585858586 467.320976863876
0.00334448160535117 1.39218462720614 0.321305924278017 -0.443041655809881 1 2937.82 69.08 418.494134731186
0.00334448160535117 1.39218462720614 0.321305924278017 -0.443041655809881 1 2937.82 69.08 418.494134731186
0 1.44668335625812 0.376057693136412 -0.252857378676828 0.99 3005.30303030303 62.5858585858586 467.320976863876
0 1.44668335625812 0.376057693136412 -0.252857378676828 0.99 3005.30303030303 62.5858585858586 467.320976863876
0.00334448160535117 1.42939499489246 0.352795929573594 -0.729353876278669 1 3145.13 76.82 446.964720978452
0 1.44668335625812 0.376057693136412 -0.252857378676828 0.99 3005.30303030303 62.5858585858586 467.320976863876
0.00334448160535117 1.40632836835036 0.365787854029123 -0.693981614196096 1 2514.8 61.88 434.453498085807
0 1.47151548454545 0.398538951245612 -0.362658329400247 0.99 2848.51515151515 60.1414141414141 433.723283702585
0 1.4341264569209 0.352399778604184 -0.322952719999752 0.99 2983.19191919192 64.0808080808081 429.195374576236
0.00334448160535117 1.39218462720614 0.321305924278017 -0.443041655809881 1 2937.82 69.08 418.494134731186
0.00334448160535117 1.39218462720614 0.321305924278017 -0.443041655809881 1 2937.82 69.08 418.494134731186
0.00334448160535117 1.4238662165512 0.372894752201068 -0.528238848356032 1 2401.26 55.43 432.077221942835
0.00334448160535117 1.39218462720614 0.321305924278017 -0.443041655809881 1 2937.82 69.08 418.494134731186
0.00334448160535117 1.40202745335928 0.347318246485396 -0.600903624806696 0.99 2524.13131313131 60.2222222222222 431.618525962263
0.00334448160535117 1.39218462720614 0.321305924278017 -0.443041655809881 1 2937.82 69.08 418.494134731186
0.00334448160535117 1.39218462720614 0.321305924278017 -0.443041655809881 1 2937.82 69.08 418.494134731186
0 1.4341264569209 0.352399778604184 -0.322952719999752 0.99 2983.19191919192 64.0808080808081 429.195374576236
0.00334448160535117 1.38600096799312 0.320839099380467 -0.478370722414881 0.99 2486.60606060606 58.3232323232323 446.598596894877
0.00334448160535117 1.4238662165512 0.372894752201068 -0.528238848356032 1 2401.26 55.43 432.077221942835
0.00334448160535117 1.42349024180838 0.322906669536066 -0.197982326390949 0.99 3017.49494949495 64.989898989899 441.241921431259
0 1.44668335625812 0.376057693136412 -0.252857378676828 0.99 3005.30303030303 62.5858585858586 467.320976863876
0.00334448160535117 1.39218462720614 0.321305924278017 -0.443041655809881 1 2937.82 69.08 418.494134731186
0 1.4341264569209 0.352399778604184 -0.322952719999752 0.99 2983.19191919192 64.0808080808081 429.195374576236
0.00334448160535117 1.39218462720614 0.321305924278017 -0.443041655809881 1 2937.82 69.08 418.494134731186
0.00334448160535117 1.39218462720614 0.321305924278017 -0.443041655809881 1 2937.82 69.08 418.494134731186
0.00334448160535117 1.39218462720614 0.321305924278017 -0.443041655809881 1 2937.82 69.08 418.494134731186
0.00334448160535117 1.42349024180838 0.322906669536066 -0.197982326390949 0.99 3017.49494949495 64.989898989899 441.241921431259
0.00334448160535117 1.4195613854685 0.356520577354918 -0.627453079787673 0.99 2828.67676767677 66.3434343434343 426.287570818625
0 1.44668335625812 0.376057693136412 -0.252857378676828 0.99 3005.30303030303 62.5858585858586 467.320976863876
0 1.4341264569209 0.352399778604184 -0.322952719999752 0.99 2983.19191919192 64.0808080808081 429.195374576236
0.00334448160535117 1.39218462720614 0.321305924278017 -0.443041655809881 1 2937.82 69.08 418.494134731186
0.00334448160535117 1.39218462720614 0.321305924278017 -0.443041655809881 1 2937.82 69.08 418.494134731186
0 1.4341264569209 0.352399778604184 -0.322952719999752 0.99 2983.19191919192 64.0808080808081 429.195374576236
0 1.43406828441924 0.365743016814483 -0.300938681021251 0.99 2822.76767676768 59.2525252525253 460.073443041075
0 1.43406828441924 0.365743016814483 -0.300938681021251 0.99 2822.76767676768 59.2525252525253 460.073443041075
0.00334448160535117 1.39218462720614 0.321305924278017 -0.443041655809881 1 2937.82 69.08 418.494134731186
0.00334448160535117 1.39218462720614 0.321305924278017 -0.443041655809881 1 2937.82 69.08 418.494134731186
0 1.44668335625812 0.376057693136412 -0.252857378676828 0.99 3005.30303030303 62.5858585858586 467.320976863876
0 1.44668335625812 0.376057693136412 -0.252857378676828 0.99 3005.30303030303 62.5858585858586 467.320976863876
0 1.44668335625812 0.376057693136412 -0.252857378676828 0.99 3005.30303030303 62.5858585858586 467.320976863876
0 1.44668335625812 0.376057693136412 -0.252857378676828 0.99 3005.30303030303 62.5858585858586 467.320976863876
0 1.43406828441924 0.365743016814483 -0.300938681021251 0.99 2822.76767676768 59.2525252525253 460.073443041075
0.00334448160535117 1.39218462720614 0.321305924278017 -0.443041655809881 1 2937.82 69.08 418.494134731186
0 1.43406828441924 0.365743016814483 -0.300938681021251 0.99 2822.76767676768 59.2525252525253 460.073443041075
0.00334448160535117 1.4195613854685 0.356520577354918 -0.627453079787673 0.99 2828.67676767677 66.3434343434343 426.287570818625
0.00334448160535117 1.39218462720614 0.321305924278017 -0.443041655809881 1 2937.82 69.08 418.494134731186
0.00334448160535117 1.41557285266888 0.392268770054414 -0.670476966136827 0.99 2395.63636363636 55.8080808080808 441.710609556161
0 1.4341264569209 0.352399778604184 -0.322952719999752 0.99 2983.19191919192 64.0808080808081 429.195374576236
