0 1.5491140940358 0.292839431342957 -0.967672446324278 1 16856.36 418.68 283.792194805742
0 1.45416593796136 0.154611888530474 -0.218619192193776 1 17170.44 396.4 289.005579172088
0.00909090909090909 1.53173838129057 0.328777041739857 -0.763737382961162 1 15437.36 389.24 320.220468402519
0.00909090909090909 1.49529644310367 0.368275887645744 -0.616521633574645 1 15967.2 381.72 361.775318883374
0.00909090909090909 1.49815945670204 0.354095934419551 -0.460314773210275 1 15377.04 357.16 376.851590046605
0 1.42428940809332 0.128173201880418 -0.146320061292499 1 17514.88 421.96 277.017907165369
0.00909090909090909 1.42565379487351 0.236959951091558 -0.40462330263108 1 13648.56 346.76 397.516306745571
0.00909090909090909 1.45768318986205 0.250645426840535 -0.294852110838657 1 15817.52 372.44 328.257441114068
0 1.4576907314742 0.396986148786352 -0.971125486034652 1 12271.52 323.04 427.928004893891
0 1.42243413377811 0.184644579408888 -0.670425883389617 0.96 14621.4583333333 411.041666666667 367.756493193164
0.00909090909090909 1.42150200323079 0.203826384954909 -0.423686530878853 1 15588.96 393.88 374.180896995193
0 1.43655644378408 0.240543601211639 -0.476232594358442 0.96 13986.8333333333 366.583333333333 391.819554039369
0 1.40188208614026 0.133162329384995 -0.381634113603939 0.96 16788.125 426.25 329.954266379985
0.00909090909090909 1.45262385692259 0.257428753500959 -0.363553273175407 1 15582.4 376 340.712500002664
0.00909090909090909 1.467339660367 0.310023376415484 -0.936348544433713 1 13742.4 382.2 400.567096027849
0 1.49454652827356 0.355703736424602 0.0744395219056726 1 15056.08 299.28 353.872441944291
0.00909090909090909 1.42884878622057 0.278137223262294 -0.920809836892803 1 13679.4 408.92 457.25016627079
0 1.41535532939411 0.147533543682911 0.253639066871235 1 16331.16 342.68 340.047216029933
0.00909090909090909 1.52564164710867 0.327143234310068 -0.583350978057389 1 16518.04 398.4 342.13804783441
0.00909090909090909 1.45768318986205 0.250645426840535 -0.294852110838657 1 15817.52 372.44 328.257441114068
0.00909090909090909 1.40259870608238 0.132853997995802 -0.537126179705846 1 17303.84 450.8 309.351137273575
0.00909090909090909 1.4754484634253 0.34322382912662 -0.762889467691978 1 14075.16 356.96 399.418175170255
0.00909090909090909 1.39735945002176 0.243416330008768 -0.693863284774125 1 13281.08 365.76 406.536560928667
0.00909090909090909 1.49846612834185 0.288323182726188 -0.283654731640496 1 14506.48 332.64 346.486227004966
0.00909090909090909 1.4491884288573 0.310618452424772 -0.720457958442692 1 14607.12 376.92 367.309615103472
0.00909090909090909 1.41771730771095 0.241208147526649 -0.744494376924592 1 14320.2 410 393.483572918786
0.00909090909090909 1.52741761530817 0.361161645394114 -0.54653214662847 1 15797.92 381.12 350.104847601319
0 1.51067765531003 0.289113451179063 -0.46754464870024 1 16907.84 384.36 276.378163838416
0.00909090909090909 1.50789055986865 0.306352297394344 -0.26569665120373 1 14885.2 340.96 373.73236557814
0.00909090909090909 1.46446579673222 0.289853642857754 -0.903664117939905 1 15322.08 408.84 350.547140064024
0.00909090909090909 1.43665795644645 0.260057755435271 -0.486653428292423 1 14961.88 366.08 356.318608808933
0 1.48027013544925 0.160672061261721 -0.476925317198038 1 17219.28 427.76 271.126230748989
0.00909090909090909 1.43934045707367 0.296443084561837 -0.962197094036304 1 14862.2 400.2 355.403863291865
0 1.42344877268188 0.185594396060333 -0.739813501946628 0.96 15843.4583333333 441.375 363.954915709164
0.00909090909090909 1.46784520919587 0.239123612253767 -0.775680632533712 1 15417.72 410.08 349.763911642265
0 1.4740924344184 0.273465131376982 0.094153253843747 1 15503.6 314 326.908700055605
0.00909090909090909 1.40903286449611 0.197775524109602 -0.932753274682909 1 14369.52 446.24 414.832194922249
0 1.51223931567548 0.378937316033544 -0.437497376588926 1 14610 324.4 370.055270609364
0.00909090909090909 1.40418117556707 0.109794902072679 -0.626527955273308 1 16689.36 454.44 300.391576340688
0.00909090909090909 1.467339660367 0.310023376415484 -0.936348544433713 1 13742.4 382.2 400.567096027849
0 1.44653657991328 0.182995295485739 0.147853077141649 1 16932.52 364.64 303.274056300591
0 1.49370628177887 0.252636384560049 -0.465414468147368 1 17453.36 432.92 300.912580356295
0 1.51067765531003 0.289113451179063 -0.46754464870024 1 16907.84 384.36 276.378163838416
0 1.42630831147985 0.167954764734225 -0.462797088630866 1 16412.88 409.56 294.395191949705
0 1.39197353408672 0.244582060095854 -0.839429888874292 0.96 13260.4166666667 366.75 365.999953727976
0 1.48782152814582 0.194444002309806 -0.416273346526158 1 16791.52 403.64 288.379324854097
0.00909090909090909 1.37889339658432 0.210737387952395 -0.151031787507236 1 13784.52 329.84 373.737364034309
0.00909090909090909 1.45129813975514 0.207389435968761 -0.134299465878315 1 15870.72 368.96 326.563067604492
0 1.45416593796136 0.154611888530474 -0.218619192193776 1 17170.44 396.4 289.005579172088
0.00909090909090909 1.47205987274826 0.34939517317026 -0.521160205406205 1 13789.24 328.24 378.622374991998
0.00909090909090909 1.50421163866783 0.381132793352246 -0.885949281608085 1 15103.36 396.08 366.370459013642
0 1.45416593796136 0.154611888530474 -0.218619192193776 1 17170.44 396.4 289.005579172088
0 1.47249471777157 0.28795192966543 0.16735155446359 1 15174.28 303.96 361.659413914778
0 1.53366784207018 0.322638024293543 -0.645286397186902 1 16498.16 387 310.467649620452
0.00909090909090909 1.45738391930185 0.286037339595694 -0.837072547585915 1 16233.68 431.6 307.759836676486
0 1.46188876782544 0.207630018913187 -0.390224098693579 1 16977.6 405.36 276.139811837203
0.00909090909090909 1.3971932729159 0.162913377581385 -0.837277308642518 0.96 15478.1666666667 469.083333333333 366.381202792958
0 1.42842890694737 0.224192523164675 -0.103873697575182 1 13858.2 312.32 361.03698690976
0 1.46188876782544 0.207630018913187 -0.390224098693579 1 16977.6 405.36 276.139811837203
0 1.47126468952362 0.238604702268812 -0.105085402149477 1 17084.56 377.68 303.808515785303
0.00909090909090909 1.43466923904598 0.313969972653914 -0.853136184348879 1 12902.52 344.28 379.928238368925
0 1.40196069867553 0.19743985943655 -0.0248040377179912 1 13067.44 300.04 350.3440515718
0.00909090909090909 1.40225483370014 0.168776176776737 -0.976772279012948 1 16617.92 507.24 337.459018113717
0.00909090909090909 1.39735945002176 0.243416330008768 -0.693863284774125 1 13281.08 365.76 406.536560928667
0 1.5392021975843 0.30099797603888 -0.586667833234629 1 17565.36 416.28 278.710648245195
0 1.45857214008098 0.233223436482408 0.145539154625575 1 15961.16 333.36 313.419489899942
0.00909090909090909 1.52864608451123 0.321429711089237 -0.754428381683719 1 15963.2 407.2 306.702600978964
0 1.47249471777157 0.28795192966543 0.16735155446359 1 15174.28 303.96 361.659413914778
0.00909090909090909 1.46810072337156 0.304948306791837 -0.703267674672856 1 15925.4 397.76 343.093126299104
0.00909090909090909 1.35142746616043 0.169998164013103 -0.555717663406394 1 13398.28 371.52 382.111991200814
0.00909090909090909 1.40903286449611 0.197775524109602 -0.932753274682909 1 14369.52 446.24 414.832194922249
0 1.45416593796136 0.154611888530474 -0.218619192193776 1 17170.44 396.4 289.005579172088
0.00909090909090909 1.43413745825499 0.207705139945201 0.00304206889073189 1 15413.32 346.52 345.73864708873
0 1.40469388698341 0.219092750180524 -0.185045511643675 1 13910.32 329.64 425.553901833501
0 1.46188876782544 0.207630018913187 -0.390224098693579 1 16977.6 405.36 276.139811837203
0.00909090909090909 1.38958624534776 0.199674600918448 -0.944608330655701 1 15309.32 483.92 428.739207030955
0 1.47501655320768 0.249082133383553 -0.792057426275828 0.96 14480 381.625 321.528442721855
0 1.54785576011054 0.377506226790138 -0.532990712672472 1 15313.64 336.36 326.416466886512
0 1.42842890694737 0.224192523164675 -0.103873697575182 1 13858.2 312.32 361.03698690976
0 1.5388613212175 0.394494283211391 -0.478663277759024 1 15542.92 343.4 345.986274747801
0 1.46188876782544 0.207630018913187 -0.390224098693579 1 16977.6 405.36 276.139811837203
0 1.51067765531003 0.289113451179063 -0.46754464870024 1 16907.84 384.36 276.378163838416
0.00909090909090909 1.40418117556707 0.109794902072679 -0.626527955273308 1 16689.36 454.44 300.391576340688
0.00909090909090909 1.40225483370014 0.168776176776737 -0.976772279012948 1 16617.92 507.24 337.459018113717
0 1.51733302623034 0.215215355320834 -0.455461319070309 1 16498.92 393.24 289.607864240289
0 1.51067765531003 0.289113451179063 -0.46754464870024 1 16907.84 384.36 276.378163838416
0.00909090909090909 1.37995854490473 0.197004510330789 -0.467903384499927 1 14274.68 368.44 365.250033769433
0 1.52087904368128 0.290391071041677 -0.641208170679999 0.96 15847.8333333333 395.958333333333 347.746323099447
0.00909090909090909 1.47887341304216 0.298175686479476 -0.963053326938755 1 16592.92 492.16 375.367276231296
0 1.53366784207018 0.322638024293543 -0.645286397186902 1 16498.16 387 310.467649620452
0.00909090909090909 1.46475557674846 0.178071558981376 -0.864841516104756 1 16550.08 439.92 285.19466473935
0 1.48746225534001 0.341640604964585 -0.114994983848644 1 15288.6 321.68 339.008467386061
0 1.52087904368128 0.290391071041677 -0.641208170679999 0.96 15847.8333333333 395.958333333333 347.746323099447
0.00909090909090909 1.52309855604544 0.342839196207933 -0.80606502527371 1 15182.12 387.32 362.212697921487
0 1.40461002774027 0.275547959267383 -0.65347048423153 1 11128.4 300.16 421.124825653878
0 1.41553226531031 0.133703506580395 -0.331295549130519 1 14935.6 372.64 287.225771680391
0.00909090909090909 1.50144816162065 0.268103052792139 -0.810653651598841 1 16539.32 436 299.621129174499
0 1.4740924344184 0.273465131376982 0.094153253843747 1 15503.6 314 326.908700055605
0 1.45416593796136 0.154611888530474 -0.218619192193776 1 17170.44 396.4 289.005579172088
0 1.46188876782544 0.207630018913187 -0.390224098693579 1 16977.6 405.36 276.139811837203
0 1.48743436266449 0.278118554196172 0.00239722094922152 1 16565.52 349.2 319.095470248099
0.00909090909090909 1.42915028773839 0.147819104794111 -0.529268041961726 1 15923.92 420.44 324.773836146532
0 1.49448326320515 0.333601546993195 -0.0457885571031694 1 15445.28 319.24 362.262181695154
0 1.53042378841778 0.300695167633558 -0.345918989534661 1 16962.92 371.08 300.287605382087
0 1.50313238444736 0.367061772838278 -0.282256567423681 1 14979.68 323.68 356.721670494205
0.00909090909090909 1.41771098847106 0.184556520805186 -0.759271325082887 1 16036.76 438.96 340.983868693905
0.00909090909090909 1.37866373642476 0.178106714133799 -0.115488058387959 1 13691.96 326.6 386.040838277959
0.00909090909090909 1.43801385396061 0.106644673877573 -0.733649482728027 1 16633 461.72 290.560286398122
0 1.52626637535286 0.239919625424573 -0.641781225581897 1 17607.76 430.52 275.661762506442
0.00909090909090909 1.39279324327366 0.171463860706074 -0.110328915527548 1 14329.08 336.88 377.741396542894
0.00909090909090909 1.37889339658432 0.210737387952395 -0.151031787507236 1 13784.52 329.84 373.737364034309
0 1.54448559221616 0.36417977734892 -0.832044724139573 1 16279.96 372.84 308.110389336582
0 1.48386659659445 0.341821576305665 -0.000530198682099581 1 15056.56 312.24 363.934845875955
0.00909090909090909 1.39958419776105 0.172379531312916 -0.424211778201187 1 16775.08 428.52 329.416353223684
0 1.5392021975843 0.30099797603888 -0.586667833234629 1 17565.36 416.28 278.710648245195
0.00909090909090909 1.43845827034604 0.209596070438934 -0.359674694326693 1 14600.24 362.52 366.569350228303
0.00909090909090909 1.37448431364695 0.206581668531705 -0.803523019108853 1 12252.68 371.6 448.377507552938
0.00909090909090909 1.49815945670204 0.354095934419551 -0.460314773210275 1 15377.04 357.16 376.851590046605
0.00909090909090909 1.40225483370014 0.168776176776737 -0.976772279012948 1 16617.92 507.24 337.459018113717
0.00909090909090909 1.40361494933314 0.203088576805178 -0.580829077739587 1 16124.96 433.4 379.602266782026
0 1.4576907314742 0.396986148786352 -0.971125486034652 1 12271.52 323.04 427.928004893891
0.00909090909090909 1.4696087067365 0.299624544385831 -0.871730266045149 1 14225.48 397.76 385.174621104065
0.00909090909090909 1.51044332366437 0.364545468310826 -0.552661231253296 1 14182.52 333.6 362.772488087612
0.00909090909090909 1.40361494933314 0.203088576805178 -0.580829077739587 1 16124.96 433.4 379.602266782026
0.00909090909090909 1.48807147728735 0.360177885746337 -0.442405013916286 1 15441.48 354.96 364.066788827282
0.00909090909090909 1.50817180157677 0.291211490008514 -0.260839773697892 1 16451.44 372.52 340.610730948032
0 1.42585153365611 0.261837801513372 -0.781678643650376 1 11863.44 332.96 436.337581376624
0 1.46188876782544 0.207630018913187 -0.390224098693579 1 16977.6 405.36 276.139811837203
0 1.48386659659445 0.341821576305665 -0.000530198682099581 1 15056.56 312.24 363.934845875955
0.00909090909090909 1.41771730771095 0.241208147526649 -0.744494376924592 1 14320.2 410 393.483572918786
0 1.41621807147749 0.275614926568232 0.0477207917720079 1 13319.96 286.68 388.79630901233
0 1.50906643778083 0.263931929790118 -0.829985893206714 1 17672.72 454.32 263.586430482027
0 1.46350159849064 0.113093003623782 -0.610343759226491 1 17791.64 455.36 268.18605627681
0 1.48386659659445 0.341821576305665 -0.000530198682099581 1 15056.56 312.24 363.934845875955
0 1.40024459739187 0.296786470944374 -0.931219208380232 1 11445.04 329.32 423.648837738939
0.00909090909090909 1.42269685100247 0.245315150663076 -0.213256111783521 1 16086.2 376.64 353.769529929765
0 1.45880335111472 0.329528694991573 -0.85266298449603 0.96 13654.7083333333 356.916666666667 377.42059181229
0.00909090909090909 1.43413745825499 0.207705139945201 0.00304206889073189 1 15413.32 346.52 345.73864708873
0.00909090909090909 1.52053422508651 0.339520557966261 -0.420040797057108 1 15735 363 341.221692231961
0.00909090909090909 1.41320662518592 0.245874747473695 -0.724091456665705 1 15002.08 401.72 352.079026687574
0.00909090909090909 1.39991694085051 0.12809945997144 -0.659664894484466 1 16058.44 445.2 342.395820868445
0.00909090909090909 1.35005030795001 0.165874694800004 -0.314758962951601 1 14548.08 363.4 397.713202903622
0 1.41621807147749 0.275614926568232 0.0477207917720079 1 13319.96 286.68 388.79630901233
0.00909090909090909 1.47128504842343 0.366153343695376 -0.649794809855971 1 13732.96 340.52 401.476096418653
0 1.38854220718515 0.221579159554041 -0.849387565269104 1 12178.24 363.4 450.091899278189
0 1.51192715470793 0.266948686751047 -0.278751660039755 1 16587.2 376.88 311.595511356359
0.00909090909090909 1.44635812343059 0.206636672008847 -0.727636463304556 1 15966.04 436.92 366.865286857989
0 1.42344877268188 0.185594396060333 -0.739813501946628 0.96 15843.4583333333 441.375 363.954915709164
0.00909090909090909 1.41254115587931 0.220132317796923 -0.721082574955782 1 13430.4 381.52 388.237472678692
0.00909090909090909 1.37889339658432 0.210737387952395 -0.151031787507236 1 13784.52 329.84 373.737364034309
0.00909090909090909 1.39735945002176 0.243416330008768 -0.693863284774125 1 13281.08 365.76 406.536560928667
0 1.41076706484165 0.196695920556486 0.13869192958898 1 15791.6 341.52 338.455741449884
0 1.42428940809332 0.128173201880418 -0.146320061292499 1 17514.88 421.96 277.017907165369
0.00909090909090909 1.43934045707367 0.296443084561837 -0.962197094036304 1 14862.2 400.2 355.403863291865
0 1.48027013544925 0.160672061261721 -0.476925317198038 1 17219.28 427.76 271.126230748989
0 1.51733302623034 0.215215355320834 -0.455461319070309 1 16498.92 393.24 289.607864240289
0.00909090909090909 1.42884878622057 0.278137223262294 -0.920809836892803 1 13679.4 408.92 457.25016627079
0 1.53366784207018 0.322638024293543 -0.645286397186902 1 16498.16 387 310.467649620452
0.00909090909090909 1.51044332366437 0.364545468310826 -0.552661231253296 1 14182.52 333.6 362.772488087612
0.00909090909090909 1.4289169540451 0.156348591156684 -0.444048226908979 1 15804.64 391.96 303.630980745639
0 1.39197353408672 0.244582060095854 -0.839429888874292 0.96 13260.4166666667 366.75 365.999953727976
0 1.46188876782544 0.207630018913187 -0.390224098693579 1 16977.6 405.36 276.139811837203
0.00909090909090909 1.48086854954811 0.112119725720526 -0.567899740722926 1 17313.28 452.08 309.576749622064
0 1.4949330752878 0.342954571034969 -0.083977533785174 1 15337.24 328.16 358.475058396587
0 1.49241108887488 0.209007121302336 -0.440568433562575 1 17251.08 412.56 284.385159215866
0.00909090909090909 1.51875890440757 0.340569236929056 -0.985098309693103 1 16385.68 448.4 337.936180255622
0.00909090909090909 1.43232249177219 0.262492193443061 -0.948136642963569 1 13805.92 410.36 404.516397447416
0 1.46542127822054 0.127643205826797 -0.580891654961913 1 17121.88 440.88 268.313796383764
0.00909090909090909 1.46810072337156 0.304948306791837 -0.703267674672856 1 15925.4 397.76 343.093126299104
0 1.53947837459855 0.236327260243706 -0.762404364533722 1 17098.64 419 280.541958424165
0.00909090909090909 1.43413745825499 0.207705139945201 0.00304206889073189 1 15413.32 346.52 345.73864708873
0.00909090909090909 1.39735945002176 0.243416330008768 -0.693863284774125 1 13281.08 365.76 406.536560928667
0.00909090909090909 1.35005030795001 0.165874694800004 -0.314758962951601 1 14548.08 363.4 397.713202903622
0 1.43634910126857 0.170782421090476 -0.0619741514967849 1 16747.16 369.8 297.19669178755
0.00909090909090909 1.4908181105014 0.388507004985566 -0.6406167746178 1 14150.36 341.24 386.052406287915
0 1.42842890694737 0.224192523164675 -0.103873697575182 1 13858.2 312.32 361.03698690976
0.00909090909090909 1.40225483370014 0.168776176776737 -0.976772279012948 1 16617.92 507.24 337.459018113717
0.00909090909090909 1.40903286449611 0.197775524109602 -0.932753274682909 1 14369.52 446.24 414.832194922249
0.00909090909090909 1.35955840983934 0.13787173303562 -0.343873460463548 1 14414.84 377.16 409.364012891202
0 1.5388613212175 0.394494283211391 -0.478663277759024 1 15542.92 343.4 345.986274747801
0 1.45416593796136 0.154611888530474 -0.218619192193776 1 17170.44 396.4 289.005579172088
0 1.52087904368128 0.290391071041677 -0.641208170679999 0.96 15847.8333333333 395.958333333333 347.746323099447
0 1.52613275921901 0.294126674270422 -0.490016447490707 1 17637.6 403.2 280.143548867366
0 1.45962619539708 0.241611790509397 -0.211345980914087 1 16648.64 377.92 315.061073793128
0 1.40196069867553 0.19743985943655 -0.0248040377179912 1 13067.44 300.04 350.3440515718
0.00909090909090909 1.40361494933314 0.203088576805178 -0.580829077739587 1 16124.96 433.4 379.602266782026
0 1.49920197228315 0.264382587885643 -0.483452941820331 1 17083.32 407.44 312.697603705889
0 1.4740924344184 0.273465131376982 0.094153253843747 1 15503.6 314 326.908700055605
0 1.41535532939411 0.147533543682911 0.253639066871235 1 16331.16 342.68 340.047216029933
0.00909090909090909 1.47876131105272 0.236553104254833 -0.856336364933945 1 16883.72 457.44 305.206150817762
0 1.49895907603212 0.253123389506847 -0.362138759414162 1 16992.8 397.64 302.666233204988
0.00909090909090909 1.4576215379646 0.229475073024922 -0.524120144628784 1 16482.8 411.36 325.221669936096
0.00909090909090909 1.49846612834185 0.288323182726188 -0.283654731640496 1 14506.48 332.64 346.486227004966
0 1.46188876782544 0.207630018913187 -0.390224098693579 1 16977.6 405.36 276.139811837203
0.00909090909090909 1.35319236759489 0.14470691133422 -0.887786113881316 1 15079.68 481.44 411.45037332335
0 1.47249471777157 0.28795192966543 0.16735155446359 1 15174.28 303.96 361.659413914778
0.00909090909090909 1.40361494933314 0.203088576805178 -0.580829077739587 1 16124.96 433.4 379.602266782026
0 1.51733302623034 0.215215355320834 -0.455461319070309 1 16498.92 393.24 289.607864240289
0.00909090909090909 1.47645611107981 0.325645856753299 -0.924422723002639 1 14567.28 400.84 351.962205035256
0.00909090909090909 1.35005030795001 0.165874694800004 -0.314758962951601 1 14548.08 363.4 397.713202903622
0.00909090909090909 1.50093167343544 0.288045906478987 -0.821232740899175 1 15642.08 393.2 326.523729593133
0 1.47610133804781 0.222737376403192 -0.451733356042312 1 15530.2 362.24 289.247472810969
0 1.49118673268638 0.245717478379593 -0.524331230993573 1 16814.32 419.84 280.900334853721
0 1.5388613212175 0.394494283211391 -0.478663277759024 1 15542.92 343.4 345.986274747801
0 1.41931080290382 0.206946493856138 -0.578591129738196 0.96 14023.5 377.208333333333 333.919252169425
0.00909090909090909 1.47129818168683 0.264292851040111 -0.838922406093528 1 16097.36 417.72 319.43655424465
0 1.53173980538692 0.283767567745445 -0.609191217031633 1 17107.28 403.88 295.633076865223
0 1.51700087792523 0.296476374072528 -0.615068431731879 1 16917.96 398.48 293.944697469971
0.00909090909090909 1.44940009075092 0.234996361684988 -0.55494736375022 1 17392.12 435.36 310.883824481669
0.00909090909090909 1.42565379487351 0.236959951091558 -0.40462330263108 1 13648.56 346.76 397.516306745571
0.00909090909090909 1.52616578723811 0.393373140803692 -0.823823813943845 1 14253.2 359.8 372.590244588318
0 1.44407045288635 0.145776946944499 -0.204073286017081 1 17094.72 421.48 294.180113614368
0.00909090909090909 1.4637354814655 0.321697935416866 -0.997698050231202 1 14203.24 408.72 378.943374807866
0.00909090909090909 1.42565379487351 0.236959951091558 -0.40462330263108 1 13648.56 346.76 397.516306745571
0.00909090909090909 1.39108077364477 0.171421316566716 -0.893444896783173 1 14120.72 430.8 411.974073491909
0.00909090909090909 1.41771730771095 0.241208147526649 -0.744494376924592 1 14320.2 410 393.483572918786
0 1.5035141172979 0.229348680516207 -0.889639258236543 1 17368.12 461.64 286.248316957124
0 1.51829707869527 0.386122612790874 -0.250293049508525 1 14963.64 322.28 362.424476008819
0 1.4576907314742 0.396986148786352 -0.971125486034652 1 12271.52 323.04 427.928004893891
0.00909090909090909 1.43805806971058 0.201462423439391 -0.356373910727552 1 15687.36 385.36 313.368227428053
