0.00454545454545455 1.38070743274875 0.27266409934964 -0.530471060425043 0.96 10244.0833333333 267.333333333333 432.854866074232
0.00454545454545455 1.52870250386186 0.22260296556633 -0.585100573021919 1 17667.32 436.36 267.767110576475
0.00454545454545455 1.50420688986778 0.319437694875523 0.430107665713876 1 14941.88 267.04 360.53197037263
0.00454545454545455 1.39990263716318 0.367811147263274 0.458681368734688 1 4490.8 78.76 396.238645071254
0.00454545454545455 1.41296295188367 0.244076526700519 0.902939694467932 1 14397.32 235.68 392.179112743256
0.00454545454545455 1.4803104438819 0.215336757549085 0.209949664771557 1 17146.4 351.32 248.120123807533
0.00454545454545455 1.38740745089017 0.285599293652922 -0.730139770545065 0.96 10680.6666666667 283.083333333333 431.716104522517
0.00454545454545455 1.37956741456874 0.331185829942115 0.893585914280266 1 5048.16 79.8 403.21526047956
0.00454545454545455 1.46723557412624 0.309469583723694 -0.957883739378303 0.96 14381.2083333333 390.166666666667 341.520177894979
0.00454545454545455 1.4802023333963 0.322753009782173 -0.334795008413494 0.96 15161.75 351.416666666667 375.503520735757
0.00454545454545455 1.45741693917662 0.378328891657293 0.685291924513876 1 9974.4 162.52 410.449020383671
0.00454545454545455 1.4745856965892 0.397455823048949 -0.918908076826483 1 11338.28 303.16 455.905040690358
0.00454545454545455 1.50028181294911 0.163450472173281 -0.358796034008265 1 17097.6 395 263.396413883839
0.00454545454545455 1.53860764652491 0.251930446526967 0.485455595888197 1 16921.04 319.32 280.262346538387
0.00454545454545455 1.40626934338361 0.108874582359567 -0.675619014538825 0.96 17664.4166666667 470.208333333333 314.307540932947
0.00454545454545455 1.50549000948668 0.125716263917275 0.967860779259354 1 17364.32 313.64 251.071856593765
0.00454545454545455 1.44674180489965 0.347102269669995 0.846671826206148 1 11389.2 177.08 393.181999207908
0.00454545454545455 1.54383578454144 0.349913456686772 0.287510007619858 1 16352.16 301.68 334.699631295661
0.00454545454545455 1.47667832095176 0.145473615569063 -0.00854766042903066 1 17883.64 394.56 254.424014603594
0.00454545454545455 1.43537245290354 0.167441889131442 -0.435793508309871 1 16468.84 414.72 311.73014578371
0.00454545454545455 1.36166719184257 0.348991196369752 -0.322811417747289 0.96 5165.125 114.708333333333 427.383804189466
0.00454545454545455 1.50214257356711 0.281405739765614 0.857948655262589 0.96 16346.1666666667 271.625 303.058334404639
0.00454545454545455 1.35769994840957 0.378553515346721 -0.471675019245595 0.96 4068.125 86.0416666666667 410.453006822736
0.00454545454545455 1.47214149208739 0.355617775488645 0.264456738252193 1 10632.36 202 410.766261076141
0.00454545454545455 1.4929467998445 0.38673061307054 -0.661183816380799 1 11055.8 282 416.321225383916
0.00454545454545455 1.46408114447258 0.198141685524024 -0.988758244086057 1 16649.4 456.56 280.540175135799
0.00454545454545455 1.47418374763802 0.30929445985239 0.838382253423333 1 14186.24 229.96 358.601852037958
0.00454545454545455 1.47181430910714 0.366597551270388 0.46269821934402 1 13034.96 232.8 375.291945662412
0.00454545454545455 1.40413778196089 0.132991184783168 -0.697628502268344 0.88 15973.5 454.590909090909 329.527500677853
0.00454545454545455 1.51353484932333 0.168188168038614 0.598314857576042 1 17280.24 324.56 247.984148753118
0.00454545454545455 1.41571168242954 0.234888278716244 0.665081799495965 1 11430.36 204.68 399.996175990818
0.00454545454545455 1.49362777206115 0.13706651632674 -0.334251227322966 1 18127.48 412.88 228.670931241605
0.00454545454545455 1.5109084721189 0.110299757355824 -0.196165186818689 0.96 18072.125 403.25 225.348784569586
0.00454545454545455 1.44989048177376 0.366761561925523 -0.123323770705611 0.96 10316 214.166666666667 422.457221400508
0.00454545454545455 1.4861501163803 0.243754368042573 0.543951319996268 1 15459.48 287 307.86011683672
0.00454545454545455 1.36863047503866 0.393293534987606 -0.00891823647543788 0.96 3401.625 65.6666666666667 375.310375468761
0.00454545454545455 1.37142484532669 0.188052139105275 -0.354049375280738 0.96 11680.125 295.916666666667 370.170437082252
0.00454545454545455 1.35622247825377 0.251886041788384 0.0507981679402292 1 8163.64 171.88 413.151769153449
0.00454545454545455 1.45887511181645 0.31620289911516 -0.930840559769422 1 12546.6 348.84 411.34387141331
0.00454545454545455 1.47745268098079 0.245075306040235 -0.0678866980597377 1 16704.68 369.84 294.377945691195
0.00454545454545455 1.52603360130452 0.160525300493464 0.381117501296103 0.96 17511.625 346.458333333333 212.877799136936
0.00454545454545455 1.43367151315324 0.130116451554932 -0.00531056663021445 1 17638.6 402.76 267.23228705456
0.00454545454545455 1.51118465494365 0.287395961931907 -0.140737187117338 1 15160.48 337.44 368.48539478234
0.00454545454545455 1.3863932413049 0.166911819740199 0.39125461038202 0.96 12930.3333333333 258.291666666667 399.070378096081
0.00454545454545455 1.39898014590144 0.223283219453879 0.717854568734765 1 11804.44 203.2 418.493935289068
0.00454545454545455 1.42842890694737 0.224192523164675 -0.103873697575182 1 13858.2 312.32 361.03698690976
0.00454545454545455 1.48013234790415 0.163042907998897 -0.95381212932989 0.96 17446.875 511.5 287.580992409143
0.00454545454545455 1.47290496202186 0.30191534794867 -0.4557990799658 0.96 15302 367.958333333333 365.68757437948
0.00454545454545455 1.53947837459855 0.236327260243706 -0.762404364533722 1 17098.64 419 280.541958424165
0.00454545454545455 1.40157934785821 0.355246614757925 0.661642627324909 0.96 7151.04166666667 113.416666666667 422.302165240159
0.00454545454545455 1.35059823673218 0.234466501767747 0.636125513818115 1 8507 147.88 396.56217527286
0.00454545454545455 1.48926103091799 0.149192969989963 0.933301630895585 0.92 17300.5217391304 309.521739130435 236.788054316075
0.00454545454545455 1.49232559865341 0.219610796007328 0.325513960327953 1 16779.48 332.44 309.915003296762
0.00454545454545455 1.48743764529936 0.329769576014951 -0.0196987902745605 1 14759.36 306.48 358.436512518864
0.00454545454545455 1.35913696568459 0.159503668593243 0.848470157012343 0.92 11498.3913043478 195.826086956522 412.960064252998
0.00454545454545455 1.5095433305949 0.302872675913386 -0.27239344920963 1 16608.2 368.92 321.439869344895
0.00454545454545455 1.44006505045109 0.310860090749338 0.355111747980118 0.96 12439.375 234.5 376.108524773551
0.00454545454545455 1.36831734841689 0.183149393089116 0.687643625773489 0.96 12580.75 228.458333333333 386.426311514749
0.00454545454545455 1.53834424484521 0.272537145297974 -0.0509408097714186 1 17815.76 368.8 253.41148049109
0.00454545454545455 1.49739566282369 0.248315534321591 0.0290355710312724 0.96 16122.875 346.875 302.036719679411
0.00454545454545455 1.48027013544925 0.160672061261721 -0.476925317198038 1 17219.28 427.76 271.126230748989
0.00454545454545455 1.43005172414705 0.397821875638328 -0.741247407160699 1 5237.04 128.76 432.16830933702
0.00454545454545455 1.41269739703275 0.11963302323129 0.696821369696409 0.96 17647.1666666667 336.5 262.312172013613
0.00454545454545455 1.35762755488977 0.284415858262219 0.167720348574221 0.96 7566 154.625 432.604823795945
0.00454545454545455 1.39735945002176 0.243416330008768 -0.693863284774125 1 13281.08 365.76 406.536560928667
0.00454545454545455 1.46722747981548 0.238324238685891 0.964263898320496 1 13479.04 222.04 334.088466341665
0.00454545454545455 1.4307463566307 0.150110346381553 -0.0731271905824542 1 15982.44 373.64 350.97462414182
0.00454545454545455 1.4229311759118 0.354160367674194 0.149464325979352 1 9058.48 174.36 436.209151294117
0.00454545454545455 1.41606721342541 0.242068670783192 -0.65597798442468 1 13254.24 359.32 406.511603630466
0.00454545454545455 1.38686058702879 0.250750277843326 -0.530810037162155 1 12346.8 319.52 412.490325158675
0.00454545454545455 1.40638071461581 0.20178711945191 0.595898130908608 1 14336.68 260.24 373.969569553293
0.00454545454545455 1.51433252580464 0.318381544621661 0.810741473920643 1 15232.96 247.96 332.925330758129
0.00454545454545455 1.39636100493371 0.399918028200045 0.990767715033144 0.96 5520.875 80.4583333333333 392.331674216276
0.00454545454545455 1.40225483370014 0.168776176776737 -0.976772279012948 1 16617.92 507.24 337.459018113717
0.00454545454545455 1.39160115942359 0.187658352544531 0.0269988845102489 1 11935.72 267.56 385.040953177914
0.00454545454545455 1.53366398345679 0.231078233011067 -0.272272611036897 1 17208.32 382.16 240.645864255357
0.00454545454545455 1.41672779275104 0.394143541553058 0.581681761424989 0.96 5185.375 89.375 379.263471884281
0.00454545454545455 1.51733302623034 0.215215355320834 -0.455461319070309 1 16498.92 393.24 289.607864240289
0.00454545454545455 1.38580814199522 0.317519390373491 -0.336592382285744 0.96 8612.83333333333 204.458333333333 439.039089818286
0.00454545454545455 1.53496140502393 0.119642145745456 -0.190697700716555 1 18195.72 406.56 217.70824752728
0.00454545454545455 1.365708635794 0.279865154763684 0.274157081265002 1 8620.08 165.24 426.327235860916
0.00454545454545455 1.37875947384164 0.38013282851316 -0.65960570378229 0.96 4908.45833333333 118.541666666667 442.010050917138
0.00454545454545455 1.47941527608782 0.184970658272505 -0.380156125407666 1 17326.88 428.72 299.979673864432
0.00454545454545455 1.49022821723484 0.331044823280536 0.0776831745170057 1 15166 310.76 368.546026591429
0.00454545454545455 1.52205375912599 0.29807825635653 0.213244713377208 1 16796.64 331.24 298.392243705997
0.00454545454545455 1.42344877268188 0.185594396060333 -0.739813501946628 0.96 15843.4583333333 441.375 363.954915709164
0.00454545454545455 1.41189925009385 0.235659360024147 -0.286987003404647 1 14277.36 341.12 357.399733474254
0.00454545454545455 1.37112725609913 0.397633513459005 0.443747398909181 1 3760.08 63.92 360.076868115049
0.00454545454545455 1.45454337820411 0.38193707424216 -0.0928914514370263 1 11427.28 231.96 436.780213492229
0.00454545454545455 1.36575460089371 0.36570433320012 -0.941793582867831 1 5407.64 142.88 436.997232521653
0.00454545454545455 1.40903286449611 0.197775524109602 -0.932753274682909 1 14369.52 446.24 414.832194922249
0.00454545454545455 1.39197353408672 0.244582060095854 -0.839429888874292 0.96 13260.4166666667 366.75 365.999953727976
0.00454545454545455 1.47744527840987 0.190166486403905 -0.150950958486646 1 15841.84 361.72 291.211378403867
0.00454545454545455 1.42393088033423 0.295029082382098 0.540437050163746 1 12905.64 230.52 379.26635263325
0.00454545454545455 1.53950576004572 0.302914215018973 0.872327483259141 0.96 17183.8333333333 281.291666666667 285.994630667247
0.00454545454545455 1.45332555538043 0.370678197289817 -0.429287304636091 0.96 11640.25 275.666666666667 450.394781453683
0.00454545454545455 1.39756863005459 0.251051637926139 -0.982420455664396 1 13404 407.68 424.526212216461
0.00454545454545455 1.43252366543747 0.214099160535261 0.468992707785219 0.96 15249 293.375 337.502824965903
0.00454545454545455 1.47458615344949 0.247322842408903 -0.596028283238411 1 16805.52 412.12 303.718601959731
0.00454545454545455 1.42513078008778 0.347012019972317 0.890673864632845 1 8849.32 138.76 380.278628663593
0.00454545454545455 1.36964838858694 0.152995302178897 -0.44393713446334 1 14619.6 384.36 332.423556567368
0.00454545454545455 1.48489988856018 0.268179883761332 -0.356443527154624 1 16100.36 390.64 363.846712713183
0.00454545454545455 1.35567107871175 0.22732881270349 0.175389211624861 0.92 9453.91304347826 196.95652173913 433.523563189261
0.00454545454545455 1.39409757722169 0.105243798322044 0.579943065065891 1 15208.24 297.16 335.389004944185
0.00454545454545455 1.47197721437551 0.139240786479786 0.387533364351839 1 17271.88 352.36 264.687635539682
0.00454545454545455 1.52309855604544 0.342839196207933 -0.80606502527371 1 15182.12 387.32 362.212697921487
0.00454545454545455 1.53688422287814 0.244755912851542 -0.328604598063976 1 17834.96 391.68 249.655330094231
0.00454545454545455 1.44645033595152 0.262235353025608 0.463845164049417 0.96 13362.5 251.083333333333 372.034568415673
0.00454545454545455 1.41594664417207 0.144174259435385 -0.389336435124278 0.96 17094.5833333333 431.75 314.193538558849
0.00454545454545455 1.51044332366437 0.364545468310826 -0.552661231253296 1 14182.52 333.6 362.772488087612
0.00454545454545455 1.50863611544482 0.292197899776511 0.396668629720807 1 16066.16 302 306.708518746388
0.00454545454545455 1.5419970434159 0.158149271365255 -0.0204348433762789 1 17892.64 384.68 243.219516779742
0.00454545454545455 1.38269760631956 0.221361516788602 0.637255412526429 1 10939.96 193.72 405.637157059872
0.00454545454545455 1.40519603821449 0.278244744008407 -0.829094609711319 1 10470.4 299.92 446.179093951244
0.00454545454545455 1.41022014822811 0.322549822740257 0.235692595597357 1 6551.84 122.52 430.464823301663
0.00454545454545455 1.52696868819185 0.190699544851668 0.794413771014661 1 17247.56 318.12 235.197913721409
0.00454545454545455 1.467339660367 0.310023376415484 -0.936348544433713 1 13742.4 382.2 400.567096027849
0.00454545454545455 1.54542744653299 0.385565030295402 0.335799537133425 1 15090.88 272.8 365.343278986436
0.00454545454545455 1.44300851547159 0.284629062446766 0.593417847063392 1 13992.76 249.4 402.448325367482
0.00454545454545455 1.42142894295976 0.324975454015657 0.711686833295971 1 9022.08 150.32 415.857961197979
0.00454545454545455 1.48002988002263 0.293079121806659 0.853643578011543 0.96 14380.4166666667 240.583333333333 328.11947458188
0.00454545454545455 1.46039830790833 0.371290859789588 -0.449978959746659 1 13262.28 307.56 418.133128899664
0.00454545454545455 1.36380124352872 0.157784658437595 0.55935665499419 0.96 13625.0833333333 262.791666666667 352.473854840691
0.00454545454545455 1.52496191835962 0.278088444983587 -0.584142024628818 1 17317.2 397.04 285.695026139421
0.00454545454545455 1.41807006532326 0.23666931593325 0.338969044387341 1 13361.04 258.36 387.256918549714
0.00454545454545455 1.36879212614149 0.107784675736912 -0.0748808477073908 0.96 15792 374.708333333333 332.655554805331
0.00454545454545455 1.43410782082938 0.199108037655242 -0.318589311558753 1 15270.16 369.4 323.940899381348
0.00454545454545455 1.45534151438624 0.21541546669323 -0.585762846283615 1 15634 410.28 344.613309632962
0.00454545454545455 1.50403287555091 0.211444148910232 0.921601727139205 0.96 17622.125 312.375 269.392744210768
0.00454545454545455 1.41946627404541 0.198820093995892 -0.434732579626143 1 14827.28 371.68 376.128239164725
0.00454545454545455 1.49882713095285 0.11733582415618 -0.216206713579595 0.96 17115.9166666667 398.708333333333 248.693678733122
0.00454545454545455 1.41621807147749 0.275614926568232 0.0477207917720079 1 13319.96 286.68 388.79630901233
0.00454545454545455 1.37144584017806 0.155493371607736 -0.487981135491282 1 14063.88 372.08 382.140459702159
0.00454545454545455 1.39186714305542 0.118973715580069 0.669740931596607 0.92 16350.1739130435 313.565217391304 271.218387139067
0.00454545454545455 1.47836547126062 0.314239947427996 0.302485689986497 1 15042.04 278.8 333.75051328511
0.00454545454545455 1.46271536829881 0.258484016754664 0.829784483183175 1 15490.16 263.8 309.745404230226
0.00454545454545455 1.50086405752227 0.327705311845057 0.361119389999658 1 16410.08 304.64 301.09010437057
0.00454545454545455 1.40876265433617 0.372823677002452 0.450007025152445 1 7051.96 123.44 418.953962062683
0.00454545454545455 1.42488689692691 0.359019142296165 0.272663734853268 1 8672.4 159.92 414.815719227115
0.00454545454545455 1.50212224475108 0.179120451537892 -0.377211110200733 0.96 16971.9166666667 395.5 276.872787727581
0.00454545454545455 1.36658420618623 0.273678476223722 0.0302740405313671 0.96 8132.16666666667 173.75 449.476741663796
0.00454545454545455 1.51699914187193 0.26404198592063 0.462847715709358 1 16299.8 293.56 277.843770411494
0.00454545454545455 1.46188876782544 0.207630018913187 -0.390224098693579 1 16977.6 405.36 276.139811837203
0.00454545454545455 1.51295486576855 0.17367893550545 -0.276208644267172 1 17547.32 377.8 240.660611361359
0.00454545454545455 1.35998391010799 0.17642135375645 0.320649896748364 0.96 11489.2916666667 238.541666666667 376.166650662153
0.00454545454545455 1.54406567951664 0.136417487543076 -0.578376626130193 1 18094.24 426.32 227.085378104102
0.00454545454545455 1.53998437118717 0.290017568599433 0.530227209441364 1 17736.56 318.2 261.532216392228
0.00454545454545455 1.46215870599262 0.106885378411971 0.556557321920991 1 17435.48 345.08 245.571714064882
0.00454545454545455 1.44030228150077 0.156161207426339 0.25792279234156 1 15867.56 330.2 313.771129776427
0.00454545454545455 1.43458495275117 0.237986299628392 0.0519638904370368 1 13173.84 282.48 342.928988494702
0.00454545454545455 1.37359950114042 0.108139314688742 0.893134579993784 0.88 11805.3636363636 201.909090909091 368.585335762167
0.00454545454545455 1.3744017586112 0.394647539453581 -0.771718572359532 1 3255.84 74.76 390.943715700248
0.00454545454545455 1.3555921940133 0.351980728073977 0.635894884355366 0.96 4026 64.0833333333333 387.888543210421
0.00454545454545455 1.41633605905809 0.141616232856177 -0.141616905108094 1 14959.36 366.28 332.032109952107
0.00454545454545455 1.40380091946572 0.223964563338086 0.822860242798924 1 11207.04 182.88 408.931030402555
0.00454545454545455 1.37753593293019 0.194446384091862 -0.297804086003453 1 12640.28 315.76 422.731528736685
0.00454545454545455 1.43975435933098 0.113874439289793 -0.9373360411264 1 17624.76 506.52 259.424961548042
0.00454545454545455 1.47063988908194 0.303770825755782 0.0997108016163111 1 13416.56 267.88 384.519047063181
0.00454545454545455 1.35468701161444 0.237395668961108 -0.871432542335242 1 8948.84 275.4 428.180184575116
0.00454545454545455 1.49170714002103 0.149624461773783 -0.323236370459199 1 18024.76 405.56 231.8820017729
0.00454545454545455 1.40145754283294 0.290189444832504 -0.348475289065391 1 9052.04 219.24 424.942523005029
0.00454545454545455 1.50693166907877 0.197715937579051 0.598883099388331 1 17888.52 344.28 244.08609092261
0.00454545454545455 1.51683137216605 0.26578329836484 0.791861371602863 1 15797.4 270.68 289.486632007685
0.00454545454545455 1.41032082564197 0.352562454366125 0.282146248035133 1 7636.44 143 416.319999032777
0.00454545454545455 1.51416083816439 0.184642643528059 0.317957539577037 0.96 17181.25 349 263.5960657433
0.00454545454545455 1.4220501800999 0.286377430707216 0.604688815306872 0.92 10084.7826086957 174.130434782609 423.169812666634
0.00454545454545455 1.4804771123454 0.179028381151147 -0.13185007404536 0.96 17114.125 377.458333333333 258.07901767608
0.00454545454545455 1.47218008311465 0.388766392390244 -0.0800407836213708 1 9755.96 199.44 416.876493758966
0.00454545454545455 1.48312020264566 0.283287383290008 0.279571409337223 1 16163.84 313.72 314.389400906019
0.00454545454545455 1.36389678656124 0.349902150826529 -0.36355314264074 0.96 3924.91666666667 86.8333333333333 401.935304290348
0.00454545454545455 1.48386659659445 0.341821576305665 -0.000530198682099581 1 15056.56 312.24 363.934845875955
0.00454545454545455 1.4302498517558 0.223051077616401 0.573235298506916 0.96 15025.4166666667 274.291666666667 326.165654942811
0.00454545454545455 1.51241153823212 0.330161857884377 -0.852136508096009 1 15067.4 384.84 353.757588552404
0.00454545454545455 1.42032860498875 0.327448156732135 0.874313381966203 1 8325.76 134.8 386.190377857512
0.00454545454545455 1.44587054364383 0.18926056639757 0.9421167075634 1 16657.08 285.4 296.798096734859
0.00454545454545455 1.36187687222846 0.379283068166114 0.159458855167031 0.92 3852.4347826087 73.4347826086957 396.236340372895
0.00454545454545455 1.51846870845184 0.254791991668753 -0.309763695113361 1 16726.92 373.76 294.839135432911
0.00454545454545455 1.39063490713015 0.31455228633713 0.229059329256415 1 6618.52 129 437.590403308917
0.00454545454545455 1.42565379487351 0.236959951091558 -0.40462330263108 1 13648.56 346.76 397.516306745571
0.00454545454545455 1.54785576011054 0.377506226790138 -0.532990712672472 1 15313.64 336.36 326.416466886512
0.00454545454545455 1.43469096547924 0.187040400784463 -0.113656981382519 0.96 16525.3333333333 375.291666666667 322.124816997542
0.00454545454545455 1.42187150889076 0.210796395363286 0.0352839375846088 1 16109.16 347.24 345.625850296272
0.00454545454545455 1.41483195736073 0.389040706027299 -0.399355994537473 1 7869.16 174.6 425.886704256265
0.00454545454545455 1.41172412950546 0.111494493368082 0.472130238544196 1 16122.4 321.24 275.363968110065
0.00454545454545455 1.37488547260873 0.285952696204186 -0.237546143122017 1 9496.88 217.68 427.35488141446
0.00454545454545455 1.50322014233097 0.332854903792031 0.693747605662793 1 14679.88 253.08 333.900027660535
0.00454545454545455 1.44632868310437 0.169709392939694 0.119907925836742 0.96 15165.0833333333 313.458333333333 316.174591749961
0.00454545454545455 1.37889339658432 0.210737387952395 -0.151031787507236 1 13784.52 329.84 373.737364034309
0.00454545454545455 1.50670555112883 0.234532289230265 -0.105342532042414 1 17011.68 373.28 285.796976990958
0.00454545454545455 1.4463393476326 0.211642824672163 0.520008724648505 1 13983.64 259.4 361.16763190413
0.00454545454545455 1.4530403515324 0.360012332093902 -0.271991782356054 1 10840.52 242.8 413.962728445548
0.00454545454545455 1.39222797947004 0.186581390164793 0.759187533985823 1 11806.04 207.24 395.747278082836
0.00454545454545455 1.51676086517982 0.189618030609563 0.800087188836187 1 17609.76 318.28 263.653850763608
0.00454545454545455 1.41284344936721 0.329414253658615 0.136307208798826 1 7785.52 156.08 410.317213792815
0.00454545454545455 1.49072347059846 0.142935834359378 -0.365321254823357 0.96 17957.3333333333 418.833333333333 241.008261753388
0.00454545454545455 1.50144816162065 0.268103052792139 -0.810653651598841 1 16539.32 436 299.621129174499
0.00454545454545455 1.42428940809332 0.128173201880418 -0.146320061292499 1 17514.88 421.96 277.017907165369
0.00454545454545455 1.45546685173176 0.290905849239789 0.490654530934989 0.96 14712.2083333333 269.791666666667 379.617214105741
0.00454545454545455 1.36297361990437 0.248285904154182 -0.618448914960027 0.96 9264.08333333333 248.958333333333 454.321198718162
0.00454545454545455 1.41389402514324 0.179516275040805 0.230661506298929 1 16268.48 337 311.599549701094
0.00454545454545455 1.39408205738291 0.307418597117066 -0.687503563705832 1 9997.44 270.92 448.865728772158
0.00454545454545455 1.37384747280739 0.375115359597839 0.125839628279209 0.96 4969.54166666667 94.4166666666667 412.378653525127
0.00454545454545455 1.44827550956979 0.378312688041478 -0.361174517776817 0.96 8479.66666666667 185.583333333333 410.551126625967
0.00454545454545455 1.39234057525173 0.186794192716479 0.742601889651269 0.92 13324.5217391304 237.217391304348 358.211595933396
0.00454545454545455 1.35734027256258 0.125112580670975 -0.880624073091894 0.92 15388.6956521739 472.565217391304 381.589271319974
0.00454545454545455 1.42776789003983 0.239906331431121 -0.461098900996149 0.96 15168.6666666667 381.583333333333 378.538156421097
0.00454545454545455 1.39388797562569 0.114910429040901 0.852500934153795 1 14737.6 265.96 326.074779104957
0.00454545454545455 1.35005030795001 0.165874694800004 -0.314758962951601 1 14548.08 363.4 397.713202903622
0.00454545454545455 1.51860634540208 0.183741147210822 0.0636930414475501 0.92 16602.8695652174 346.260869565217 272.430387552669
0.00454545454545455 1.49652178348042 0.226049037883058 -0.473278930410743 0.92 17783.8260869565 417.478260869565 265.1161959389
0.00454545454545455 1.52630820181221 0.384292859886773 -0.0964402644895017 1 12883.76 256.52 368.770766769357
0.00454545454545455 1.48896167920902 0.30457591090817 0.44880294566974 1 14889.76 270.96 307.351774040608
0.00454545454545455 1.54038559827022 0.206555024324916 0.409766655415297 1 17392.24 341.2 255.21397490467
0.00454545454545455 1.38971924046054 0.214407263789326 0.226120315492153 0.96 13378.875 275.958333333333 399.52517842798
0.00454545454545455 1.38830721364357 0.174448138219304 0.43031282350421 0.92 14237.652173913 281.695652173913 390.276228837613
0.00454545454545455 1.41702547920868 0.165930112171918 -0.818053279072046 0.96 16152.7916666667 439.291666666667 295.120652848748
0.00454545454545455 1.44611499728635 0.217697068722919 0.289302721619606 1 16185.24 326 293.887715795873
0.00454545454545455 1.40355869247578 0.216316869063303 0.0461131078191102 0.96 12709.25 283.916666666667 440.501351401158
0.00454545454545455 1.41918693943881 0.384856209415011 -0.990869796369225 1 8509.52 234.16 427.403488678293
0.00454545454545455 1.38179193995893 0.361289729177952 -0.68750884803012 0.96 6303.08333333333 160.333333333333 432.820633513111
