0.00769230769230769 1.35954366634654 0.149160586280717 -0.8688763613146 1 15184.32 461.64 374.875736384629
0.00769230769230769 1.35319236759489 0.14470691133422 -0.887786113881316 1 15079.68 481.44 411.45037332335
0 1.40903286449611 0.197775524109602 -0.932753274682909 1 14369.52 446.24 414.832194922249
0.00769230769230769 1.35319236759489 0.14470691133422 -0.887786113881316 1 15079.68 481.44 411.45037332335
0.00769230769230769 1.35319236759489 0.14470691133422 -0.887786113881316 1 15079.68 481.44 411.45037332335
0.00769230769230769 1.35319236759489 0.14470691133422 -0.887786113881316 1 15079.68 481.44 411.45037332335
0 1.4637354814655 0.321697935416866 -0.997698050231202 1 14203.24 408.72 378.943374807866
0.00769230769230769 1.38758581746275 0.180899268149776 -0.974632850294227 1 15451.64 481.92 368.687737955797
0.00769230769230769 1.38441838170342 0.172600822675157 -0.747628688215057 1 15037.8 446.44 366.82507070404
0 1.44935430343799 0.247616678532099 -0.981247732302861 1 15348.72 459.56 395.688041062793
0 1.40903286449611 0.197775524109602 -0.932753274682909 1 14369.52 446.24 414.832194922249
0.00769230769230769 1.42032837696323 0.22534027063444 -0.963216879586295 1 15201.6 449.88 346.806605621513
0 1.4637354814655 0.321697935416866 -0.997698050231202 1 14203.24 408.72 378.943374807866
0.00769230769230769 1.38441838170342 0.172600822675157 -0.747628688215057 1 15037.8 446.44 366.82507070404
0 1.4637354814655 0.321697935416866 -0.997698050231202 1 14203.24 408.72 378.943374807866
0.00769230769230769 1.35319236759489 0.14470691133422 -0.887786113881316 1 15079.68 481.44 411.45037332335
0.00769230769230769 1.39521721976899 0.198327596937225 -0.929907726824797 1 15912.28 475.52 360.662032349873
0 1.40903286449611 0.197775524109602 -0.932753274682909 1 14369.52 446.24 414.832194922249
0 1.43350418929085 0.262942447875229 -0.941684754830678 1 15515.04 447.96 357.175773845106
0 1.40903286449611 0.197775524109602 -0.932753274682909 1 14369.52 446.24 414.832194922249
0.00769230769230769 1.38441838170342 0.172600822675157 -0.747628688215057 1 15037.8 446.44 366.82507070404
0.00769230769230769 1.3520245855728 0.155721664916512 -0.910775619841948 1 15201.76 458.2 393.566215054195
0 1.40903286449611 0.197775524109602 -0.932753274682909 1 14369.52 446.24 414.832194922249
0 1.42173756812218 0.174194089691605 -0.900669096130129 1 15145.44 448.84 333.629689061216
0.00769230769230769 1.36660772528446 0.15764898002884 -0.796565066040572 1 13572.32 409.72 377.839510506802
0.00769230769230769 1.38441838170342 0.172600822675157 -0.747628688215057 1 15037.8 446.44 366.82507070404
0.00769230769230769 1.38441838170342 0.172600822675157 -0.747628688215057 1 15037.8 446.44 366.82507070404
0.00769230769230769 1.35319236759489 0.14470691133422 -0.887786113881316 1 15079.68 481.44 411.45037332335
0.00769230769230769 1.35319236759489 0.14470691133422 -0.887786113881316 1 15079.68 481.44 411.45037332335
0.00769230769230769 1.38441838170342 0.172600822675157 -0.747628688215057 1 15037.8 446.44 366.82507070404
0.00769230769230769 1.39102465250304 0.150825366854138 -0.829709825464086 1 15044.68 469.16 386.415673751314
0.00769230769230769 1.38441838170342 0.172600822675157 -0.747628688215057 1 15037.8 446.44 366.82507070404
0 1.4637354814655 0.321697935416866 -0.997698050231202 1 14203.24 408.72 378.943374807866
0 1.40903286449611 0.197775524109602 -0.932753274682909 1 14369.52 446.24 414.832194922249
0.00769230769230769 1.42032837696323 0.22534027063444 -0.963216879586295 1 15201.6 449.88 346.806605621513
0 1.40903286449611 0.197775524109602 -0.932753274682909 1 14369.52 446.24 414.832194922249
0.00769230769230769 1.45830324503678 0.222148126630238 -0.921191341511443 1 15748.12 463.64 354.701013015176
0.00769230769230769 1.43948699710992 0.251130292849596 -0.993481075368992 1 15489.4 461.56 364.126244968149
0 1.4637354814655 0.321697935416866 -0.997698050231202 1 14203.24 408.72 378.943374807866
0.00769230769230769 1.35954366634654 0.149160586280717 -0.8688763613146 1 15184.32 461.64 374.875736384629
0.00769230769230769 1.38758581746275 0.180899268149776 -0.974632850294227 1 15451.64 481.92 368.687737955797
0 1.40903286449611 0.197775524109602 -0.932753274682909 1 14369.52 446.24 414.832194922249
0.00769230769230769 1.38758581746275 0.180899268149776 -0.974632850294227 1 15451.64 481.92 368.687737955797
0.00769230769230769 1.38441838170342 0.172600822675157 -0.747628688215057 1 15037.8 446.44 366.82507070404
0.00769230769230769 1.39492436794803 0.211113092364327 -0.859991686433673 1 14590.76 431.68 379.963437164118
0.00769230769230769 1.42170727885028 0.177786548865664 -0.87688950302103 1 15668.92 471.2 346.262784156294
0 1.4637354814655 0.321697935416866 -0.997698050231202 1 14203.24 408.72 378.943374807866
0 1.43350418929085 0.262942447875229 -0.941684754830678 1 15515.04 447.96 357.175773845106
0 1.4637354814655 0.321697935416866 -0.997698050231202 1 14203.24 408.72 378.943374807866
0 1.40903286449611 0.197775524109602 -0.932753274682909 1 14369.52 446.24 414.832194922249
0 1.44935430343799 0.247616678532099 -0.981247732302861 1 15348.72 459.56 395.688041062793
0.00769230769230769 1.40420397630707 0.145902228837142 -0.952878984947028 1 15545.28 469.16 375.94928486796
0.00769230769230769 1.38758581746275 0.180899268149776 -0.974632850294227 1 15451.64 481.92 368.687737955797
0.00769230769230769 1.4252226562094 0.18166108949399 -0.881676736176387 1 15621 470.2 389.183735980436
0.00769230769230769 1.40936364687888 0.18442997551699 -0.931925526925551 1 15217.48 468.8 379.137477093942
0.00769230769230769 1.35319236759489 0.14470691133422 -0.887786113881316 1 15079.68 481.44 411.45037332335
0.00769230769230769 1.38758581746275 0.180899268149776 -0.974632850294227 1 15451.64 481.92 368.687737955797
0.00769230769230769 1.35319236759489 0.14470691133422 -0.887786113881316 1 15079.68 481.44 411.45037332335
0 1.4637354814655 0.321697935416866 -0.997698050231202 1 14203.24 408.72 378.943374807866
0 1.40903286449611 0.197775524109602 -0.932753274682909 1 14369.52 446.24 414.832194922249
0.00769230769230769 1.39285986226709 0.160337691258828 -0.971934092387361 1 15055.48 452.4 364.866732697567
0.00769230769230769 1.35319236759489 0.14470691133422 -0.887786113881316 1 15079.68 481.44 411.45037332335
0.00769230769230769 1.38441838170342 0.172600822675157 -0.747628688215057 1 15037.8 446.44 366.82507070404
0 1.40903286449611 0.197775524109602 -0.932753274682909 1 14369.52 446.24 414.832194922249
0 1.4637354814655 0.321697935416866 -0.997698050231202 1 14203.24 408.72 378.943374807866
0.00769230769230769 1.39285986226709 0.160337691258828 -0.971934092387361 1 15055.48 452.4 364.866732697567
0.00769230769230769 1.38441838170342 0.172600822675157 -0.747628688215057 1 15037.8 446.44 366.82507070404
0 1.4637354814655 0.321697935416866 -0.997698050231202 1 14203.24 408.72 378.943374807866
0.00769230769230769 1.36462255807647 0.134283144940549 -0.932528610118136 1 13728.24 445 394.836419089776
0.00769230769230769 1.4252226562094 0.18166108949399 -0.881676736176387 1 15621 470.2 389.183735980436
0.00769230769230769 1.38441838170342 0.172600822675157 -0.747628688215057 1 15037.8 446.44 366.82507070404
0 1.40272890237438 0.163316532261856 -0.990483776548917 1 15859.44 474.44 345.783722711731
0 1.4637354814655 0.321697935416866 -0.997698050231202 1 14203.24 408.72 378.943374807866
0.00769230769230769 1.48335958146702 0.239537200867395 -0.993557197549071 1 14711.12 428.72 384.36085794001
0.00769230769230769 1.35319236759489 0.14470691133422 -0.887786113881316 1 15079.68 481.44 411.45037332335
0.00769230769230769 1.3692859053936 0.137432395116605 -0.777384457692303 1 14902.48 448.08 375.167011605929
0 1.40903286449611 0.197775524109602 -0.932753274682909 1 14369.52 446.24 414.832194922249
0.00769230769230769 1.40687296392186 0.224149349195864 -0.895979774972673 1 14922.24 454.52 372.484253751031
0.00769230769230769 1.35209758175794 0.130052552260257 -0.966805875366286 1 15216.76 488.68 408.239533423539
0 1.4637354814655 0.321697935416866 -0.997698050231202 1 14203.24 408.72 378.943374807866
0 1.4637354814655 0.321697935416866 -0.997698050231202 1 14203.24 408.72 378.943374807866
0.00769230769230769 1.35319236759489 0.14470691133422 -0.887786113881316 1 15079.68 481.44 411.45037332335
0.00769230769230769 1.42032837696323 0.22534027063444 -0.963216879586295 1 15201.6 449.88 346.806605621513
0.00769230769230769 1.3520245855728 0.155721664916512 -0.910775619841948 1 15201.76 458.2 393.566215054195
0.00769230769230769 1.35319236759489 0.14470691133422 -0.887786113881316 1 15079.68 481.44 411.45037332335
0 1.4637354814655 0.321697935416866 -0.997698050231202 1 14203.24 408.72 378.943374807866
0.00769230769230769 1.38441838170342 0.172600822675157 -0.747628688215057 1 15037.8 446.44 366.82507070404
0.00769230769230769 1.35264737796804 0.152140781019903 -0.837954858749231 1 14417.56 437.16 393.049328100931
0.00769230769230769 1.3520245855728 0.155721664916512 -0.910775619841948 1 15201.76 458.2 393.566215054195
0.00769230769230769 1.35319236759489 0.14470691133422 -0.887786113881316 1 15079.68 481.44 411.45037332335
0 1.40903286449611 0.197775524109602 -0.932753274682909 1 14369.52 446.24 414.832194922249
0 1.4637354814655 0.321697935416866 -0.997698050231202 1 14203.24 408.72 378.943374807866
0 1.40903286449611 0.197775524109602 -0.932753274682909 1 14369.52 446.24 414.832194922249
0.00769230769230769 1.38441838170342 0.172600822675157 -0.747628688215057 1 15037.8 446.44 366.82507070404
0 1.4637354814655 0.321697935416866 -0.997698050231202 1 14203.24 408.72 378.943374807866
0 1.4637354814655 0.321697935416866 -0.997698050231202 1 14203.24 408.72 378.943374807866
0 1.43350418929085 0.262942447875229 -0.941684754830678 1 15515.04 447.96 357.175773845106
0 1.4637354814655 0.321697935416866 -0.997698050231202 1 14203.24 408.72 378.943374807866
0.00769230769230769 1.4252226562094 0.18166108949399 -0.881676736176387 1 15621 470.2 389.183735980436
0.00769230769230769 1.4252226562094 0.18166108949399 -0.881676736176387 1 15621 470.2 389.183735980436
0.00769230769230769 1.35319236759489 0.14470691133422 -0.887786113881316 1 15079.68 481.44 411.45037332335
0.00769230769230769 1.38758581746275 0.180899268149776 -0.974632850294227 1 15451.64 481.92 368.687737955797
0.00769230769230769 1.35151353704173 0.17682142032408 -0.923147002759623 1 13397.12 416.24 376.724715913475
0.00769230769230769 1.36622224371099 0.134984121154594 -0.921161592176046 1 15102.04 472.48 405.974609699376
0.00769230769230769 1.39894286112169 0.170859960340163 -0.861056035099367 1 15280.04 465.72 384.190608636655
0 1.4637354814655 0.321697935416866 -0.997698050231202 1 14203.24 408.72 378.943374807866
0.00769230769230769 1.35319236759489 0.14470691133422 -0.887786113881316 1 15079.68 481.44 411.45037332335
0 1.40903286449611 0.197775524109602 -0.932753274682909 1 14369.52 446.24 414.832194922249
0 1.4637354814655 0.321697935416866 -0.997698050231202 1 14203.24 408.72 378.943374807866
0.00769230769230769 1.38758581746275 0.180899268149776 -0.974632850294227 1 15451.64 481.92 368.687737955797
0.00769230769230769 1.35319236759489 0.14470691133422 -0.887786113881316 1 15079.68 481.44 411.45037332335
0 1.4637354814655 0.321697935416866 -0.997698050231202 1 14203.24 408.72 378.943374807866
0.00769230769230769 1.35319236759489 0.14470691133422 -0.887786113881316 1 15079.68 481.44 411.45037332335
0.00769230769230769 1.36660772528446 0.15764898002884 -0.796565066040572 1 13572.32 409.72 377.839510506802
0.00769230769230769 1.40687296392186 0.224149349195864 -0.895979774972673 1 14922.24 454.52 372.484253751031
0.00769230769230769 1.35579611249876 0.165571201953109 -0.884865820620072 1 12906.84 407 398.473006054416
0 1.4637354814655 0.321697935416866 -0.997698050231202 1 14203.24 408.72 378.943374807866
0.00769230769230769 1.38441838170342 0.172600822675157 -0.747628688215057 1 15037.8 446.44 366.82507070404
0.00769230769230769 1.48335958146702 0.239537200867395 -0.993557197549071 1 14711.12 428.72 384.36085794001
0 1.40903286449611 0.197775524109602 -0.932753274682909 1 14369.52 446.24 414.832194922249
0 1.4637354814655 0.321697935416866 -0.997698050231202 1 14203.24 408.72 378.943374807866
0.00769230769230769 1.38758581746275 0.180899268149776 -0.974632850294227 1 15451.64 481.92 368.687737955797
0 1.4637354814655 0.321697935416866 -0.997698050231202 1 14203.24 408.72 378.943374807866
0.00769230769230769 1.38758581746275 0.180899268149776 -0.974632850294227 1 15451.64 481.92 368.687737955797
0 1.40903286449611 0.197775524109602 -0.932753274682909 1 14369.52 446.24 414.832194922249
0.00769230769230769 1.35319236759489 0.14470691133422 -0.887786113881316 1 15079.68 481.44 411.45037332335
0.00769230769230769 1.36660772528446 0.15764898002884 -0.796565066040572 1 13572.32 409.72 377.839510506802
0.00769230769230769 1.38441838170342 0.172600822675157 -0.747628688215057 1 15037.8 446.44 366.82507070404
0.00769230769230769 1.40687296392186 0.224149349195864 -0.895979774972673 1 14922.24 454.52 372.484253751031
0.00769230769230769 1.35319236759489 0.14470691133422 -0.887786113881316 1 15079.68 481.44 411.45037332335
0 1.40903286449611 0.197775524109602 -0.932753274682909 1 14369.52 446.24 414.832194922249
0 1.4637354814655 0.321697935416866 -0.997698050231202 1 14203.24 408.72 378.943374807866
0.00769230769230769 1.35319236759489 0.14470691133422 -0.887786113881316 1 15079.68 481.44 411.45037332335
0 1.4637354814655 0.321697935416866 -0.997698050231202 1 14203.24 408.72 378.943374807866
0.00769230769230769 1.42032837696323 0.22534027063444 -0.963216879586295 1 15201.6 449.88 346.806605621513
0 1.40903286449611 0.197775524109602 -0.932753274682909 1 14369.52 446.24 414.832194922249
0.00769230769230769 1.35954366634654 0.149160586280717 -0.8688763613146 1 15184.32 461.64 374.875736384629
0.00769230769230769 1.38441838170342 0.172600822675157 -0.747628688215057 1 15037.8 446.44 366.82507070404
0.00769230769230769 1.35319236759489 0.14470691133422 -0.887786113881316 1 15079.68 481.44 411.45037332335
0.00769230769230769 1.3520245855728 0.155721664916512 -0.910775619841948 1 15201.76 458.2 393.566215054195
0 1.43350418929085 0.262942447875229 -0.941684754830678 1 15515.04 447.96 357.175773845106
0.00769230769230769 1.35319236759489 0.14470691133422 -0.887786113881316 1 15079.68 481.44 411.45037332335
0.00769230769230769 1.43948699710992 0.251130292849596 -0.993481075368992 1 15489.4 461.56 364.126244968149
0.00769230769230769 1.38441838170342 0.172600822675157 -0.747628688215057 1 15037.8 446.44 366.82507070404
0.00769230769230769 1.38758581746275 0.180899268149776 -0.974632850294227 1 15451.64 481.92 368.687737955797
0.00769230769230769 1.38441838170342 0.172600822675157 -0.747628688215057 1 15037.8 446.44 366.82507070404
0 1.40903286449611 0.197775524109602 -0.932753274682909 1 14369.52 446.24 414.832194922249
0.00769230769230769 1.39492436794803 0.211113092364327 -0.859991686433673 1 14590.76 431.68 379.963437164118
0 1.40903286449611 0.197775524109602 -0.932753274682909 1 14369.52 446.24 414.832194922249
0.00769230769230769 1.4252226562094 0.18166108949399 -0.881676736176387 1 15621 470.2 389.183735980436
0 1.4637354814655 0.321697935416866 -0.997698050231202 1 14203.24 408.72 378.943374807866
0 1.40903286449611 0.197775524109602 -0.932753274682909 1 14369.52 446.24 414.832194922249
0.00769230769230769 1.35319236759489 0.14470691133422 -0.887786113881316 1 15079.68 481.44 411.45037332335
0 1.4637354814655 0.321697935416866 -0.997698050231202 1 14203.24 408.72 378.943374807866
0.00769230769230769 1.39492436794803 0.211113092364327 -0.859991686433673 1 14590.76 431.68 379.963437164118
0.00769230769230769 1.35319236759489 0.14470691133422 -0.887786113881316 1 15079.68 481.44 411.45037332335
0 1.43350418929085 0.262942447875229 -0.941684754830678 1 15515.04 447.96 357.175773845106
0 1.40903286449611 0.197775524109602 -0.932753274682909 1 14369.52 446.24 414.832194922249
0 1.44935430343799 0.247616678532099 -0.981247732302861 1 15348.72 459.56 395.688041062793
0.00769230769230769 1.35319236759489 0.14470691133422 -0.887786113881316 1 15079.68 481.44 411.45037332335
0 1.4637354814655 0.321697935416866 -0.997698050231202 1 14203.24 408.72 378.943374807866
0.00769230769230769 1.48335958146702 0.239537200867395 -0.993557197549071 1 14711.12 428.72 384.36085794001
0.00769230769230769 1.368301492666 0.194631694101631 -0.914149386219216 1 14598.92 444.16 390.643479470158
0 1.44935430343799 0.247616678532099 -0.981247732302861 1 15348.72 459.56 395.688041062793
0.00769230769230769 1.35319236759489 0.14470691133422 -0.887786113881316 1 15079.68 481.44 411.45037332335
0.00769230769230769 1.35319236759489 0.14470691133422 -0.887786113881316 1 15079.68 481.44 411.45037332335
0.00769230769230769 1.35319236759489 0.14470691133422 -0.887786113881316 1 15079.68 481.44 411.45037332335
0 1.37470385143571 0.115585676609643 -0.805526618022508 1 15841.72 473.84 341.982072969599
0 1.40903286449611 0.197775524109602 -0.932753274682909 1 14369.52 446.24 414.832194922249
0.00769230769230769 1.48335958146702 0.239537200867395 -0.993557197549071 1 14711.12 428.72 384.36085794001
0 1.4637354814655 0.321697935416866 -0.997698050231202 1 14203.24 408.72 378.943374807866
0.00769230769230769 1.35151353704173 0.17682142032408 -0.923147002759623 1 13397.12 416.24 376.724715913475
0 1.4637354814655 0.321697935416866 -0.997698050231202 1 14203.24 408.72 378.943374807866
0 1.4637354814655 0.321697935416866 -0.997698050231202 1 14203.24 408.72 378.943374807866
0.00769230769230769 1.39492436794803 0.211113092364327 -0.859991686433673 1 14590.76 431.68 379.963437164118
0 1.4637354814655 0.321697935416866 -0.997698050231202 1 14203.24 408.72 378.943374807866
0 1.40903286449611 0.197775524109602 -0.932753274682909 1 14369.52 446.24 414.832194922249
0 1.4637354814655 0.321697935416866 -0.997698050231202 1 14203.24 408.72 378.943374807866
0 1.4637354814655 0.321697935416866 -0.997698050231202 1 14203.24 408.72 378.943374807866
0.00769230769230769 1.35319236759489 0.14470691133422 -0.887786113881316 1 15079.68 481.44 411.45037332335
0.00769230769230769 1.36660772528446 0.15764898002884 -0.796565066040572 1 13572.32 409.72 377.839510506802
0.00769230769230769 1.40687296392186 0.224149349195864 -0.895979774972673 1 14922.24 454.52 372.484253751031
0.00769230769230769 1.3692859053936 0.137432395116605 -0.777384457692303 1 14902.48 448.08 375.167011605929
0 1.4637354814655 0.321697935416866 -0.997698050231202 1 14203.24 408.72 378.943374807866
0 1.4637354814655 0.321697935416866 -0.997698050231202 1 14203.24 408.72 378.943374807866
0 1.43350418929085 0.262942447875229 -0.941684754830678 1 15515.04 447.96 357.175773845106
0.00769230769230769 1.35319236759489 0.14470691133422 -0.887786113881316 1 15079.68 481.44 411.45037332335
0.00769230769230769 1.48335958146702 0.239537200867395 -0.993557197549071 1 14711.12 428.72 384.36085794001
0.00769230769230769 1.368301492666 0.194631694101631 -0.914149386219216 1 14598.92 444.16 390.643479470158
0.00769230769230769 1.35319236759489 0.14470691133422 -0.887786113881316 1 15079.68 481.44 411.45037332335
0 1.40903286449611 0.197775524109602 -0.932753274682909 1 14369.52 446.24 414.832194922249
0.00769230769230769 1.35319236759489 0.14470691133422 -0.887786113881316 1 15079.68 481.44 411.45037332335
0 1.40903286449611 0.197775524109602 -0.932753274682909 1 14369.52 446.24 414.832194922249
0.00769230769230769 1.35319236759489 0.14470691133422 -0.887786113881316 1 15079.68 481.44 411.45037332335
0.00769230769230769 1.36808478912816 0.169906791129526 -0.865403685080921 1 13968.84 440.52 400.963903150638
0.00769230769230769 1.38758581746275 0.180899268149776 -0.974632850294227 1 15451.64 481.92 368.687737955797
0.00769230769230769 1.35325051894248 0.10798290256919 -0.814620126844856 1 14431 431.44 349.013379008691
0.00769230769230769 1.40077301525957 0.169514512171526 -0.923453280790791 1 14976.92 456.08 399.749793394866
0 1.40903286449611 0.197775524109602 -0.932753274682909 1 14369.52 446.24 414.832194922249
0 1.44935430343799 0.247616678532099 -0.981247732302861 1 15348.72 459.56 395.688041062793
0 1.40903286449611 0.197775524109602 -0.932753274682909 1 14369.52 446.24 414.832194922249
0 1.4637354814655 0.321697935416866 -0.997698050231202 1 14203.24 408.72 378.943374807866
0.00769230769230769 1.40420397630707 0.145902228837142 -0.952878984947028 1 15545.28 469.16 375.94928486796
0.00769230769230769 1.35319236759489 0.14470691133422 -0.887786113881316 1 15079.68 481.44 411.45037332335
0 1.43350418929085 0.262942447875229 -0.941684754830678 1 15515.04 447.96 357.175773845106
0.00769230769230769 1.4252226562094 0.18166108949399 -0.881676736176387 1 15621 470.2 389.183735980436
0 1.4637354814655 0.321697935416866 -0.997698050231202 1 14203.24 408.72 378.943374807866
0 1.4637354814655 0.321697935416866 -0.997698050231202 1 14203.24 408.72 378.943374807866
0 1.40903286449611 0.197775524109602 -0.932753274682909 1 14369.52 446.24 414.832194922249
0.00769230769230769 1.4381429892825 0.209823010617774 -0.967519590082682 1 14701.64 440.44 386.413903806313
0 1.4637354814655 0.321697935416866 -0.997698050231202 1 14203.24 408.72 378.943374807866
0 1.40903286449611 0.197775524109602 -0.932753274682909 1 14369.52 446.24 414.832194922249
0 1.4637354814655 0.321697935416866 -0.997698050231202 1 14203.24 408.72 378.943374807866
0.00769230769230769 1.36462255807647 0.134283144940549 -0.932528610118136 1 13728.24 445 394.836419089776
0.00769230769230769 1.40420397630707 0.145902228837142 -0.952878984947028 1 15545.28 469.16 375.94928486796
0 1.4637354814655 0.321697935416866 -0.997698050231202 1 14203.24 408.72 378.943374807866
0 1.4637354814655 0.321697935416866 -0.997698050231202 1 14203.24 408.72 378.943374807866
0.00769230769230769 1.36462255807647 0.134283144940549 -0.932528610118136 1 13728.24 445 394.836419089776
0.00769230769230769 1.39492436794803 0.211113092364327 -0.859991686433673 1 14590.76 431.68 379.963437164118
0.00769230769230769 1.368301492666 0.194631694101631 -0.914149386219216 1 14598.92 444.16 390.643479470158
