0 1.39735945002176 0.243416330008768 -0.693863284774125 1 13281.08 365.76 406.536560928667
0.00884955752212389 1.48242694289766 0.324997855618428 -0.940303333463702 1 15336.6 418.52 361.15849008526
0 1.39735945002176 0.243416330008768 -0.693863284774125 1 13281.08 365.76 406.536560928667
0.00884955752212389 1.47645611107981 0.325645856753299 -0.924422723002639 1 14567.28 400.84 351.962205035256
0.00884955752212389 1.41771730771095 0.241208147526649 -0.744494376924592 1 14320.2 410 393.483572918786
0.00884955752212389 1.49199068800683 0.307962866762941 -0.966545771586989 1 14663.88 409.84 360.346311232386
0 1.44362012195146 0.195996992736197 -0.492640886188519 1 16645.08 424.88 326.435623323538
0.00884955752212389 1.43934045707367 0.296443084561837 -0.962197094036304 1 14862.2 400.2 355.403863291865
0.00884955752212389 1.41771098847106 0.184556520805186 -0.759271325082887 1 16036.76 438.96 340.983868693905
0.00884955752212389 1.42987302930006 0.291672201401911 -0.96613742810932 1 13933.32 399.12 408.561835579306
0.00884955752212389 1.41771098847106 0.184556520805186 -0.759271325082887 1 16036.76 438.96 340.983868693905
0 1.467339660367 0.310023376415484 -0.936348544433713 1 13742.4 382.2 400.567096027849
0.00884955752212389 1.41503598582964 0.277188285580972 -0.823247128441451 1 13771.52 379.16 385.849064414109
0 1.50093167343544 0.288045906478987 -0.821232740899175 1 15642.08 393.2 326.523729593133
0.00884955752212389 1.35542364032995 0.139634533279074 -0.447456528051172 1 14741.8 389.56 359.045110114788
0.00884955752212389 1.38958624534776 0.199674600918448 -0.944608330655701 1 15309.32 483.92 428.739207030955
0.00884955752212389 1.35319236759489 0.14470691133422 -0.887786113881316 1 15079.68 481.44 411.45037332335
0.00884955752212389 1.47887341304216 0.298175686479476 -0.963053326938755 1 16592.92 492.16 375.367276231296
0.00884955752212389 1.39108077364477 0.171421316566716 -0.893444896783173 1 14120.72 430.8 411.974073491909
0.00884955752212389 1.41771730771095 0.241208147526649 -0.744494376924592 1 14320.2 410 393.483572918786
0.00884955752212389 1.47645611107981 0.325645856753299 -0.924422723002639 1 14567.28 400.84 351.962205035256
0.00884955752212389 1.38441838170342 0.172600822675157 -0.747628688215057 1 15037.8 446.44 366.82507070404
0.00884955752212389 1.50421163866783 0.381132793352246 -0.885949281608085 1 15103.36 396.08 366.370459013642
0.00884955752212389 1.41254115587931 0.220132317796923 -0.721082574955782 1 13430.4 381.52 388.237472678692
0.00884955752212389 1.40361494933314 0.203088576805178 -0.580829077739587 1 16124.96 433.4 379.602266782026
0 1.42915028773839 0.147819104794111 -0.529268041961726 1 15923.92 420.44 324.773836146532
0.00884955752212389 1.40225483370014 0.168776176776737 -0.976772279012948 1 16617.92 507.24 337.459018113717
0.00884955752212389 1.43934045707367 0.296443084561837 -0.962197094036304 1 14862.2 400.2 355.403863291865
0.00884955752212389 1.43934045707367 0.296443084561837 -0.962197094036304 1 14862.2 400.2 355.403863291865
0.00884955752212389 1.44635812343059 0.206636672008847 -0.727636463304556 1 15966.04 436.92 366.865286857989
0.00884955752212389 1.40361494933314 0.203088576805178 -0.580829077739587 1 16124.96 433.4 379.602266782026
0.00884955752212389 1.40361494933314 0.203088576805178 -0.580829077739587 1 16124.96 433.4 379.602266782026
0.00884955752212389 1.43934045707367 0.296443084561837 -0.962197094036304 1 14862.2 400.2 355.403863291865
0.00884955752212389 1.4637354814655 0.321697935416866 -0.997698050231202 1 14203.24 408.72 378.943374807866
0 1.50093167343544 0.288045906478987 -0.821232740899175 1 15642.08 393.2 326.523729593133
0 1.467339660367 0.310023376415484 -0.936348544433713 1 13742.4 382.2 400.567096027849
0.00884955752212389 1.49633851611762 0.336923499549951 -0.874283076852286 1 14778 393.84 380.002989651174
0.00884955752212389 1.48303110763431 0.281364176763539 -0.936725114172832 1 14806.08 400.52 355.0296069969
0 1.4491884288573 0.310618452424772 -0.720457958442692 1 14607.12 376.92 367.309615103472
0 1.52309855604544 0.342839196207933 -0.80606502527371 1 15182.12 387.32 362.212697921487
0.00884955752212389 1.41771730771095 0.241208147526649 -0.744494376924592 1 14320.2 410 393.483572918786
0 1.39735945002176 0.243416330008768 -0.693863284774125 1 13281.08 365.76 406.536560928667
0.00884955752212389 1.40361494933314 0.203088576805178 -0.580829077739587 1 16124.96 433.4 379.602266782026
0.00884955752212389 1.35954366634654 0.149160586280717 -0.8688763613146 1 15184.32 461.64 374.875736384629
0 1.4491884288573 0.310618452424772 -0.720457958442692 1 14607.12 376.92 367.309615103472
0.00884955752212389 1.44016719889031 0.151479670947169 -0.85003971984288 1 16127.08 473.2 361.576837417178
0.00884955752212389 1.41254115587931 0.220132317796923 -0.721082574955782 1 13430.4 381.52 388.237472678692
0.00884955752212389 1.43934045707367 0.296443084561837 -0.962197094036304 1 14862.2 400.2 355.403863291865
0.00884955752212389 1.4637354814655 0.321697935416866 -0.997698050231202 1 14203.24 408.72 378.943374807866
0.00884955752212389 1.40225483370014 0.168776176776737 -0.976772279012948 1 16617.92 507.24 337.459018113717
0.00884955752212389 1.4193679627449 0.253463656188798 -0.746002674019134 1 15415.52 426.32 352.667587347146
0.00884955752212389 1.40361494933314 0.203088576805178 -0.580829077739587 1 16124.96 433.4 379.602266782026
0.00884955752212389 1.41771730771095 0.241208147526649 -0.744494376924592 1 14320.2 410 393.483572918786
0 1.47129818168683 0.264292851040111 -0.838922406093528 1 16097.36 417.72 319.43655424465
0 1.39735945002176 0.243416330008768 -0.693863284774125 1 13281.08 365.76 406.536560928667
0.00884955752212389 1.4696087067365 0.299624544385831 -0.871730266045149 1 14225.48 397.76 385.174621104065
0 1.52616578723811 0.393373140803692 -0.823823813943845 1 14253.2 359.8 372.590244588318
0 1.467339660367 0.310023376415484 -0.936348544433713 1 13742.4 382.2 400.567096027849
0.00884955752212389 1.41320662518592 0.245874747473695 -0.724091456665705 1 15002.08 401.72 352.079026687574
0 1.52309855604544 0.342839196207933 -0.80606502527371 1 15182.12 387.32 362.212697921487
0 1.42915028773839 0.147819104794111 -0.529268041961726 1 15923.92 420.44 324.773836146532
0.00884955752212389 1.47887341304216 0.298175686479476 -0.963053326938755 1 16592.92 492.16 375.367276231296
0 1.39735945002176 0.243416330008768 -0.693863284774125 1 13281.08 365.76 406.536560928667
0.00884955752212389 1.40361494933314 0.203088576805178 -0.580829077739587 1 16124.96 433.4 379.602266782026
0.00884955752212389 1.39512165760826 0.207761027191828 -0.840541424835867 1 12774.6 369.36 353.201797023115
0 1.47129818168683 0.264292851040111 -0.838922406093528 1 16097.36 417.72 319.43655424465
0 1.39735945002176 0.243416330008768 -0.693863284774125 1 13281.08 365.76 406.536560928667
0.00884955752212389 1.39991694085051 0.12809945997144 -0.659664894484466 1 16058.44 445.2 342.395820868445
0 1.467339660367 0.310023376415484 -0.936348544433713 1 13742.4 382.2 400.567096027849
0.00884955752212389 1.41320662518592 0.245874747473695 -0.724091456665705 1 15002.08 401.72 352.079026687574
0 1.4248421960952 0.258831570421854 -0.671856995084769 1 14258.52 392.12 405.971907992153
0 1.48905538341351 0.321934692768536 -0.936014333925337 1 14147.76 403.28 429.667757974132
0 1.47361685562736 0.314931714318961 -0.69908366867686 1 14931.2 383.72 374.719856081617
0.00884955752212389 1.40361494933314 0.203088576805178 -0.580829077739587 1 16124.96 433.4 379.602266782026
0.00884955752212389 1.43308317263098 0.260394782149297 -0.911412791174882 1 15743.04 451.4 367.36492467043
0 1.39735945002176 0.243416330008768 -0.693863284774125 1 13281.08 365.76 406.536560928667
0 1.50315622606638 0.388683608495872 -0.975069450609858 1 14419.12 377.04 396.920175153898
0.00884955752212389 1.40225483370014 0.168776176776737 -0.976772279012948 1 16617.92 507.24 337.459018113717
0.00884955752212389 1.38958624534776 0.199674600918448 -0.944608330655701 1 15309.32 483.92 428.739207030955
0 1.47129818168683 0.264292851040111 -0.838922406093528 1 16097.36 417.72 319.43655424465
0.00884955752212389 1.40225483370014 0.168776176776737 -0.976772279012948 1 16617.92 507.24 337.459018113717
0 1.46909823078061 0.247549087486254 -0.797489244151668 1 15747.08 407.4 322.97808215563
0 1.35142746616043 0.169998164013103 -0.555717663406394 1 13398.28 371.52 382.111991200814
0 1.39735945002176 0.243416330008768 -0.693863284774125 1 13281.08 365.76 406.536560928667
0.00884955752212389 1.43934045707367 0.296443084561837 -0.962197094036304 1 14862.2 400.2 355.403863291865
0 1.467339660367 0.310023376415484 -0.936348544433713 1 13742.4 382.2 400.567096027849
0.00884955752212389 1.43934045707367 0.296443084561837 -0.962197094036304 1 14862.2 400.2 355.403863291865
0 1.39958419776105 0.172379531312916 -0.424211778201187 1 16775.08 428.52 329.416353223684
0.00884955752212389 1.40903286449611 0.197775524109602 -0.932753274682909 1 14369.52 446.24 414.832194922249
0 1.43466923904598 0.313969972653914 -0.853136184348879 1 12902.52 344.28 379.928238368925
0.00884955752212389 1.46784520919587 0.239123612253767 -0.775680632533712 1 15417.72 410.08 349.763911642265
0.00884955752212389 1.40903286449611 0.197775524109602 -0.932753274682909 1 14369.52 446.24 414.832194922249
0.00884955752212389 1.40903286449611 0.197775524109602 -0.932753274682909 1 14369.52 446.24 414.832194922249
0.00884955752212389 1.40903286449611 0.197775524109602 -0.932753274682909 1 14369.52 446.24 414.832194922249
0 1.467339660367 0.310023376415484 -0.936348544433713 1 13742.4 382.2 400.567096027849
0.00884955752212389 1.44635812343059 0.206636672008847 -0.727636463304556 1 15966.04 436.92 366.865286857989
0.00884955752212389 1.38029361049814 0.219887462887393 -0.995774261937904 1 13062.72 417.36 420.837000496426
0.00884955752212389 1.47645611107981 0.325645856753299 -0.924422723002639 1 14567.28 400.84 351.962205035256
0.00884955752212389 1.42035882854786 0.233263247943078 -0.656975630841009 1 16531.52 453.12 344.414677917808
0 1.42915028773839 0.147819104794111 -0.529268041961726 1 15923.92 420.44 324.773836146532
0 1.42150200323079 0.203826384954909 -0.423686530878853 1 15588.96 393.88 374.180896995193
0.00884955752212389 1.36660772528446 0.15764898002884 -0.796565066040572 1 13572.32 409.72 377.839510506802
0 1.4491884288573 0.310618452424772 -0.720457958442692 1 14607.12 376.92 367.309615103472
0 1.42150200323079 0.203826384954909 -0.423686530878853 1 15588.96 393.88 374.180896995193
0.00884955752212389 1.38758581746275 0.180899268149776 -0.974632850294227 1 15451.64 481.92 368.687737955797
0 1.47129818168683 0.264292851040111 -0.838922406093528 1 16097.36 417.72 319.43655424465
0 1.467339660367 0.310023376415484 -0.936348544433713 1 13742.4 382.2 400.567096027849
0 1.39735945002176 0.243416330008768 -0.693863284774125 1 13281.08 365.76 406.536560928667
0.00884955752212389 1.50421163866783 0.381132793352246 -0.885949281608085 1 15103.36 396.08 366.370459013642
0.00884955752212389 1.41320662518592 0.245874747473695 -0.724091456665705 1 15002.08 401.72 352.079026687574
0.00884955752212389 1.50421163866783 0.381132793352246 -0.885949281608085 1 15103.36 396.08 366.370459013642
0.00884955752212389 1.41254115587931 0.220132317796923 -0.721082574955782 1 13430.4 381.52 388.237472678692
0 1.467339660367 0.310023376415484 -0.936348544433713 1 13742.4 382.2 400.567096027849
0 1.397766967005 0.152338628778997 -0.512985077085841 1 16706.44 435.6 322.843236773107
0 1.51323944414382 0.342718232297781 -0.853421406511733 1 16390.24 431.88 329.073508059305
0.00884955752212389 1.41771098847106 0.184556520805186 -0.759271325082887 1 16036.76 438.96 340.983868693905
0.00884955752212389 1.41771730771095 0.241208147526649 -0.744494376924592 1 14320.2 410 393.483572918786
0 1.42150200323079 0.203826384954909 -0.423686530878853 1 15588.96 393.88 374.180896995193
0 1.37995854490473 0.197004510330789 -0.467903384499927 1 14274.68 368.44 365.250033769433
0 1.467339660367 0.310023376415484 -0.936348544433713 1 13742.4 382.2 400.567096027849
0 1.46131692459379 0.269331835652378 -0.790035695779114 1 16503.6 434.24 329.920910364858
0.00884955752212389 1.40903286449611 0.197775524109602 -0.932753274682909 1 14369.52 446.24 414.832194922249
0.00884955752212389 1.4637354814655 0.321697935416866 -0.997698050231202 1 14203.24 408.72 378.943374807866
0 1.4491884288573 0.310618452424772 -0.720457958442692 1 14607.12 376.92 367.309615103472
0 1.4491884288573 0.310618452424772 -0.720457958442692 1 14607.12 376.92 367.309615103472
0.00884955752212389 1.43490588640617 0.202468830481433 -0.876986931619053 1 16269.24 471.92 343.528333259105
0.00884955752212389 1.37837291651884 0.199279072694027 -0.889059694816216 1 13045.64 401.92 422.169778550101
0 1.47399698542736 0.285210475870371 -0.814613869979163 1 13817.52 372.4 395.726282271784
0 1.4491884288573 0.310618452424772 -0.720457958442692 1 14607.12 376.92 367.309615103472
0 1.44939934606028 0.183061996236918 -0.839330967463905 1 16947.16 487.72 314.698999847423
0 1.4491884288573 0.310618452424772 -0.720457958442692 1 14607.12 376.92 367.309615103472
0.00884955752212389 1.40903286449611 0.197775524109602 -0.932753274682909 1 14369.52 446.24 414.832194922249
0.00884955752212389 1.44635812343059 0.206636672008847 -0.727636463304556 1 15966.04 436.92 366.865286857989
0.00884955752212389 1.4696087067365 0.299624544385831 -0.871730266045149 1 14225.48 397.76 385.174621104065
0 1.38343148831285 0.209286612555485 -0.668622191723612 1 12707.8 359.12 381.6188498456
0 1.43402235416712 0.253571857092342 -0.666879319538907 1 15273.52 399.6 351.974297189155
0.00884955752212389 1.4696087067365 0.299624544385831 -0.871730266045149 1 14225.48 397.76 385.174621104065
0.00884955752212389 1.42167738404698 0.225107802418746 -0.759170591005452 1 14077.96 395.96 392.879101058121
0.00884955752212389 1.43350418929085 0.262942447875229 -0.941684754830678 1 15515.04 447.96 357.175773845106
0 1.39958419776105 0.172379531312916 -0.424211778201187 1 16775.08 428.52 329.416353223684
0 1.39735945002176 0.243416330008768 -0.693863284774125 1 13281.08 365.76 406.536560928667
0 1.35142746616043 0.169998164013103 -0.555717663406394 1 13398.28 371.52 382.111991200814
0 1.47129818168683 0.264292851040111 -0.838922406093528 1 16097.36 417.72 319.43655424465
0 1.43867289583729 0.285091756450008 -0.806335969630731 1 13283.64 372.12 401.960487973534
0.00884955752212389 1.42867417856949 0.238383630566595 -0.945770546387386 1 14996.48 416.52 325.205339788626
0 1.43845827034604 0.209596070438934 -0.359674694326693 1 14600.24 362.52 366.569350228303
0 1.47129818168683 0.264292851040111 -0.838922406093528 1 16097.36 417.72 319.43655424465
0.00884955752212389 1.42087923472385 0.222573265023802 -0.820566665458191 1 16153.6 464.48 390.068374900704
0.00884955752212389 1.35319236759489 0.14470691133422 -0.887786113881316 1 15079.68 481.44 411.45037332335
0 1.4491884288573 0.310618452424772 -0.720457958442692 1 14607.12 376.92 367.309615103472
0 1.43845827034604 0.209596070438934 -0.359674694326693 1 14600.24 362.52 366.569350228303
0.00884955752212389 1.46157025108064 0.286751328115879 -0.865758744651465 1 14190 391.48 387.870320843394
0 1.46810072337156 0.304948306791837 -0.703267674672856 1 15925.4 397.76 343.093126299104
0 1.43665795644645 0.260057755435271 -0.486653428292423 1 14961.88 366.08 356.318608808933
0.00884955752212389 1.40361494933314 0.203088576805178 -0.580829077739587 1 16124.96 433.4 379.602266782026
0 1.43845827034604 0.209596070438934 -0.359674694326693 1 14600.24 362.52 366.569350228303
0 1.50100775540378 0.309488889621058 -0.911157880860732 1 16332.24 439.52 344.18361931244
0 1.43845827034604 0.209596070438934 -0.359674694326693 1 14600.24 362.52 366.569350228303
0 1.50093167343544 0.288045906478987 -0.821232740899175 1 15642.08 393.2 326.523729593133
0.00884955752212389 1.49903836372383 0.294806828168375 -0.749966603155026 1 16090.4 431.24 352.39626017318
0.00884955752212389 1.4637354814655 0.321697935416866 -0.997698050231202 1 14203.24 408.72 378.943374807866
0 1.467339660367 0.310023376415484 -0.936348544433713 1 13742.4 382.2 400.567096027849
0.00884955752212389 1.39667552215717 0.175203384119503 -0.913299644050098 1 15997.32 476.2 341.773923459098
0.00884955752212389 1.48655998404178 0.303189368405715 -0.941133244640548 1 15532.16 431.28 345.718537175107
0 1.43845827034604 0.209596070438934 -0.359674694326693 1 14600.24 362.52 366.569350228303
0.00884955752212389 1.35319236759489 0.14470691133422 -0.887786113881316 1 15079.68 481.44 411.45037332335
0 1.43845827034604 0.209596070438934 -0.359674694326693 1 14600.24 362.52 366.569350228303
0 1.47129818168683 0.264292851040111 -0.838922406093528 1 16097.36 417.72 319.43655424465
0 1.35142746616043 0.169998164013103 -0.555717663406394 1 13398.28 371.52 382.111991200814
0 1.41319669469209 0.198920513557934 -0.578440343215552 1 14943.12 395.76 336.199311321002
0 1.39735945002176 0.243416330008768 -0.693863284774125 1 13281.08 365.76 406.536560928667
0 1.52616578723811 0.393373140803692 -0.823823813943845 1 14253.2 359.8 372.590244588318
0 1.46810072337156 0.304948306791837 -0.703267674672856 1 15925.4 397.76 343.093126299104
0.00884955752212389 1.40225483370014 0.168776176776737 -0.976772279012948 1 16617.92 507.24 337.459018113717
0 1.39735945002176 0.243416330008768 -0.693863284774125 1 13281.08 365.76 406.536560928667
0.00884955752212389 1.43934045707367 0.296443084561837 -0.962197094036304 1 14862.2 400.2 355.403863291865
0.00884955752212389 1.40225483370014 0.168776176776737 -0.976772279012948 1 16617.92 507.24 337.459018113717
0 1.39735945002176 0.243416330008768 -0.693863284774125 1 13281.08 365.76 406.536560928667
0 1.42915028773839 0.147819104794111 -0.529268041961726 1 15923.92 420.44 324.773836146532
0 1.4029747996337 0.149867611117543 -0.458179394362986 1 15791.64 413.24 344.713916631433
0 1.46810072337156 0.304948306791837 -0.703267674672856 1 15925.4 397.76 343.093126299104
0 1.39735945002176 0.243416330008768 -0.693863284774125 1 13281.08 365.76 406.536560928667
0.00884955752212389 1.39108077364477 0.171421316566716 -0.893444896783173 1 14120.72 430.8 411.974073491909
0 1.37995854490473 0.197004510330789 -0.467903384499927 1 14274.68 368.44 365.250033769433
0.00884955752212389 1.40361494933314 0.203088576805178 -0.580829077739587 1 16124.96 433.4 379.602266782026
0.00884955752212389 1.40903286449611 0.197775524109602 -0.932753274682909 1 14369.52 446.24 414.832194922249
0 1.45483561025148 0.207713138569108 -0.372148822952705 1 16581.6 423.24 339.534638808039
0 1.50093167343544 0.288045906478987 -0.821232740899175 1 15642.08 393.2 326.523729593133
0 1.46810072337156 0.304948306791837 -0.703267674672856 1 15925.4 397.76 343.093126299104
0 1.42915028773839 0.147819104794111 -0.529268041961726 1 15923.92 420.44 324.773836146532
0 1.47129818168683 0.264292851040111 -0.838922406093528 1 16097.36 417.72 319.43655424465
0.00884955752212389 1.47645611107981 0.325645856753299 -0.924422723002639 1 14567.28 400.84 351.962205035256
0 1.35142746616043 0.169998164013103 -0.555717663406394 1 13398.28 371.52 382.111991200814
0.00884955752212389 1.43934045707367 0.296443084561837 -0.962197094036304 1 14862.2 400.2 355.403863291865
0.00884955752212389 1.41771730771095 0.241208147526649 -0.744494376924592 1 14320.2 410 393.483572918786
0 1.42915028773839 0.147819104794111 -0.529268041961726 1 15923.92 420.44 324.773836146532
0 1.43466923904598 0.313969972653914 -0.853136184348879 1 12902.52 344.28 379.928238368925
0.00884955752212389 1.39991694085051 0.12809945997144 -0.659664894484466 1 16058.44 445.2 342.395820868445
0 1.35142746616043 0.169998164013103 -0.555717663406394 1 13398.28 371.52 382.111991200814
0.00884955752212389 1.43934045707367 0.296443084561837 -0.962197094036304 1 14862.2 400.2 355.403863291865
0.00884955752212389 1.4696087067365 0.299624544385831 -0.871730266045149 1 14225.48 397.76 385.174621104065
0.00884955752212389 1.41320662518592 0.245874747473695 -0.724091456665705 1 15002.08 401.72 352.079026687574
0 1.42013825175207 0.214117832779291 -0.558603805485086 1 14243.76 380.76 400.794968477181
0 1.46810072337156 0.304948306791837 -0.703267674672856 1 15925.4 397.76 343.093126299104
0.00884955752212389 1.41254115587931 0.220132317796923 -0.721082574955782 1 13430.4 381.52 388.237472678692
0 1.4491884288573 0.310618452424772 -0.720457958442692 1 14607.12 376.92 367.309615103472
0 1.52309855604544 0.342839196207933 -0.80606502527371 1 15182.12 387.32 362.212697921487
0.00884955752212389 1.46784520919587 0.239123612253767 -0.775680632533712 1 15417.72 410.08 349.763911642265
0 1.45472689246189 0.184174974416831 -0.7337284761782 1 16198.44 439.28 334.447428619942
0.00884955752212389 1.41320662518592 0.245874747473695 -0.724091456665705 1 15002.08 401.72 352.079026687574
0 1.40883818211737 0.119884049238151 -0.506559608344645 1 16614.08 448.12 343.203125737894
0.00884955752212389 1.35319236759489 0.14470691133422 -0.887786113881316 1 15079.68 481.44 411.45037332335
0.00884955752212389 1.41771730771095 0.241208147526649 -0.744494376924592 1 14320.2 410 393.483572918786
0 1.37438717851461 0.218626051709223 -0.783870064309831 1 12559.32 364.28 374.146634427089
0 1.35955840983934 0.13787173303562 -0.343873460463548 1 14414.84 377.16 409.364012891202
0.00884955752212389 1.3520245855728 0.155721664916512 -0.910775619841948 1 15201.76 458.2 393.566215054195
0.00884955752212389 1.40361494933314 0.203088576805178 -0.580829077739587 1 16124.96 433.4 379.602266782026
0.00884955752212389 1.44340797165521 0.25283553616441 -0.778838683726226 1 14446.56 419.68 396.818462886535
0 1.39735945002176 0.243416330008768 -0.693863284774125 1 13281.08 365.76 406.536560928667
0 1.50093167343544 0.288045906478987 -0.821232740899175 1 15642.08 393.2 326.523729593133
