0 1.38029361049814 0.219887462887393 -0.995774261937904 1 13062.72 417.36 420.837000496426
0 1.4696087067365 0.299624544385831 -0.871730266045149 1 14225.48 397.76 385.174621104065
0 1.44635812343059 0.206636672008847 -0.727636463304556 1 15966.04 436.92 366.865286857989
0 1.40225483370014 0.168776176776737 -0.976772279012948 1 16617.92 507.24 337.459018113717
0.00840336134453781 1.39492436794803 0.211113092364327 -0.859991686433673 1 14590.76 431.68 379.963437164118
0 1.47645611107981 0.325645856753299 -0.924422723002639 1 14567.28 400.84 351.962205035256
0 1.38029361049814 0.219887462887393 -0.995774261937904 1 13062.72 417.36 420.837000496426
0.00840336134453781 1.35319236759489 0.14470691133422 -0.887786113881316 1 15079.68 481.44 411.45037332335
0.00840336134453781 1.49199068800683 0.307962866762941 -0.966545771586989 1 14663.88 409.84 360.346311232386
0.00840336134453781 1.49199068800683 0.307962866762941 -0.966545771586989 1 14663.88 409.84 360.346311232386
0.00840336134453781 1.38758581746275 0.180899268149776 -0.974632850294227 1 15451.64 481.92 368.687737955797
0 1.47645611107981 0.325645856753299 -0.924422723002639 1 14567.28 400.84 351.962205035256
0.00840336134453781 1.43350418929085 0.262942447875229 -0.941684754830678 1 15515.04 447.96 357.175773845106
0.00840336134453781 1.41771730771095 0.241208147526649 -0.744494376924592 1 14320.2 410 393.483572918786
0.00840336134453781 1.35319236759489 0.14470691133422 -0.887786113881316 1 15079.68 481.44 411.45037332335
0 1.40225483370014 0.168776176776737 -0.976772279012948 1 16617.92 507.24 337.459018113717
0.00840336134453781 1.40687296392186 0.224149349195864 -0.895979774972673 1 14922.24 454.52 372.484253751031
0 1.42167738404698 0.225107802418746 -0.759170591005452 1 14077.96 395.96 392.879101058121
0.00840336134453781 1.41771730771095 0.241208147526649 -0.744494376924592 1 14320.2 410 393.483572918786
0 1.42087923472385 0.222573265023802 -0.820566665458191 1 16153.6 464.48 390.068374900704
0.00840336134453781 1.4637354814655 0.321697935416866 -0.997698050231202 1 14203.24 408.72 378.943374807866
0.00840336134453781 1.39667552215717 0.175203384119503 -0.913299644050098 1 15997.32 476.2 341.773923459098
0.00840336134453781 1.41771730771095 0.241208147526649 -0.744494376924592 1 14320.2 410 393.483572918786
0.00840336134453781 1.38758581746275 0.180899268149776 -0.974632850294227 1 15451.64 481.92 368.687737955797
0 1.38029361049814 0.219887462887393 -0.995774261937904 1 13062.72 417.36 420.837000496426
0.00840336134453781 1.4637354814655 0.321697935416866 -0.997698050231202 1 14203.24 408.72 378.943374807866
0 1.47645611107981 0.325645856753299 -0.924422723002639 1 14567.28 400.84 351.962205035256
0 1.4696087067365 0.299624544385831 -0.871730266045149 1 14225.48 397.76 385.174621104065
0 1.42167738404698 0.225107802418746 -0.759170591005452 1 14077.96 395.96 392.879101058121
0 1.47645611107981 0.325645856753299 -0.924422723002639 1 14567.28 400.84 351.962205035256
0 1.47645611107981 0.325645856753299 -0.924422723002639 1 14567.28 400.84 351.962205035256
0.00840336134453781 1.47690271963277 0.232653693300141 -0.809238376850162 1 15147.08 431.72 341.550438858186
0.00840336134453781 1.38441838170342 0.172600822675157 -0.747628688215057 1 15037.8 446.44 366.82507070404
0 1.4193679627449 0.253463656188798 -0.746002674019134 1 15415.52 426.32 352.667587347146
0.00840336134453781 1.40903286449611 0.197775524109602 -0.932753274682909 1 14369.52 446.24 414.832194922249
0.00840336134453781 1.4637354814655 0.321697935416866 -0.997698050231202 1 14203.24 408.72 378.943374807866
0 1.4696087067365 0.299624544385831 -0.871730266045149 1 14225.48 397.76 385.174621104065
0.00840336134453781 1.38441838170342 0.172600822675157 -0.747628688215057 1 15037.8 446.44 366.82507070404
0.00840336134453781 1.4637354814655 0.321697935416866 -0.997698050231202 1 14203.24 408.72 378.943374807866
0.00840336134453781 1.37583779026655 0.157790011125446 -0.824457563149145 1 16311.32 485.72 369.335900353927
0 1.4696087067365 0.299624544385831 -0.871730266045149 1 14225.48 397.76 385.174621104065
0 1.48655998404178 0.303189368405715 -0.941133244640548 1 15532.16 431.28 345.718537175107
0.00840336134453781 1.35319236759489 0.14470691133422 -0.887786113881316 1 15079.68 481.44 411.45037332335
0.00840336134453781 1.368301492666 0.194631694101631 -0.914149386219216 1 14598.92 444.16 390.643479470158
0 1.47645611107981 0.325645856753299 -0.924422723002639 1 14567.28 400.84 351.962205035256
0 1.40225483370014 0.168776176776737 -0.976772279012948 1 16617.92 507.24 337.459018113717
0 1.47887341304216 0.298175686479476 -0.963053326938755 1 16592.92 492.16 375.367276231296
0 1.4696087067365 0.299624544385831 -0.871730266045149 1 14225.48 397.76 385.174621104065
0.00840336134453781 1.48335958146702 0.239537200867395 -0.993557197549071 1 14711.12 428.72 384.36085794001
0 1.40225483370014 0.168776176776737 -0.976772279012948 1 16617.92 507.24 337.459018113717
0 1.40225483370014 0.168776176776737 -0.976772279012948 1 16617.92 507.24 337.459018113717
0 1.44635812343059 0.206636672008847 -0.727636463304556 1 15966.04 436.92 366.865286857989
0.00840336134453781 1.41771730771095 0.241208147526649 -0.744494376924592 1 14320.2 410 393.483572918786
0.00840336134453781 1.4637354814655 0.321697935416866 -0.997698050231202 1 14203.24 408.72 378.943374807866
0.00840336134453781 1.3520245855728 0.155721664916512 -0.910775619841948 1 15201.76 458.2 393.566215054195
0.00840336134453781 1.42805358146091 0.238618107078586 -0.836737925849639 1 15002.32 424.16 360.662098151027
0 1.4696087067365 0.299624544385831 -0.871730266045149 1 14225.48 397.76 385.174621104065
0.00840336134453781 1.35319236759489 0.14470691133422 -0.887786113881316 1 15079.68 481.44 411.45037332335
0 1.48242694289766 0.324997855618428 -0.940303333463702 1 15336.6 418.52 361.15849008526
0.00840336134453781 1.41771730771095 0.241208147526649 -0.744494376924592 1 14320.2 410 393.483572918786
0 1.39733442330471 0.175302554058532 -0.716584057056249 1 14987.24 413.32 343.157817629994
0.00840336134453781 1.41771730771095 0.241208147526649 -0.744494376924592 1 14320.2 410 393.483572918786
0.00840336134453781 1.43350418929085 0.262942447875229 -0.941684754830678 1 15515.04 447.96 357.175773845106
0.00840336134453781 1.3692859053936 0.137432395116605 -0.777384457692303 1 14902.48 448.08 375.167011605929
0.00840336134453781 1.4252226562094 0.18166108949399 -0.881676736176387 1 15621 470.2 389.183735980436
0.00840336134453781 1.4637354814655 0.321697935416866 -0.997698050231202 1 14203.24 408.72 378.943374807866
0 1.40225483370014 0.168776176776737 -0.976772279012948 1 16617.92 507.24 337.459018113717
0.00840336134453781 1.41771730771095 0.241208147526649 -0.744494376924592 1 14320.2 410 393.483572918786
0 1.44635812343059 0.206636672008847 -0.727636463304556 1 15966.04 436.92 366.865286857989
0.00840336134453781 1.35319236759489 0.14470691133422 -0.887786113881316 1 15079.68 481.44 411.45037332335
0.00840336134453781 1.41771730771095 0.241208147526649 -0.744494376924592 1 14320.2 410 393.483572918786
0.00840336134453781 1.36660772528446 0.15764898002884 -0.796565066040572 1 13572.32 409.72 377.839510506802
0 1.40225483370014 0.168776176776737 -0.976772279012948 1 16617.92 507.24 337.459018113717
0.00840336134453781 1.44935430343799 0.247616678532099 -0.981247732302861 1 15348.72 459.56 395.688041062793
0 1.40225483370014 0.168776176776737 -0.976772279012948 1 16617.92 507.24 337.459018113717
0.00840336134453781 1.40272890237438 0.163316532261856 -0.990483776548917 1 15859.44 474.44 345.783722711731
0 1.46267835915469 0.281800564507922 -0.915566118067559 1 14578.64 409.52 385.220978593977
0.00840336134453781 1.4637354814655 0.321697935416866 -0.997698050231202 1 14203.24 408.72 378.943374807866
0.00840336134453781 1.40903286449611 0.197775524109602 -0.932753274682909 1 14369.52 446.24 414.832194922249
0 1.47645611107981 0.325645856753299 -0.924422723002639 1 14567.28 400.84 351.962205035256
0 1.47887341304216 0.298175686479476 -0.963053326938755 1 16592.92 492.16 375.367276231296
0 1.40225483370014 0.168776176776737 -0.976772279012948 1 16617.92 507.24 337.459018113717
0.00840336134453781 1.39285986226709 0.160337691258828 -0.971934092387361 1 15055.48 452.4 364.866732697567
0.00840336134453781 1.36660772528446 0.15764898002884 -0.796565066040572 1 13572.32 409.72 377.839510506802
0.00840336134453781 1.40903286449611 0.197775524109602 -0.932753274682909 1 14369.52 446.24 414.832194922249
0 1.40225483370014 0.168776176776737 -0.976772279012948 1 16617.92 507.24 337.459018113717
0.00840336134453781 1.42032837696323 0.22534027063444 -0.963216879586295 1 15201.6 449.88 346.806605621513
0 1.44635812343059 0.206636672008847 -0.727636463304556 1 15966.04 436.92 366.865286857989
0.00840336134453781 1.41771730771095 0.241208147526649 -0.744494376924592 1 14320.2 410 393.483572918786
0 1.43490588640617 0.202468830481433 -0.876986931619053 1 16269.24 471.92 343.528333259105
0.00840336134453781 1.36660772528446 0.15764898002884 -0.796565066040572 1 13572.32 409.72 377.839510506802
0.00840336134453781 1.44340797165521 0.25283553616441 -0.778838683726226 1 14446.56 419.68 396.818462886535
0.00840336134453781 1.43308317263098 0.260394782149297 -0.911412791174882 1 15743.04 451.4 367.36492467043
0.00840336134453781 1.35151353704173 0.17682142032408 -0.923147002759623 1 13397.12 416.24 376.724715913475
0.00840336134453781 1.43864547738164 0.231875092902561 -0.832014756636363 1 15438.44 439.76 341.924023137865
0 1.47645611107981 0.325645856753299 -0.924422723002639 1 14567.28 400.84 351.962205035256
0.00840336134453781 1.4637354814655 0.321697935416866 -0.997698050231202 1 14203.24 408.72 378.943374807866
0.00840336134453781 1.40903286449611 0.197775524109602 -0.932753274682909 1 14369.52 446.24 414.832194922249
0 1.40225483370014 0.168776176776737 -0.976772279012948 1 16617.92 507.24 337.459018113717
0 1.4696087067365 0.299624544385831 -0.871730266045149 1 14225.48 397.76 385.174621104065
0 1.40225483370014 0.168776176776737 -0.976772279012948 1 16617.92 507.24 337.459018113717
0 1.44635812343059 0.206636672008847 -0.727636463304556 1 15966.04 436.92 366.865286857989
0.00840336134453781 1.4637354814655 0.321697935416866 -0.997698050231202 1 14203.24 408.72 378.943374807866
0.00840336134453781 1.38441838170342 0.172600822675157 -0.747628688215057 1 15037.8 446.44 366.82507070404
0.00840336134453781 1.41771730771095 0.241208147526649 -0.744494376924592 1 14320.2 410 393.483572918786
0.00840336134453781 1.41771730771095 0.241208147526649 -0.744494376924592 1 14320.2 410 393.483572918786
0 1.47645611107981 0.325645856753299 -0.924422723002639 1 14567.28 400.84 351.962205035256
0.00840336134453781 1.44340797165521 0.25283553616441 -0.778838683726226 1 14446.56 419.68 396.818462886535
0 1.47887341304216 0.298175686479476 -0.963053326938755 1 16592.92 492.16 375.367276231296
0.00840336134453781 1.41771730771095 0.241208147526649 -0.744494376924592 1 14320.2 410 393.483572918786
0.00840336134453781 1.41771730771095 0.241208147526649 -0.744494376924592 1 14320.2 410 393.483572918786
0 1.41232604873985 0.227018928864119 -0.86951911442792 1 14082.6 407.64 397.316944510434
0 1.47645611107981 0.325645856753299 -0.924422723002639 1 14567.28 400.84 351.962205035256
0.00840336134453781 1.43948699710992 0.251130292849596 -0.993481075368992 1 15489.4 461.56 364.126244968149
0 1.40225483370014 0.168776176776737 -0.976772279012948 1 16617.92 507.24 337.459018113717
0 1.47645611107981 0.325645856753299 -0.924422723002639 1 14567.28 400.84 351.962205035256
0 1.43566321192288 0.209978154430641 -0.947358857412617 1 16330.36 476.56 338.802558695925
0 1.37437673828315 0.210662740303934 -0.987550405819442 1 13428.36 420.92 419.858616533916
0.00840336134453781 1.49199068800683 0.307962866762941 -0.966545771586989 1 14663.88 409.84 360.346311232386
0.00840336134453781 1.49199068800683 0.307962866762941 -0.966545771586989 1 14663.88 409.84 360.346311232386
0 1.4696087067365 0.299624544385831 -0.871730266045149 1 14225.48 397.76 385.174621104065
0.00840336134453781 1.35319236759489 0.14470691133422 -0.887786113881316 1 15079.68 481.44 411.45037332335
0 1.4696087067365 0.299624544385831 -0.871730266045149 1 14225.48 397.76 385.174621104065
0.00840336134453781 1.42173756812218 0.174194089691605 -0.900669096130129 1 15145.44 448.84 333.629689061216
0 1.42167738404698 0.225107802418746 -0.759170591005452 1 14077.96 395.96 392.879101058121
0.00840336134453781 1.41771730771095 0.241208147526649 -0.744494376924592 1 14320.2 410 393.483572918786
0 1.40225483370014 0.168776176776737 -0.976772279012948 1 16617.92 507.24 337.459018113717
0 1.47645611107981 0.325645856753299 -0.924422723002639 1 14567.28 400.84 351.962205035256
0 1.38029361049814 0.219887462887393 -0.995774261937904 1 13062.72 417.36 420.837000496426
0 1.38029361049814 0.219887462887393 -0.995774261937904 1 13062.72 417.36 420.837000496426
0 1.47887341304216 0.298175686479476 -0.963053326938755 1 16592.92 492.16 375.367276231296
0 1.47887341304216 0.298175686479476 -0.963053326938755 1 16592.92 492.16 375.367276231296
0 1.42167738404698 0.225107802418746 -0.759170591005452 1 14077.96 395.96 392.879101058121
0.00840336134453781 1.41771730771095 0.241208147526649 -0.744494376924592 1 14320.2 410 393.483572918786
0 1.40225483370014 0.168776176776737 -0.976772279012948 1 16617.92 507.24 337.459018113717
0 1.47645611107981 0.325645856753299 -0.924422723002639 1 14567.28 400.84 351.962205035256
0.00840336134453781 1.4637354814655 0.321697935416866 -0.997698050231202 1 14203.24 408.72 378.943374807866
0 1.48242694289766 0.324997855618428 -0.940303333463702 1 15336.6 418.52 361.15849008526
0 1.40225483370014 0.168776176776737 -0.976772279012948 1 16617.92 507.24 337.459018113717
0 1.47645611107981 0.325645856753299 -0.924422723002639 1 14567.28 400.84 351.962205035256
0.00840336134453781 1.41771730771095 0.241208147526649 -0.744494376924592 1 14320.2 410 393.483572918786
0 1.38029361049814 0.219887462887393 -0.995774261937904 1 13062.72 417.36 420.837000496426
0.00840336134453781 1.4637354814655 0.321697935416866 -0.997698050231202 1 14203.24 408.72 378.943374807866
0 1.46663435593658 0.256724330035643 -0.798356658531794 1 15280.24 427.32 337.292889141794
0.00840336134453781 1.35319236759489 0.14470691133422 -0.887786113881316 1 15079.68 481.44 411.45037332335
0 1.47669331643574 0.264870192456355 -0.880991097520284 1 15991.52 454.36 336.830173066349
0 1.47645611107981 0.325645856753299 -0.924422723002639 1 14567.28 400.84 351.962205035256
0 1.40225483370014 0.168776176776737 -0.976772279012948 1 16617.92 507.24 337.459018113717
0 1.4696087067365 0.299624544385831 -0.871730266045149 1 14225.48 397.76 385.174621104065
0 1.4696087067365 0.299624544385831 -0.871730266045149 1 14225.48 397.76 385.174621104065
0 1.4696087067365 0.299624544385831 -0.871730266045149 1 14225.48 397.76 385.174621104065
0.00840336134453781 1.36462255807647 0.134283144940549 -0.932528610118136 1 13728.24 445 394.836419089776
0.00840336134453781 1.39667552215717 0.175203384119503 -0.913299644050098 1 15997.32 476.2 341.773923459098
0.00840336134453781 1.39667552215717 0.175203384119503 -0.913299644050098 1 15997.32 476.2 341.773923459098
0.00840336134453781 1.44412883338754 0.306318359066275 -0.943627036551034 1 14113.16 401.64 377.848234949812
0 1.44635812343059 0.206636672008847 -0.727636463304556 1 15966.04 436.92 366.865286857989
0 1.4193679627449 0.253463656188798 -0.746002674019134 1 15415.52 426.32 352.667587347146
0 1.40225483370014 0.168776176776737 -0.976772279012948 1 16617.92 507.24 337.459018113717
0.00840336134453781 1.41771730771095 0.241208147526649 -0.744494376924592 1 14320.2 410 393.483572918786
0 1.40225483370014 0.168776176776737 -0.976772279012948 1 16617.92 507.24 337.459018113717
0.00840336134453781 1.35954366634654 0.149160586280717 -0.8688763613146 1 15184.32 461.64 374.875736384629
0.00840336134453781 1.38441838170342 0.172600822675157 -0.747628688215057 1 15037.8 446.44 366.82507070404
0.00840336134453781 1.35319236759489 0.14470691133422 -0.887786113881316 1 15079.68 481.44 411.45037332335
0 1.43490588640617 0.202468830481433 -0.876986931619053 1 16269.24 471.92 343.528333259105
0.00840336134453781 1.40903286449611 0.197775524109602 -0.932753274682909 1 14369.52 446.24 414.832194922249
0.00840336134453781 1.41771730771095 0.241208147526649 -0.744494376924592 1 14320.2 410 393.483572918786
0 1.48242694289766 0.324997855618428 -0.940303333463702 1 15336.6 418.52 361.15849008526
0.00840336134453781 1.40903286449611 0.197775524109602 -0.932753274682909 1 14369.52 446.24 414.832194922249
0.00840336134453781 1.41771730771095 0.241208147526649 -0.744494376924592 1 14320.2 410 393.483572918786
0 1.48655998404178 0.303189368405715 -0.941133244640548 1 15532.16 431.28 345.718537175107
0.00840336134453781 1.49199068800683 0.307962866762941 -0.966545771586989 1 14663.88 409.84 360.346311232386
0 1.40225483370014 0.168776176776737 -0.976772279012948 1 16617.92 507.24 337.459018113717
0.00840336134453781 1.4637354814655 0.321697935416866 -0.997698050231202 1 14203.24 408.72 378.943374807866
0.00840336134453781 1.4637354814655 0.321697935416866 -0.997698050231202 1 14203.24 408.72 378.943374807866
0 1.40225483370014 0.168776176776737 -0.976772279012948 1 16617.92 507.24 337.459018113717
0.00840336134453781 1.35319236759489 0.14470691133422 -0.887786113881316 1 15079.68 481.44 411.45037332335
0.00840336134453781 1.4637354814655 0.321697935416866 -0.997698050231202 1 14203.24 408.72 378.943374807866
0.00840336134453781 1.49199068800683 0.307962866762941 -0.966545771586989 1 14663.88 409.84 360.346311232386
0 1.4696087067365 0.299624544385831 -0.871730266045149 1 14225.48 397.76 385.174621104065
0 1.4696087067365 0.299624544385831 -0.871730266045149 1 14225.48 397.76 385.174621104065
0.00840336134453781 1.38758581746275 0.180899268149776 -0.974632850294227 1 15451.64 481.92 368.687737955797
0.00840336134453781 1.41771730771095 0.241208147526649 -0.744494376924592 1 14320.2 410 393.483572918786
0.00840336134453781 1.40903286449611 0.197775524109602 -0.932753274682909 1 14369.52 446.24 414.832194922249
0.00840336134453781 1.4637354814655 0.321697935416866 -0.997698050231202 1 14203.24 408.72 378.943374807866
0 1.44635812343059 0.206636672008847 -0.727636463304556 1 15966.04 436.92 366.865286857989
0 1.47887341304216 0.298175686479476 -0.963053326938755 1 16592.92 492.16 375.367276231296
0.00840336134453781 1.40420397630707 0.145902228837142 -0.952878984947028 1 15545.28 469.16 375.94928486796
0.00840336134453781 1.38441838170342 0.172600822675157 -0.747628688215057 1 15037.8 446.44 366.82507070404
0.00840336134453781 1.40347742465098 0.202555742746049 -0.715961778954171 1 15136.44 437.4 389.715982933483
0.00840336134453781 1.38943551486427 0.18039848028306 -0.775371554641265 1 14339.32 408.92 382.941157709779
0.00840336134453781 1.41771730771095 0.241208147526649 -0.744494376924592 1 14320.2 410 393.483572918786
0.00840336134453781 1.41771730771095 0.241208147526649 -0.744494376924592 1 14320.2 410 393.483572918786
0.00840336134453781 1.41771730771095 0.241208147526649 -0.744494376924592 1 14320.2 410 393.483572918786
0 1.4696087067365 0.299624544385831 -0.871730266045149 1 14225.48 397.76 385.174621104065
0.00840336134453781 1.39862936135841 0.197424698175125 -0.688280270966346 1 15579.44 441.04 368.245151137409
0.00840336134453781 1.41771730771095 0.241208147526649 -0.744494376924592 1 14320.2 410 393.483572918786
0.00840336134453781 1.41771730771095 0.241208147526649 -0.744494376924592 1 14320.2 410 393.483572918786
0.00840336134453781 1.35319236759489 0.14470691133422 -0.887786113881316 1 15079.68 481.44 411.45037332335
0.00840336134453781 1.43350418929085 0.262942447875229 -0.941684754830678 1 15515.04 447.96 357.175773845106
0 1.40225483370014 0.168776176776737 -0.976772279012948 1 16617.92 507.24 337.459018113717
0 1.42167738404698 0.225107802418746 -0.759170591005452 1 14077.96 395.96 392.879101058121
0 1.42167738404698 0.225107802418746 -0.759170591005452 1 14077.96 395.96 392.879101058121
0.00840336134453781 1.35319236759489 0.14470691133422 -0.887786113881316 1 15079.68 481.44 411.45037332335
0.00840336134453781 1.41771730771095 0.241208147526649 -0.744494376924592 1 14320.2 410 393.483572918786
0.00840336134453781 1.39108077364477 0.171421316566716 -0.893444896783173 1 14120.72 430.8 411.974073491909
0.00840336134453781 1.40903286449611 0.197775524109602 -0.932753274682909 1 14369.52 446.24 414.832194922249
0.00840336134453781 1.3520245855728 0.155721664916512 -0.910775619841948 1 15201.76 458.2 393.566215054195
0.00840336134453781 1.40903286449611 0.197775524109602 -0.932753274682909 1 14369.52 446.24 414.832194922249
0 1.4696087067365 0.299624544385831 -0.871730266045149 1 14225.48 397.76 385.174621104065
0 1.38029361049814 0.219887462887393 -0.995774261937904 1 13062.72 417.36 420.837000496426
0.00840336134453781 1.4637354814655 0.321697935416866 -0.997698050231202 1 14203.24 408.72 378.943374807866
0.00840336134453781 1.4066906274714 0.268054230415294 -0.951667761484823 1 14243.24 405.6 364.301247096513
0 1.40225483370014 0.168776176776737 -0.976772279012948 1 16617.92 507.24 337.459018113717
0.00840336134453781 1.39667552215717 0.175203384119503 -0.913299644050098 1 15997.32 476.2 341.773923459098
0 1.47645611107981 0.325645856753299 -0.924422723002639 1 14567.28 400.84 351.962205035256
0 1.4696087067365 0.299624544385831 -0.871730266045149 1 14225.48 397.76 385.174621104065
0 1.4696087067365 0.299624544385831 -0.871730266045149 1 14225.48 397.76 385.174621104065
0.00840336134453781 1.44340797165521 0.25283553616441 -0.778838683726226 1 14446.56 419.68 396.818462886535
0.00840336134453781 1.45539098952132 0.235235716528496 -0.898882523708341 1 15086.44 423.64 345.158906213333
0 1.4696087067365 0.299624544385831 -0.871730266045149 1 14225.48 397.76 385.174621104065
