0 1.38441838170342 0.172600822675157 -0.747628688215057 1 15037.8 446.44 366.82507070404
0 1.39492436794803 0.211113092364327 -0.859991686433673 1 14590.76 431.68 379.963437164118
0 1.38441838170342 0.172600822675157 -0.747628688215057 1 15037.8 446.44 366.82507070404
0 1.38441838170342 0.172600822675157 -0.747628688215057 1 15037.8 446.44 366.82507070404
0 1.43948699710992 0.251130292849596 -0.993481075368992 1 15489.4 461.56 364.126244968149
0 1.38441838170342 0.172600822675157 -0.747628688215057 1 15037.8 446.44 366.82507070404
0 1.35325051894248 0.10798290256919 -0.814620126844856 1 14431 431.44 349.013379008691
0 1.38441838170342 0.172600822675157 -0.747628688215057 1 15037.8 446.44 366.82507070404
0.00909090909090909 1.35954366634654 0.149160586280717 -0.8688763613146 1 15184.32 461.64 374.875736384629
0.00909090909090909 1.36462255807647 0.134283144940549 -0.932528610118136 1 13728.24 445 394.836419089776
0.00909090909090909 1.39102465250304 0.150825366854138 -0.829709825464086 1 15044.68 469.16 386.415673751314
0.00909090909090909 1.36808478912816 0.169906791129526 -0.865403685080921 1 13968.84 440.52 400.963903150638
0.00909090909090909 1.38758581746275 0.180899268149776 -0.974632850294227 1 15451.64 481.92 368.687737955797
0 1.38441838170342 0.172600822675157 -0.747628688215057 1 15037.8 446.44 366.82507070404
0 1.35325051894248 0.10798290256919 -0.814620126844856 1 14431 431.44 349.013379008691
0.00909090909090909 1.38758581746275 0.180899268149776 -0.974632850294227 1 15451.64 481.92 368.687737955797
0.00909090909090909 1.368301492666 0.194631694101631 -0.914149386219216 1 14598.92 444.16 390.643479470158
0 1.40420397630707 0.145902228837142 -0.952878984947028 1 15545.28 469.16 375.94928486796
0 1.43948699710992 0.251130292849596 -0.993481075368992 1 15489.4 461.56 364.126244968149
0 1.38441838170342 0.172600822675157 -0.747628688215057 1 15037.8 446.44 366.82507070404
0.00909090909090909 1.38758581746275 0.180899268149776 -0.974632850294227 1 15451.64 481.92 368.687737955797
0.00909090909090909 1.38758581746275 0.180899268149776 -0.974632850294227 1 15451.64 481.92 368.687737955797
0 1.43948699710992 0.251130292849596 -0.993481075368992 1 15489.4 461.56 364.126244968149
0.00909090909090909 1.35954366634654 0.149160586280717 -0.8688763613146 1 15184.32 461.64 374.875736384629
0 1.40420397630707 0.145902228837142 -0.952878984947028 1 15545.28 469.16 375.94928486796
0 1.39492436794803 0.211113092364327 -0.859991686433673 1 14590.76 431.68 379.963437164118
0 1.43948699710992 0.251130292849596 -0.993481075368992 1 15489.4 461.56 364.126244968149
0.00909090909090909 1.36462255807647 0.134283144940549 -0.932528610118136 1 13728.24 445 394.836419089776
0.00909090909090909 1.3692859053936 0.137432395116605 -0.777384457692303 1 14902.48 448.08 375.167011605929
0 1.38441838170342 0.172600822675157 -0.747628688215057 1 15037.8 446.44 366.82507070404
0 1.38441838170342 0.172600822675157 -0.747628688215057 1 15037.8 446.44 366.82507070404
0 1.38441838170342 0.172600822675157 -0.747628688215057 1 15037.8 446.44 366.82507070404
0.00909090909090909 1.38758581746275 0.180899268149776 -0.974632850294227 1 15451.64 481.92 368.687737955797
0.00909090909090909 1.38758581746275 0.180899268149776 -0.974632850294227 1 15451.64 481.92 368.687737955797
0 1.38441838170342 0.172600822675157 -0.747628688215057 1 15037.8 446.44 366.82507070404
0.00909090909090909 1.35954366634654 0.149160586280717 -0.8688763613146 1 15184.32 461.64 374.875736384629
0.00909090909090909 1.36462255807647 0.134283144940549 -0.932528610118136 1 13728.24 445 394.836419089776
0.00909090909090909 1.38758581746275 0.180899268149776 -0.974632850294227 1 15451.64 481.92 368.687737955797
0 1.38441838170342 0.172600822675157 -0.747628688215057 1 15037.8 446.44 366.82507070404
0.00909090909090909 1.40687296392186 0.224149349195864 -0.895979774972673 1 14922.24 454.52 372.484253751031
0.00909090909090909 1.39102465250304 0.150825366854138 -0.829709825464086 1 15044.68 469.16 386.415673751314
0.00909090909090909 1.40687296392186 0.224149349195864 -0.895979774972673 1 14922.24 454.52 372.484253751031
0 1.38441838170342 0.172600822675157 -0.747628688215057 1 15037.8 446.44 366.82507070404
0.00909090909090909 1.35151353704173 0.17682142032408 -0.923147002759623 1 13397.12 416.24 376.724715913475
0.00909090909090909 1.40687296392186 0.224149349195864 -0.895979774972673 1 14922.24 454.52 372.484253751031
0 1.38441838170342 0.172600822675157 -0.747628688215057 1 15037.8 446.44 366.82507070404
0.00909090909090909 1.40687296392186 0.224149349195864 -0.895979774972673 1 14922.24 454.52 372.484253751031
0.00909090909090909 1.35954366634654 0.149160586280717 -0.8688763613146 1 15184.32 461.64 374.875736384629
0.00909090909090909 1.35954366634654 0.149160586280717 -0.8688763613146 1 15184.32 461.64 374.875736384629
0.00909090909090909 1.3692859053936 0.137432395116605 -0.777384457692303 1 14902.48 448.08 375.167011605929
0.00909090909090909 1.40687296392186 0.224149349195864 -0.895979774972673 1 14922.24 454.52 372.484253751031
0.00909090909090909 1.38758581746275 0.180899268149776 -0.974632850294227 1 15451.64 481.92 368.687737955797
0.00909090909090909 1.38758581746275 0.180899268149776 -0.974632850294227 1 15451.64 481.92 368.687737955797
0.00909090909090909 1.38758581746275 0.180899268149776 -0.974632850294227 1 15451.64 481.92 368.687737955797
0 1.38441838170342 0.172600822675157 -0.747628688215057 1 15037.8 446.44 366.82507070404
0 1.39492436794803 0.211113092364327 -0.859991686433673 1 14590.76 431.68 379.963437164118
0 1.38441838170342 0.172600822675157 -0.747628688215057 1 15037.8 446.44 366.82507070404
0.00909090909090909 1.368301492666 0.194631694101631 -0.914149386219216 1 14598.92 444.16 390.643479470158
0.00909090909090909 1.38758581746275 0.180899268149776 -0.974632850294227 1 15451.64 481.92 368.687737955797
0.00909090909090909 1.368301492666 0.194631694101631 -0.914149386219216 1 14598.92 444.16 390.643479470158
0 1.38441838170342 0.172600822675157 -0.747628688215057 1 15037.8 446.44 366.82507070404
0 1.38441838170342 0.172600822675157 -0.747628688215057 1 15037.8 446.44 366.82507070404
0.00909090909090909 1.368301492666 0.194631694101631 -0.914149386219216 1 14598.92 444.16 390.643479470158
0.00909090909090909 1.40687296392186 0.224149349195864 -0.895979774972673 1 14922.24 454.52 372.484253751031
0 1.38441838170342 0.172600822675157 -0.747628688215057 1 15037.8 446.44 366.82507070404
0 1.39492436794803 0.211113092364327 -0.859991686433673 1 14590.76 431.68 379.963437164118
0 1.38441838170342 0.172600822675157 -0.747628688215057 1 15037.8 446.44 366.82507070404
0 1.38441838170342 0.172600822675157 -0.747628688215057 1 15037.8 446.44 366.82507070404
0 1.38441838170342 0.172600822675157 -0.747628688215057 1 15037.8 446.44 366.82507070404
0 1.38441838170342 0.172600822675157 -0.747628688215057 1 15037.8 446.44 366.82507070404
0.00909090909090909 1.3692859053936 0.137432395116605 -0.777384457692303 1 14902.48 448.08 375.167011605929
0.00909090909090909 1.36808478912816 0.169906791129526 -0.865403685080921 1 13968.84 440.52 400.963903150638
0 1.35325051894248 0.10798290256919 -0.814620126844856 1 14431 431.44 349.013379008691
0.00909090909090909 1.35151353704173 0.17682142032408 -0.923147002759623 1 13397.12 416.24 376.724715913475
0 1.38441838170342 0.172600822675157 -0.747628688215057 1 15037.8 446.44 366.82507070404
0.00909090909090909 1.368301492666 0.194631694101631 -0.914149386219216 1 14598.92 444.16 390.643479470158
0.00909090909090909 1.38758581746275 0.180899268149776 -0.974632850294227 1 15451.64 481.92 368.687737955797
0.00909090909090909 1.368301492666 0.194631694101631 -0.914149386219216 1 14598.92 444.16 390.643479470158
0.00909090909090909 1.38118465066869 0.176399541780351 -0.90378329355934 1 14470.48 433.72 370.78353754902
0 1.38441838170342 0.172600822675157 -0.747628688215057 1 15037.8 446.44 366.82507070404
0.00909090909090909 1.40687296392186 0.224149349195864 -0.895979774972673 1 14922.24 454.52 372.484253751031
0 1.43948699710992 0.251130292849596 -0.993481075368992 1 15489.4 461.56 364.126244968149
0.00909090909090909 1.35954366634654 0.149160586280717 -0.8688763613146 1 15184.32 461.64 374.875736384629
0 1.39492436794803 0.211113092364327 -0.859991686433673 1 14590.76 431.68 379.963437164118
0.00909090909090909 1.40687296392186 0.224149349195864 -0.895979774972673 1 14922.24 454.52 372.484253751031
0.00909090909090909 1.36295441029516 0.132928513897312 -0.96794552465762 1 15398.92 477.28 364.995795897954
0 1.35264737796804 0.152140781019903 -0.837954858749231 1 14417.56 437.16 393.049328100931
0.00909090909090909 1.368301492666 0.194631694101631 -0.914149386219216 1 14598.92 444.16 390.643479470158
0.00909090909090909 1.39102465250304 0.150825366854138 -0.829709825464086 1 15044.68 469.16 386.415673751314
0.00909090909090909 1.38804756787239 0.138234522208575 -0.806653734631818 1 14894.2 445.96 355.986495223642
0 1.39492436794803 0.211113092364327 -0.859991686433673 1 14590.76 431.68 379.963437164118
0 1.38441838170342 0.172600822675157 -0.747628688215057 1 15037.8 446.44 366.82507070404
0.00909090909090909 1.40687296392186 0.224149349195864 -0.895979774972673 1 14922.24 454.52 372.484253751031
0.00909090909090909 1.3692859053936 0.137432395116605 -0.777384457692303 1 14902.48 448.08 375.167011605929
0.00909090909090909 1.38758581746275 0.180899268149776 -0.974632850294227 1 15451.64 481.92 368.687737955797
0.00909090909090909 1.40687296392186 0.224149349195864 -0.895979774972673 1 14922.24 454.52 372.484253751031
0 1.38441838170342 0.172600822675157 -0.747628688215057 1 15037.8 446.44 366.82507070404
0 1.38441838170342 0.172600822675157 -0.747628688215057 1 15037.8 446.44 366.82507070404
0 1.39894286112169 0.170859960340163 -0.861056035099367 1 15280.04 465.72 384.190608636655
0.00909090909090909 1.39102465250304 0.150825366854138 -0.829709825464086 1 15044.68 469.16 386.415673751314
0.00909090909090909 1.368301492666 0.194631694101631 -0.914149386219216 1 14598.92 444.16 390.643479470158
0 1.39894286112169 0.170859960340163 -0.861056035099367 1 15280.04 465.72 384.190608636655
0.00909090909090909 1.36462255807647 0.134283144940549 -0.932528610118136 1 13728.24 445 394.836419089776
0.00909090909090909 1.35954366634654 0.149160586280717 -0.8688763613146 1 15184.32 461.64 374.875736384629
0 1.39492436794803 0.211113092364327 -0.859991686433673 1 14590.76 431.68 379.963437164118
0 1.38441838170342 0.172600822675157 -0.747628688215057 1 15037.8 446.44 366.82507070404
0 1.4381429892825 0.209823010617774 -0.967519590082682 1 14701.64 440.44 386.413903806313
0.00909090909090909 1.38758581746275 0.180899268149776 -0.974632850294227 1 15451.64 481.92 368.687737955797
0.00909090909090909 1.38758581746275 0.180899268149776 -0.974632850294227 1 15451.64 481.92 368.687737955797
0.00909090909090909 1.38758581746275 0.180899268149776 -0.974632850294227 1 15451.64 481.92 368.687737955797
0.00909090909090909 1.35151353704173 0.17682142032408 -0.923147002759623 1 13397.12 416.24 376.724715913475
0.00909090909090909 1.368301492666 0.194631694101631 -0.914149386219216 1 14598.92 444.16 390.643479470158
0.00909090909090909 1.38758581746275 0.180899268149776 -0.974632850294227 1 15451.64 481.92 368.687737955797
0.00909090909090909 1.35484727183103 0.131213502308122 -0.969167787265446 1 14865.48 478.92 391.45673571877
0.00909090909090909 1.38758581746275 0.180899268149776 -0.974632850294227 1 15451.64 481.92 368.687737955797
0 1.40420397630707 0.145902228837142 -0.952878984947028 1 15545.28 469.16 375.94928486796
0 1.38441838170342 0.172600822675157 -0.747628688215057 1 15037.8 446.44 366.82507070404
0.00909090909090909 1.3692859053936 0.137432395116605 -0.777384457692303 1 14902.48 448.08 375.167011605929
0.00909090909090909 1.368301492666 0.194631694101631 -0.914149386219216 1 14598.92 444.16 390.643479470158
0 1.38441838170342 0.172600822675157 -0.747628688215057 1 15037.8 446.44 366.82507070404
0.00909090909090909 1.36462255807647 0.134283144940549 -0.932528610118136 1 13728.24 445 394.836419089776
0.00909090909090909 1.38758581746275 0.180899268149776 -0.974632850294227 1 15451.64 481.92 368.687737955797
0.00909090909090909 1.40687296392186 0.224149349195864 -0.895979774972673 1 14922.24 454.52 372.484253751031
0.00909090909090909 1.35954366634654 0.149160586280717 -0.8688763613146 1 15184.32 461.64 374.875736384629
0 1.38441838170342 0.172600822675157 -0.747628688215057 1 15037.8 446.44 366.82507070404
0.00909090909090909 1.38758581746275 0.180899268149776 -0.974632850294227 1 15451.64 481.92 368.687737955797
0 1.3631882647988 0.188725110919843 -0.898227033380804 1 13631.92 417.8 387.289507382206
0.00909090909090909 1.39102465250304 0.150825366854138 -0.829709825464086 1 15044.68 469.16 386.415673751314
0 1.35325051894248 0.10798290256919 -0.814620126844856 1 14431 431.44 349.013379008691
0.00909090909090909 1.37483939640892 0.16340418035445 -0.971789893919229 1 13786.48 434.8 391.173663233709
0 1.38441838170342 0.172600822675157 -0.747628688215057 1 15037.8 446.44 366.82507070404
0 1.38441838170342 0.172600822675157 -0.747628688215057 1 15037.8 446.44 366.82507070404
0 1.38441838170342 0.172600822675157 -0.747628688215057 1 15037.8 446.44 366.82507070404
0 1.38441838170342 0.172600822675157 -0.747628688215057 1 15037.8 446.44 366.82507070404
0 1.38441838170342 0.172600822675157 -0.747628688215057 1 15037.8 446.44 366.82507070404
0.00909090909090909 1.36796564588978 0.162204473659378 -0.964288690619971 1 14679.28 446.96 352.450631591215
0.00909090909090909 1.368301492666 0.194631694101631 -0.914149386219216 1 14598.92 444.16 390.643479470158
0.00909090909090909 1.40687296392186 0.224149349195864 -0.895979774972673 1 14922.24 454.52 372.484253751031
0 1.38441838170342 0.172600822675157 -0.747628688215057 1 15037.8 446.44 366.82507070404
0.00909090909090909 1.39285986226709 0.160337691258828 -0.971934092387361 1 15055.48 452.4 364.866732697567
0 1.38441838170342 0.172600822675157 -0.747628688215057 1 15037.8 446.44 366.82507070404
0 1.39492436794803 0.211113092364327 -0.859991686433673 1 14590.76 431.68 379.963437164118
0 1.38441838170342 0.172600822675157 -0.747628688215057 1 15037.8 446.44 366.82507070404
0.00909090909090909 1.36462255807647 0.134283144940549 -0.932528610118136 1 13728.24 445 394.836419089776
0 1.38441838170342 0.172600822675157 -0.747628688215057 1 15037.8 446.44 366.82507070404
0 1.39492436794803 0.211113092364327 -0.859991686433673 1 14590.76 431.68 379.963437164118
0.00909090909090909 1.38758581746275 0.180899268149776 -0.974632850294227 1 15451.64 481.92 368.687737955797
0.00909090909090909 1.39102465250304 0.150825366854138 -0.829709825464086 1 15044.68 469.16 386.415673751314
0 1.40420397630707 0.145902228837142 -0.952878984947028 1 15545.28 469.16 375.94928486796
0.00909090909090909 1.40687296392186 0.224149349195864 -0.895979774972673 1 14922.24 454.52 372.484253751031
0 1.38441838170342 0.172600822675157 -0.747628688215057 1 15037.8 446.44 366.82507070404
0 1.38441838170342 0.172600822675157 -0.747628688215057 1 15037.8 446.44 366.82507070404
0 1.43948699710992 0.251130292849596 -0.993481075368992 1 15489.4 461.56 364.126244968149
0.00909090909090909 1.38758581746275 0.180899268149776 -0.974632850294227 1 15451.64 481.92 368.687737955797
0.00909090909090909 1.36462255807647 0.134283144940549 -0.932528610118136 1 13728.24 445 394.836419089776
0 1.38441838170342 0.172600822675157 -0.747628688215057 1 15037.8 446.44 366.82507070404
0 1.39894286112169 0.170859960340163 -0.861056035099367 1 15280.04 465.72 384.190608636655
0.00909090909090909 1.38758581746275 0.180899268149776 -0.974632850294227 1 15451.64 481.92 368.687737955797
0 1.39492436794803 0.211113092364327 -0.859991686433673 1 14590.76 431.68 379.963437164118
0 1.39894286112169 0.170859960340163 -0.861056035099367 1 15280.04 465.72 384.190608636655
0 1.35325051894248 0.10798290256919 -0.814620126844856 1 14431 431.44 349.013379008691
0 1.35264737796804 0.152140781019903 -0.837954858749231 1 14417.56 437.16 393.049328100931
0.00909090909090909 1.368301492666 0.194631694101631 -0.914149386219216 1 14598.92 444.16 390.643479470158
0 1.38441838170342 0.172600822675157 -0.747628688215057 1 15037.8 446.44 366.82507070404
0.00909090909090909 1.40687296392186 0.224149349195864 -0.895979774972673 1 14922.24 454.52 372.484253751031
0.00909090909090909 1.36462255807647 0.134283144940549 -0.932528610118136 1 13728.24 445 394.836419089776
0 1.35325051894248 0.10798290256919 -0.814620126844856 1 14431 431.44 349.013379008691
0 1.38441838170342 0.172600822675157 -0.747628688215057 1 15037.8 446.44 366.82507070404
0 1.38441838170342 0.172600822675157 -0.747628688215057 1 15037.8 446.44 366.82507070404
0.00909090909090909 1.35846053568628 0.152597837182558 -0.926530156652327 1 14718.2 460.24 396.272070290662
0.00909090909090909 1.36462255807647 0.134283144940549 -0.932528610118136 1 13728.24 445 394.836419089776
0.00909090909090909 1.38758581746275 0.180899268149776 -0.974632850294227 1 15451.64 481.92 368.687737955797
0.00909090909090909 1.40687296392186 0.224149349195864 -0.895979774972673 1 14922.24 454.52 372.484253751031
0 1.38441838170342 0.172600822675157 -0.747628688215057 1 15037.8 446.44 366.82507070404
0 1.40420397630707 0.145902228837142 -0.952878984947028 1 15545.28 469.16 375.94928486796
0.00909090909090909 1.40936364687888 0.18442997551699 -0.931925526925551 1 15217.48 468.8 379.137477093942
0.00909090909090909 1.40687296392186 0.224149349195864 -0.895979774972673 1 14922.24 454.52 372.484253751031
0 1.38441838170342 0.172600822675157 -0.747628688215057 1 15037.8 446.44 366.82507070404
0.00909090909090909 1.36462255807647 0.134283144940549 -0.932528610118136 1 13728.24 445 394.836419089776
0 1.35325051894248 0.10798290256919 -0.814620126844856 1 14431 431.44 349.013379008691
0 1.38441838170342 0.172600822675157 -0.747628688215057 1 15037.8 446.44 366.82507070404
0 1.38632517020197 0.201523942612032 -0.97659968670909 1 14017.04 420.64 377.235539970869
0 1.38441838170342 0.172600822675157 -0.747628688215057 1 15037.8 446.44 366.82507070404
0.00909090909090909 1.368301492666 0.194631694101631 -0.914149386219216 1 14598.92 444.16 390.643479470158
0.00909090909090909 1.39285986226709 0.160337691258828 -0.971934092387361 1 15055.48 452.4 364.866732697567
0 1.38441838170342 0.172600822675157 -0.747628688215057 1 15037.8 446.44 366.82507070404
0 1.40420397630707 0.145902228837142 -0.952878984947028 1 15545.28 469.16 375.94928486796
0 1.38441838170342 0.172600822675157 -0.747628688215057 1 15037.8 446.44 366.82507070404
0 1.38441838170342 0.172600822675157 -0.747628688215057 1 15037.8 446.44 366.82507070404
0 1.38441838170342 0.172600822675157 -0.747628688215057 1 15037.8 446.44 366.82507070404
0 1.38441838170342 0.172600822675157 -0.747628688215057 1 15037.8 446.44 366.82507070404
0 1.40420397630707 0.145902228837142 -0.952878984947028 1 15545.28 469.16 375.94928486796
0.00909090909090909 1.36462255807647 0.134283144940549 -0.932528610118136 1 13728.24 445 394.836419089776
0 1.38441838170342 0.172600822675157 -0.747628688215057 1 15037.8 446.44 366.82507070404
0.00909090909090909 1.40687296392186 0.224149349195864 -0.895979774972673 1 14922.24 454.52 372.484253751031
0.00909090909090909 1.38758581746275 0.180899268149776 -0.974632850294227 1 15451.64 481.92 368.687737955797
0 1.38441838170342 0.172600822675157 -0.747628688215057 1 15037.8 446.44 366.82507070404
0 1.38441838170342 0.172600822675157 -0.747628688215057 1 15037.8 446.44 366.82507070404
0.00909090909090909 1.368301492666 0.194631694101631 -0.914149386219216 1 14598.92 444.16 390.643479470158
0.00909090909090909 1.3692859053936 0.137432395116605 -0.777384457692303 1 14902.48 448.08 375.167011605929
0.00909090909090909 1.36677331050798 0.16725090183007 -0.859464751614528 1 14502.56 443.16 392.3942549878
0 1.38441838170342 0.172600822675157 -0.747628688215057 1 15037.8 446.44 366.82507070404
0.00909090909090909 1.35151353704173 0.17682142032408 -0.923147002759623 1 13397.12 416.24 376.724715913475
0.00909090909090909 1.35151353704173 0.17682142032408 -0.923147002759623 1 13397.12 416.24 376.724715913475
0.00909090909090909 1.368301492666 0.194631694101631 -0.914149386219216 1 14598.92 444.16 390.643479470158
0.00909090909090909 1.38758581746275 0.180899268149776 -0.974632850294227 1 15451.64 481.92 368.687737955797
0 1.40420397630707 0.145902228837142 -0.952878984947028 1 15545.28 469.16 375.94928486796
0.00909090909090909 1.40687296392186 0.224149349195864 -0.895979774972673 1 14922.24 454.52 372.484253751031
0 1.38441838170342 0.172600822675157 -0.747628688215057 1 15037.8 446.44 366.82507070404
0 1.38441838170342 0.172600822675157 -0.747628688215057 1 15037.8 446.44 366.82507070404
0 1.39492436794803 0.211113092364327 -0.859991686433673 1 14590.76 431.68 379.963437164118
0 1.38441838170342 0.172600822675157 -0.747628688215057 1 15037.8 446.44 366.82507070404
0 1.39492436794803 0.211113092364327 -0.859991686433673 1 14590.76 431.68 379.963437164118
0 1.38441838170342 0.172600822675157 -0.747628688215057 1 15037.8 446.44 366.82507070404
0 1.38441838170342 0.172600822675157 -0.747628688215057 1 15037.8 446.44 366.82507070404
0 1.39492436794803 0.211113092364327 -0.859991686433673 1 14590.76 431.68 379.963437164118
0 1.39492436794803 0.211113092364327 -0.859991686433673 1 14590.76 431.68 379.963437164118
0 1.38441838170342 0.172600822675157 -0.747628688215057 1 15037.8 446.44 366.82507070404
0.00909090909090909 1.39285986226709 0.160337691258828 -0.971934092387361 1 15055.48 452.4 364.866732697567
0.00909090909090909 1.368301492666 0.194631694101631 -0.914149386219216 1 14598.92 444.16 390.643479470158
