0 1.38758581746275 0.180899268149776 -0.974632850294227 1 15451.64 481.92 368.687737955797
0.00862068965517241 1.36462255807647 0.134283144940549 -0.932528610118136 1 13728.24 445 394.836419089776
0.00862068965517241 1.36462255807647 0.134283144940549 -0.932528610118136 1 13728.24 445 394.836419089776
0 1.38758581746275 0.180899268149776 -0.974632850294227 1 15451.64 481.92 368.687737955797
0.00862068965517241 1.36462255807647 0.134283144940549 -0.932528610118136 1 13728.24 445 394.836419089776
0 1.38758581746275 0.180899268149776 -0.974632850294227 1 15451.64 481.92 368.687737955797
0.00862068965517241 1.36462255807647 0.134283144940549 -0.932528610118136 1 13728.24 445 394.836419089776
0 1.39102465250304 0.150825366854138 -0.829709825464086 1 15044.68 469.16 386.415673751314
0 1.38758581746275 0.180899268149776 -0.974632850294227 1 15451.64 481.92 368.687737955797
0.00862068965517241 1.40687296392186 0.224149349195864 -0.895979774972673 1 14922.24 454.52 372.484253751031
0 1.38758581746275 0.180899268149776 -0.974632850294227 1 15451.64 481.92 368.687737955797
0 1.38758581746275 0.180899268149776 -0.974632850294227 1 15451.64 481.92 368.687737955797
0.00862068965517241 1.36462255807647 0.134283144940549 -0.932528610118136 1 13728.24 445 394.836419089776
0.00862068965517241 1.40687296392186 0.224149349195864 -0.895979774972673 1 14922.24 454.52 372.484253751031
0.00862068965517241 1.36462255807647 0.134283144940549 -0.932528610118136 1 13728.24 445 394.836419089776
0.00862068965517241 1.40687296392186 0.224149349195864 -0.895979774972673 1 14922.24 454.52 372.484253751031
0.00862068965517241 1.36462255807647 0.134283144940549 -0.932528610118136 1 13728.24 445 394.836419089776
0 1.38758581746275 0.180899268149776 -0.974632850294227 1 15451.64 481.92 368.687737955797
0 1.38758581746275 0.180899268149776 -0.974632850294227 1 15451.64 481.92 368.687737955797
0 1.38758581746275 0.180899268149776 -0.974632850294227 1 15451.64 481.92 368.687737955797
0.00862068965517241 1.36462255807647 0.134283144940549 -0.932528610118136 1 13728.24 445 394.836419089776
0.00862068965517241 1.40687296392186 0.224149349195864 -0.895979774972673 1 14922.24 454.52 372.484253751031
0.00862068965517241 1.35484727183103 0.131213502308122 -0.969167787265446 1 14865.48 478.92 391.45673571877
0 1.38758581746275 0.180899268149776 -0.974632850294227 1 15451.64 481.92 368.687737955797
0.00862068965517241 1.40687296392186 0.224149349195864 -0.895979774972673 1 14922.24 454.52 372.484253751031
0 1.38758581746275 0.180899268149776 -0.974632850294227 1 15451.64 481.92 368.687737955797
0.00862068965517241 1.40687296392186 0.224149349195864 -0.895979774972673 1 14922.24 454.52 372.484253751031
0 1.39102465250304 0.150825366854138 -0.829709825464086 1 15044.68 469.16 386.415673751314
0.00862068965517241 1.36462255807647 0.134283144940549 -0.932528610118136 1 13728.24 445 394.836419089776
0 1.38758581746275 0.180899268149776 -0.974632850294227 1 15451.64 481.92 368.687737955797
0.00862068965517241 1.40687296392186 0.224149349195864 -0.895979774972673 1 14922.24 454.52 372.484253751031
0.00862068965517241 1.40687296392186 0.224149349195864 -0.895979774972673 1 14922.24 454.52 372.484253751031
0.00862068965517241 1.36462255807647 0.134283144940549 -0.932528610118136 1 13728.24 445 394.836419089776
0 1.38758581746275 0.180899268149776 -0.974632850294227 1 15451.64 481.92 368.687737955797
0 1.38758581746275 0.180899268149776 -0.974632850294227 1 15451.64 481.92 368.687737955797
0.00862068965517241 1.36796564588978 0.162204473659378 -0.964288690619971 1 14679.28 446.96 352.450631591215
0.00862068965517241 1.36462255807647 0.134283144940549 -0.932528610118136 1 13728.24 445 394.836419089776
0.00862068965517241 1.40687296392186 0.224149349195864 -0.895979774972673 1 14922.24 454.52 372.484253751031
0 1.38758581746275 0.180899268149776 -0.974632850294227 1 15451.64 481.92 368.687737955797
0 1.38758581746275 0.180899268149776 -0.974632850294227 1 15451.64 481.92 368.687737955797
0 1.38758581746275 0.180899268149776 -0.974632850294227 1 15451.64 481.92 368.687737955797
0.00862068965517241 1.36462255807647 0.134283144940549 -0.932528610118136 1 13728.24 445 394.836419089776
0.00862068965517241 1.40687296392186 0.224149349195864 -0.895979774972673 1 14922.24 454.52 372.484253751031
0.00862068965517241 1.40687296392186 0.224149349195864 -0.895979774972673 1 14922.24 454.52 372.484253751031
0 1.38758581746275 0.180899268149776 -0.974632850294227 1 15451.64 481.92 368.687737955797
0 1.39102465250304 0.150825366854138 -0.829709825464086 1 15044.68 469.16 386.415673751314
0 1.39102465250304 0.150825366854138 -0.829709825464086 1 15044.68 469.16 386.415673751314
0 1.38758581746275 0.180899268149776 -0.974632850294227 1 15451.64 481.92 368.687737955797
0.00862068965517241 1.36462255807647 0.134283144940549 -0.932528610118136 1 13728.24 445 394.836419089776
0 1.38758581746275 0.180899268149776 -0.974632850294227 1 15451.64 481.92 368.687737955797
0.00862068965517241 1.40687296392186 0.224149349195864 -0.895979774972673 1 14922.24 454.52 372.484253751031
0 1.38758581746275 0.180899268149776 -0.974632850294227 1 15451.64 481.92 368.687737955797
0 1.38758581746275 0.180899268149776 -0.974632850294227 1 15451.64 481.92 368.687737955797
0.00862068965517241 1.40687296392186 0.224149349195864 -0.895979774972673 1 14922.24 454.52 372.484253751031
0 1.38758581746275 0.180899268149776 -0.974632850294227 1 15451.64 481.92 368.687737955797
0 1.38758581746275 0.180899268149776 -0.974632850294227 1 15451.64 481.92 368.687737955797
0.00862068965517241 1.36462255807647 0.134283144940549 -0.932528610118136 1 13728.24 445 394.836419089776
0 1.39102465250304 0.150825366854138 -0.829709825464086 1 15044.68 469.16 386.415673751314
0.00862068965517241 1.40687296392186 0.224149349195864 -0.895979774972673 1 14922.24 454.52 372.484253751031
0 1.38758581746275 0.180899268149776 -0.974632850294227 1 15451.64 481.92 368.687737955797
0.00862068965517241 1.40687296392186 0.224149349195864 -0.895979774972673 1 14922.24 454.52 372.484253751031
0 1.38758581746275 0.180899268149776 -0.974632850294227 1 15451.64 481.92 368.687737955797
0 1.39102465250304 0.150825366854138 -0.829709825464086 1 15044.68 469.16 386.415673751314
0 1.38758581746275 0.180899268149776 -0.974632850294227 1 15451.64 481.92 368.687737955797
0 1.39102465250304 0.150825366854138 -0.829709825464086 1 15044.68 469.16 386.415673751314
0 1.38758581746275 0.180899268149776 -0.974632850294227 1 15451.64 481.92 368.687737955797
0.00862068965517241 1.40687296392186 0.224149349195864 -0.895979774972673 1 14922.24 454.52 372.484253751031
0 1.38758581746275 0.180899268149776 -0.974632850294227 1 15451.64 481.92 368.687737955797
0 1.38758581746275 0.180899268149776 -0.974632850294227 1 15451.64 481.92 368.687737955797
0.00862068965517241 1.40687296392186 0.224149349195864 -0.895979774972673 1 14922.24 454.52 372.484253751031
0 1.38758581746275 0.180899268149776 -0.974632850294227 1 15451.64 481.92 368.687737955797
0.00862068965517241 1.40687296392186 0.224149349195864 -0.895979774972673 1 14922.24 454.52 372.484253751031
0.00862068965517241 1.40687296392186 0.224149349195864 -0.895979774972673 1 14922.24 454.52 372.484253751031
0.00862068965517241 1.36462255807647 0.134283144940549 -0.932528610118136 1 13728.24 445 394.836419089776
0.00862068965517241 1.40687296392186 0.224149349195864 -0.895979774972673 1 14922.24 454.52 372.484253751031
0 1.38758581746275 0.180899268149776 -0.974632850294227 1 15451.64 481.92 368.687737955797
0 1.38758581746275 0.180899268149776 -0.974632850294227 1 15451.64 481.92 368.687737955797
0 1.36295441029516 0.132928513897312 -0.96794552465762 1 15398.92 477.28 364.995795897954
0 1.38758581746275 0.180899268149776 -0.974632850294227 1 15451.64 481.92 368.687737955797
0 1.38758581746275 0.180899268149776 -0.974632850294227 1 15451.64 481.92 368.687737955797
0.00862068965517241 1.40687296392186 0.224149349195864 -0.895979774972673 1 14922.24 454.52 372.484253751031
0.00862068965517241 1.40687296392186 0.224149349195864 -0.895979774972673 1 14922.24 454.52 372.484253751031
0.00862068965517241 1.40687296392186 0.224149349195864 -0.895979774972673 1 14922.24 454.52 372.484253751031
0.00862068965517241 1.36462255807647 0.134283144940549 -0.932528610118136 1 13728.24 445 394.836419089776
0.00862068965517241 1.37483939640892 0.16340418035445 -0.971789893919229 1 13786.48 434.8 391.173663233709
0.00862068965517241 1.35484727183103 0.131213502308122 -0.969167787265446 1 14865.48 478.92 391.45673571877
0 1.39102465250304 0.150825366854138 -0.829709825464086 1 15044.68 469.16 386.415673751314
0.00862068965517241 1.40687296392186 0.224149349195864 -0.895979774972673 1 14922.24 454.52 372.484253751031
0.00862068965517241 1.36462255807647 0.134283144940549 -0.932528610118136 1 13728.24 445 394.836419089776
0.00862068965517241 1.40687296392186 0.224149349195864 -0.895979774972673 1 14922.24 454.52 372.484253751031
0.00862068965517241 1.40687296392186 0.224149349195864 -0.895979774972673 1 14922.24 454.52 372.484253751031
0.00862068965517241 1.40687296392186 0.224149349195864 -0.895979774972673 1 14922.24 454.52 372.484253751031
0 1.38758581746275 0.180899268149776 -0.974632850294227 1 15451.64 481.92 368.687737955797
0 1.38758581746275 0.180899268149776 -0.974632850294227 1 15451.64 481.92 368.687737955797
0 1.38758581746275 0.180899268149776 -0.974632850294227 1 15451.64 481.92 368.687737955797
0.00862068965517241 1.37242027363338 0.169757368845019 -0.986992035336227 1 14419.44 447.84 371.530560308663
0.00862068965517241 1.36472152673471 0.124401925047178 -0.95995135338207 1 15063.36 475 346.771702907639
0 1.38758581746275 0.180899268149776 -0.974632850294227 1 15451.64 481.92 368.687737955797
0.00862068965517241 1.40687296392186 0.224149349195864 -0.895979774972673 1 14922.24 454.52 372.484253751031
0 1.38758581746275 0.180899268149776 -0.974632850294227 1 15451.64 481.92 368.687737955797
0.00862068965517241 1.40687296392186 0.224149349195864 -0.895979774972673 1 14922.24 454.52 372.484253751031
0.00862068965517241 1.36462255807647 0.134283144940549 -0.932528610118136 1 13728.24 445 394.836419089776
0.00862068965517241 1.37483939640892 0.16340418035445 -0.971789893919229 1 13786.48 434.8 391.173663233709
0 1.38758581746275 0.180899268149776 -0.974632850294227 1 15451.64 481.92 368.687737955797
0 1.39102465250304 0.150825366854138 -0.829709825464086 1 15044.68 469.16 386.415673751314
0.00862068965517241 1.40687296392186 0.224149349195864 -0.895979774972673 1 14922.24 454.52 372.484253751031
0.00862068965517241 1.40687296392186 0.224149349195864 -0.895979774972673 1 14922.24 454.52 372.484253751031
0.00862068965517241 1.36462255807647 0.134283144940549 -0.932528610118136 1 13728.24 445 394.836419089776
0 1.38758581746275 0.180899268149776 -0.974632850294227 1 15451.64 481.92 368.687737955797
0 1.38758581746275 0.180899268149776 -0.974632850294227 1 15451.64 481.92 368.687737955797
0.00862068965517241 1.36283869919937 0.106239187662509 -0.941208035616323 1 14660.28 446.84 373.973595455045
0.00862068965517241 1.36462255807647 0.134283144940549 -0.932528610118136 1 13728.24 445 394.836419089776
0.00862068965517241 1.36462255807647 0.134283144940549 -0.932528610118136 1 13728.24 445 394.836419089776
0.00862068965517241 1.36462255807647 0.134283144940549 -0.932528610118136 1 13728.24 445 394.836419089776
0 1.38758581746275 0.180899268149776 -0.974632850294227 1 15451.64 481.92 368.687737955797
0 1.38758581746275 0.180899268149776 -0.974632850294227 1 15451.64 481.92 368.687737955797
0 1.38758581746275 0.180899268149776 -0.974632850294227 1 15451.64 481.92 368.687737955797
0.00862068965517241 1.40687296392186 0.224149349195864 -0.895979774972673 1 14922.24 454.52 372.484253751031
0 1.36295441029516 0.132928513897312 -0.96794552465762 1 15398.92 477.28 364.995795897954
0 1.39102465250304 0.150825366854138 -0.829709825464086 1 15044.68 469.16 386.415673751314
0 1.38758581746275 0.180899268149776 -0.974632850294227 1 15451.64 481.92 368.687737955797
0 1.37531411041198 0.137529848919868 -0.836342276485593 1 13925.24 430.76 385.311529987597
0 1.38758581746275 0.180899268149776 -0.974632850294227 1 15451.64 481.92 368.687737955797
0.00862068965517241 1.36462255807647 0.134283144940549 -0.932528610118136 1 13728.24 445 394.836419089776
0.00862068965517241 1.40687296392186 0.224149349195864 -0.895979774972673 1 14922.24 454.52 372.484253751031
0.00862068965517241 1.36462255807647 0.134283144940549 -0.932528610118136 1 13728.24 445 394.836419089776
0 1.38758581746275 0.180899268149776 -0.974632850294227 1 15451.64 481.92 368.687737955797
0.00862068965517241 1.40687296392186 0.224149349195864 -0.895979774972673 1 14922.24 454.52 372.484253751031
0.00862068965517241 1.40687296392186 0.224149349195864 -0.895979774972673 1 14922.24 454.52 372.484253751031
0.00862068965517241 1.40687296392186 0.224149349195864 -0.895979774972673 1 14922.24 454.52 372.484253751031
0.00862068965517241 1.40687296392186 0.224149349195864 -0.895979774972673 1 14922.24 454.52 372.484253751031
0.00862068965517241 1.40687296392186 0.224149349195864 -0.895979774972673 1 14922.24 454.52 372.484253751031
0.00862068965517241 1.40687296392186 0.224149349195864 -0.895979774972673 1 14922.24 454.52 372.484253751031
0.00862068965517241 1.36462255807647 0.134283144940549 -0.932528610118136 1 13728.24 445 394.836419089776
0.00862068965517241 1.35484727183103 0.131213502308122 -0.969167787265446 1 14865.48 478.92 391.45673571877
0 1.39102465250304 0.150825366854138 -0.829709825464086 1 15044.68 469.16 386.415673751314
0 1.38758581746275 0.180899268149776 -0.974632850294227 1 15451.64 481.92 368.687737955797
0.00862068965517241 1.36462255807647 0.134283144940549 -0.932528610118136 1 13728.24 445 394.836419089776
0 1.38758581746275 0.180899268149776 -0.974632850294227 1 15451.64 481.92 368.687737955797
0.00862068965517241 1.40687296392186 0.224149349195864 -0.895979774972673 1 14922.24 454.52 372.484253751031
0.00862068965517241 1.36462255807647 0.134283144940549 -0.932528610118136 1 13728.24 445 394.836419089776
0.00862068965517241 1.36785330510188 0.148500832860544 -0.964110540291002 1 14798.32 467 371.914098862012
0 1.38758581746275 0.180899268149776 -0.974632850294227 1 15451.64 481.92 368.687737955797
0.00862068965517241 1.40687296392186 0.224149349195864 -0.895979774972673 1 14922.24 454.52 372.484253751031
0 1.38758581746275 0.180899268149776 -0.974632850294227 1 15451.64 481.92 368.687737955797
0.00862068965517241 1.40687296392186 0.224149349195864 -0.895979774972673 1 14922.24 454.52 372.484253751031
0.00862068965517241 1.40687296392186 0.224149349195864 -0.895979774972673 1 14922.24 454.52 372.484253751031
0.00862068965517241 1.40687296392186 0.224149349195864 -0.895979774972673 1 14922.24 454.52 372.484253751031
0.00862068965517241 1.36462255807647 0.134283144940549 -0.932528610118136 1 13728.24 445 394.836419089776
0.00862068965517241 1.36462255807647 0.134283144940549 -0.932528610118136 1 13728.24 445 394.836419089776
0 1.38758581746275 0.180899268149776 -0.974632850294227 1 15451.64 481.92 368.687737955797
0 1.38758581746275 0.180899268149776 -0.974632850294227 1 15451.64 481.92 368.687737955797
0.00862068965517241 1.40687296392186 0.224149349195864 -0.895979774972673 1 14922.24 454.52 372.484253751031
0.00862068965517241 1.40687296392186 0.224149349195864 -0.895979774972673 1 14922.24 454.52 372.484253751031
0.00862068965517241 1.40687296392186 0.224149349195864 -0.895979774972673 1 14922.24 454.52 372.484253751031
0 1.38758581746275 0.180899268149776 -0.974632850294227 1 15451.64 481.92 368.687737955797
0 1.36295441029516 0.132928513897312 -0.96794552465762 1 15398.92 477.28 364.995795897954
0 1.38758581746275 0.180899268149776 -0.974632850294227 1 15451.64 481.92 368.687737955797
0.00862068965517241 1.40687296392186 0.224149349195864 -0.895979774972673 1 14922.24 454.52 372.484253751031
0 1.38758581746275 0.180899268149776 -0.974632850294227 1 15451.64 481.92 368.687737955797
0 1.38758581746275 0.180899268149776 -0.974632850294227 1 15451.64 481.92 368.687737955797
0.00862068965517241 1.40687296392186 0.224149349195864 -0.895979774972673 1 14922.24 454.52 372.484253751031
0.00862068965517241 1.35484727183103 0.131213502308122 -0.969167787265446 1 14865.48 478.92 391.45673571877
0.00862068965517241 1.40687296392186 0.224149349195864 -0.895979774972673 1 14922.24 454.52 372.484253751031
0 1.38758581746275 0.180899268149776 -0.974632850294227 1 15451.64 481.92 368.687737955797
0.00862068965517241 1.36462255807647 0.134283144940549 -0.932528610118136 1 13728.24 445 394.836419089776
0 1.38758581746275 0.180899268149776 -0.974632850294227 1 15451.64 481.92 368.687737955797
0.00862068965517241 1.40687296392186 0.224149349195864 -0.895979774972673 1 14922.24 454.52 372.484253751031
0 1.39102465250304 0.150825366854138 -0.829709825464086 1 15044.68 469.16 386.415673751314
0 1.38758581746275 0.180899268149776 -0.974632850294227 1 15451.64 481.92 368.687737955797
0.00862068965517241 1.40687296392186 0.224149349195864 -0.895979774972673 1 14922.24 454.52 372.484253751031
0 1.38758581746275 0.180899268149776 -0.974632850294227 1 15451.64 481.92 368.687737955797
0.00862068965517241 1.36462255807647 0.134283144940549 -0.932528610118136 1 13728.24 445 394.836419089776
0.00862068965517241 1.36462255807647 0.134283144940549 -0.932528610118136 1 13728.24 445 394.836419089776
0 1.38758581746275 0.180899268149776 -0.974632850294227 1 15451.64 481.92 368.687737955797
0 1.39102465250304 0.150825366854138 -0.829709825464086 1 15044.68 469.16 386.415673751314
0.00862068965517241 1.40687296392186 0.224149349195864 -0.895979774972673 1 14922.24 454.52 372.484253751031
0 1.38758581746275 0.180899268149776 -0.974632850294227 1 15451.64 481.92 368.687737955797
0.00862068965517241 1.36462255807647 0.134283144940549 -0.932528610118136 1 13728.24 445 394.836419089776
0.00862068965517241 1.40687296392186 0.224149349195864 -0.895979774972673 1 14922.24 454.52 372.484253751031
0.00862068965517241 1.36462255807647 0.134283144940549 -0.932528610118136 1 13728.24 445 394.836419089776
0.00862068965517241 1.36462255807647 0.134283144940549 -0.932528610118136 1 13728.24 445 394.836419089776
0.00862068965517241 1.36462255807647 0.134283144940549 -0.932528610118136 1 13728.24 445 394.836419089776
0.00862068965517241 1.40687296392186 0.224149349195864 -0.895979774972673 1 14922.24 454.52 372.484253751031
0 1.38758581746275 0.180899268149776 -0.974632850294227 1 15451.64 481.92 368.687737955797
0 1.39102465250304 0.150825366854138 -0.829709825464086 1 15044.68 469.16 386.415673751314
0 1.38758581746275 0.180899268149776 -0.974632850294227 1 15451.64 481.92 368.687737955797
0 1.39102465250304 0.150825366854138 -0.829709825464086 1 15044.68 469.16 386.415673751314
0 1.38758581746275 0.180899268149776 -0.974632850294227 1 15451.64 481.92 368.687737955797
0 1.38758581746275 0.180899268149776 -0.974632850294227 1 15451.64 481.92 368.687737955797
0.00862068965517241 1.36462255807647 0.134283144940549 -0.932528610118136 1 13728.24 445 394.836419089776
0 1.38758581746275 0.180899268149776 -0.974632850294227 1 15451.64 481.92 368.687737955797
0 1.38758581746275 0.180899268149776 -0.974632850294227 1 15451.64 481.92 368.687737955797
0 1.38758581746275 0.180899268149776 -0.974632850294227 1 15451.64 481.92 368.687737955797
0 1.38758581746275 0.180899268149776 -0.974632850294227 1 15451.64 481.92 368.687737955797
0 1.38758581746275 0.180899268149776 -0.974632850294227 1 15451.64 481.92 368.687737955797
0 1.38758581746275 0.180899268149776 -0.974632850294227 1 15451.64 481.92 368.687737955797
0.00862068965517241 1.36462255807647 0.134283144940549 -0.932528610118136 1 13728.24 445 394.836419089776
0 1.38758581746275 0.180899268149776 -0.974632850294227 1 15451.64 481.92 368.687737955797
0 1.38758581746275 0.180899268149776 -0.974632850294227 1 15451.64 481.92 368.687737955797
0.00862068965517241 1.40687296392186 0.224149349195864 -0.895979774972673 1 14922.24 454.52 372.484253751031
0.00862068965517241 1.35484727183103 0.131213502308122 -0.969167787265446 1 14865.48 478.92 391.45673571877
0 1.38758581746275 0.180899268149776 -0.974632850294227 1 15451.64 481.92 368.687737955797
0.00862068965517241 1.36462255807647 0.134283144940549 -0.932528610118136 1 13728.24 445 394.836419089776
0.00862068965517241 1.36462255807647 0.134283144940549 -0.932528610118136 1 13728.24 445 394.836419089776
0 1.38758581746275 0.180899268149776 -0.974632850294227 1 15451.64 481.92 368.687737955797
0 1.39102465250304 0.150825366854138 -0.829709825464086 1 15044.68 469.16 386.415673751314
0.00862068965517241 1.36462255807647 0.134283144940549 -0.932528610118136 1 13728.24 445 394.836419089776
0.00862068965517241 1.40687296392186 0.224149349195864 -0.895979774972673 1 14922.24 454.52 372.484253751031
0.00862068965517241 1.37420185438999 0.190582825709571 -0.987737673472873 1 14342.64 457.2 393.587952391569
0.00862068965517241 1.36462255807647 0.134283144940549 -0.932528610118136 1 13728.24 445 394.836419089776
0 1.38758581746275 0.180899268149776 -0.974632850294227 1 15451.64 481.92 368.687737955797
0 1.38758581746275 0.180899268149776 -0.974632850294227 1 15451.64 481.92 368.687737955797
0.00862068965517241 1.40687296392186 0.224149349195864 -0.895979774972673 1 14922.24 454.52 372.484253751031
0 1.38758581746275 0.180899268149776 -0.974632850294227 1 15451.64 481.92 368.687737955797
0 1.38758581746275 0.180899268149776 -0.974632850294227 1 15451.64 481.92 368.687737955797
0.00862068965517241 1.36462255807647 0.134283144940549 -0.932528610118136 1 13728.24 445 394.836419089776
0.00862068965517241 1.40687296392186 0.224149349195864 -0.895979774972673 1 14922.24 454.52 372.484253751031
0.00862068965517241 1.40687296392186 0.224149349195864 -0.895979774972673 1 14922.24 454.52 372.484253751031
0 1.38758581746275 0.180899268149776 -0.974632850294227 1 15451.64 481.92 368.687737955797
