0 1.38070743274875 0.27266409934964 -0.530471060425043 0.96 10244.0833333333 267.333333333333 432.854866074232
0.00909090909090909 1.5353008906632 0.25284253880811 -0.139831426860053 1 16789.48 351.2 268.890528984065
0.00909090909090909 1.50420688986778 0.319437694875523 0.430107665713876 1 14941.88 267.04 360.53197037263
0 1.39990263716318 0.367811147263274 0.458681368734688 1 4490.8 78.76 396.238645071254
0 1.41296295188367 0.244076526700519 0.902939694467932 1 14397.32 235.68 392.179112743256
0 1.4803104438819 0.215336757549085 0.209949664771557 1 17146.4 351.32 248.120123807533
0 1.38740745089017 0.285599293652922 -0.730139770545065 0.96 10680.6666666667 283.083333333333 431.716104522517
0 1.37956741456874 0.331185829942115 0.893585914280266 1 5048.16 79.8 403.21526047956
0.00909090909090909 1.49123276551251 0.280160594500732 -0.819368888981633 1 16364.84 421.2 301.804143243714
0.00909090909090909 1.49507367794109 0.378903224248645 -0.597348991902146 0.96 12282.625 294.125 377.084298781534
0 1.45741693917662 0.378328891657293 0.685291924513876 1 9974.4 162.52 410.449020383671
0.00909090909090909 1.4745856965892 0.397455823048949 -0.918908076826483 1 11338.28 303.16 455.905040690358
0.00909090909090909 1.46350159849064 0.113093003623782 -0.610343759226491 1 17791.64 455.36 268.18605627681
0.00909090909090909 1.53860764652491 0.251930446526967 0.485455595888197 1 16921.04 319.32 280.262346538387
0.00909090909090909 1.41771730771095 0.241208147526649 -0.744494376924592 1 14320.2 410 393.483572918786
0 1.50549000948668 0.125716263917275 0.967860779259354 1 17364.32 313.64 251.071856593765
0 1.44674180489965 0.347102269669995 0.846671826206148 1 11389.2 177.08 393.181999207908
0.00909090909090909 1.5202121505363 0.229009216658061 0.482887730867204 1 16293.68 307.68 285.454377246914
0.00909090909090909 1.47667832095176 0.145473615569063 -0.00854766042903066 1 17883.64 394.56 254.424014603594
0.00909090909090909 1.35557856222942 0.230882296614664 -0.667977382127146 1 10609.56 293.16 432.529096160096
0 1.36166719184257 0.348991196369752 -0.322811417747289 0.96 5165.125 114.708333333333 427.383804189466
0 1.50214257356711 0.281405739765614 0.857948655262589 0.96 16346.1666666667 271.625 303.058334404639
0 1.35769994840957 0.378553515346721 -0.471675019245595 0.96 4068.125 86.0416666666667 410.453006822736
0 1.47214149208739 0.355617775488645 0.264456738252193 1 10632.36 202 410.766261076141
0.00909090909090909 1.4929467998445 0.38673061307054 -0.661183816380799 1 11055.8 282 416.321225383916
0.00909090909090909 1.4801367660455 0.236840840432221 -0.452613848462152 1 17439.6 397.44 264.318277043591
0 1.47418374763802 0.30929445985239 0.838382253423333 1 14186.24 229.96 358.601852037958
0.00909090909090909 1.50817180157677 0.291211490008514 -0.260839773697892 1 16451.44 372.52 340.610730948032
0 1.40413778196089 0.132991184783168 -0.697628502268344 0.88 15973.5 454.590909090909 329.527500677853
0 1.51353484932333 0.168188168038614 0.598314857576042 1 17280.24 324.56 247.984148753118
0 1.41571168242954 0.234888278716244 0.665081799495965 1 11430.36 204.68 399.996175990818
0 1.49362777206115 0.13706651632674 -0.334251227322966 1 18127.48 412.88 228.670931241605
0 1.5109084721189 0.110299757355824 -0.196165186818689 0.96 18072.125 403.25 225.348784569586
0 1.44989048177376 0.366761561925523 -0.123323770705611 0.96 10316 214.166666666667 422.457221400508
0.00909090909090909 1.50113978755596 0.123069452302925 -0.616790423398237 0.96 17665.9166666667 439.875 271.571910489881
0 1.36863047503866 0.393293534987606 -0.00891823647543788 0.96 3401.625 65.6666666666667 375.310375468761
0.00909090909090909 1.37142484532669 0.188052139105275 -0.354049375280738 0.96 11680.125 295.916666666667 370.170437082252
0 1.35622247825377 0.251886041788384 0.0507981679402292 1 8163.64 171.88 413.151769153449
0.00909090909090909 1.51354647214823 0.328716791601152 -0.112620645729741 0.96 16550.8333333333 352.625 351.370420928602
0.00909090909090909 1.48511057283665 0.289915035219112 0.239263087681016 1 16264.52 316.8 287.601602694144
0 1.52603360130452 0.160525300493464 0.381117501296103 0.96 17511.625 346.458333333333 212.877799136936
0.00909090909090909 1.4745725080291 0.228364338514388 0.124310313437463 1 16841.88 347.12 288.302783809994
0.00909090909090909 1.4949330752878 0.342954571034969 -0.083977533785174 1 15337.24 328.16 358.475058396587
0 1.3863932413049 0.166911819740199 0.39125461038202 0.96 12930.3333333333 258.291666666667 399.070378096081
0 1.39898014590144 0.223283219453879 0.717854568734765 1 11804.44 203.2 418.493935289068
0.00909090909090909 1.42842890694737 0.224192523164675 -0.103873697575182 1 13858.2 312.32 361.03698690976
0.00909090909090909 1.41771098847106 0.184556520805186 -0.759271325082887 1 16036.76 438.96 340.983868693905
0.00909090909090909 1.3985815553082 0.284521480502867 -0.387886728511178 1 9905.24 240.44 411.110090349665
0.00909090909090909 1.53947837459855 0.236327260243706 -0.762404364533722 1 17098.64 419 280.541958424165
0 1.40157934785821 0.355246614757925 0.661642627324909 0.96 7151.04166666667 113.416666666667 422.302165240159
0 1.35059823673218 0.234466501767747 0.636125513818115 1 8507 147.88 396.56217527286
0 1.48926103091799 0.149192969989963 0.933301630895585 0.92 17300.5217391304 309.521739130435 236.788054316075
0.00909090909090909 1.48353528796366 0.110523118190225 -0.547598271846307 1 17897.76 438.8 238.560318759797
0.00909090909090909 1.49846612834185 0.288323182726188 -0.283654731640496 1 14506.48 332.64 346.486227004966
0 1.35913696568459 0.159503668593243 0.848470157012343 0.92 11498.3913043478 195.826086956522 412.960064252998
0.00909090909090909 1.43934045707367 0.296443084561837 -0.962197094036304 1 14862.2 400.2 355.403863291865
0 1.44006505045109 0.310860090749338 0.355111747980118 0.96 12439.375 234.5 376.108524773551
0 1.36831734841689 0.183149393089116 0.687643625773489 0.96 12580.75 228.458333333333 386.426311514749
0.00909090909090909 1.53834424484521 0.272537145297974 -0.0509408097714186 1 17815.76 368.8 253.41148049109
0.00909090909090909 1.52446771738729 0.246542692450157 -0.460069734475987 1 16974.92 396.12 270.698261205532
0.00909090909090909 1.48027013544925 0.160672061261721 -0.476925317198038 1 17219.28 427.76 271.126230748989
0 1.43005172414705 0.397821875638328 -0.741247407160699 1 5237.04 128.76 432.16830933702
0 1.41269739703275 0.11963302323129 0.696821369696409 0.96 17647.1666666667 336.5 262.312172013613
0 1.35762755488977 0.284415858262219 0.167720348574221 0.96 7566 154.625 432.604823795945
0.00909090909090909 1.39735945002176 0.243416330008768 -0.693863284774125 1 13281.08 365.76 406.536560928667
0 1.46722747981548 0.238324238685891 0.964263898320496 1 13479.04 222.04 334.088466341665
0.00909090909090909 1.4307463566307 0.150110346381553 -0.0731271905824542 1 15982.44 373.64 350.97462414182
0 1.4229311759118 0.354160367674194 0.149464325979352 1 9058.48 174.36 436.209151294117
0.00909090909090909 1.45416593796136 0.154611888530474 -0.218619192193776 1 17170.44 396.4 289.005579172088
0.00909090909090909 1.48582093304838 0.142360230472053 -0.552791979616698 1 17322 427.56 255.959948287542
0.00909090909090909 1.36871601652092 0.186073768364572 -0.0120285402045821 0.96 12722.25 292.166666666667 391.889045044779
0 1.51433252580464 0.318381544621661 0.810741473920643 1 15232.96 247.96 332.925330758129
0 1.39636100493371 0.399918028200045 0.990767715033144 0.96 5520.875 80.4583333333333 392.331674216276
0.00909090909090909 1.40225483370014 0.168776176776737 -0.976772279012948 1 16617.92 507.24 337.459018113717
0.00909090909090909 1.39160115942359 0.187658352544531 0.0269988845102489 1 11935.72 267.56 385.040953177914
0.00909090909090909 1.52418015930456 0.25389195765207 -0.181182780412 1 17375.12 375.36 284.840955540569
0 1.41672779275104 0.394143541553058 0.581681761424989 0.96 5185.375 89.375 379.263471884281
0.00909090909090909 1.51733302623034 0.215215355320834 -0.455461319070309 1 16498.92 393.24 289.607864240289
0 1.38580814199522 0.317519390373491 -0.336592382285744 0.96 8612.83333333333 204.458333333333 439.039089818286
0 1.53496140502393 0.119642145745456 -0.190697700716555 1 18195.72 406.56 217.70824752728
0 1.365708635794 0.279865154763684 0.274157081265002 1 8620.08 165.24 426.327235860916
0 1.37875947384164 0.38013282851316 -0.65960570378229 0.96 4908.45833333333 118.541666666667 442.010050917138
0.00909090909090909 1.4576907314742 0.396986148786352 -0.971125486034652 1 12271.52 323.04 427.928004893891
0.00909090909090909 1.4297455444717 0.274557258733775 -0.158084772293532 0.96 13506.4166666667 312.5 397.809146265305
0.00909090909090909 1.51067765531003 0.289113451179063 -0.46754464870024 1 16907.84 384.36 276.378163838416
0.00909090909090909 1.42344877268188 0.185594396060333 -0.739813501946628 0.96 15843.4583333333 441.375 363.954915709164
0.00909090909090909 1.40196069867553 0.19743985943655 -0.0248040377179912 1 13067.44 300.04 350.3440515718
0 1.37112725609913 0.397633513459005 0.443747398909181 1 3760.08 63.92 360.076868115049
0 1.45454337820411 0.38193707424216 -0.0928914514370263 1 11427.28 231.96 436.780213492229
0 1.36575460089371 0.36570433320012 -0.941793582867831 1 5407.64 142.88 436.997232521653
0.00909090909090909 1.40903286449611 0.197775524109602 -0.932753274682909 1 14369.52 446.24 414.832194922249
0.00909090909090909 1.39197353408672 0.244582060095854 -0.839429888874292 0.96 13260.4166666667 366.75 365.999953727976
0.00909090909090909 1.4740924344184 0.273465131376982 0.094153253843747 1 15503.6 314 326.908700055605
0.00909090909090909 1.42393088033423 0.295029082382098 0.540437050163746 1 12905.64 230.52 379.26635263325
0 1.53950576004572 0.302914215018973 0.872327483259141 0.96 17183.8333333333 281.291666666667 285.994630667247
0 1.45332555538043 0.370678197289817 -0.429287304636091 0.96 11640.25 275.666666666667 450.394781453683
0.00909090909090909 1.45768318986205 0.250645426840535 -0.294852110838657 1 15817.52 372.44 328.257441114068
0 1.43252366543747 0.214099160535261 0.468992707785219 0.96 15249 293.375 337.502824965903
0.00909090909090909 1.47458615344949 0.247322842408903 -0.596028283238411 1 16805.52 412.12 303.718601959731
0 1.42513078008778 0.347012019972317 0.890673864632845 1 8849.32 138.76 380.278628663593
0.00909090909090909 1.42043582898171 0.273760074201342 -0.175703945523289 1 12589.76 289.24 432.519918097555
0.00909090909090909 1.52087904368128 0.290391071041677 -0.641208170679999 0.96 15847.8333333333 395.958333333333 347.746323099447
0 1.35567107871175 0.22732881270349 0.175389211624861 0.92 9453.91304347826 196.95652173913 433.523563189261
0.00909090909090909 1.38288761287264 0.123208837277979 0.460731951283659 1 14314.4 285.64 355.844946865314
0.00909090909090909 1.47197721437551 0.139240786479786 0.387533364351839 1 17271.88 352.36 264.687635539682
0.00909090909090909 1.52309855604544 0.342839196207933 -0.80606502527371 1 15182.12 387.32 362.212697921487
0.00909090909090909 1.49815945670204 0.354095934419551 -0.460314773210275 1 15377.04 357.16 376.851590046605
0 1.44645033595152 0.262235353025608 0.463845164049417 0.96 13362.5 251.083333333333 372.034568415673
0.00909090909090909 1.41535532939411 0.147533543682911 0.253639066871235 1 16331.16 342.68 340.047216029933
0.00909090909090909 1.51044332366437 0.364545468310826 -0.552661231253296 1 14182.52 333.6 362.772488087612
0.00909090909090909 1.50863611544482 0.292197899776511 0.396668629720807 1 16066.16 302 306.708518746388
0 1.5419970434159 0.158149271365255 -0.0204348433762789 1 17892.64 384.68 243.219516779742
0 1.38269760631956 0.221361516788602 0.637255412526429 1 10939.96 193.72 405.637157059872
0.00909090909090909 1.40519603821449 0.278244744008407 -0.829094609711319 1 10470.4 299.92 446.179093951244
0 1.41022014822811 0.322549822740257 0.235692595597357 1 6551.84 122.52 430.464823301663
0 1.52696868819185 0.190699544851668 0.794413771014661 1 17247.56 318.12 235.197913721409
0.00909090909090909 1.467339660367 0.310023376415484 -0.936348544433713 1 13742.4 382.2 400.567096027849
0.00909090909090909 1.53366784207018 0.322638024293543 -0.645286397186902 1 16498.16 387 310.467649620452
0.00909090909090909 1.44300851547159 0.284629062446766 0.593417847063392 1 13992.76 249.4 402.448325367482
0 1.42142894295976 0.324975454015657 0.711686833295971 1 9022.08 150.32 415.857961197979
0 1.48002988002263 0.293079121806659 0.853643578011543 0.96 14380.4166666667 240.583333333333 328.11947458188
0.00909090909090909 1.5388613212175 0.394494283211391 -0.478663277759024 1 15542.92 343.4 345.986274747801
0 1.36380124352872 0.157784658437595 0.55935665499419 0.96 13625.0833333333 262.791666666667 352.473854840691
0.00909090909090909 1.50628816598171 0.141373258781066 -0.290691617079485 1 17883.72 411.2 244.828067558576
0.00909090909090909 1.43413745825499 0.207705139945201 0.00304206889073189 1 15413.32 346.52 345.73864708873
0.00909090909090909 1.36879212614149 0.107784675736912 -0.0748808477073908 0.96 15792 374.708333333333 332.655554805331
0.00909090909090909 1.47249471777157 0.28795192966543 0.16735155446359 1 15174.28 303.96 361.659413914778
0.00909090909090909 1.45534151438624 0.21541546669323 -0.585762846283615 1 15634 410.28 344.613309632962
0 1.50403287555091 0.211444148910232 0.921601727139205 0.96 17622.125 312.375 269.392744210768
0.00909090909090909 1.42884878622057 0.278137223262294 -0.920809836892803 1 13679.4 408.92 457.25016627079
0 1.49882713095285 0.11733582415618 -0.216206713579595 0.96 17115.9166666667 398.708333333333 248.693678733122
0.00909090909090909 1.41621807147749 0.275614926568232 0.0477207917720079 1 13319.96 286.68 388.79630901233
0.00909090909090909 1.37144584017806 0.155493371607736 -0.487981135491282 1 14063.88 372.08 382.140459702159
0 1.39186714305542 0.118973715580069 0.669740931596607 0.92 16350.1739130435 313.565217391304 271.218387139067
0.00909090909090909 1.48536020993066 0.131197486424846 0.170878588813557 1 17802.88 389.28 244.183187005389
0.00909090909090909 1.49668851350315 0.223098990113968 0.626889571011177 1 16621.4 308.32 291.89808692121
0.00909090909090909 1.50086405752227 0.327705311845057 0.361119389999658 1 16410.08 304.64 301.09010437057
0 1.40876265433617 0.372823677002452 0.450007025152445 1 7051.96 123.44 418.953962062683
0 1.42488689692691 0.359019142296165 0.272663734853268 1 8672.4 159.92 414.815719227115
0.00909090909090909 1.53244340316262 0.161932380477491 0.351428574194981 1 17516.88 351.16 263.443619182825
0 1.36658420618623 0.273678476223722 0.0302740405313671 0.96 8132.16666666667 173.75 449.476741663796
0 1.51699914187193 0.26404198592063 0.462847715709358 1 16299.8 293.56 277.843770411494
0.00909090909090909 1.46188876782544 0.207630018913187 -0.390224098693579 1 16977.6 405.36 276.139811837203
0 1.51295486576855 0.17367893550545 -0.276208644267172 1 17547.32 377.8 240.660611361359
0 1.35998391010799 0.17642135375645 0.320649896748364 0.96 11489.2916666667 238.541666666667 376.166650662153
0 1.54406567951664 0.136417487543076 -0.578376626130193 1 18094.24 426.32 227.085378104102
0 1.53998437118717 0.290017568599433 0.530227209441364 1 17736.56 318.2 261.532216392228
0 1.46215870599262 0.106885378411971 0.556557321920991 1 17435.48 345.08 245.571714064882
0.00909090909090909 1.41674178507604 0.154339081816025 -0.473912377361607 0.96 16900.7083333333 432.291666666667 297.753483242755
0.00909090909090909 1.51510223157147 0.241640184926156 -0.216919684728328 1 16697.2 367.64 261.58199595594
0 1.37359950114042 0.108139314688742 0.893134579993784 0.88 11805.3636363636 201.909090909091 368.585335762167
0 1.3744017586112 0.394647539453581 -0.771718572359532 1 3255.84 74.76 390.943715700248
0 1.3555921940133 0.351980728073977 0.635894884355366 0.96 4026 64.0833333333333 387.888543210421
0.00909090909090909 1.48142621858723 0.278648908963128 -0.949795364050907 1 16794.96 457.56 325.318627998619
0 1.40380091946572 0.223964563338086 0.822860242798924 1 11207.04 182.88 408.931030402555
0.00909090909090909 1.46810072337156 0.304948306791837 -0.703267674672856 1 15925.4 397.76 343.093126299104
0.00909090909090909 1.40418117556707 0.109794902072679 -0.626527955273308 1 16689.36 454.44 300.391576340688
0.00909090909090909 1.47063988908194 0.303770825755782 0.0997108016163111 1 13416.56 267.88 384.519047063181
0.00909090909090909 1.38958624534776 0.199674600918448 -0.944608330655701 1 15309.32 483.92 428.739207030955
0 1.49170714002103 0.149624461773783 -0.323236370459199 1 18024.76 405.56 231.8820017729
0 1.40145754283294 0.290189444832504 -0.348475289065391 1 9052.04 219.24 424.942523005029
0 1.50693166907877 0.197715937579051 0.598883099388331 1 17888.52 344.28 244.08609092261
0 1.51683137216605 0.26578329836484 0.791861371602863 1 15797.4 270.68 289.486632007685
0 1.41032082564197 0.352562454366125 0.282146248035133 1 7636.44 143 416.319999032777
0 1.51416083816439 0.184642643528059 0.317957539577037 0.96 17181.25 349 263.5960657433
0 1.4220501800999 0.286377430707216 0.604688815306872 0.92 10084.7826086957 174.130434782609 423.169812666634
0 1.4804771123454 0.179028381151147 -0.13185007404536 0.96 17114.125 377.458333333333 258.07901767608
0 1.47218008311465 0.388766392390244 -0.0800407836213708 1 9755.96 199.44 416.876493758966
0.00909090909090909 1.48312020264566 0.283287383290008 0.279571409337223 1 16163.84 313.72 314.389400906019
0 1.36389678656124 0.349902150826529 -0.36355314264074 0.96 3924.91666666667 86.8333333333333 401.935304290348
0.00909090909090909 1.48386659659445 0.341821576305665 -0.000530198682099581 1 15056.56 312.24 363.934845875955
0 1.4302498517558 0.223051077616401 0.573235298506916 0.96 15025.4166666667 274.291666666667 326.165654942811
0.00909090909090909 1.5392021975843 0.30099797603888 -0.586667833234629 1 17565.36 416.28 278.710648245195
0 1.42032860498875 0.327448156732135 0.874313381966203 1 8325.76 134.8 386.190377857512
0 1.44587054364383 0.18926056639757 0.9421167075634 1 16657.08 285.4 296.798096734859
0 1.36187687222846 0.379283068166114 0.159458855167031 0.92 3852.4347826087 73.4347826086957 396.236340372895
0.00909090909090909 1.51846870845184 0.254791991668753 -0.309763695113361 1 16726.92 373.76 294.839135432911
0 1.39063490713015 0.31455228633713 0.229059329256415 1 6618.52 129 437.590403308917
0.00909090909090909 1.42565379487351 0.236959951091558 -0.40462330263108 1 13648.56 346.76 397.516306745571
0.00909090909090909 1.54785576011054 0.377506226790138 -0.532990712672472 1 15313.64 336.36 326.416466886512
0.00909090909090909 1.40361494933314 0.203088576805178 -0.580829077739587 1 16124.96 433.4 379.602266782026
0.00909090909090909 1.4110138266984 0.240265570812566 -0.208581841482836 0.96 12198.7083333333 289.916666666667 399.476879363938
0 1.41483195736073 0.389040706027299 -0.399355994537473 1 7869.16 174.6 425.886704256265
0.00909090909090909 1.41172412950546 0.111494493368082 0.472130238544196 1 16122.4 321.24 275.363968110065
0 1.37488547260873 0.285952696204186 -0.237546143122017 1 9496.88 217.68 427.35488141446
0.00909090909090909 1.50322014233097 0.332854903792031 0.693747605662793 1 14679.88 253.08 333.900027660535
0.00909090909090909 1.44632868310437 0.169709392939694 0.119907925836742 0.96 15165.0833333333 313.458333333333 316.174591749961
0.00909090909090909 1.37889339658432 0.210737387952395 -0.151031787507236 1 13784.52 329.84 373.737364034309
0.00909090909090909 1.5471431323206 0.220068661293233 -0.103588588444864 1 17836.68 392.56 253.160123802859
0.00909090909090909 1.4463393476326 0.211642824672163 0.520008724648505 1 13983.64 259.4 361.16763190413
0.00909090909090909 1.4530403515324 0.360012332093902 -0.271991782356054 1 10840.52 242.8 413.962728445548
0 1.39222797947004 0.186581390164793 0.759187533985823 1 11806.04 207.24 395.747278082836
0 1.51676086517982 0.189618030609563 0.800087188836187 1 17609.76 318.28 263.653850763608
0 1.41284344936721 0.329414253658615 0.136307208798826 1 7785.52 156.08 410.317213792815
0 1.49072347059846 0.142935834359378 -0.365321254823357 0.96 17957.3333333333 418.833333333333 241.008261753388
0.00909090909090909 1.50144816162065 0.268103052792139 -0.810653651598841 1 16539.32 436 299.621129174499
0.00909090909090909 1.42428940809332 0.128173201880418 -0.146320061292499 1 17514.88 421.96 277.017907165369
0 1.45546685173176 0.290905849239789 0.490654530934989 0.96 14712.2083333333 269.791666666667 379.617214105741
0 1.36297361990437 0.248285904154182 -0.618448914960027 0.96 9264.08333333333 248.958333333333 454.321198718162
0.00909090909090909 1.5076122284669 0.332389828445063 0.620670475171982 1 15851.12 275.88 331.183632130104
0.00909090909090909 1.39408205738291 0.307418597117066 -0.687503563705832 1 9997.44 270.92 448.865728772158
0 1.37384747280739 0.375115359597839 0.125839628279209 0.96 4969.54166666667 94.4166666666667 412.378653525127
0 1.44827550956979 0.378312688041478 -0.361174517776817 0.96 8479.66666666667 185.583333333333 410.551126625967
0 1.39234057525173 0.186794192716479 0.742601889651269 0.92 13324.5217391304 237.217391304348 358.211595933396
0 1.35734027256258 0.125112580670975 -0.880624073091894 0.92 15388.6956521739 472.565217391304 381.589271319974
0.00909090909090909 1.46854002735781 0.164185493023779 0.382434985235274 1 16351.6 336.64 287.77176862906
0.00909090909090909 1.39388797562569 0.114910429040901 0.852500934153795 1 14737.6 265.96 326.074779104957
0.00909090909090909 1.35005030795001 0.165874694800004 -0.314758962951601 1 14548.08 363.4 397.713202903622
0 1.51860634540208 0.183741147210822 0.0636930414475501 0.92 16602.8695652174 346.260869565217 272.430387552669
0 1.49652178348042 0.226049037883058 -0.473278930410743 0.92 17783.8260869565 417.478260869565 265.1161959389
0.00909090909090909 1.52630820181221 0.384292859886773 -0.0964402644895017 1 12883.76 256.52 368.770766769357
0.00909090909090909 1.54823939126324 0.237077780346453 0.482845908359734 1 17479.88 328.52 273.03629642306
0 1.54038559827022 0.206555024324916 0.409766655415297 1 17392.24 341.2 255.21397490467
0 1.38971924046054 0.214407263789326 0.226120315492153 0.96 13378.875 275.958333333333 399.52517842798
0 1.38830721364357 0.174448138219304 0.43031282350421 0.92 14237.652173913 281.695652173913 390.276228837613
0.00909090909090909 1.40198101898337 0.186101527498259 -0.392665949678131 1 14035.2 357.56 381.140229625474
0.00909090909090909 1.44611499728635 0.217697068722919 0.289302721619606 1 16185.24 326 293.887715795873
0 1.40355869247578 0.216316869063303 0.0461131078191102 0.96 12709.25 283.916666666667 440.501351401158
0 1.41918693943881 0.384856209415011 -0.990869796369225 1 8509.52 234.16 427.403488678293
0 1.38179193995893 0.361289729177952 -0.68750884803012 0.96 6303.08333333333 160.333333333333 432.820633513111
