0 1.38758581746275 0.180899268149776 -0.974632850294227 1 15451.64 481.92 368.687737955797
0.0087719298245614 1.36462255807647 0.134283144940549 -0.932528610118136 1 13728.24 445 394.836419089776
0.0087719298245614 1.36462255807647 0.134283144940549 -0.932528610118136 1 13728.24 445 394.836419089776
0 1.38758581746275 0.180899268149776 -0.974632850294227 1 15451.64 481.92 368.687737955797
0.0087719298245614 1.36462255807647 0.134283144940549 -0.932528610118136 1 13728.24 445 394.836419089776
0 1.38758581746275 0.180899268149776 -0.974632850294227 1 15451.64 481.92 368.687737955797
0.0087719298245614 1.38319160866903 0.157766328220089 -0.964208189384322 1 14483.56 462.04 378.843794383867
0 1.39102465250304 0.150825366854138 -0.829709825464086 1 15044.68 469.16 386.415673751314
0 1.38758581746275 0.180899268149776 -0.974632850294227 1 15451.64 481.92 368.687737955797
0.0087719298245614 1.40687296392186 0.224149349195864 -0.895979774972673 1 14922.24 454.52 372.484253751031
0 1.38758581746275 0.180899268149776 -0.974632850294227 1 15451.64 481.92 368.687737955797
0 1.38758581746275 0.180899268149776 -0.974632850294227 1 15451.64 481.92 368.687737955797
0.0087719298245614 1.35762739349527 0.128827943408633 -0.963042253171378 1 13869.88 447.48 334.986377914669
0.0087719298245614 1.40687296392186 0.224149349195864 -0.895979774972673 1 14922.24 454.52 372.484253751031
0.0087719298245614 1.36462255807647 0.134283144940549 -0.932528610118136 1 13728.24 445 394.836419089776
0.0087719298245614 1.40687296392186 0.224149349195864 -0.895979774972673 1 14922.24 454.52 372.484253751031
0.0087719298245614 1.35972361458769 0.168902666028488 -0.896976877348768 1 13919.12 445.92 386.497447266674
0 1.38758581746275 0.180899268149776 -0.974632850294227 1 15451.64 481.92 368.687737955797
0 1.38758581746275 0.180899268149776 -0.974632850294227 1 15451.64 481.92 368.687737955797
0 1.38758581746275 0.180899268149776 -0.974632850294227 1 15451.64 481.92 368.687737955797
0.0087719298245614 1.36462255807647 0.134283144940549 -0.932528610118136 1 13728.24 445 394.836419089776
0.0087719298245614 1.40687296392186 0.224149349195864 -0.895979774972673 1 14922.24 454.52 372.484253751031
0.0087719298245614 1.35636857135031 0.147210684230252 -0.965315852504734 1 15134.24 490.64 387.820181011402
0 1.38758581746275 0.180899268149776 -0.974632850294227 1 15451.64 481.92 368.687737955797
0.0087719298245614 1.40687296392186 0.224149349195864 -0.895979774972673 1 14922.24 454.52 372.484253751031
0 1.38758581746275 0.180899268149776 -0.974632850294227 1 15451.64 481.92 368.687737955797
0.0087719298245614 1.40687296392186 0.224149349195864 -0.895979774972673 1 14922.24 454.52 372.484253751031
0 1.39102465250304 0.150825366854138 -0.829709825464086 1 15044.68 469.16 386.415673751314
0.0087719298245614 1.36462255807647 0.134283144940549 -0.932528610118136 1 13728.24 445 394.836419089776
0 1.38758581746275 0.180899268149776 -0.974632850294227 1 15451.64 481.92 368.687737955797
0.0087719298245614 1.40687296392186 0.224149349195864 -0.895979774972673 1 14922.24 454.52 372.484253751031
0.0087719298245614 1.40687296392186 0.224149349195864 -0.895979774972673 1 14922.24 454.52 372.484253751031
0.0087719298245614 1.40249212255944 0.168120578645858 -0.903970505748745 1 14632.16 458.4 379.287000881626
0 1.38758581746275 0.180899268149776 -0.974632850294227 1 15451.64 481.92 368.687737955797
0 1.38758581746275 0.180899268149776 -0.974632850294227 1 15451.64 481.92 368.687737955797
0 1.36796564588978 0.162204473659378 -0.964288690619971 1 14679.28 446.96 352.450631591215
0.0087719298245614 1.36462255807647 0.134283144940549 -0.932528610118136 1 13728.24 445 394.836419089776
0.0087719298245614 1.40687296392186 0.224149349195864 -0.895979774972673 1 14922.24 454.52 372.484253751031
0 1.38758581746275 0.180899268149776 -0.974632850294227 1 15451.64 481.92 368.687737955797
0 1.38758581746275 0.180899268149776 -0.974632850294227 1 15451.64 481.92 368.687737955797
0 1.38758581746275 0.180899268149776 -0.974632850294227 1 15451.64 481.92 368.687737955797
0.0087719298245614 1.36462255807647 0.134283144940549 -0.932528610118136 1 13728.24 445 394.836419089776
0.0087719298245614 1.40687296392186 0.224149349195864 -0.895979774972673 1 14922.24 454.52 372.484253751031
0.0087719298245614 1.40687296392186 0.224149349195864 -0.895979774972673 1 14922.24 454.52 372.484253751031
0 1.38758581746275 0.180899268149776 -0.974632850294227 1 15451.64 481.92 368.687737955797
0 1.39102465250304 0.150825366854138 -0.829709825464086 1 15044.68 469.16 386.415673751314
0 1.39102465250304 0.150825366854138 -0.829709825464086 1 15044.68 469.16 386.415673751314
0 1.38758581746275 0.180899268149776 -0.974632850294227 1 15451.64 481.92 368.687737955797
0.0087719298245614 1.36462255807647 0.134283144940549 -0.932528610118136 1 13728.24 445 394.836419089776
0 1.38758581746275 0.180899268149776 -0.974632850294227 1 15451.64 481.92 368.687737955797
0.0087719298245614 1.40687296392186 0.224149349195864 -0.895979774972673 1 14922.24 454.52 372.484253751031
0 1.38758581746275 0.180899268149776 -0.974632850294227 1 15451.64 481.92 368.687737955797
0 1.38758581746275 0.180899268149776 -0.974632850294227 1 15451.64 481.92 368.687737955797
0.0087719298245614 1.40687296392186 0.224149349195864 -0.895979774972673 1 14922.24 454.52 372.484253751031
0 1.38758581746275 0.180899268149776 -0.974632850294227 1 15451.64 481.92 368.687737955797
0 1.38758581746275 0.180899268149776 -0.974632850294227 1 15451.64 481.92 368.687737955797
0.0087719298245614 1.3759022151956 0.114650489937067 -0.932181008637192 1 14656.32 476.48 343.457903305124
0 1.39102465250304 0.150825366854138 -0.829709825464086 1 15044.68 469.16 386.415673751314
0.0087719298245614 1.40687296392186 0.224149349195864 -0.895979774972673 1 14922.24 454.52 372.484253751031
0 1.38758581746275 0.180899268149776 -0.974632850294227 1 15451.64 481.92 368.687737955797
0.0087719298245614 1.40687296392186 0.224149349195864 -0.895979774972673 1 14922.24 454.52 372.484253751031
0 1.38758581746275 0.180899268149776 -0.974632850294227 1 15451.64 481.92 368.687737955797
0 1.39102465250304 0.150825366854138 -0.829709825464086 1 15044.68 469.16 386.415673751314
0 1.38758581746275 0.180899268149776 -0.974632850294227 1 15451.64 481.92 368.687737955797
0 1.39102465250304 0.150825366854138 -0.829709825464086 1 15044.68 469.16 386.415673751314
0 1.38758581746275 0.180899268149776 -0.974632850294227 1 15451.64 481.92 368.687737955797
0.0087719298245614 1.40687296392186 0.224149349195864 -0.895979774972673 1 14922.24 454.52 372.484253751031
0 1.38758581746275 0.180899268149776 -0.974632850294227 1 15451.64 481.92 368.687737955797
0 1.38758581746275 0.180899268149776 -0.974632850294227 1 15451.64 481.92 368.687737955797
0.0087719298245614 1.40687296392186 0.224149349195864 -0.895979774972673 1 14922.24 454.52 372.484253751031
0 1.38758581746275 0.180899268149776 -0.974632850294227 1 15451.64 481.92 368.687737955797
0.0087719298245614 1.40687296392186 0.224149349195864 -0.895979774972673 1 14922.24 454.52 372.484253751031
0.0087719298245614 1.40687296392186 0.224149349195864 -0.895979774972673 1 14922.24 454.52 372.484253751031
0.0087719298245614 1.36462255807647 0.134283144940549 -0.932528610118136 1 13728.24 445 394.836419089776
0.0087719298245614 1.40687296392186 0.224149349195864 -0.895979774972673 1 14922.24 454.52 372.484253751031
0 1.38758581746275 0.180899268149776 -0.974632850294227 1 15451.64 481.92 368.687737955797
0 1.38758581746275 0.180899268149776 -0.974632850294227 1 15451.64 481.92 368.687737955797
0 1.36295441029516 0.132928513897312 -0.96794552465762 1 15398.92 477.28 364.995795897954
0 1.38758581746275 0.180899268149776 -0.974632850294227 1 15451.64 481.92 368.687737955797
0 1.38758581746275 0.180899268149776 -0.974632850294227 1 15451.64 481.92 368.687737955797
0.0087719298245614 1.40687296392186 0.224149349195864 -0.895979774972673 1 14922.24 454.52 372.484253751031
0.0087719298245614 1.40687296392186 0.224149349195864 -0.895979774972673 1 14922.24 454.52 372.484253751031
0.0087719298245614 1.40687296392186 0.224149349195864 -0.895979774972673 1 14922.24 454.52 372.484253751031
0.0087719298245614 1.36462255807647 0.134283144940549 -0.932528610118136 1 13728.24 445 394.836419089776
0.0087719298245614 1.37403354132598 0.144469584705973 -0.949722566027395 1 14457.4 451.04 374.264651881565
0.0087719298245614 1.35484727183103 0.131213502308122 -0.969167787265446 1 14865.48 478.92 391.45673571877
0 1.39102465250304 0.150825366854138 -0.829709825464086 1 15044.68 469.16 386.415673751314
0.0087719298245614 1.40687296392186 0.224149349195864 -0.895979774972673 1 14922.24 454.52 372.484253751031
0.0087719298245614 1.36462255807647 0.134283144940549 -0.932528610118136 1 13728.24 445 394.836419089776
0.0087719298245614 1.40687296392186 0.224149349195864 -0.895979774972673 1 14922.24 454.52 372.484253751031
0.0087719298245614 1.40687296392186 0.224149349195864 -0.895979774972673 1 14922.24 454.52 372.484253751031
0.0087719298245614 1.40687296392186 0.224149349195864 -0.895979774972673 1 14922.24 454.52 372.484253751031
0 1.38758581746275 0.180899268149776 -0.974632850294227 1 15451.64 481.92 368.687737955797
0 1.38758581746275 0.180899268149776 -0.974632850294227 1 15451.64 481.92 368.687737955797
0 1.38758581746275 0.180899268149776 -0.974632850294227 1 15451.64 481.92 368.687737955797
0.0087719298245614 1.37242027363338 0.169757368845019 -0.986992035336227 1 14419.44 447.84 371.530560308663
0.0087719298245614 1.370576628817 0.167231860567501 -0.959200873084853 1 14911.2 464.44 381.84182264631
0 1.38758581746275 0.180899268149776 -0.974632850294227 1 15451.64 481.92 368.687737955797
0.0087719298245614 1.40687296392186 0.224149349195864 -0.895979774972673 1 14922.24 454.52 372.484253751031
0 1.38758581746275 0.180899268149776 -0.974632850294227 1 15451.64 481.92 368.687737955797
0.0087719298245614 1.40687296392186 0.224149349195864 -0.895979774972673 1 14922.24 454.52 372.484253751031
0.0087719298245614 1.36462255807647 0.134283144940549 -0.932528610118136 1 13728.24 445 394.836419089776
0.0087719298245614 1.37483939640892 0.16340418035445 -0.971789893919229 1 13786.48 434.8 391.173663233709
0 1.38758581746275 0.180899268149776 -0.974632850294227 1 15451.64 481.92 368.687737955797
0 1.39102465250304 0.150825366854138 -0.829709825464086 1 15044.68 469.16 386.415673751314
0.0087719298245614 1.40687296392186 0.224149349195864 -0.895979774972673 1 14922.24 454.52 372.484253751031
0.0087719298245614 1.40687296392186 0.224149349195864 -0.895979774972673 1 14922.24 454.52 372.484253751031
0.0087719298245614 1.35353954656766 0.111455932433811 -0.936951612741185 1 15178.92 470.04 360.516635584041
0 1.38758581746275 0.180899268149776 -0.974632850294227 1 15451.64 481.92 368.687737955797
0 1.38758581746275 0.180899268149776 -0.974632850294227 1 15451.64 481.92 368.687737955797
0 1.36897865950322 0.152581243103239 -0.949091499703184 1 14698.76 451.48 346.293479949397
0.0087719298245614 1.36462255807647 0.134283144940549 -0.932528610118136 1 13728.24 445 394.836419089776
0.0087719298245614 1.36462255807647 0.134283144940549 -0.932528610118136 1 13728.24 445 394.836419089776
0.0087719298245614 1.36462255807647 0.134283144940549 -0.932528610118136 1 13728.24 445 394.836419089776
0 1.38758581746275 0.180899268149776 -0.974632850294227 1 15451.64 481.92 368.687737955797
0 1.38758581746275 0.180899268149776 -0.974632850294227 1 15451.64 481.92 368.687737955797
0 1.38758581746275 0.180899268149776 -0.974632850294227 1 15451.64 481.92 368.687737955797
0.0087719298245614 1.40687296392186 0.224149349195864 -0.895979774972673 1 14922.24 454.52 372.484253751031
0 1.36295441029516 0.132928513897312 -0.96794552465762 1 15398.92 477.28 364.995795897954
0 1.39102465250304 0.150825366854138 -0.829709825464086 1 15044.68 469.16 386.415673751314
0 1.38758581746275 0.180899268149776 -0.974632850294227 1 15451.64 481.92 368.687737955797
0 1.37531411041198 0.137529848919868 -0.836342276485593 1 13925.24 430.76 385.311529987597
0 1.38758581746275 0.180899268149776 -0.974632850294227 1 15451.64 481.92 368.687737955797
0.0087719298245614 1.36163789576446 0.107070692186361 -0.911712461487436 1 15383.84 497.12 379.478653639811
0.0087719298245614 1.40687296392186 0.224149349195864 -0.895979774972673 1 14922.24 454.52 372.484253751031
0.0087719298245614 1.36462255807647 0.134283144940549 -0.932528610118136 1 13728.24 445 394.836419089776
0 1.38758581746275 0.180899268149776 -0.974632850294227 1 15451.64 481.92 368.687737955797
0.0087719298245614 1.40687296392186 0.224149349195864 -0.895979774972673 1 14922.24 454.52 372.484253751031
0.0087719298245614 1.40687296392186 0.224149349195864 -0.895979774972673 1 14922.24 454.52 372.484253751031
0.0087719298245614 1.40687296392186 0.224149349195864 -0.895979774972673 1 14922.24 454.52 372.484253751031
0.0087719298245614 1.40687296392186 0.224149349195864 -0.895979774972673 1 14922.24 454.52 372.484253751031
0.0087719298245614 1.37315964810345 0.150838792736125 -0.866222546707749 1 14754.92 451.76 370.405178935286
0.0087719298245614 1.40687296392186 0.224149349195864 -0.895979774972673 1 14922.24 454.52 372.484253751031
0.0087719298245614 1.36462255807647 0.134283144940549 -0.932528610118136 1 13728.24 445 394.836419089776
0.0087719298245614 1.35484727183103 0.131213502308122 -0.969167787265446 1 14865.48 478.92 391.45673571877
0 1.39102465250304 0.150825366854138 -0.829709825464086 1 15044.68 469.16 386.415673751314
0 1.38758581746275 0.180899268149776 -0.974632850294227 1 15451.64 481.92 368.687737955797
0.0087719298245614 1.36462255807647 0.134283144940549 -0.932528610118136 1 13728.24 445 394.836419089776
0 1.38758581746275 0.180899268149776 -0.974632850294227 1 15451.64 481.92 368.687737955797
0.0087719298245614 1.40687296392186 0.224149349195864 -0.895979774972673 1 14922.24 454.52 372.484253751031
0.0087719298245614 1.36462255807647 0.134283144940549 -0.932528610118136 1 13728.24 445 394.836419089776
0.0087719298245614 1.36785330510188 0.148500832860544 -0.964110540291002 1 14798.32 467 371.914098862012
0 1.38758581746275 0.180899268149776 -0.974632850294227 1 15451.64 481.92 368.687737955797
0.0087719298245614 1.40687296392186 0.224149349195864 -0.895979774972673 1 14922.24 454.52 372.484253751031
0 1.38758581746275 0.180899268149776 -0.974632850294227 1 15451.64 481.92 368.687737955797
0.0087719298245614 1.40687296392186 0.224149349195864 -0.895979774972673 1 14922.24 454.52 372.484253751031
0.0087719298245614 1.40687296392186 0.224149349195864 -0.895979774972673 1 14922.24 454.52 372.484253751031
0.0087719298245614 1.40687296392186 0.224149349195864 -0.895979774972673 1 14922.24 454.52 372.484253751031
0.0087719298245614 1.41668568297967 0.190697602816614 -0.953277102049882 1 14117.32 432.84 375.365239136518
0.0087719298245614 1.36462255807647 0.134283144940549 -0.932528610118136 1 13728.24 445 394.836419089776
0 1.38758581746275 0.180899268149776 -0.974632850294227 1 15451.64 481.92 368.687737955797
0 1.38758581746275 0.180899268149776 -0.974632850294227 1 15451.64 481.92 368.687737955797
0.0087719298245614 1.40687296392186 0.224149349195864 -0.895979774972673 1 14922.24 454.52 372.484253751031
0.0087719298245614 1.40687296392186 0.224149349195864 -0.895979774972673 1 14922.24 454.52 372.484253751031
0.0087719298245614 1.40687296392186 0.224149349195864 -0.895979774972673 1 14922.24 454.52 372.484253751031
0 1.38758581746275 0.180899268149776 -0.974632850294227 1 15451.64 481.92 368.687737955797
0 1.36295441029516 0.132928513897312 -0.96794552465762 1 15398.92 477.28 364.995795897954
0 1.38758581746275 0.180899268149776 -0.974632850294227 1 15451.64 481.92 368.687737955797
0.0087719298245614 1.40687296392186 0.224149349195864 -0.895979774972673 1 14922.24 454.52 372.484253751031
0 1.38758581746275 0.180899268149776 -0.974632850294227 1 15451.64 481.92 368.687737955797
0 1.38758581746275 0.180899268149776 -0.974632850294227 1 15451.64 481.92 368.687737955797
0.0087719298245614 1.40687296392186 0.224149349195864 -0.895979774972673 1 14922.24 454.52 372.484253751031
0.0087719298245614 1.35484727183103 0.131213502308122 -0.969167787265446 1 14865.48 478.92 391.45673571877
0.0087719298245614 1.40687296392186 0.224149349195864 -0.895979774972673 1 14922.24 454.52 372.484253751031
0 1.38758581746275 0.180899268149776 -0.974632850294227 1 15451.64 481.92 368.687737955797
0.0087719298245614 1.36462255807647 0.134283144940549 -0.932528610118136 1 13728.24 445 394.836419089776
0 1.38758581746275 0.180899268149776 -0.974632850294227 1 15451.64 481.92 368.687737955797
0.0087719298245614 1.40687296392186 0.224149349195864 -0.895979774972673 1 14922.24 454.52 372.484253751031
0 1.39102465250304 0.150825366854138 -0.829709825464086 1 15044.68 469.16 386.415673751314
0 1.38758581746275 0.180899268149776 -0.974632850294227 1 15451.64 481.92 368.687737955797
0.0087719298245614 1.40687296392186 0.224149349195864 -0.895979774972673 1 14922.24 454.52 372.484253751031
0 1.38758581746275 0.180899268149776 -0.974632850294227 1 15451.64 481.92 368.687737955797
0.0087719298245614 1.36462255807647 0.134283144940549 -0.932528610118136 1 13728.24 445 394.836419089776
0.0087719298245614 1.36462255807647 0.134283144940549 -0.932528610118136 1 13728.24 445 394.836419089776
0 1.38758581746275 0.180899268149776 -0.974632850294227 1 15451.64 481.92 368.687737955797
0 1.39102465250304 0.150825366854138 -0.829709825464086 1 15044.68 469.16 386.415673751314
0.0087719298245614 1.40687296392186 0.224149349195864 -0.895979774972673 1 14922.24 454.52 372.484253751031
0 1.38758581746275 0.180899268149776 -0.974632850294227 1 15451.64 481.92 368.687737955797
0.0087719298245614 1.35972569147878 0.127334986381481 -0.932781885503719 1 14495.8 471.2 394.627725668793
0.0087719298245614 1.40687296392186 0.224149349195864 -0.895979774972673 1 14922.24 454.52 372.484253751031
0.0087719298245614 1.36462255807647 0.134283144940549 -0.932528610118136 1 13728.24 445 394.836419089776
0.0087719298245614 1.36462255807647 0.134283144940549 -0.932528610118136 1 13728.24 445 394.836419089776
0.0087719298245614 1.36462255807647 0.134283144940549 -0.932528610118136 1 13728.24 445 394.836419089776
0.0087719298245614 1.40687296392186 0.224149349195864 -0.895979774972673 1 14922.24 454.52 372.484253751031
0 1.38758581746275 0.180899268149776 -0.974632850294227 1 15451.64 481.92 368.687737955797
0 1.39102465250304 0.150825366854138 -0.829709825464086 1 15044.68 469.16 386.415673751314
0 1.38758581746275 0.180899268149776 -0.974632850294227 1 15451.64 481.92 368.687737955797
0 1.39102465250304 0.150825366854138 -0.829709825464086 1 15044.68 469.16 386.415673751314
0 1.38758581746275 0.180899268149776 -0.974632850294227 1 15451.64 481.92 368.687737955797
0 1.38758581746275 0.180899268149776 -0.974632850294227 1 15451.64 481.92 368.687737955797
0.0087719298245614 1.37363651051101 0.173962977455477 -0.925658573481841 1 14280.72 454.16 383.292095041708
0 1.38758581746275 0.180899268149776 -0.974632850294227 1 15451.64 481.92 368.687737955797
0 1.38758581746275 0.180899268149776 -0.974632850294227 1 15451.64 481.92 368.687737955797
0 1.38758581746275 0.180899268149776 -0.974632850294227 1 15451.64 481.92 368.687737955797
0 1.38758581746275 0.180899268149776 -0.974632850294227 1 15451.64 481.92 368.687737955797
0 1.38758581746275 0.180899268149776 -0.974632850294227 1 15451.64 481.92 368.687737955797
0 1.38758581746275 0.180899268149776 -0.974632850294227 1 15451.64 481.92 368.687737955797
0.0087719298245614 1.36462255807647 0.134283144940549 -0.932528610118136 1 13728.24 445 394.836419089776
0 1.38758581746275 0.180899268149776 -0.974632850294227 1 15451.64 481.92 368.687737955797
0 1.38758581746275 0.180899268149776 -0.974632850294227 1 15451.64 481.92 368.687737955797
0.0087719298245614 1.40687296392186 0.224149349195864 -0.895979774972673 1 14922.24 454.52 372.484253751031
0.0087719298245614 1.35484727183103 0.131213502308122 -0.969167787265446 1 14865.48 478.92 391.45673571877
0 1.38758581746275 0.180899268149776 -0.974632850294227 1 15451.64 481.92 368.687737955797
0.0087719298245614 1.36206543710236 0.139996763174713 -0.95241468023661 1 13964.8 451.68 380.310023743988
0.0087719298245614 1.36462255807647 0.134283144940549 -0.932528610118136 1 13728.24 445 394.836419089776
0 1.38758581746275 0.180899268149776 -0.974632850294227 1 15451.64 481.92 368.687737955797
0 1.39102465250304 0.150825366854138 -0.829709825464086 1 15044.68 469.16 386.415673751314
0.0087719298245614 1.36462255807647 0.134283144940549 -0.932528610118136 1 13728.24 445 394.836419089776
0.0087719298245614 1.40687296392186 0.224149349195864 -0.895979774972673 1 14922.24 454.52 372.484253751031
0.0087719298245614 1.35699613366587 0.169182658258179 -0.983326078729099 1 14088.28 444.76 383.612329861163
0.0087719298245614 1.36462255807647 0.134283144940549 -0.932528610118136 1 13728.24 445 394.836419089776
0 1.38758581746275 0.180899268149776 -0.974632850294227 1 15451.64 481.92 368.687737955797
0 1.38758581746275 0.180899268149776 -0.974632850294227 1 15451.64 481.92 368.687737955797
0.0087719298245614 1.40687296392186 0.224149349195864 -0.895979774972673 1 14922.24 454.52 372.484253751031
0 1.38758581746275 0.180899268149776 -0.974632850294227 1 15451.64 481.92 368.687737955797
0 1.38758581746275 0.180899268149776 -0.974632850294227 1 15451.64 481.92 368.687737955797
0.0087719298245614 1.36117943124127 0.145211186116652 -0.92579749625069 1 14582.92 465.44 363.748374240639
0.0087719298245614 1.40684576361063 0.195916230859502 -0.955264177199212 1 14491.6 457.2 376.747027783984
0.0087719298245614 1.40687296392186 0.224149349195864 -0.895979774972673 1 14922.24 454.52 372.484253751031
0 1.38758581746275 0.180899268149776 -0.974632850294227 1 15451.64 481.92 368.687737955797
