0 1.22676858187187 0.27266409934964 0.682167564425617 0.836107511585579 1.81735310377553 0.966666666666667 7.25268915171781 3.75072037447886 0.0301379899865673 4.26800805627294 209.523287170808
0 1.25372485674452 0.331310334801674 0.856010644021444 0.729032299714163 1.49902637163177 1 7.31581701293757 3.56199260420808 0.0234279761508966 4.34898678059568 213.033182952807
0 1.59635191210546 0.318802205310203 0.710185165796429 0.588153053401038 2.90293969446793 1 9.97908037413603 7.06663760404233 0.0543428205849356 7.61210613004941 143.3778433326
0.00423728813559322 1.48933595073602 0.32335723759987 0.809302947269129 0.659061300954359 1.82365712737816 1 9.75909741657673 6.34000650781653 0.0327421870486974 6.9960408438495 190.39562445397
0.00423728813559322 1.28580063042475 0.229371276471845 0.783628681051476 0.837774333155974 1.99053560213808 0.933333333333333 8.12705643020933 4.7220003868892 0.0332049591136903 5.05579074276935 226.01524002676
0 1.49911597287282 0.106317439093255 0.827854083443526 0.745506019564345 1.66520499158651 0.966666666666667 10.0839251518881 6.61790994883451 0.0312412730858368 8.06851098142744 98.7778475856719
0.00423728813559322 1.39361408438853 0.167920408562171 0.922552964992191 0.853412124555269 2.29559794185619 1 9.61059414686714 6.23780365602538 0.0342938071442453 6.79533284956785 202.591141427588
0 1.17027298079338 0.325422719423659 0.674025550868828 0.492361189797521 2.88607646524906 0.933333333333333 6.63622773100131 3.62338809822109 0.0491519070377659 3.75202191192271 202.665909749611
0.00423728813559322 1.41532384704425 0.381869881639028 0.619710514120613 0.306811689233552 1.66986060940539 1 8.85505969369244 5.66203412527581 0.0410474908817697 5.7834148417413 231.847483976266
0 1.53872502371669 0.125716263917275 0.944375636370387 0.590225414698944 2.64734846446663 1 10.0436088506251 7.01283575543264 0.0482782999733429 7.98212041138503 111.272026894982
0 1.61166795655154 0.390753676812165 0.891565699467901 0.686253002285957 2.2667832095176 1 9.95976548627462 6.56055907899795 0.0333997652563668 7.50931700100961 146.07453825183
0 1.22578935928177 0.248717850935645 0.749401792581193 0.434883778262883 1.56420649169013 0.966666666666667 7.44192694048429 4.02226812369116 0.0327235977766549 4.46432144636614 221.203004362639
0 1.17916797960643 0.348991196369752 0.718508001894224 0.756427720701322 2.20937159843743 0.9 6.47411929390728 2.9522060085041 0.0295428571428571 3.6307401672184 195.686107982028
0 1.61448716381565 0.111549922614358 0.924979101237841 0.458497494226322 2.22141492087394 1 10.1119194157046 6.9073551989608 0.0405765803798676 8.29994887203302 78.0041193466367
0 1.57602962581441 0.289668510737829 0.850156899727881 0.87346122614108 1.3388161836192 1 10.0795842192857 6.27231080855048 0.0222086503468748 7.91408169889238 107.025167632755
0.00423728813559322 1.43520286118146 0.198141685524024 0.60196730728494 0.672551242914051 2.39529639901593 1 9.93253004028051 6.998083371806 0.0531601263435333 7.24263100376102 191.830737279196
0 1.60959556335583 0.28272146366071 0.911030476482119 0.738809465803206 1.5413778196089 1 10.0685767593726 6.39342351588686 0.0253455211890931 7.9708324986032 106.98993617787
0 1.20498530797195 0.145355724659748 0.886185986315831 0.436376336077228 2.59831485757604 0.866666666666667 7.66449101036994 4.66814498514948 0.049969321832028 4.68533122985489 206.001303574945
0.00423728813559322 1.27671415929499 0.240427077818661 0.770805266198439 0.881731897817969 1.76426166262761 1 8.08743539073903 4.53259949315326 0.0285860655737705 5.04148775757902 222.378262889757
0 1.31643719316926 0.341362708178349 0.612016383581795 0.541150443954393 1.99890481773764 0.866666666666667 7.9703816170069 4.75756107653586 0.0402429461876852 4.912937651184 238.151215426381
0 1.5946026032092 0.231501434394158 0.838262703665532 0.587508736085147 2.54395131999627 1 10.0719045541597 6.95999978748873 0.0445160817848683 7.98983159901015 110.611711305443
0 1.19657618759666 0.393293534987606 0.773439308616798 0.364274535980076 1.58701426070184 0.933333333333333 6.67438100036449 3.03598267617529 0.0262944254014072 3.82397212730541 205.28231421837
0.00423728813559322 1.33210663252381 0.365728326788101 0.837997906922598 0.63106084301916 1.94169602238172 0.966666666666667 8.00016446005181 4.49250335057564 0.0299669218847586 4.99534660158116 213.284440430797
0 1.51033816519193 0.110373916034587 0.823042191716377 0.59015061208047 1.93211330194026 0.966666666666667 10.0799630312785 6.81899943458517 0.038351424900606 8.05379939316546 98.5090428673724
0 1.59008400326129 0.160525300493464 0.841695562726818 0.55101453945972 1.20077634369954 1 10.0427928689344 6.32274475702677 0.0242328019313165 8.12341947189766 119.747098841815
0.00423728813559322 1.43069557918913 0.172773591773243 0.64703534294668 0.739479468555898 1.20026448808746 0.966666666666667 10.0001432217478 6.36936942920262 0.0264956743193725 7.43990367221695 191.78078367967
0 1.261519699567 0.308688191557303 0.685715255327523 0.546566438907757 2.71785456873477 0.933333333333333 7.40059876022067 4.40584778751411 0.0500490891240319 4.37440840378899 224.995611933647
0.00423728813559322 1.34607226736844 0.224192523164675 0.756822102924343 0.690397043712437 1.42028605332598 0.966666666666667 9.11216471128976 5.55509576730938 0.0285223027822369 5.9709099129876 240.226849526054
0 1.16154696766753 0.284357443032786 0.835567905940115 0.46326027601026 2.89478374598548 0.933333333333333 6.5450417311557 3.40238714979774 0.0431680525613387 3.7021834197403 186.455618247108
0.00423728813559322 1.23691189016478 0.230161606138055 0.854751723184191 0.775682046755403 2.54683571901001 0.966666666666667 7.75003564667085 4.49865958394703 0.03872088878327 4.76599803123616 217.89424103266
0 1.15149559183046 0.234466501767747 0.88632196491817 0.717783092753962 1.32795313326642 0.933333333333333 6.65608364405339 2.89433215911226 0.023242994947175 3.80904061217529 194.011352696114
0 1.6333254077239 0.313488397980109 0.739545928675216 0.697654188098386 2.3743764529936 1 10.0729715031952 6.86717631048422 0.0405266623148607 7.89534910062172 113.534694653038
0 1.53294929335825 0.247045181458816 0.615989689948037 0.419007337186486 2.84847015701234 1 9.97610429431069 7.27114761066839 0.0668732204881965 7.63399868703127 136.637997834769
0.00423728813559322 1.40965720607856 0.342620863289003 0.803072710840306 0.337344090292172 2.42120263960062 0.866666666666667 8.69651666871427 5.70851484903138 0.0503880205486938 5.6249889863831 224.186268100295
0 1.48877793699503 0.127476022625342 0.697007625270635 0.806293087732047 2.88344244845212 0.966666666666667 10.037842097657 7.1237005710866 0.0542505837326632 7.86001209658085 122.603378026817
0.00423728813559322 1.38203406312801 0.328802165382172 0.826041050787454 0.541469509777421 2.94679712527368 1 8.26554727962932 5.30048168937741 0.0515570874918544 5.25279685124623 223.45883916549
0 1.47567533862311 0.160672061261721 0.691538069490343 0.540155172441155 2.98547917092219 0.966666666666667 9.99828349355928 7.29022231496641 0.0666659348379731 7.61187650657406 149.013437786038
0 1.21468814820983 0.194046095549129 0.622905193769839 0.809046410908923 1.07627554889768 0.9 7.50870594576318 3.62975833110614 0.0206725692470149 4.4170540954858 227.056936631608
0.00423728813559322 1.51246293191331 0.328414210320578 0.659678891107921 0.648935464357414 1.23641412191601 1 9.75922064469138 6.13462649999256 0.026659915208878 7.00406495911955 207.239587582253
0.00423728813559322 1.41510395969265 0.267876768508212 0.900882633409819 0.768133379817257 1.08735228052989 1 9.43732719511747 5.46946562274387 0.0189138357896526 6.43998914467659 222.142169679651
0.00423728813559322 1.38171820235439 0.209396763867699 0.896520428953227 0.644839297793806 1.66067213425413 0.966666666666667 9.37706973548813 5.86461031990427 0.0298234758446774 6.46914338779653 215.069007539007
0.00423728813559322 1.38678111797199 0.151603302336298 0.664506027300376 0.601500555686653 1.46918996283785 0.966666666666667 9.81078225294563 6.49035718620585 0.0361374676533345 7.00672646073207 216.244530593921
0.00423728813559322 1.29095178653952 0.20178711945191 0.879282172909006 0.792997577413917 2.45587696414441 0.9 8.22539401332899 4.97571150875118 0.0387865204196997 5.1954229433854 219.132646926724
0 1.60268536848016 0.169541507400572 0.949904366233386 0.897230314509943 1.52254833700135 1 10.0886633653963 6.39476063793131 0.0248747330546854 8.16183167027432 88.7461145492345
0 1.26462696129456 0.103484158148058 0.672802028991282 0.475316705089062 2.02699888451025 0.8 8.6055397877148 5.66469508594815 0.0528210918189863 5.46471418397636 245.838214182858
0 1.60915995864198 0.231078233011067 0.727352293068543 0.500183378253132 2.96095694368705 1 10.0716538389863 7.23919104432384 0.058867695948611 7.98108394711575 111.834093953962
0.00423728813559322 1.38826476662136 0.183358813794054 0.823755640700382 0.447352357167835 1.79619969084577 1 9.67477854274904 6.44720020455601 0.0396534097574874 6.87457760317612 207.641758856372
0 1.51253231728915 0.199511142657138 0.923682458791882 0.339284291490912 1.80930229928344 1 10.0455280564375 6.74731262390662 0.0369490466674571 7.80099571559091 121.371067780273
0 1.189271589485 0.279865154763684 0.822977489221375 0.386278421524912 2.86755219008774 0.833333333333333 7.1372148422335 4.14313472639153 0.050082676163826 4.17807277775281 207.309630879992
0 1.23509857405443 0.294122914131731 0.699132434651256 0.4859531623777 2.40228217234835 1 7.12340414853409 4.00672694089744 0.0443041375604514 4.16044436392662 216.802653734047
0 1.53507470546756 0.261652476177551 0.901094078470487 0.69615651271306 2.21324471337721 1 10.0068034794462 6.68922606521867 0.0362405212646831 7.60549191187589 142.308697563459
0.00423728813559322 1.35213268043517 0.247035709518303 0.687099330247659 0.408438830891358 1.87527877060185 0.933333333333333 9.0385347569102 5.95166509508909 0.0456446140797286 5.98069245012607 241.183917438359
0.00423728813559322 1.47861073338631 0.260032787284624 0.763485785339531 0.66848085644711 1.96514771518503 1 9.91350388781162 6.6135631732834 0.0368853541020395 7.37769640627467 160.963182875982
0 1.61989512373693 0.236066282284446 0.627570551563986 0.831408666400239 1.05820641713217 1 10.089341751086 6.20455776256869 0.0205522678078135 8.1296760506087 93.1175437984856
0.00423728813559322 1.29758216124028 0.197775524109602 0.611768176930491 0.425920602260157 1.96388040063903 0.866666666666667 8.67350636652905 5.7264718312868 0.0524951478667061 5.50767400596578 240.502841847538
0 1.19014252778143 0.291167917614803 0.705194234137889 0.554714712454006 1.73930880334228 0.9 6.85650097018941 3.41833366390514 0.0321235039569607 3.95975440824934 199.606367472489
0.00423728813559322 1.5519738716311 0.38376969251647 0.924700292302619 0.738820463815959 2.79298788867268 1 9.69787280350621 6.44788678199459 0.0387747498403236 6.88683803072675 187.446430681636
0.00423728813559322 1.34060281181816 0.311552662901617 0.692889339594668 0.413233237191017 1.81732650105802 1 8.3710415449594 5.17124128398006 0.0407703465942409 5.29765047756033 229.600412014946
0 1.1543948860839 0.223785498156212 0.733115687291138 0.740697812335566 2.24586153449491 0.866666666666667 6.68369784866923 3.37785001766516 0.0366681102930562 3.82947716753649 193.108442131045
0.00423728813559322 1.45231572689872 0.192696978918546 0.623026582533244 0.793527842057962 2.95774144478722 0.966666666666667 9.84536153075514 7.00591406223719 0.0584579569043651 7.20645403057214 180.730001580921
0 1.19912097146735 0.152995302178897 0.697311001468915 0.704699665680528 2.12119922507554 0.766666666666667 7.51711906857619 4.33073334028633 0.041320946504976 4.5227333102322 212.998778194889
0.00423728813559322 1.28368903166328 0.117539249657175 0.802822945336071 0.760964226217537 2.68712161345032 0.933333333333333 8.52430356696137 5.47272075244286 0.0472840232909453 5.45791238271727 219.849460388656
0 1.15873966387007 0.336991459759884 0.813460125157144 0.378481572959572 2.38753336435184 0.866666666666667 6.52158361878657 3.32115467398862 0.0407447229924735 3.66651585802708 193.714435054707
0.00423728813559322 1.58274639011361 0.342839196207933 0.633938620577101 0.86065266863443 1.96503941901028 1 9.93827054895856 6.53480576255065 0.0332578387958219 7.46244466639452 154.388615618034
0.00423728813559322 1.34339067865559 0.366550548332543 0.884178093632363 0.660940794624774 2.01700848091637 1 8.18886503489698 4.67282883446191 0.0297169942324961 5.13265625064719 219.075448005184
0 1.22362376572564 0.191599534731358 0.880775816412643 0.829090936621651 1.4473387687467 0.933333333333333 7.29844510150815 3.55228214186758 0.0236081577421226 4.30935993108577 212.163984097116
0 1.54659028861206 0.292197899776511 0.844417010201141 0.875991130247712 1.3876618091017 1 9.95854375828421 6.13981271056524 0.0219556438892044 7.46473903472921 159.546529589896
0.00423728813559322 1.40727300117807 0.181939347404115 0.781012769641518 0.529947063991872 2.4281710284537 0.966666666666667 9.74365264460256 6.79060135573786 0.0521802457897132 6.96742203854384 196.626450974061
0 1.44707457334734 0.125635808543302 0.705385259399191 0.745099645480514 2.23569259559736 0.966666666666667 10.0457097344045 6.93194313847018 0.0444332775487069 7.70082580675976 139.337118045431
0 1.59242172047961 0.190699544851668 0.914022409927566 0.652018981100991 2.40015584276989 0.966666666666667 10.0969479904342 6.88540388910702 0.04029434665727 8.13039416234098 91.965074073678
0 1.16591286389157 0.393141169799492 0.933159202011302 0.700739861140028 1.93008515471593 0.866666666666667 6.37187479753576 2.67414864942653 0.0247798080715131 3.59096974461198 196.504838651314
0.00423728813559322 1.45754927631499 0.146968104031777 0.847984408632616 0.756066094394604 1.88022434833796 0.966666666666667 9.97284794268672 6.5745947938326 0.0334316190439422 7.56793388511179 154.828670290898
0.00423728813559322 1.38478417078256 0.362789856931578 0.923083910057783 0.502741517700041 1.4078778860933 1 8.43266599901071 4.72532078711855 0.024542592243293 5.38998455507386 220.022188601089
0.00423728813559322 1.37837055651063 0.115261733472726 0.722410441858054 0.546571059705821 2.88519681420607 0.933333333333333 9.76615301876228 7.07689509907403 0.0679313311754824 6.89997509166317 207.498884636483
0.00423728813559322 1.44681407497264 0.162378696305677 0.719122614315711 0.5733386318665 2.33896904438734 0.933333333333333 9.97995409312013 7.01208311875658 0.0514126527499541 7.48669338680777 163.821659283763
0 1.19698031535372 0.107784675736912 0.761895851651207 0.55232346248813 1.66072025103495 0.833333333333333 7.85714030345269 4.50512883180787 0.0350138538457966 4.74214564101517 212.409141713841
0.00423728813559322 1.351601388392 0.185616024704856 0.739897327551007 0.753637741824624 2.02386104076684 1 9.11038743121717 5.87014401187143 0.0391543630094598 6.00569612935471 246.483139844651
0.00423728813559322 1.37873862909146 0.262099376271926 0.826173476314356 0.413292213509808 1.50809220415195 0.966666666666667 9.24231673833794 5.83450821096742 0.0331136886611917 6.10278999574847 240.113368917513
0 1.52206782738212 0.11733582415618 0.737163825123571 0.498654214432463 2.17076617712155 1 10.0562644319888 7.01034195109057 0.0475524255442114 8.00158950419715 115.323250336849
0.00423728813559322 1.42708247939835 0.131253571168895 0.637897744762278 0.514776322789153 1.80519423089171 1 10.0445660192171 6.97144969396232 0.0462767166153574 7.59981853897904 145.276711289166
0 1.18162285930011 0.350461139739491 0.824639574706089 0.728479894855991 2.3024856899865 0.966666666666667 6.78324709391018 3.39774314679407 0.0338605741066198 3.89463126271628 190.568136497413
0.00423728813559322 1.35266453031171 0.372270223469419 0.83760701674179 0.662117797713266 1.24452743929416 1 8.1797604936999 4.3245740599258 0.0211696562032885 5.1808467820737 225.101922336499
0 1.49027984749991 0.188143981504254 0.918294289836194 0.735002107545734 1.7488689692691 1 10.0067238135618 6.48544915367795 0.029561729991041 7.60852334667344 142.385560337513
0 1.58169857049361 0.29089956022799 0.866213928314391 0.458240903075784 1.62278888979927 1 10.0461279568576 6.55838691022584 0.0305698500987732 7.83789631766634 119.896184976038
0 1.19146051546559 0.273678476223722 0.780297957092989 0.800997425615787 2.09361323947087 0.9 7.12179081126562 3.65689177862054 0.0312761631383806 4.23410650459726 213.182369902846
0 1.51571192892734 0.267833151738159 0.725568355398718 0.482932770391926 2.62954865768552 1 10.0174782210648 7.10252679024057 0.0542066637420161 7.54966179534849 149.288951508905
0.00423728813559322 1.2844247303296 0.32276122500732 0.627975239681676 0.496038313851437 2.90824115325682 0.966666666666667 7.40490855031016 4.54219366268729 0.0571134928791661 4.41217113747185 223.574925537685
0 1.63516419879161 0.136417487543076 0.673784090427216 0.869953113561496 2.26678379066288 1 10.1000762917756 6.88175347644314 0.0400221264989471 8.24690562029321 82.6700215872528
0.00423728813559322 1.53255680236034 0.268238058988936 0.608032941480633 0.766967196576297 1.90302281500772 1 9.96191053684007 6.66738079073957 0.0370854805391622 7.56858585806554 151.980680114291
0.00423728813559322 1.39947541484257 0.252890099593211 0.744529543619145 0.522399814564751 1.75968398110309 0.933333333333333 9.64971679361714 6.3919171133926 0.0384729577639837 6.63945557746397 226.91869944802
0 1.20899875285104 0.108139314688742 0.931298551498912 0.373205275833607 2.96431692969054 0.9 7.59290762287068 4.7452541377043 0.0579802128056748 4.57471097850338 203.613917740071
0 1.20707035691012 0.108388291019946 0.893977516086306 0.79076846530661 1.66336059058085 0.9 8.08463091542371 4.55737952215174 0.0293855743544078 5.02995365988176 222.461236973931
0 1.21936038809363 0.228757464233786 0.694151609065011 0.547929126676172 2.82286024279892 0.9 6.93785331013942 4.02137554235551 0.0541239892183288 3.96116584108774 193.83216642322
0 1.21883983232547 0.194446384091862 0.722884284949396 0.569263077992946 1.09249626193196 0.933333333333333 7.77821147451249 4.01702631443813 0.0232561617611869 4.67416305747504 243.122746463851
0 1.1656659897184 0.28095983362291 0.837732630048413 0.629913240484893 1.04687011614442 0.866666666666667 6.5620094055756 2.62243644837922 0.0194565217391304 3.71825153242627 207.426702079235
0.00423728813559322 1.37899278160185 0.119285118649714 0.847987495036796 0.399248923547566 1.6767636295408 0.9 9.78155843374329 6.52898619534812 0.0386745994887179 7.1883008358646 191.790809372738
0 1.27864385708235 0.290189444832504 0.714016824413557 0.770795007236302 1.65143958386034 0.933333333333333 7.70094169943436 4.13858926401986 0.0283720028436632 4.67682617489453 226.626665478152
0 1.54972077484708 0.350247058249079 0.793413848092314 0.837558411480859 1.60320825641975 1 9.96169985528446 6.29588081855093 0.0255832091124655 7.3783004282461 153.687620017757
0 1.57093742394354 0.29232193720527 0.887281466787681 0.469285287056118 2.31795753957704 1 10.0416845028338 6.84410525190568 0.0408609985760341 7.80105029106198 125.130733823001
0 1.33012545024976 0.286377430707216 0.880820542678703 0.691431337036192 1.52685587434098 0.933333333333333 8.14841468170968 4.43928424994241 0.024498817405315 5.10940269428444 214.129531208911
0.00423728813559322 1.36703748148866 0.283270124671981 0.936894124455284 0.575987764913589 2.33120202645659 1 8.87449460574808 5.61044811940213 0.0382333737524485 5.83021931591594 218.50962022862
0.00423728813559322 1.45775396045742 0.277790347415526 0.739556424808001 0.500045073392291 1.5173273985044 1 9.80949367269543 6.39570668547119 0.0329163103998184 7.09473264731229 188.204087898824
0.00423728813559322 1.46622278079276 0.186825923897597 0.609304030794322 0.400286115267141 2.04383429412946 1 9.89553434277505 7.00738943026652 0.0556794070360707 7.39153853163624 175.582018769158
0.00423728813559322 1.36811634941853 0.392009418954086 0.727878362145922 0.711671266989217 2.02626662815452 1 8.24281774733813 4.85150929490549 0.0336645995421334 5.23164323328004 214.387661801184
0.00423728813559322 1.52159323725516 0.363646775859256 0.742262719980277 0.532455325949387 2.35410097089422 1 9.83272347052437 6.74343079888984 0.0455341506129597 6.99007232147135 191.166998511313
0 1.17969218057115 0.379283068166114 0.80290529965423 0.805406125355512 2.03194661112502 0.866666666666667 6.68801937657027 3.0297620221403 0.0257773944707968 3.8647701205776 197.474513630645
0.00423728813559322 1.32255907622166 0.160952360695228 0.850311000726651 0.668717798776925 1.75653794873506 0.966666666666667 9.03807429585008 5.65611237263807 0.0339807217267696 5.98463090605158 234.569654278372
0.00423728813559322 1.3782665851526 0.189306504605338 0.946247580193449 0.855012453580275 1.46700928732753 0.966666666666667 9.54529668183569 5.71498387192219 0.021702825708894 6.62287387868538 221.045905797691
0.00423728813559322 1.37725344976385 0.365475329238946 0.827066207033324 0.663783713895148 1.35493804108392 1 8.39276311303806 4.60216567696779 0.0225821064552661 5.35106793193357 222.812422607191
0.00423728813559322 1.4234830814328 0.224954061652331 0.759950966597318 0.650515445938766 2.17609171750413 0.966666666666667 9.64642832935142 6.4806790126194 0.042182521899462 6.81268644936086 207.717548840619
0 1.1691574889468 0.320819535781629 0.643549577065278 0.671905392408371 1.76245385687798 0.933333333333333 6.66481892175209 3.09266451373018 0.0280952597786986 3.79869432012114 200.962465296989
0.00423728813559322 1.57750891776784 0.377947158653307 0.840665125814697 0.855853645971749 1.86546266992338 1 9.89197655447519 6.26244542783635 0.0265286200565472 7.23794592288338 176.198989227832
0.00423728813559322 1.42997698145919 0.143340094876476 0.729193619277794 0.554690463747829 2.56705551128834 1 9.93017329946517 7.07239362759034 0.0573960569725118 7.35691824235602 174.287297971955
0.00423728813559322 1.31851875362728 0.356288797910845 0.74788828462353 0.64038657893771 1.87900058201737 1 7.70165236264223 4.29319542096727 0.0330922242314647 4.67873038909612 222.926973487932
0.00423728813559322 1.407600878831 0.360012332093902 0.727401438087691 0.426683938410133 1.57720926776528 0.966666666666667 8.75546042186939 5.38307044838115 0.0343075451600982 5.68170139158095 233.17696631939
0 1.58979688349646 0.350141297769733 0.70455436904449 0.840026156650856 1.6284344936721 1 9.99943843613684 6.40401560160563 0.0274490743054073 7.59039747489693 146.41028543424
0 1.53235708943102 0.270446081319824 0.846266073547304 0.385871668718755 1.63467874517664 1 9.98537164075053 6.57957523358351 0.0331803844606402 7.63401481099228 138.683143486768
0 1.52862040405162 0.268103052792139 0.633135610970203 0.522868224279955 1.18782134586945 1 10.0484518810321 6.46152025833076 0.0276831425650844 7.75368076952906 127.309842088454
0.00423728813559322 1.41407368717376 0.215737183762487 0.819727575993085 0.63754879897992 1.59815733312496 1 9.51031409166552 6.0438988569564 0.0312287780870089 6.56380851085239 230.498489674302
0.00423728813559322 1.3971431735903 0.157232662755996 0.711814544000663 0.459032550081611 2.23066150629893 1 9.63968692365767 6.74177940072427 0.0551384754250601 6.84286113906415 212.052843709896
0.00423728813559322 1.26020514345728 0.307418597117066 0.654686876351479 0.371542418422177 2.83410239731893 1 7.47537702874754 4.61379951268615 0.0571784890971619 4.43793426661218 223.334615666972
0.00423728813559322 1.40182854907708 0.264614452803674 0.808056229933705 0.561308776112074 2.19687849903036 1 9.32602639562418 6.17489659818596 0.0428037399827194 6.30335130825658 221.410483465605
0 1.2946569878608 0.36139028344769 0.612845476984512 0.35022516134195 1.11937592690811 0.933333333333333 7.82461727622458 4.19773886042638 0.0265990862364363 4.8072360116994 234.005364804641
0.00423728813559322 1.30364750859873 0.260545205568739 0.866568103871904 0.426992921779292 1.84611453820301 0.966666666666667 8.40667764895813 5.09205636173991 0.0363478113518551 5.33105157047171 219.59737454201
0 1.61312523353845 0.100075461925007 0.676853810600005 0.50557231111452 2.68606345402077 1 10.1010370183887 7.20054926332009 0.0549963887460194 8.26505842675143 82.2507508255576
0.00423728813559322 1.2895685786847 0.259553956217133 0.856413121090736 0.552098075766116 1.52672106958926 0.966666666666667 8.21027440047719 4.63873834876254 0.0281126380322091 5.15826227776139 217.860648798775
0.00423728813559322 1.55390880136035 0.398490254473127 0.814622152902788 0.614386108223135 2.67760993731339 1 9.68342882160051 6.55753564509995 0.0438977077072295 6.90852165191004 189.778780922678
0.00423728813559322 1.40719457351714 0.210218536044538 0.878932204609746 0.368947975704218 1.5978785954707 0.933333333333333 9.59583598172311 6.24257062035115 0.0349699778477323 6.72529085484027 218.97708767801
0.00423728813559322 1.30066553255611 0.336697867463058 0.818409123249569 0.51536216271403 1.79870973511229 0.966666666666667 7.83435134867679 4.38761444203496 0.0318493945475147 4.83216836762569 221.020928778295
0.00423728813559322 1.31756369802169 0.165930112171918 0.631840676162392 0.588344991859049 1.78464712481946 0.966666666666667 9.18849662853623 6.06097452625103 0.0438262598067204 6.06169802803105 234.497570141961
0 1.4723256804049 0.180338038713671 0.735703013907187 0.613833932345733 1.69186939438805 0.933333333333333 10.0510035161271 6.69954432230494 0.0350331965615481 7.76620501116644 133.096301143399
0 1.62476034902502 0.101369530544616 0.655635894928127 0.822579458355904 1.31249115196988 0.966666666666667 10.1057877973043 6.46276044446377 0.0261729890359062 8.31627495573999 77.0900412842981
0 1.63783100105356 0.215038636303507 0.701407636224758 0.370022365171462 2.2127081877552 1 10.094470105498 6.98165608682167 0.0444756238442548 8.16537311020369 88.8383486315553
0 1.30744089602958 0.399547703424469 0.83917300371686 0.401984318392351 1.68196896184236 0.966666666666667 7.35091473700468 3.79974204692575 0.0286909742976689 4.4209157278606 211.12146976194
0.00423728813559322 1.40056529996943 0.326565880126172 0.829739366232875 0.777772299601649 1.33017773324996 0.933333333333333 9.04487593224865 5.22035582507832 0.0218289085545723 6.01624426391861 230.220280868999
0.00423728813559322 1.29605738966886 0.255838945352213 0.696581013430295 0.360049915609202 2.54798318904977 0.933333333333333 7.82514540629959 4.97943943832778 0.0580932402928208 4.77340489212469 228.523545612462
0.00423728813559322 1.41846978603862 0.381452966737561 0.68516197380377 0.891985163837671 1.03281147312373 1 9.05284410189783 5.0166173657738 0.0176639977524933 5.97024091065636 227.425557495522
0.00423728813559322 1.46167741194067 0.373745484023363 0.71298625609521 0.580964812625025 2.01440099387196 1 9.39827945422084 6.13887829899681 0.0384113935938657 6.41918026415097 217.177777630103
0.00423728813559322 1.53471771410883 0.329813262251886 0.698972461678011 0.641712672582029 1.5152229049322 1 9.93136695184215 6.42638057677362 0.0300471827321898 7.37554813293071 162.695701145918
0 1.64304544040933 0.235103557980619 0.864018686988857 0.781882609147579 2.70021826634184 1 10.0930936238236 6.92461239604856 0.0420674402700258 8.1260056717262 93.1317590492727
0 1.18721066168509 0.137466748571023 0.821703540231101 0.379511583829299 1.78011183394119 0.766666666666667 7.35639092596785 4.01755741900833 0.0354783188051746 4.36614024195426 233.338637780073
0.00423728813559322 1.4209451418782 0.276800058057042 0.823502177200947 0.637594714542994 2.7871981870131 1 9.25093514068261 6.23610862986819 0.0490543451472175 6.26688424298756 209.289807759161
0 1.57959990608506 0.275490927416831 0.822068302577827 0.409133976465091 2.167351545766 1 10.0628972366697 6.90076423179328 0.0423353432117222 7.83422073897276 119.755376726593
0.00423728813559322 1.47223032217007 0.311086000991054 0.674668467382435 0.509360738564283 1.46626488631591 0.966666666666667 9.88277451093859 6.47607009920827 0.0331502701941525 7.15210682524634 191.538335103461
0 1.22670400082134 0.212489820178598 0.715944030194078 0.821391566516832 2.58203954109922 0.9 7.45698932026666 4.31649997116342 0.0432616226850862 4.49485916517041 199.249045467943
0 1.59993045600131 0.235396685427986 0.624999981559813 0.374739508749917 2.578710926231 1 10.0486537063991 7.24534593755534 0.0606092492998087 7.90512203063279 118.912862506388
0 1.49469367552083 0.167844278737903 0.903103169554379 0.414820063440129 2.39389402186498 0.933333333333333 10.0496112038392 6.97521364037714 0.0462174630849701 7.86384348073036 118.607128474529
0 1.54345775754191 0.201099111465737 0.747396907152142 0.480374135635793 1.59447506675497 1 10.0227080730345 6.65010654556819 0.0343002880301078 7.86863689418417 134.733608525633
0.00423728813559322 1.27022771469104 0.193132968140454 0.772477243531669 0.691425212365267 2.67984949632988 0.966666666666667 7.98152120760916 4.91695596763544 0.0466741294997938 4.90476379222394 218.809175057078
0 1.2155768122524 0.339930247003213 0.601518098544329 0.654870573291555 1.91933923680335 0.866666666666667 6.96169698630299 3.5046329689104 0.0315221748478554 3.98255315623398 207.509419133216
0 1.16680592796765 0.168069858872332 0.613126961269882 0.46656302944757 2.84427232248709 0.833333333333333 7.04748243814367 4.25362491986936 0.0611847368604125 4.12648901554867 197.656499999472
0.00423728813559322 1.2764765057017 0.140638518250506 0.742415770227216 0.490069810755885 1.7452446956519 0.966666666666667 8.45213591505879 5.25767495360319 0.0409886138650298 5.29969572651816 244.855089337929
0 1.23039788971655 0.385001148516312 0.74520611326443 0.343834577221423 1.90389707125723 0.966666666666667 7.00488198971286 3.59305189911483 0.0329807872833093 4.05447996365817 207.267913736535
0 1.18230860910844 0.274358878959902 0.915197112096939 0.41199123300612 2.09692454105243 0.866666666666667 6.78053360845694 3.46573590279973 0.036341399493317 3.90971264629496 205.091074639338
0 1.26415618390311 0.225668823509477 0.643221467942931 0.628495885943994 2.12921656714752 0.866666666666667 7.97783618614916 4.82892893264622 0.0428989789726407 4.9035639140348 240.017770208481
0 1.64189908790868 0.368876677914523 0.633784498798195 0.575666173780337 2.49046411830932 1 10.0721861816304 6.9883209268217 0.0457819552894864 7.82160302920515 112.887478083664
0.00423728813559322 1.40309866988017 0.350951942236846 0.840620644084933 0.708444310104199 2.4023337864397 0.933333333333333 8.58573262678323 5.33047334798301 0.0385708187711763 5.53169409414228 226.758127400641
0.00423728813559322 1.57717134219129 0.39624838642776 0.802832908998243 0.620736660249531 1.63798310048878 1 9.851525613603 6.27369428254803 0.027936217015233 7.2763489123144 173.668676638293
0.00423728813559322 1.53623115126106 0.328053437069588 0.789098450606806 0.599987979344755 2.75494288029605 0.966666666666667 9.87398061101876 6.86840490225048 0.0495102426412092 7.24223044890083 175.411024271459
0.00423728813559322 1.55945231792699 0.333399291219193 0.618891323852959 0.607363966800287 1.4129719786012 1 9.9135203882365 6.4191259296132 0.0303671314247999 7.41348795568212 170.693207502404
0.00423728813559322 1.24225365645127 0.250071780299109 0.682144289983207 0.676329232771292 1.81455008594966 0.933333333333333 8.0427568952595 4.69461906604243 0.0351497480284229 4.97352663470066 231.143771695088
0.00423728813559322 1.29691536838654 0.251340588601306 0.682655131095089 0.840958694647998 1.23471486382186 1 8.23210331188304 4.4414740933173 0.0225813887509752 5.11238931415997 236.895776951492
0.00423728813559322 1.47021096977122 0.371233037945095 0.827575038995917 0.737109241056019 2.46612464907256 1 9.0277067665001 5.7603728259446 0.0381078896615744 5.97964497030264 220.408660338317
0.00423728813559322 1.28101009069942 0.170465772389434 0.948356440290809 0.781968961609528 1.93587987171486 0.966666666666667 8.42248076395686 4.92450127506226 0.0302584592522954 5.36371758528309 225.510075925254
0.00423728813559322 1.34595297810156 0.321358177065849 0.938509616232477 0.756838407414034 2.59147709608078 0.966666666666667 8.16651990587526 4.86487840639747 0.0368226733652594 5.14669223048081 214.428749987493
0 1.28483254541643 0.394396131043322 0.637195595027879 0.80175748122856 2.9193937946111 0.9 7.35627987655075 4.23945983643976 0.0442978099427652 4.42017840063826 206.108684688853
0.00423728813559322 1.31631940985098 0.270511742774397 0.808378920680843 0.644312027329579 1.73712210403755 0.933333333333333 8.28586444690494 4.83939497017026 0.0318579131671573 5.24627190965793 225.564081877663
0.00423728813559322 1.30298400255115 0.13309018489471 0.734065079501583 0.789901957420803 2.35333041711138 0.933333333333333 8.97827319470976 5.85691222534935 0.0440971127426693 5.87573297718467 237.07211308475
0 1.29564581599552 0.392300892667845 0.935505598119926 0.779834766173735 1.91558827878907 0.933333333333333 7.3822799230218 3.74106520728451 0.0262204741906095 4.4019167931531 209.44010796377
0 1.58896678660531 0.189631323958747 0.608121837186627 0.337624196335673 2.48617208283395 0.966666666666667 10.0500970611926 7.20260984336757 0.0579898538229824 8.01215538358378 111.992689053477
0.00423728813559322 1.33184049637057 0.315409529069439 0.939299671910703 0.494134137360379 2.68291436182335 0.966666666666667 7.73292840921096 4.59651212324498 0.0434381893451787 4.75477854537574 211.975656998047
0 1.21582025589887 0.21603039028123 0.733411608962342 0.611940680723637 2.24972651340067 0.933333333333333 7.48495033602836 4.31510432218103 0.0420100663738996 4.46055721064132 221.490533841335
0 1.18458263212815 0.282633794471622 0.618370602920186 0.743602414196357 1.25688400538638 0.9 7.05576012769226 3.22919279183913 0.0217842654997285 4.09742622875951 203.916332532376
0 1.63910400550812 0.318151484709233 0.81419056262821 0.51941299228929 1.34305833373219 1 10.0195416870965 6.34446608568041 0.0253474891442106 7.90658406410226 121.186183401329
0 1.24079036407638 0.376082254876383 0.86043487744173 0.377784237731248 2.06556595722213 0.966666666666667 6.87711830952025 3.49021823255892 0.0338133333333333 3.96964108372114 200.227070601134
0 1.60749226689804 0.105858375248499 0.821724823815748 0.663107616780326 1.2497340766713 1 10.1019394245929 6.39012880398564 0.0244332438623057 8.27743741804637 82.8406200833912
0.00423728813559322 1.3760901076952 0.283071120339446 0.63525837387424 0.335924320528284 1.61026714835316 1 8.92745566264311 5.8040299409272 0.0440061570580586 5.7980820429546 247.314252000546
0 1.19799913184252 0.334467251226306 0.733355143957306 0.654137241700664 1.27123139705509 0.833333333333333 6.96892563421194 3.15444396470881 0.022049140234037 4.01746351788614 198.732774084457
0 1.47189656444825 0.103220810764469 0.875109813630115 0.337805392546579 1.3087152922526 0.966666666666667 10.0485621940819 6.53504106079226 0.029791828535552 7.9822632877054 111.983990357636
0.00423728813559322 1.34035005196929 0.358948385273106 0.619953288324177 0.80011164941825 1.44430244620889 1 8.24055216390361 4.54789411816836 0.0249057134568216 5.19221583566549 229.018165067872
0.00423728813559322 1.23472741418518 0.158603812754154 0.772112342168111 0.569832848478109 2.71422248380259 0.966666666666667 7.94978505285733 5.03515968395934 0.0542243413530542 4.90194869119658 218.162587700735
0 1.28351182814222 0.288858225871809 0.777894820377696 0.73910274063237 1.19355257833377 1 8.02315913029008 4.18509892549057 0.0215353349940999 4.96865522185537 224.495550867695
0 1.17107745467219 0.180780085059814 0.712886938964948 0.557695863721892 2.37372560426593 1 6.92608623566686 3.85156503639103 0.0462117493045328 4.03953632572711 197.816031468835
0.00423728813559322 1.50315103473922 0.340811989998089 0.726451280077543 0.477923841302975 2.85428951365037 1 9.75287006806103 6.94283280559483 0.0602027490476763 6.82019829863261 201.874696720717
0.00423728813559322 1.34806807093429 0.209732041475376 0.756434861920461 0.628142318220447 1.85393801126316 0.933333333333333 9.16667579948992 5.91050624183143 0.0385357245454919 6.02698680853333 243.702572075877
0 1.27623742397409 0.134747458714992 0.82026958289789 0.852050001779571 1.59430748410523 0.833333333333333 8.43196640291908 4.82895353258964 0.027241523504199 5.31083864710171 235.511459645248
0.00423728813559322 1.37007955756986 0.301262554355085 0.842372150486905 0.847613861454454 2.65439267332918 0.966666666666667 8.67671072467551 5.41256927087738 0.0382297429987594 5.6079549196571 212.052461289952
0 1.59284615200013 0.15152268554084 0.733378251385875 0.803615280333907 1.59416155563667 1 10.0950028283922 6.57883445851376 0.029713066813459 8.18926303380079 87.7282942032961
0.00423728813559322 1.4649203044921 0.167596072831052 0.789038780927533 0.498593722650608 1.64065463699044 1 9.97848834029707 6.64993401278654 0.035844887596234 7.63425663921482 148.326613111782
0 1.61847078751307 0.14270739578642 0.935980954300612 0.650598953571171 2.25879243714735 1 10.0910688636497 6.86150189446468 0.0395746321137004 8.19483685503044 87.0705156309418
0.00423728813559322 1.21258281052578 0.237824569060467 0.615071576891933 0.534910086030141 2.37823253730312 0.966666666666667 7.37068654412163 4.38718571748391 0.0506153278492827 4.35670882668959 222.99917852631
0 1.26149556422606 0.375179593195207 0.899355610506609 0.526819252129644 1.54382205661386 1 7.21807908191474 3.5331998282664 0.0251002052986607 4.26736372635374 209.322181831518
0.00423728813559322 1.41616932310831 0.238140744202326 0.794966861215524 0.657505953778429 1.5700837889466 0.966666666666667 9.6220228934597 6.12844902269743 0.0303920605510917 6.71341698191886 216.701950732418
0.00423728813559322 1.44918357496806 0.238667291996653 0.940262282475909 0.838495911481262 2.18721831533243 1 9.7440012747999 6.29612663959445 0.0318131791871355 7.01355569786835 191.382285967486
0.00423728813559322 1.37735774563625 0.167587782721967 0.799404786014929 0.376318830857053 1.76020947704092 0.933333333333333 9.59609584846394 6.4574982530543 0.0433435404793069 6.68759833474227 227.958598385289
0.00423728813559322 1.46614554366641 0.141068740894238 0.707768479072505 0.799562576646142 2.61546696993066 0.966666666666667 9.97481333285781 6.96901256066767 0.0494991009504238 7.56174933031185 156.593685485727
0.00423728813559322 1.42372018864844 0.192452438990586 0.910386213986203 0.62469911291264 2.08664723625407 1 9.74182120066721 6.43395779549715 0.0365942774300352 6.95962007669721 207.605724673166
0.00423728813559322 1.45394849134609 0.299604720366187 0.736225692403968 0.70508061312139 2.89246300049126 0.966666666666667 9.55889206665531 6.59977666417476 0.0518647763387795 6.64235191837804 210.66230285571
0.00423728813559322 1.49772958524991 0.390475677931681 0.708209985611029 0.86875797919929 2.88760642148554 1 9.34947893168294 6.18614003444267 0.042284322113781 6.38136470294509 207.503718152704
0 1.23023606077768 0.100968380831182 0.701123519462999 0.578820558032021 2.99713787902147 0.866666666666667 7.68572072829872 4.97034734498255 0.0661802377965832 4.66525167390867 208.095714333705
0.00423728813559322 1.53549375790171 0.388261002674699 0.793207194376737 0.477731437236071 1.57643395522609 1 9.77593255136853 6.30499709814987 0.0310879357451619 6.89060912014717 195.51336815983
0 1.18041411750019 0.281268504541367 0.87923684483394 0.823258035443723 1.26093765115365 0.866666666666667 7.2360901008638 3.35796864711134 0.0206896551724138 4.29833143141877 210.646965703735
0 1.30497897181194 0.222922541340813 0.609029494330753 0.399719927832484 2.4388672709465 0.866666666666667 8.41408654414415 5.62137586405332 0.0612549461045163 5.29465682879331 238.066731514062
0.00423728813559322 1.39847043069813 0.244827200330862 0.865775983116852 0.689200286203383 1.12990514533561 0.966666666666667 9.52622528927449 5.68275841205637 0.0214192146874615 6.55775750046421 223.413861783486
0.00423728813559322 1.35434467517771 0.110526692355052 0.845584003429394 0.632738502603024 2.0668814224191 0.966666666666667 9.64230638104151 6.44894395398537 0.0410336660084803 6.9121593598688 202.919831938046
0.00423728813559322 1.40175372452941 0.157773154904135 0.670839296269696 0.841703938879073 2.27394297998399 0.966666666666667 9.64242502664611 6.4802032123408 0.0423315836010163 6.93409497845053 217.7444160883
0 1.61168738452252 0.260971270594746 0.687878698646091 0.762536242324859 1.499259498436 1 10.0898647629265 6.49006575625125 0.0273292148850643 8.07683638642796 95.5822858547543
0.00423728813559322 1.44772115998087 0.327662027600285 0.696776876557987 0.40765583181206 2.3867389017508 0.966666666666667 9.41630268473676 6.49885323689429 0.0540714235599523 6.38507809287989 219.589213777121
0.00423728813559322 1.45284746773524 0.270781074985389 0.868518874543278 0.425118691670327 1.42787752071533 1 9.68930993682594 6.20050917404269 0.0305374718937569 6.84229188583783 202.448737320078
0 1.56926003305707 0.230261357314885 0.854778752312995 0.623994742054492 1.92227927222848 1 10.0502438180851 6.69200102609978 0.0347963496789922 7.90115518916772 114.546464430326
0 1.24390200057533 0.342966816201806 0.601359435450286 0.774838784756139 2.23257132200524 0.966666666666667 7.19435918421357 3.85161387763259 0.0353398058252427 4.2563461165251 206.232792285137
0.00423728813559322 1.51181859998032 0.324542010645382 0.70682365585817 0.731101275561377 2.21325286943465 1 9.86605044780723 6.64474413866891 0.0399028986786123 7.11441708276996 185.383028295574
0 1.53606208225247 0.160018321149983 0.749605556635652 0.83601970653981 1.4120035241358 0.966666666666667 10.0823130627459 6.44380227325631 0.026291468357241 8.05642676752298 100.470499203475
0 1.22615466509014 0.35781656424515 0.666960300260689 0.570180573407561 1.98094717180356 0.933333333333333 6.86682167109048 3.45676723281697 0.0330394017189418 3.9743268887643 205.24897027304
0 1.22469194859732 0.101556759700179 0.634426913736388 0.445103449886665 2.91910079307854 0.933333333333333 7.93423200798582 5.31338189600943 0.0727409985413414 4.89276296873938 210.869126551765
0 1.49275974030606 0.229337236844003 0.93917139043333 0.350556133501232 1.04133680230007 1 10.0322691410128 6.23323356254536 0.0223923571172148 7.68833319303393 136.504541599986
0 1.52083924107719 0.26655690765474 0.902941072604153 0.803891320712864 1.23239914467558 1 10.0092834733914 6.14210908760595 0.0209173904764475 7.65703071331968 141.305274416662
0.00423728813559322 1.38755973409968 0.393617475777545 0.766439583592807 0.590482893341257 2.86037681793045 1 8.35035908255662 5.30014902137701 0.0473489771644178 5.33078455668554 215.613763775674
0.00423728813559322 1.26197001032997 0.17600913727656 0.796791198523715 0.892683561472222 1.6930021205917 0.933333333333333 8.28957535970711 4.70048036579242 0.0276233183856502 5.18638770215474 230.687751604145
0 1.54848482247908 0.204450380196795 0.913678556797095 0.395555316656828 2.52288614865392 1 10.023961778504 7.00796253939916 0.0489968514477283 7.83910538052718 120.990007007967
0.00423728813559322 1.38779142159037 0.343207601597533 0.653860165493097 0.325994765153155 1.35861164843664 1 8.73986729922575 5.38861500452882 0.035040445649158 5.63121178182137 237.789291844961
0 1.59280388543848 0.14265894733835 0.713538147730287 0.408520695660263 2.03456795262173 1 10.0902354099034 6.95311098070293 0.0434074397741132 8.17178783973574 89.3120839256505
0.00423728813559322 1.33561453368087 0.26880880905991 0.80403126477729 0.621730217965508 1.97243937787566 1 8.3257663066536 4.99269759340959 0.0356834346516829 5.27964410128242 231.510849499962
0.00423728813559322 1.39068303841518 0.39579045159912 0.933023360562586 0.848841344363153 2.11606328541956 1 8.3660214036145 4.73180283692146 0.0264045597301384 5.35831434045433 213.382873727247
0 1.54423050836194 0.279335322719999 0.634510837611742 0.435926989093423 1.26036144187674 0.966666666666667 10.0096989130194 6.48479315946365 0.029454583228035 7.72846131061606 147.37574986566
0 1.28206935441121 0.378762138192542 0.650493605900556 0.818711923342198 1.67706227209419 0.933333333333333 7.46747310252808 3.79629143550483 0.0254463830221406 4.50179183153426 211.501351978459
0.00423728813559322 1.41331572323451 0.366229706002106 0.863256920354057 0.784676315043474 2.09210532374205 1 8.78213362189621 5.29146057908482 0.0304803506851557 5.79575375319501 213.837268546733
0 1.1825504518114 0.138654714589939 0.756822852231562 0.393543701246381 1.46570479031652 0.833333333333333 7.22946189554572 3.85354607566917 0.034186795024212 4.25020806005303 199.406090174009
0.00423728813559322 1.28353606300374 0.133644736159368 0.724789032596334 0.391745022409721 2.50988177210085 1 8.41369020873458 5.64155239812007 0.0625281883313247 5.30330490805908 224.986652742834
0 1.19189094144385 0.166194929322228 0.67005284500774 0.757915029348806 1.08236601063982 0.933333333333333 7.67956509447404 3.91701054693918 0.0232243368601753 4.62742079492291 226.116006998219
0 1.57481660225894 0.179391758237034 0.847052488708869 0.696193320304155 1.40482142055407 1 10.0827739523421 6.43743159852548 0.0261124686201795 8.07141637523621 104.376438320836
0.00423728813559322 1.37758410945815 0.278688735968292 0.743304980738944 0.681168177988698 1.3868650986596 1 9.25080710339798 5.64932628886014 0.0272832910249721 6.1921579695846 234.944621198792
0.00423728813559322 1.41901014115521 0.276416824079881 0.664887308768577 0.609031915029201 2.28188937596526 0.966666666666667 9.2588447810358 6.24677481280416 0.0491897520802331 6.2303456794702 225.592052388209
0.00423728813559322 1.37175336462827 0.108266603052739 0.867448421099582 0.894981173278529 1.33537736470276 1 9.72198366136251 5.92816969673567 0.022509587157705 7.06544255481773 201.887700001093
0.00423728813559322 1.2981321254978 0.297314439364709 0.754179031273816 0.694647405529395 1.36873340280727 0.966666666666667 8.0943363405962 4.37640742818728 0.0242842105263158 5.0807616225949 228.023415369914
0.00423728813559322 1.40859354750719 0.129391701635905 0.876155178202316 0.337624155683443 1.93025157507509 0.9 9.79836774864564 6.69739997867541 0.0450056262175567 7.10219447772351 196.244822495592
0.00423728813559322 1.49534419025294 0.226483991323039 0.738387275696732 0.407545319851488 2.82455965410918 1 9.91384869008578 7.17966359731788 0.0649469112526371 7.36171421105902 172.121229852183
0 1.27474076275248 0.331854296219535 0.723441689170431 0.588371583586559 1.52298142760992 0.933333333333333 7.38381197994095 3.82708739462236 0.0285321263755769 4.39928751907048 218.627387282886
0.00423728813559322 1.37474534439576 0.224810523832385 0.709006137165827 0.813590493752366 2.4285544816164 0.933333333333333 9.41301587465053 6.27031307558221 0.043165971146864 6.42330493958942 225.499605110661
0.00423728813559322 1.36246661094419 0.208557542619457 0.742628900042972 0.702498595824891 1.31800323051312 0.966666666666667 9.60500483379246 5.99816617885701 0.0271375024109572 6.64455273221972 224.883722102099
0 1.60334941253532 0.15146988814231 0.648167275905143 0.772672647982836 2.80961610889062 1 10.074255118301 7.12195226217144 0.0522193138118582 8.14757773620177 95.8308531969768
0 1.20192753882147 0.233920825412497 0.606488381267991 0.651608746591955 1.59757256461307 0.933333333333333 7.06811115648306 3.58153284048448 0.0306054152722848 4.05982705733939 215.851167783456
0.00423728813559322 1.37331000230913 0.294931825943124 0.860574449907617 0.647968017686383 1.51832761759665 1 8.85914088650807 5.26320818943447 0.0274350826178174 5.7656089882903 233.399427662803
0 1.56291390743572 0.24752042517066 0.933252533909399 0.527268853364512 1.56221705209464 1 10.0516072252028 6.49471152535042 0.0285272445317631 7.8707769133439 116.092121715999
0 1.63914078995585 0.37912893097382 0.6668920216267 0.448564065853134 1.39012275496498 1 10.0454702156904 6.51288385908484 0.0292292208336828 7.76901239685302 129.032959471589
0.00423728813559322 1.35921317115426 0.188580960710533 0.801603042986244 0.518218218209222 1.0436927638948 0.966666666666667 9.43800060426423 5.72132878330561 0.0243147571957017 6.42838376991535 236.620849468347
0.00423728813559322 1.51650345935398 0.335829076669049 0.896979746684596 0.82343375249332 2.60685063557553 1 9.73554610458562 6.4307941691689 0.036708316740333 6.93621315179862 192.689195959424
0.00423728813559322 1.52862506392412 0.371470586583018 0.655442866054364 0.626240684185177 2.57043245341629 1 9.69651873212352 6.70445520380298 0.0501837741658416 6.81351785690077 202.068968846831
0.00423728813559322 1.32381580859688 0.235820916023437 0.78156382056686 0.420465746793109 1.61414050507327 0.933333333333333 8.74395874677573 5.41052935715496 0.0356705668004669 5.6228564404567 231.120048061658
0 1.38365834983997 0.118053982197307 0.718137450364884 0.328180769551545 2.96538327727467 0.933333333333333 9.75272487693548 7.23456362331458 0.0806076876600039 7.00420117725039 206.661189539312
0 1.18383452398702 0.226895609055646 0.687132319959346 0.714510319149122 1.4654639121145 1 6.95870184660024 3.30444171319785 0.0258806386213888 3.90667539910155 208.211675200817
0 1.22407871680334 0.2902872110717 0.807615714566782 0.505180192412809 1.80058530764654 1 7.11501332106612 3.70212468086396 0.0329458939554038 4.14524889208387 216.147972559534
0 1.60017214911059 0.30558685909491 0.692739197146147 0.635815343912691 2.24169040517882 1 10.0459444110851 6.82715964069286 0.0400036423448607 7.8701277486433 119.227923389666
0.00423728813559322 1.47104031555355 0.233154860488139 0.657168503140565 0.514746759273112 2.97253205021843 1 9.87131209650676 7.21648919813053 0.0703112898062313 7.07380629663919 200.732467847012
0.00423728813559322 1.44019471392949 0.284813944688278 0.706296647617676 0.317044621004073 2.93767754901283 1 9.47037628691479 6.85026739910951 0.072794935915064 6.47239781300894 215.556924930654
0.00423728813559322 1.28378777471371 0.140864704712294 0.619492666726001 0.41696420093067 2.56502171885222 0.933333333333333 8.36642013432703 5.68600636401594 0.0685347906250519 5.25246039635605 243.172941582731
0 1.15281822611578 0.392490405123681 0.67528994246386 0.718536248942837 2.90454411692917 0.833333333333333 6.08002472408746 2.86334308550825 0.0400878638110928 3.31054301339402 178.226917442003
0 1.18138955566101 0.204154323623516 0.799899302620906 0.662939679762349 1.74793243920431 0.866666666666667 6.89591624257007 3.31138488239281 0.027749669183467 4.02603826817372 209.583751173235
0.00423728813559322 1.29174619631376 0.215435269637965 0.855432212748565 0.352877163514495 2.38143033673987 0.966666666666667 8.40397043153342 5.42038240905302 0.0506109145955297 5.34891214116538 232.248499020083
0.00423728813559322 1.41033759711871 0.174309218131765 0.692104134791372 0.802778101796868 2.21448591374415 0.966666666666667 9.71139148391469 6.54658749873177 0.0422224172224172 6.90215341088012 221.934630031894
0.00423728813559322 1.46590119499648 0.199536513013144 0.792899990983343 0.647055106649537 2.67267072497467 1 9.89282423423447 6.92866840056234 0.0516040132336988 7.28552939496046 167.372216733433
0.00423728813559322 1.27556488633884 0.206161749671911 0.920299365739643 0.510229201259564 1.17966863018159 0.966666666666667 8.19704492192991 4.37900483224497 0.0219708195600137 5.0807616225949 231.830195810157
0.00423728813559322 1.28206824498785 0.308219121783868 0.921015894876017 0.335735506837459 2.54314564004715 0.933333333333333 7.75245793801086 4.63160344305625 0.0441194524584126 4.73588511610304 216.325959003379
0.00423728813559322 1.24122109567022 0.113274752183409 0.902795559704867 0.537957053898382 1.79220727020423 0.966666666666667 8.36290801978674 5.03178927294943 0.0357530840354392 5.27476634347563 239.665430905268
0.00423728813559322 1.54892613191304 0.340060121995361 0.714469886075832 0.600000372366148 1.75233476282658 1 9.98357179780851 6.60304007397412 0.0340293557036862 7.4318919168078 162.98191121378
0.00423728813559322 1.5027822909029 0.385298488411678 0.892069222009932 0.688751412007285 2.45527247490799 1 9.63685134295741 6.31872784464389 0.0362207362953711 6.6972399878174 201.713131238639
0 1.2627943204483 0.242641197657213 0.728957123251166 0.801312465872616 1.17953147692606 0.9 7.85725151787995 4.04629486458039 0.0221270009601743 4.83156769668875 225.65891828142
0.00423728813559322 1.41678957201217 0.355866638067944 0.725474512896254 0.707167763263437 1.83023805844786 0.966666666666667 9.01826519601453 5.57673249527412 0.0320155774044066 5.97380961186926 224.284631541231
0 1.5874955148669 0.340814673574641 0.828958488046192 0.742758542206138 2.06772397272289 1 10.0055476277273 6.57901970373265 0.0324995861363192 7.63967435404262 138.550740385595
0 1.57025891854428 0.248416914488189 0.833864078542683 0.326683286391199 2.50535795511678 1 10.026966925804 7.03503382994089 0.0501903201857242 7.87017867875446 116.297225335661
0 1.49770175046287 0.18014552204404 0.804321945179254 0.489702158700675 1.67372731491923 0.966666666666667 10.0124192700618 6.66123721152388 0.0350429068419018 7.79325969690974 135.711295743765
0 1.21076150306035 0.310585432196967 0.707934655586723 0.433617136627436 1.04258966026828 0.9 6.77595783194018 2.84834876812132 0.0196906955125496 3.87351315066627 207.850356634258
0 1.64901162122842 0.182931880117394 0.786075966758653 0.409848765190691 1.12386137107387 1 10.1064828168207 6.3439390147186 0.0232245864170657 8.28190958020786 79.798205164267
0 1.15531133671757 0.366368126426823 0.616832140414044 0.562034074310213 1.17409536987543 0.966666666666667 6.52604037149328 2.5937095096368 0.0195979391857763 3.68887945411394 194.962291362937
0.00423728813559322 1.43396768344101 0.176671606791206 0.75051579271676 0.431473595369607 2.40445108478889 0.966666666666667 9.80553249882407 6.94209007012938 0.0570719555792196 7.12705697706137 192.718678564594
0 1.21823796336539 0.230500458157621 0.762530914251693 0.488568129809573 2.52909581642598 0.833333333333333 7.31944099890336 4.27611040908233 0.0476758361159697 4.35824610600848 206.310036861722
0.00423728813559322 1.46756875160476 0.264918012004043 0.73540761999023 0.472077242259797 2.00328120719873 1 9.87263995348598 6.74699950010274 0.0439088030747335 7.17913010815919 185.941819383724
0.00423728813559322 1.4117247744929 0.117882050853223 0.939974156382959 0.434933167090639 2.8205539197661 0.933333333333333 9.82360911708346 6.93890781748591 0.0558714758765822 7.19858418068335 184.193696354568
0.00423728813559322 1.30610748587642 0.118331424728967 0.945486498379614 0.62621750109829 2.64083848893642 0.933333333333333 9.05657295202881 5.97580688897443 0.0459240624427303 6.0170278606676 211.566002599171
0 1.18221579664387 0.340481298044324 0.644094570248853 0.504059848375618 1.54162046220154 0.9 6.84580106995253 3.28895452638139 0.0285286468594846 3.91054042546792 216.394646965909
0.00423728813559322 1.46148488432862 0.229586310565572 0.874656755235794 0.624642725182813 1.99676481574021 0.933333333333333 9.89127579157632 6.56802774964025 0.0360355963362455 7.20497210797067 181.016776081831
0.00423728813559322 1.55095112982014 0.327365978443365 0.695803649384765 0.606209206413753 1.9374393676617 1 9.97871715732948 6.68215036767182 0.037010012691709 7.54669263551192 153.086740016855
0.00423728813559322 1.30418565770324 0.244203283984737 0.615589111495285 0.404394434078228 2.20622344468261 0.9 8.04259234447321 5.11042476470463 0.0532814211554032 4.94902252990693 247.082899726628
0 1.44346083395649 0.105806015385315 0.616221283900086 0.604659124463797 2.43203734327108 1 9.99744378586542 7.13735792535708 0.0572638433516864 7.69247840302929 145.280271599107
0.00423728813559322 1.34374386937154 0.220370005653276 0.769579865900848 0.749483078749684 2.15744741436924 0.966666666666667 8.85464032213187 5.58206931236649 0.0379088376854103 5.76896733859339 238.609510201593
0 1.16510704611428 0.347274976200424 0.731667206517886 0.593422867264599 2.17780169472098 0.9 6.55530420615959 3.10442057930449 0.0317175974710221 3.68609781115206 185.42734420846
0.00423728813559322 1.28629310391843 0.299190226104111 0.668866607092787 0.70146295633167 2.31485896371305 0.966666666666667 7.67716082729659 4.5146416592856 0.0423189980190427 4.63773751465064 227.635491112396
0.00423728813559322 1.39186160991113 0.239446450228382 0.72450447405113 0.362397288938262 2.46602893431272 1 9.27737889051446 6.48351501554764 0.06118434792909 6.20347974063435 232.668164276612
0 1.3824056813959 0.107104403758422 0.792473354260437 0.436715035373345 1.27421834506094 0.9 9.91925518015192 6.47051279831316 0.0317855853819484 7.38764047984149 181.234375601217
0.00423728813559322 1.31365979885113 0.171741105383971 0.714891815819143 0.354614491038674 1.51740086904919 0.966666666666667 9.13421870260692 5.92637414957671 0.0404436936266484 5.99713807732711 247.005601452463
0.00423728813559322 1.50994658118804 0.386703533975387 0.780836931023754 0.339698708578997 2.98032252840286 0.966666666666667 9.50410562842682 6.7273078270251 0.0622374854122861 6.49108974863723 209.515914862153
0 1.59461311865598 0.105569360801019 0.713218288158532 0.597988886805251 1.85239825071767 1 10.0946545946426 6.82292334346544 0.0379406853277202 8.24098284416533 83.6144962523474
0.00423728813559322 1.45272122793836 0.208608779567876 0.943014051645747 0.864530829365021 1.89723874501094 1 9.63330917055282 6.01200219832553 0.0267476951430955 6.85674264695961 206.581305189189
0 1.23040976396296 0.100910625257529 0.635428327915724 0.781868675211445 1.57418177183717 0.8 8.25709386005018 4.84811636459848 0.0330750024319855 5.0345145678862 268.156597307568
0.00423728813559322 1.33422964987183 0.108943097306859 0.793306671665537 0.824305590254278 2.27579940742861 0.9 9.39315563403813 6.17255077329394 0.0399308983218164 6.39253730691285 225.888068948883
0.00423728813559322 1.51404434905853 0.228712163050659 0.755900263541844 0.789945577690378 2.37304102815688 0.966666666666667 9.95468860128987 6.77169853284726 0.0414614968794535 7.5258630192238 154.225141163723
0.00423728813559322 1.3816590679111 0.219730132515542 0.702687699301168 0.535974013851956 2.53486275859177 0.933333333333333 9.35035073069841 6.48697709330767 0.0570758817685047 6.30933369180475 219.428414908189
0 1.21899332546163 0.375915242033079 0.686996488529257 0.344671311741695 1.89354654215276 0.9 6.63087881265101 3.19791697384736 0.0322911577918906 3.70995215324917 209.005441529877
0.00423728813559322 1.38517691774759 0.227104869205505 0.80198866459541 0.807374291634187 1.79134492902085 1 9.47457980030141 5.98779114174167 0.0305989783278564 6.4393503711001 220.948963825491
0 1.23356445457321 0.332049974333495 0.680848026426975 0.752633148338646 2.95519208721817 0.933333333333333 7.25622162437098 4.18314006100523 0.0462783253094044 4.29485290684373 203.755864074733
0.00423728813559322 1.35082080829889 0.242506302311085 0.816625990858301 0.723206656984985 2.68026215257123 0.933333333333333 8.39022794946633 5.28862771600052 0.0449771708013333 5.30454791629867 231.486897602752
0 1.18831910062581 0.142293034447357 0.734522903279867 0.651887510810047 2.06693046865985 0.833333333333333 7.2338019289769 4.01674331619855 0.0400727545688137 4.25476128362801 216.968305718596
0 1.26708939156961 0.353541336674243 0.916802084562369 0.470349678536877 2.77628582995385 0.966666666666667 7.25833929704306 4.10804340658026 0.0428394492070816 4.30917781640268 205.643853277149
0 1.54365212270059 0.155845075496472 0.700696916982997 0.774987099319697 1.09926005359739 0.966666666666667 10.0843554670971 6.28020209683036 0.0222780504439639 8.09686997034921 96.0201895972124
0 1.42755102317315 0.103659349982627 0.725477601541206 0.624422341352329 1.16344123473391 1 10.0277120197778 6.39964817890209 0.0265675736941424 7.81930143982554 126.035776703883
0.00423728813559322 1.55856790772772 0.338485483065411 0.711609101553933 0.522208623795335 2.85554524378713 1 9.90235190793583 7.01789435909294 0.0558850962509115 7.34480518308474 169.372931717532
0.00423728813559322 1.29009303264183 0.11009636191711 0.795534023437493 0.592882870562747 2.86892179229814 0.966666666666667 8.90656162428327 6.10294423342904 0.0605904862470623 5.8585241128381 245.791628214435
0 1.64987247725949 0.250770123815164 0.672295171185397 0.395299870893359 2.95944215916097 1 10.0901731839998 7.24055411023704 0.0578663594916124 8.1059313144609 93.212712119891
0 1.51315740621649 0.148282400891185 0.751777155708987 0.442659577773884 1.54891225742176 1 10.0601294125101 6.70105905904653 0.0347675654724074 7.97194864077979 109.610837556566
0.00423728813559322 1.35119003322008 0.194659068060893 0.881724782846887 0.814336242378991 1.11413768536593 0.933333333333333 8.9187219909886 4.97130028869758 0.0193044101828612 5.90028866644211 234.856843366071
0.00423728813559322 1.40119016494136 0.108662541932426 0.665493978641462 0.793816121388227 2.73509660968557 0.966666666666667 9.89480862001002 6.99025650049388 0.054773317008355 7.24116865486318 180.513439211777
0 1.25890292120166 0.276238088239916 0.807200278271921 0.589851287333295 2.05309084476903 0.966666666666667 7.13711395906708 3.76918737860377 0.0344610154622217 4.11987786422727 220.954456666633
0.00423728813559322 1.34768799154554 0.278527856688015 0.633746231975965 0.405919575830922 2.33562467154115 1 8.67164668253439 5.79858747637451 0.056525737919373 5.53510080356628 241.110781357639
0.00423728813559322 1.43836969486021 0.267358215708723 0.832733443983156 0.889896320675307 2.32520883010678 1 9.54843272407272 6.16681743458584 0.0339925026326361 6.56183185358229 214.500093877102
0.00423728813559322 1.35126462695422 0.388267793054082 0.690578250111103 0.723070406100308 1.44558085388762 1 8.02365068377281 4.33946702025509 0.0251176708274634 4.99698702317188 228.774514827052
0 1.53120777881704 0.186997460643761 0.734454916301183 0.761214783042669 2.89284131815657 1 10.0390974086581 7.0889651069234 0.0523327817725911 7.85522162832474 111.895188941707
0 1.4969249184709 0.179237480438314 0.616927265352569 0.633192425128073 1.481019068975 0.966666666666667 10.059206952018 6.67054777504873 0.0337539045842807 7.84189947811037 123.299009744005
0.00423728813559322 1.439831926304 0.157176316769246 0.731899197149891 0.687304281387273 1.26376627256957 0.933333333333333 9.87498702940537 6.26067346526544 0.0269354083029407 7.47371822794464 181.439502918323
0 1.48133094722871 0.156258665630594 0.604646516323555 0.821809903811664 1.36978329531848 1 10.0617839128569 6.49183571297011 0.0281573121944835 7.86618553705038 120.274215978162
0.00423728813559322 1.28731042508875 0.179327595681278 0.882311330876149 0.878032091066462 2.35849037568921 0.933333333333333 8.34427584749757 5.02458515974801 0.0361640159974187 5.24250258744164 218.177243396982
0.00423728813559322 1.32709402297623 0.216854448360391 0.651647010631859 0.794148534536362 1.35994299454615 0.966666666666667 9.01973911563334 5.42099263027715 0.0273579946093444 5.84364436206168 247.463209374657
0.00423728813559322 1.29116569573525 0.204554183641449 0.874930701579433 0.834450754662976 1.85181196872145 0.966666666666667 8.21353124459433 4.64040418289755 0.0280679461065535 5.17478507693754 224.303898877742
0 1.63999204731081 0.15865311245434 0.908251388580538 0.388305470393971 1.17929621180519 1 10.1002775459871 6.37752028391802 0.0241672404800594 8.25881962019615 79.9932250261319
0.00423728813559322 1.46760642367809 0.364513972086759 0.723033069267451 0.79980536888823 1.88876295043643 1 9.35372761904392 5.87033215862645 0.030702983078847 6.35726439882372 222.0702360641
0.00423728813559322 1.57183721798938 0.396313848602586 0.850164066592697 0.450164914643392 1.30425154557452 1 9.94053282420848 6.24565446682752 0.0248504763556703 7.30402266184736 164.541534872344
0.00423728813559322 1.31852714480446 0.186271138282656 0.901313491724593 0.867438877157014 2.32609896216108 0.966666666666667 8.60546297168652 5.22852368188495 0.0341518237667397 5.54058718395577 229.830307359861
0 1.53188567932229 0.121881957980804 0.768164581269957 0.370146033167839 2.34027321310714 1 10.0811677995406 7.11308781841689 0.0514019082808449 8.0691962945891 98.2841777356282
0.00423728813559322 1.36835275378544 0.394871408073232 0.624758985289372 0.46495783100836 2.0509943771176 0.966666666666667 8.26817464774163 5.08717053152146 0.04154391924768 5.24375193690139 226.642375725658
0 1.18905333043076 0.286095636500977 0.877609295933507 0.640162755874917 2.10605618776754 0.966666666666667 6.99111343937041 3.50586800422604 0.0306462358427715 4.08858085750535 201.076100599543
0 1.22056294369977 0.332508516404778 0.932879281206988 0.44169990378432 1.01877914555371 0.933333333333333 7.08410666878959 3.04111527940181 0.0175449101796407 4.12713438504509 209.700286580024
0 1.21445789895952 0.331254753423855 0.793362281576265 0.624214852787554 1.98595560062677 0.966666666666667 7.04273820383076 3.62296067050741 0.0327197131752584 4.13819644475095 197.28029676509
0.00423728813559322 1.53035608029464 0.273331609070477 0.716703828923599 0.721414909185185 1.85814815612711 1 9.88047648369162 6.53209166211076 0.035141067381142 7.40559697518983 168.7441512635
0.00423728813559322 1.42540197456838 0.389662412150818 0.779517837691086 0.871400033697255 2.60086991558536 0.966666666666667 8.67587545998922 5.37063802812766 0.0366904993085592 5.70366752552107 210.389379415795
0 1.20785686697345 0.379988694144413 0.702170424780343 0.623750896286219 2.75115756457672 0.933333333333333 6.66686591225465 3.52320428843472 0.0431246023811688 3.80029304148484 197.136583301365
0 1.17031106199138 0.133002511039376 0.748000301152933 0.775280825514346 2.95866904966533 0.8 7.12041068818196 4.14643614900059 0.0510998079967663 4.17886441200808 181.77705078398
0.00423728813559322 1.4348696275617 0.20957970790256 0.645414783668129 0.840145355836937 1.31915148844592 1 9.85598880413028 6.21320711750656 0.0261794196449638 7.24926243812883 185.504533016111
0 1.16017063728068 0.111853582272306 0.923615954618435 0.367031206190586 2.24245019163936 0.8 6.70935515197549 3.52636052461616 0.0414613078603729 3.85014760171006 176.57949366973
0.00423728813559322 1.48639191107868 0.358879881498348 0.738437341656546 0.636721308287541 2.19057431318601 0.966666666666667 9.44889286921685 6.2343431101803 0.0401734174705063 6.55285216344276 207.696829981868
0.00423728813559322 1.34104624330066 0.159642177517526 0.815057241264731 0.828635768266395 1.08065448375419 0.966666666666667 9.60604071821909 5.68557168316514 0.0198317907575452 6.59276107403755 234.334459708502
0 1.51013052042108 0.113447992433794 0.863047546369489 0.890153707517311 1.72128147259355 0.966666666666667 10.0380651649232 6.52153483320602 0.0297023137633731 8.00800989645063 111.502475620332
0 1.63370531527326 0.346706398040988 0.869940119679086 0.334804815100506 1.5144658042118 1 10.0750093344682 6.52155343705482 0.0286255415813755 7.89815112586307 109.917835687082
0 1.5751275700517 0.124139812751673 0.926536439114716 0.838519097585231 2.86721209669486 0.966666666666667 10.0864568879819 7.01942001912354 0.0465589108207182 8.1188646264636 92.1230821777036
0.00423728813559322 1.46334484392453 0.373374336293485 0.79998032908941 0.432891821391823 1.00849078007091 1 9.42873399354744 5.64650640683647 0.0227719084836679 6.40654989859314 218.880055584915
0.00423728813559322 1.39214032253721 0.361656118602404 0.844815406822381 0.700173003112633 1.80913278001211 1 8.55394933154136 4.9956344530829 0.0284867879909521 5.50695623165936 215.175054049853
0 1.57966659914237 0.28712243263144 0.686212913074996 0.808374619390815 2.88106825295836 1 9.99179142722396 6.97899007991059 0.0491537888774962 7.66545660555758 137.854505022662
0.00423728813559322 1.28020491006318 0.255799799994566 0.692834945814684 0.737846649158746 2.46215514605865 0.966666666666667 7.90878008411337 4.7604040228313 0.0429217726299249 4.87176950178279 218.938010176468
0.00423728813559322 1.29596718297941 0.192835120314167 0.69309874583827 0.725053586347684 2.25952238649038 0.966666666666667 8.58373616780768 5.48063892334199 0.0449098898546236 5.51120157375216 238.879273191264
0 1.19235290724318 0.232381674693897 0.844587780616712 0.887629802757874 2.77043579053134 0.866666666666667 7.06077344963103 3.80666248977032 0.0386151358130631 4.18263716936778 194.324813071396
0.00423728813559322 1.41204510087691 0.293820991238249 0.827734579869647 0.641519444083732 1.73879222395266 0.9 9.30909578858187 5.84279265841785 0.0312322791712105 6.21852633801169 229.773472654509
0.00423728813559322 1.51442584672477 0.362110518245026 0.941573002864607 0.608329167449847 1.59741728007793 1 9.707194852245 6.06486989152426 0.0261913791949507 6.85884510761213 193.963200688129
0.00423728813559322 1.27609225591333 0.129595498239171 0.88726829405289 0.546535677003869 1.53054479552185 1 9.01514834486891 5.5684717221316 0.0318513146112487 5.88109148962661 242.394012533977
0 1.52467287445907 0.134817146626301 0.627823150076438 0.372346241399646 2.99860669719055 1 10.0774170498523 7.42484126571894 0.0704694649592497 8.0072449604064 110.333154018158
0 1.41633513066918 0.15276435050182 0.659105501824524 0.345664619794115 2.80184639664367 0.966666666666667 9.91922004192148 7.34818803694798 0.0764566011028569 7.28079218469852 184.264479600787
0 1.56606860491447 0.356117933010683 0.861416067660321 0.46465242463164 1.48592678690329 1 9.98397785233306 6.40847387466969 0.0280013101826721 7.4276199273988 155.311037809049
0 1.62544497356284 0.301217499817722 0.665425590972882 0.892529507540166 1.6950276773423 1 10.0791341031844 6.51614376516251 0.0283539100404077 7.98019469334622 107.317737803464
0.00423728813559322 1.4832173856296 0.273253423440098 0.947863184367175 0.548431417206905 2.36771687475938 0.966666666666667 9.87409958052985 6.63408946082611 0.0391634987739767 7.17962331086367 178.010909512751
0 1.57891404614784 0.337889279145747 0.75795871616574 0.597550335852429 1.23519048281014 1 10.0120758532863 6.30627528694802 0.0245805311428153 7.59377713459949 143.644599380659
0.00423728813559322 1.37035038273316 0.332422173093073 0.736110267310869 0.483971307612956 1.37926634820178 1 8.57340337805306 5.0522036766663 0.0295639459769463 5.45873408795394 227.089527585232
0.00423728813559322 1.41003776554689 0.245232848604688 0.887801774905866 0.336142409285872 2.82478172601149 0.966666666666667 9.36700513023749 6.52280248543064 0.0581806388843846 6.37725460598844 216.842439948156
0 1.15613289931789 0.157420019106939 0.711290245305281 0.300808380637318 1.70791393565014 0.933333333333333 7.07505383925321 3.85545265393975 0.0399709961026013 4.06963706856863 213.749477525561
0.00423728813559322 1.38690326915867 0.217726509827569 0.788017648448329 0.49935984527338 2.21061509371651 1 9.48964747204577 6.45880839226201 0.048275114454551 6.46328943352424 229.470077387533
0 1.60885766204447 0.148394142976031 0.689247370744124 0.534652286628261 2.39931449107826 0.966666666666667 10.0850861469063 7.08757370555797 0.0499110707882277 8.13926945183107 95.9626594916116
0 1.18585795674007 0.118646304332651 0.663336752413306 0.807677308749408 1.44694269774482 0.766666666666667 7.47755505843502 3.9653576930149 0.0298312921154887 4.44826208477796 199.581173534282
0.00423728813559322 1.26967208522348 0.179402903899532 0.683823699760729 0.861247567612264 1.62590891894854 1 8.09471416394881 4.54754107315146 0.0288059564859174 4.96610272017946 242.166827070869
0.00423728813559322 1.32984269803856 0.166320360661484 0.759922331187408 0.89436856568791 2.00161610124633 0.966666666666667 9.15068919861881 5.73735063743064 0.0329310742404111 6.0440242806022 229.902371581807
0 1.46920206628274 0.103103267354891 0.650080412148964 0.549725835816935 2.84434404782951 0.966666666666667 10.0368542764311 7.30815008353389 0.0653038560659557 7.84200786450798 122.114357764835
0 1.19354304890148 0.252220145426691 0.760389529820532 0.656166382692754 1.28798996424302 0.933333333333333 6.97497992140644 3.27714473299218 0.0247771062209904 4.10027929774192 202.75283942504
0 1.28122299453244 0.242127517680638 0.90540175717324 0.41473531848751 1.88359331013635 0.9 7.60243831654671 4.25008128520499 0.0350017565593625 4.58760948813341 213.484486140016
0 1.59943253183737 0.147595757688396 0.826896176917944 0.685760254506022 1.781172697898 1 10.0969770704078 6.6778388433805 0.0327406377818005 8.20889109102071 85.7664111570759
0 1.21269840861205 0.295797568443231 0.702356182073709 0.543797510443255 1.16379694873467 0.866666666666667 7.26760594420659 3.51154543883102 0.0233756474598105 4.27452708076731 216.253371236721
0 1.19613991640508 0.371036700578407 0.912785862653982 0.306507629435509 1.11913368152454 0.9 6.91865858428708 3.00861193641765 0.0200395662368113 4.00396050075383 199.024217955615
0 1.51992388858926 0.181627099355683 0.658121627382934 0.56939955772832 2.02678939374164 0.966666666666667 10.0758995391404 6.92931430745943 0.0429987070785635 7.95538880334525 106.906150668384
0.00423728813559322 1.45005252931733 0.283136665006168 0.65901790271746 0.387585093593225 2.91898560523987 1 9.59922884367955 6.96718703275155 0.0719314417919485 6.69216645207204 209.319421272302
0.00423728813559322 1.44231271939352 0.142358117131516 0.781139326421544 0.740359958773479 2.48120394907892 0.966666666666667 10.0068343178211 6.94415371085641 0.0467621760465709 7.57285768299878 157.310699891137
0 1.25618350713048 0.392780001135543 0.774323365231976 0.59976892573759 2.46292312536389 0.966666666666667 7.32351207312685 4.08336496622507 0.0391581342434585 4.38159550726906 203.898185014909
0 1.15113055459224 0.199323752848431 0.867153893923387 0.42722445060499 1.3966963076964 0.8 6.94713623570599 3.3787245258101 0.0282006088767826 4.03054650761225 195.509445373297
0 1.54112285291776 0.221097032190301 0.713067475473508 0.665816137008369 2.40971674304456 1 9.99744833746808 6.93052734932433 0.0465643064131935 7.72136338792251 134.0139781455
0 1.46711995322257 0.147858165181242 0.942692964943126 0.703383344085887 1.60710921790451 0.966666666666667 10.0097593769639 6.4371997733427 0.028083878009153 7.72020158672999 138.176898073361
0 1.6226482864935 0.10125280066859 0.695745713275392 0.832278619380668 2.12518250849098 1 10.1049606532578 6.85026739910951 0.0385926569853472 8.28771293888419 80.7238581672796
0 1.18783767123241 0.262424779497087 0.941281753545627 0.443233416695148 2.53837836161256 0.866666666666667 7.05428357552307 3.85991966644385 0.0409925921004551 4.13331869665388 203.088660006125
0 1.24031244099606 0.331123175215907 0.86167923087487 0.416284960415214 1.56359126232564 0.966666666666667 7.39658912238327 3.8286413964891 0.0282136965441394 4.40587785049606 203.82922447332
0.00423728813559322 1.24484575688839 0.234153082640842 0.855215890239924 0.31862629596144 1.94194417633116 1 7.59594016771227 4.35884329921822 0.0392777582366045 4.56226268497681 214.738346409365
0.00423728813559322 1.31564277291764 0.184629005403258 0.919893283734564 0.61934137288481 1.65880957292393 0.966666666666667 8.57324102710668 5.03336354517381 0.0290168819567159 5.48594093475942 236.901400253514
0 1.52521003570873 0.268223901535384 0.720925901306327 0.446919416310266 1.5051039531827 0.966666666666667 10.0159353080665 6.63770986574 0.0341079275470396 7.58122741031437 146.096049292626
0 1.1839419497177 0.199773205444217 0.739573542622384 0.556136824004352 1.43193093175068 0.8 7.12034331635683 3.55891312765391 0.0283981808994442 4.09364987653942 206.641588994449
0.00423728813559322 1.47598625170067 0.203377597453073 0.817181158566382 0.363106014160439 2.26009820774198 0.966666666666667 9.99728875741964 6.99146235219332 0.0494978321544398 7.51986068975376 156.309357736414
0.00423728813559322 1.33848189121577 0.310903549311715 0.808307888256631 0.567365162258102 1.36953602971378 1 8.38628692156844 4.73209647956048 0.0258824423420343 5.32981603360741 226.071700798021
0.00423728813559322 1.28815739734835 0.153589309877445 0.936856928693945 0.842941274291747 2.78890259974303 0.933333333333333 8.36273413071115 5.18418836107026 0.0416461742370564 5.33289131116453 218.534900782534
0 1.18681129170582 0.146601323946379 0.712553757207934 0.451038742018864 2.90301167638972 0.866666666666667 7.34504199941326 4.56514915266404 0.0620451553612677 4.39587264245729 207.357643880254
0 1.48756361948326 0.186614207201637 0.617249002878088 0.444860031176358 2.20866971230134 1 10.0122717008697 7.12375336213548 0.0556586187669388 7.66067966357794 139.951987887807
0.00423728813559322 1.25159099093904 0.128757484225708 0.759484288885837 0.843238840491713 1.42210647392827 0.9 8.52360959921051 4.84826159733419 0.0253405854168353 5.37544986074931 252.971910185991
0.00423728813559322 1.32864936159458 0.257095951656811 0.716482787870336 0.404865777818486 2.98132866900414 1 8.17039313937019 5.43343084035521 0.064766790516965 5.11879189705608 226.032531147544
0 1.58913481163327 0.311223538522609 0.821795427624602 0.344234772445634 1.73690156312659 1 10.049613261101 6.69604610529359 0.0349594256953795 7.76580936887843 126.076749463084
0.00423728813559322 1.4497338585585 0.360834495184497 0.805547825656187 0.344244689025547 2.75496816217809 0.966666666666667 9.39617013562602 6.50537162520977 0.0555318521403229 6.38478726839042 214.437333343563
0 1.5378661376657 0.263176695234142 0.886502587643918 0.801042110938579 1.77094714203849 1 9.98025413032104 6.41324035404046 0.0282400590238225 7.69487841633327 136.161749181886
0.00423728813559322 1.41959433185402 0.272030993388034 0.783429870824329 0.680572212673724 1.56056931288913 1 9.61915320353317 6.1001694640162 0.0296295311942841 6.62927518262846 218.361109461038
0 1.60181501354091 0.383520707441494 0.865507179219276 0.402226256998256 1.01067418931052 1 9.96208816664588 6.06757646240668 0.0203533104583228 7.51130592573033 148.077139441875
0.00423728813559322 1.37760545498689 0.291517179723978 0.761991368643367 0.465182469717655 1.2972146062999 0.966666666666667 9.08849608334346 5.54692699071683 0.0289678381820802 5.96756041668728 239.548484824452
0 1.25398042970337 0.332403227617033 0.75148796052672 0.437990146083757 1.31655556568876 0.933333333333333 7.40943924483084 3.75953760491995 0.0259936853942304 4.39444915467244 217.772549425212
0.00423728813559322 1.47144133653492 0.16935522002168 0.821914609032683 0.612014939356595 2.40768283838406 1 9.87501262935207 6.80269101573353 0.0463135078778234 7.50631701705221 152.44640876995
0 1.5756253313506 0.118382097943686 0.926745647727512 0.343508431920782 2.15160268265754 0.966666666666667 10.0973358117145 6.91951346597213 0.0416763129750067 8.18753903806096 89.0664715852935
0.00423728813559322 1.54883562086179 0.361969803692205 0.79901139549089 0.788412305940708 1.95235550999084 1 9.85382976208785 6.35986217774169 0.030380097139244 7.25655596886149 170.670162740191
0 1.53546101085376 0.177849646122195 0.677776841295417 0.665173390880227 2.68498832592741 1 10.0148216905316 7.08470130233925 0.053390610159231 7.83465618996831 129.591179850954
0.00423728813559322 1.51830784486737 0.396452183522772 0.711314499399005 0.476921255423827 1.12858808651184 1 9.69098097746829 6.02473812387091 0.0255723688143251 6.75145228458674 214.879410101758
0.00423728813559322 1.48942715963349 0.212483119405806 0.942150674562436 0.711980682145804 2.52462936844677 1 9.86115573825587 6.6423129487938 0.0400013214380724 7.35844865969337 169.717869296186
0 1.16830602402333 0.262912732339464 0.873581169371027 0.678445727471262 1.4638870744966 0.9 6.81649245313515 3.120895416508 0.0248326232501522 4.00193141652705 199.944119700124
0.00423728813559322 1.45577514029574 0.147761290008202 0.944258392404299 0.371448831260204 1.92700055986643 1 10.0099669420211 6.78045206994159 0.0395766938911888 7.54813439400343 154.513873610318
0.00423728813559322 1.28079035934061 0.110204467200674 0.696081118995789 0.58209790145047 2.59214348671958 0.9 8.79693829373213 5.98346971043658 0.059996528108323 5.65417716352993 241.326227772962
0 1.25621760436334 0.356704647582956 0.892373261391185 0.684786181105301 1.03099989425391 0.866666666666667 7.18033347538802 3.06805293513362 0.0163703985708847 4.24849524204936 205.594638655934
0.00423728813559322 1.36426082804771 0.220203385126864 0.811409941193611 0.693375080748113 2.55409640674534 1 9.25986994525499 6.17260485094173 0.0456265682844118 6.16078529172469 230.580863761705
0.00423728813559322 1.40051728449762 0.34699760582298 0.645206836832222 0.689519139099866 1.67603321699426 1 8.98054138899513 5.55037226135667 0.0323814637092715 5.89834363577233 226.265999731183
0 1.60931826042943 0.353606084990315 0.600217902369332 0.364193173404783 2.51714973291382 0.966666666666667 9.98858114347323 7.10329370459227 0.0558387370054551 7.6393436912598 142.596274704896
0 1.49988968551625 0.152084850636311 0.683308861916885 0.50521087073721 2.83917425433174 1 10.0233957358731 7.24736544429428 0.0622852716295407 7.80824177931132 125.205719233243
0.00423728813559322 1.4135117628944 0.140182853143863 0.754592567354001 0.711740848732321 2.43823537235496 0.966666666666667 9.89024683152308 6.85180505993013 0.0479094852813997 7.33642043696566 178.458290091032
0.00423728813559322 1.43693100493099 0.345160565665224 0.885439607309231 0.724382570542072 1.71059003014164 1 9.09466386602733 5.46538427164184 0.0265352936994114 6.04381977744191 218.00538853044
0.00423728813559322 1.36007100003771 0.153176069376059 0.901521474262699 0.606086037587374 1.99901151005179 0.966666666666667 9.12926868681098 5.82762628926133 0.0368226402958675 6.10978383742156 228.170807863197
0.00423728813559322 1.49151979617309 0.322417935798876 0.640372951410245 0.304413207666948 2.88289521308616 1 9.57995260051878 6.95323839358455 0.072315686671949 6.75328232500792 211.120015351553
0 1.27935193954036 0.398003619047813 0.822585461300332 0.662658386025578 2.79773534741253 0.933333333333333 6.9886108430116 3.74529354339403 0.039034191975756 4.10087083872338 208.018923096903
0.00423728813559322 1.37136606893037 0.104561676736921 0.692301830393262 0.494075235491619 1.58809643145651 0.966666666666667 9.82734727792726 6.6129675613517 0.0401802492381083 7.27993695587269 196.827700360195
0.00423728813559322 1.47106306978116 0.272833669924141 0.902460682871485 0.529948937996745 1.97727939015025 0.966666666666667 9.84790740576181 6.52401792161795 0.0360124889955764 7.09655009184614 186.6748968262
0 1.20436367646325 0.392236129404046 0.623500714136753 0.492049133358523 1.36021099193022 0.9 6.80362856977324 3.06027079469156 0.0236744759556104 3.88270861775937 208.226222651153
0.00423728813559322 1.35788558043003 0.212780663810513 0.817734072257636 0.862333281239682 1.78642788343434 0.966666666666667 9.050361823524 5.45811708509909 0.0275364488704189 5.97319522645475 233.783506083924
0.00423728813559322 1.30051027969457 0.315716962469742 0.651344742707442 0.752572294324636 1.61807023081928 0.966666666666667 7.64270604111362 4.13984524974113 0.0301111184602156 4.61852883643244 231.209197617252
0.00423728813559322 1.44837312187437 0.228672660428509 0.911242429738797 0.680920936761706 2.29073473634715 1 9.7603097828598 6.49229033879564 0.0380817755211939 7.1169080812692 180.554693753718
0 1.55612709592096 0.232683618855663 0.921630972239655 0.457027597585693 1.36075233109295 1 10.0738447656027 6.43374362833886 0.0262496890097085 7.92525391635087 111.207358281203
0 1.50687200166285 0.195540484809317 0.619838616612833 0.541458756336942 1.93374550901353 0.966666666666667 10.0200944178481 6.89439050485673 0.0439060167277091 7.78417184286859 145.630856987423
0 1.21292654236313 0.221264673117548 0.818158680968918 0.561087758280337 1.60860710125417 0.8 7.68503295466253 4.17886441200808 0.0300116829142168 4.61015772749913 219.023124265414
0 1.17224958559964 0.141835866868496 0.856988802214619 0.551502060703933 2.73282390786335 0.866666666666667 7.27846966860847 4.24077319595545 0.0479452054794521 4.29309032927467 203.900083284915
0.00423728813559322 1.30706021739687 0.341265208352938 0.849941125946782 0.574737421947638 1.58872208124515 1 7.8784458083959 4.28863128707433 0.027603449799856 4.86958363150052 219.580073968597
0.00423728813559322 1.58665352174009 0.363268318159846 0.782311786885135 0.831418818234171 2.54484726389897 1 9.90711596189013 6.64725594112416 0.0383937719722143 7.38781236907649 161.946123557344
0 1.42479447831865 0.170456727128476 0.923268757597543 0.815519825974479 2.43763274373487 0.9 9.9048144495965 6.61913449447308 0.0374151358289087 7.16431927860604 176.230801278443
0 1.53405433052685 0.170612950017676 0.914118118258193 0.836303286021575 1.00401904713362 1 10.0798036123782 6.07664786532699 0.018257930469799 8.02629001347596 108.764842451605
0.00423728813559322 1.33878798759358 0.360016153335197 0.726826610374724 0.656120439959617 2.68671821977819 0.9 7.98626563630782 4.8603864571903 0.0438983221645589 4.99771264905602 228.197524881949
0 1.51461471603252 0.196707058534957 0.683856276434381 0.470324905682355 2.22293273452669 0.966666666666667 10.0617578140403 7.02948454102334 0.0482059282371295 7.87127173353424 118.212702991239
0 1.21624188914429 0.264110252121463 0.75259187357733 0.428966966830194 1.53598950477317 0.866666666666667 7.35569025389216 3.85178292505079 0.0300796225302271 4.35966303858702 217.383708790859
0 1.60638284587767 0.258922174945474 0.801214307534974 0.619675894081593 1.77302844915539 1 10.0560555520139 6.62958339653135 0.0325013986404213 7.94658217691421 117.143089496701
0 1.18153122402728 0.250262644561008 0.932036232436076 0.750126507086679 1.3692502938211 0.833333333333333 6.58208053902026 2.82137888640921 0.0232674090078112 3.74431416100204 190.562822903087
0 1.15752762763295 0.16391357043758 0.882756697607692 0.716794993216172 2.43736682645977 0.9 6.87576760348874 3.59680477516776 0.0376673040152964 3.98623679208914 196.582360760882
0.00423728813559322 1.29735690294765 0.323740373528563 0.709073886636179 0.844308882253245 2.69122167769819 0.966666666666667 7.73705971192211 4.5047781498804 0.0394673487812218 4.7677580786251 217.628653603982
0 1.54646400045604 0.273978330288082 0.624936664896086 0.309817051095888 2.33523738151416 1 10.0331201045497 7.14792636876287 0.0558439695130343 7.68317345197488 132.673406068869
0 1.42308892423753 0.135328003508039 0.694487278815359 0.34309986778535 2.82931795390323 1 9.78369374663557 7.18490710246074 0.0743637531892188 7.22419486185311 185.048098457972
0.00423728813559322 1.5066724153934 0.186692103301175 0.827785834553652 0.688380539277568 2.5080831903033 0.966666666666667 9.87154128186893 6.75897520904831 0.0444866527580977 7.58475555573175 149.092736197569
0 1.17417046006303 0.177365964837372 0.869296954700258 0.755845695594326 2.11450293194503 0.8 6.77327105160234 3.3886185994553 0.0338894184938036 3.93590227921809 188.09077860175
0 1.19609927826095 0.349256815738045 0.884597018058412 0.517348091863096 2.95643245149404 0.866666666666667 6.69499037500593 3.56736349823382 0.0438216681733834 3.81940151554775 201.711003850048
0 1.30347507118713 0.353392207738943 0.790270355017856 0.546942119579762 2.89004484983161 0.933333333333333 7.45362394553201 4.43081679884331 0.0486644182822619 4.49024021931411 217.297092384487
0.00423728813559322 1.48291155402549 0.340054772188887 0.804423679667525 0.456080540874973 1.08429638948292 0.933333333333333 9.66807710527402 5.91649081567744 0.0234804694738079 6.85826486969831 209.097160483516
0 1.41003597164527 0.118941559456289 0.949981289403513 0.710028528375551 1.55168315768242 0.933333333333333 9.98613181827591 6.38525462363564 0.0272997647337348 7.49756370826443 160.215581536653
0 1.60015079597943 0.263237887038849 0.832989854679909 0.549218894680962 1.02065746625885 1 10.0589245475623 6.17489659818596 0.0205678120019803 7.97791093557373 109.665666072811
0.00423728813559322 1.43809113998432 0.267178857303225 0.857358800258953 0.654575299937278 1.33000043220818 1 9.62153790717275 5.9220251473707 0.0247355757014673 6.82103476877757 205.677794374713
0.00423728813559322 1.35479674264789 0.358806343586184 0.931356242124457 0.592663245135918 2.3937963321805 1 8.09154578394558 4.76587079667908 0.0359482459541642 5.09436350962697 210.323810879274
0 1.24033583779819 0.283202320244163 0.626990938186646 0.526255149766803 2.24686948908493 0.966666666666667 7.2676216765349 4.11087386417331 0.0425639421573109 4.25095526789022 209.129613623424
0.00423728813559322 1.29736827220152 0.25817198490693 0.728635664872725 0.552126137132259 1.9739842271891 0.966666666666667 8.45616848957846 5.23055526444722 0.0397314098053014 5.37973843419169 228.198937031942
0 1.55623178484384 0.190820361045189 0.739268040657043 0.639417748712003 1.79166348278522 1 10.0539012585665 6.72743172485086 0.035919694747121 7.95579915667006 114.870626806678
0 1.48665320859291 0.124577961373143 0.641824701428413 0.343236878933385 1.25144193181768 0.966666666666667 10.0276654232506 6.65304098904595 0.0342309718800157 7.88891637348011 123.302184571459
0 1.55659150795545 0.104993967106566 0.698642415273935 0.5078129905276 2.12449649488553 1 10.0659280622925 6.92873368536733 0.0434044036286512 8.19257047115217 89.1957480083819
0 1.60761865249369 0.33770146863535 0.609596732037608 0.824794380320236 2.54150111274794 1 10.002896895039 6.88093206493826 0.0440704922658595 7.60642054022599 140.648079144059
0.00423728813559322 1.43197273823915 0.364557148107446 0.738771799875315 0.65289375366818 1.35973246641522 1 9.06740105375112 5.39680431326269 0.025461271640735 6.0371546730251 223.181251702053
0.00423728813559322 1.36929066639859 0.175970569625497 0.861966681096237 0.828955197986216 2.16432282887399 1 9.37534903285231 6.01485549989856 0.0347181201794128 6.35233899411047 226.110311944896
0.00423728813559322 1.34914790339463 0.366875825863238 0.800023372844967 0.447579798575554 1.81070026591706 1 8.14472756157118 4.76359742258261 0.0340089981132988 5.08450514266271 224.191650894938
0.00423728813559322 1.49871511052315 0.327720570218829 0.7589907797502 0.796947076072276 1.43020998982628 1 9.84951523416984 6.15379595902543 0.0248295879326268 7.01875983702505 190.817174909805
0 1.5273425394902 0.230002684728242 0.660452914377674 0.457773606944829 2.21655707992613 0.966666666666667 10.0414142286315 7.08878289554811 0.0522021637875745 7.71359978794979 134.967005167006
0 1.6372295394307 0.365356301423162 0.815883371338714 0.536662926804274 1.29931471077725 0.966666666666667 10.0591080875574 6.36593706697384 0.0248929407285638 7.75625438802454 121.568405596144
0 1.52540731288027 0.140929761831649 0.891822442272678 0.611330089392141 2.4183525829576 1 10.0327847854113 6.92667516383465 0.0447748078914263 7.89125596054902 126.500066498845
0.00423728813559322 1.31286620926058 0.253999254936408 0.944413411606868 0.652108192774185 1.99451394748431 0.933333333333333 8.01088117550313 4.55800370293476 0.0316544204787864 4.98604981862364 217.793589029455
0 1.63514080105815 0.182963678473607 0.903792064846493 0.59447193746455 1.68058003298938 1 10.0867433949715 6.56625039983285 0.0295848463866414 8.13163854792685 92.4615029206527
0 1.62738003579434 0.337086163111962 0.900144878984429 0.305528981192037 1.79097380721942 0.966666666666667 10.0791548347633 6.66770232475186 0.0329932425396017 7.90630588744051 107.58940183413
0.00423728813559322 1.40784291012678 0.314590169116855 0.726638492825441 0.857168852398172 2.98475708765909 0.966666666666667 8.87197461964714 5.79846549859174 0.0462585428849195 5.88255367508442 215.814610972833
0 1.56390060074627 0.158752612979151 0.823570967675187 0.360174503317103 2.55680543836206 1 10.0535054183259 7.1190421501802 0.0531592439102412 7.99230244932541 108.260657291332
0.00423728813559322 1.50950627259444 0.325109247211367 0.808473588700872 0.404383391048759 2.51566844107583 1 9.78401120904289 6.80409701737115 0.050797192500061 6.98286275146894 189.746152696617
0.00423728813559322 1.44573853234578 0.189061903072008 0.886003441968688 0.810277872757041 2.15722757644178 0.966666666666667 9.87169079967429 6.50732917786455 0.0345840867992767 7.26872787133797 179.516945740623
0.00423728813559322 1.28192887582395 0.223379312414192 0.934311055725096 0.345703040602726 1.40709714558909 0.966666666666667 7.91836510408524 4.33796664487985 0.0278645931392853 4.85713574323468 230.729852607005
0 1.33291198904626 0.318797473725863 0.882907580293249 0.821701931767166 1.00002074195072 1 8.09355392932916 3.97968165390196 0.0163443619588794 5.04728861174429 226.989083039655
