0.00420168067226891 1.41956396947553 0.233570948964215 0.624237124981105 0.632404040530539 2.43074669825053 1 9.53056949584888 6.61713556254301 0.0542889846648259 6.57251561576347 227.812227605227
0.00420168067226891 1.39131652706809 0.257381096699306 0.86411075433163 0.514746051552152 1.96449798231536 1 9.26797385813659 5.99703235141145 0.0379706606083109 6.27432250219427 219.723346985509
0 1.40872009537507 0.216837239266011 0.939869498937953 0.653005984545671 2.56446822313093 0.966666666666667 9.52167414539888 6.32824461811673 0.0410309127325906 6.60711606088635 215.478313395564
0 1.33834746136384 0.200309678619062 0.799392273575249 0.859147017767699 2.43372902888932 1 8.73062574323525 5.47422953815681 0.0385269915126449 5.65120180224545 234.363861505626
0.00420168067226891 1.40182854907708 0.264614452803674 0.808056229933705 0.561308776112074 2.19687849903036 1 9.32602639562418 6.17489659818596 0.0428037399827194 6.30335130825658 221.410483465605
0.00420168067226891 1.34924170865244 0.123451777322302 0.949817053485019 0.642911695963582 2.07942694253221 1 9.58946834934829 6.27061028853748 0.0361941396705019 6.59231367352156 221.380863331646
0.00420168067226891 1.34840850132408 0.163579705810058 0.84171707304044 0.666601031391081 2.35320610039352 0.966666666666667 9.31176349107941 6.19987947312981 0.0445170054462294 6.23061719725628 224.810194752313
0.00420168067226891 1.35030939240341 0.128267980689999 0.807731402401142 0.861446206653912 2.16716937615044 1 9.34409590614578 6.00141487796115 0.0353420774842973 6.38895348553497 233.602604417795
0.00420168067226891 1.40892684544727 0.261158226481459 0.874295080685789 0.430887897241968 1.92188132088494 1 9.29334484314106 6.02747498463101 0.0381637236013793 6.32250539373199 222.53309516523
0 1.32107867221592 0.104072921632486 0.900233249266963 0.588573950831709 2.05938121591558 0.966666666666667 9.46942339699164 6.2391997807721 0.0395486540790122 6.57507584059962 216.037750419674
0 1.3507932104655 0.193213712615845 0.677337801980489 0.514815606512089 1.50068800911296 0.933333333333333 9.22710266785948 5.96559713757097 0.0383306466057675 6.09268256588967 260.814228003647
0.00420168067226891 1.37333426014064 0.242121774407544 0.85797739890049 0.661244273906731 2.39937928753071 1 8.79053797436781 5.61312810638807 0.0416935070731868 5.69462960352527 234.657241490576
0 1.42087623601366 0.216297410267281 0.914963803432701 0.531018996453405 2.30825285654928 0.966666666666667 9.38509023223924 6.20267511375407 0.041485342019544 6.58650453642324 214.739523174576
0 1.42087623601366 0.216297410267281 0.914963803432701 0.531018996453405 2.30825285654928 0.966666666666667 9.38509023223924 6.20267511375407 0.041485342019544 6.58650453642324 214.739523174576
0.00420168067226891 1.35030939240341 0.128267980689999 0.807731402401142 0.861446206653912 2.16716937615044 1 9.34409590614578 6.00141487796115 0.0353420774842973 6.38895348553497 233.602604417795
0 1.34969778138173 0.204434368869033 0.780362989441701 0.493186901057245 2.49898415997989 0.966666666666667 8.77945134945888 5.84673771382733 0.0532523344651952 5.68907717869228 231.668044425582
0.00420168067226891 1.34698245860268 0.153722843556733 0.611177926463411 0.699172664750072 2.40752830732931 0.966666666666667 9.36343137724613 6.45720262629928 0.0546815592869295 6.33002819127013 238.901955386467
0 1.35618874763808 0.166333881104925 0.908754574807648 0.6635128614903 2.33652654374405 0.966666666666667 9.43111975152703 6.22626404115055 0.040564754288748 6.48799887994817 216.295185350541
0.00420168067226891 1.36081457527911 0.222446716773408 0.768773340284197 0.82801607104779 2.51477126853896 1 8.91148050453415 5.75532018361652 0.0425889554559796 5.80322551654999 237.276071370605
0.00420168067226891 1.45668194229495 0.329939640555392 0.885105604295771 0.685107963215768 2.83017386051783 1 9.38558696009817 6.26833842084316 0.0442788324353358 6.41896290828422 215.812887851037
0.00420168067226891 1.4525584331535 0.266348461779684 0.743249530113824 0.728288448310669 2.26777251786451 1 9.59918139586366 6.41072297734848 0.0412353896800812 6.68265147429274 219.743255857839
0 1.36138811626713 0.167958963633104 0.776741512203522 0.612175854400489 2.19367519271421 0.933333333333333 9.3934205695009 6.30170280527313 0.0454238598682547 6.32940254570975 246.880473800861
0.00420168067226891 1.37333426014064 0.242121774407544 0.85797739890049 0.661244273906731 2.39937928753071 1 8.79053797436781 5.61312810638807 0.0416935070731868 5.69462960352527 234.657241490576
0.00420168067226891 1.38850230833525 0.25076526160265 0.934285974661552 0.359531058738499 1.80764275222 1 8.97244267829338 5.63514668226606 0.0355329090639998 5.94507150753827 235.611131018143
0.00420168067226891 1.30808530873524 0.103970495213869 0.624310095428574 0.858510085904889 1.70999862378439 0.966666666666667 9.39134784735242 6.02043730554691 0.0343583383926593 6.35975282891386 250.367954128938
0 1.33834746136384 0.200309678619062 0.799392273575249 0.859147017767699 2.43372902888932 1 8.73062574323525 5.47422953815681 0.0385269915126449 5.65120180224545 234.363861505626
0.00420168067226891 1.30915816576806 0.115344698276019 0.879856503351428 0.853934676774057 2.75445037074122 1 8.95049825754593 5.79626036448301 0.0426709083993222 5.85974104307712 227.2689770062
0 1.40569832843319 0.307895167163531 0.727675769523704 0.586756604049809 1.67600244427014 1 9.17112472547673 5.79372473758565 0.0341360937104585 6.18469856801605 228.092613110386
0.00420168067226891 1.32857354570105 0.170257365230482 0.79021354584381 0.73120539367674 2.13844514759123 0.966666666666667 8.89712119251794 5.66976200984642 0.0396621009735114 5.79437937000843 236.345698747955
0.00420168067226891 1.31997039079926 0.119646635945761 0.879330514355603 0.366135792374629 2.09647887251611 1 9.1593873705596 6.09432193254769 0.0466507890296987 6.16947125275066 227.821205195272
0 1.42087623601366 0.216297410267281 0.914963803432701 0.531018996453405 2.30825285654928 0.966666666666667 9.38509023223924 6.20267511375407 0.041485342019544 6.58650453642324 214.739523174576
0 1.29596718297941 0.192835120314167 0.69309874583827 0.725053586347684 2.25952238649038 0.966666666666667 8.58373616780768 5.48063892334199 0.0449098898546236 5.51120157375216 238.879273191264
0 1.36556464575382 0.277076426831182 0.824896338704139 0.521590350933507 2.36244566090134 0.966666666666667 8.77108131639091 5.67828781637523 0.0453750220695633 5.70985594774596 223.898103836913
0.00420168067226891 1.36464192870852 0.214670649048822 0.766351694961957 0.472902669700313 1.82902322749139 1 9.21534118039756 6.04524225278845 0.0419994427934621 6.22449242049617 236.230773182802
0.00420168067226891 1.37641569145501 0.298290704410425 0.622121164532094 0.628630687711599 2.05059617380028 1 8.87051318044889 5.73398831671327 0.0434334731795025 5.76456394691606 238.512691637523
0 1.32706459982122 0.239098074344958 0.687590026604692 0.355423795869557 1.31158543848657 0.966666666666667 8.90128671792493 5.55081882948805 0.0350679423769733 5.76129204011745 241.790722635362
0 1.3507932104655 0.193213712615845 0.677337801980489 0.514815606512089 1.50068800911296 0.933333333333333 9.22710266785948 5.96559713757097 0.0383306466057675 6.09268256588967 260.814228003647
0 1.49772958524991 0.390475677931681 0.708209985611029 0.86875797919929 2.88760642148554 1 9.34947893168294 6.18614003444267 0.042284322113781 6.38136470294509 207.503718152704
0 1.28746105771303 0.115114448314787 0.892910193404728 0.409376914476102 2.12830039901973 0.966666666666667 8.68337368506079 5.57385705217409 0.0446225191865151 5.59586441284726 234.351297543389
0 1.44955478886586 0.226762014884581 0.873639316989955 0.334521485969515 2.30302029788221 1 9.65563711769638 6.65912296490076 0.0499609213173146 6.83000993035728 215.120717822749
0.00420168067226891 1.41430878729513 0.299652589950589 0.781869521733827 0.43137100713942 1.71846063011107 0.966666666666667 9.28158587679228 6.02127440588041 0.0383764430101312 6.16244328099306 239.557894443205
0 1.29596718297941 0.192835120314167 0.69309874583827 0.725053586347684 2.25952238649038 0.966666666666667 8.58373616780768 5.48063892334199 0.0449098898546236 5.51120157375216 238.879273191264
0.00420168067226891 1.37976915683423 0.234942115580429 0.680141747752409 0.789643039169474 2.66933468372391 1 9.23196160604207 6.21180417108946 0.0487935359492688 6.21380777825142 226.483056366824
0.00420168067226891 1.5022072885445 0.348725797136534 0.892066376977854 0.672810563093393 2.6956377820956 1 9.27683011324502 6.09829897602181 0.041646783625731 6.26682096986913 218.253342025133
0 1.41407368717376 0.215737183762487 0.819727575993085 0.63754879897992 1.59815733312496 1 9.51031409166552 6.0438988569564 0.0312287780870089 6.56380851085239 230.498489674302
0 1.41665936398562 0.316098109315356 0.852460051051063 0.855314685738091 2.93640281973923 1 8.93083367874476 5.76435480752389 0.0421517586743488 5.89788620014842 215.332233630012
0.00420168067226891 1.33319915797389 0.204921512778794 0.659127719539738 0.625413487264489 2.1822727695299 0.966666666666667 9.1296463027875 6.08982649186932 0.047843509595616 6.0635446023585 242.207292916835
0 1.4203788247023 0.376487985588639 0.71562760520763 0.616678944212167 2.86260044796139 1 8.74817792018947 5.76205138278018 0.0504826009652019 5.69586230385506 222.377983492355
0 1.36783677349568 0.261757962204862 0.687183429156185 0.613985622224919 1.86737763783983 1 8.71405299829424 5.47632407219072 0.0392529402746446 5.59371956201496 231.480323507276
0.00420168067226891 1.41375285505957 0.299975930541821 0.610801546932532 0.611367651382911 1.92512316556992 1 9.088146372306 5.93700836131192 0.0428033884132538 6.03212652882687 227.723996081833
0 1.28746105771303 0.115114448314787 0.892910193404728 0.409376914476102 2.12830039901973 0.966666666666667 8.68337368506079 5.57385705217409 0.0446225191865151 5.59586441284726 234.351297543389
0.00420168067226891 1.39131652706809 0.257381096699306 0.86411075433163 0.514746051552152 1.96449798231536 1 9.26797385813659 5.99703235141145 0.0379706606083109 6.27432250219427 219.723346985509
0 1.28746105771303 0.115114448314787 0.892910193404728 0.409376914476102 2.12830039901973 0.966666666666667 8.68337368506079 5.57385705217409 0.0446225191865151 5.59586441284726 234.351297543389
0 1.41237278325421 0.258447646792765 0.945519783440867 0.613422875109559 2.68777487263414 0.966666666666667 9.32180155103159 6.18201365880951 0.0432919794937599 6.29507511924519 214.756816725464
0.00420168067226891 1.40165934272477 0.282267770314404 0.71691209944438 0.765246673841056 2.50043766735233 0.966666666666667 9.05910039447066 5.9414408638459 0.0442606379564855 6.01008324191915 233.201983253824
0 1.27609225591333 0.129595498239171 0.88726829405289 0.546535677003869 1.53054479552185 1 9.01514834486891 5.5684717221316 0.0318513146112487 5.88109148962661 242.394012533977
0 1.43342193590114 0.282592886272366 0.688497151192316 0.520000753769387 2.54306314020725 1 9.32937003767375 6.45535578368476 0.0564717789069043 6.31155330447867 223.451558765523
0.00420168067226891 1.43025537235744 0.331768235638295 0.629070425850634 0.844239056993432 2.59634604415372 0.966666666666667 9.25117781465298 6.12596529733978 0.0439275972564286 6.19546042900806 223.924580449506
0.00420168067226891 1.36327052061892 0.280698304355321 0.881521245063925 0.372491339081244 2.40214263539157 1 8.64891711822479 5.61713466793053 0.0482295946095992 5.58724865840025 231.38119456865
0.00420168067226891 1.45362126184607 0.312160123705959 0.732213358818384 0.753166084362015 2.80427804972444 1 9.28386650822955 6.25177542276363 0.0482147115572224 6.28847794698865 223.426472684929
0 1.40450727359407 0.264570191866526 0.601479290829882 0.344746716182721 1.49443808466314 0.933333333333333 9.54751134401677 6.41609015295522 0.0436557100394112 6.49121116759537 244.361148563243
0 1.29596718297941 0.192835120314167 0.69309874583827 0.725053586347684 2.25952238649038 0.966666666666667 8.58373616780768 5.48063892334199 0.0449098898546236 5.51120157375216 238.879273191264
0.00420168067226891 1.45372371753688 0.324174410776352 0.67660316666864 0.827458776344941 2.27482615494717 1 9.29189270881676 6.05099052642201 0.0391285780559217 6.33534971611832 215.657689180296
0.00420168067226891 1.39894278770464 0.241758038469226 0.825599375122965 0.560095178014369 2.31907909685438 0.966666666666667 9.20397880071157 6.10271286798629 0.0449922092163756 6.18336650176567 227.449796825439
0.00420168067226891 1.41464483795975 0.346829646022044 0.632899112475037 0.66390170603322 1.94766341332733 1 8.98421320744475 5.73441944411809 0.0387822053200159 5.90889782345102 232.022469410909
0 1.29022445196102 0.115123496096375 0.870268838709961 0.746330464716533 2.90219103541143 1 8.7062696601139 5.7007779656359 0.0495144023838428 5.68096865159052 219.677808038934
0 1.32864628176587 0.138388629050671 0.928803724534067 0.874757940085144 2.36703011855842 1 9.13593645860028 5.75742855462735 0.0340982947261831 6.10798752997192 230.769683091675
0.00420168067226891 1.31838811561173 0.178553756061292 0.824580969537195 0.846428159510139 2.59334082480927 1 8.81020603005282 5.61701349252899 0.0410406377910071 5.70422682036447 228.393811145696
0.00420168067226891 1.35406035540915 0.115890108280395 0.905973717374846 0.758967365337573 2.46332717748879 0.966666666666667 9.48172221106613 6.27580051033378 0.0405215356912845 6.53308690759618 223.524418043882
0 1.33137235897575 0.147445938298411 0.911965282214949 0.582745733512579 1.8669225832923 1 9.33164017949792 5.99504147559832 0.0355576945221132 6.30828057428483 221.651717057193
0.00420168067226891 1.3751123781729 0.216395936263975 0.923136743575576 0.471484782086563 2.16565535790175 1 9.27299274044564 6.0701987066981 0.0406484719643578 6.31088750534383 227.920628360192
0 1.36783677349568 0.261757962204862 0.687183429156185 0.613985622224919 1.86737763783983 1 8.71405299829424 5.47632407219072 0.0392529402746446 5.59371956201496 231.480323507276
0.00420168067226891 1.46895419209668 0.375110310808039 0.650534856148519 0.307872071820945 1.43787921016209 1 9.44675546548363 6.15697898558556 0.0372621773111234 6.40918755261165 224.996814693739
0 1.33834746136384 0.200309678619062 0.799392273575249 0.859147017767699 2.43372902888932 1 8.73062574323525 5.47422953815681 0.0385269915126449 5.65120180224545 234.363861505626
0.00420168067226891 1.31997039079926 0.119646635945761 0.879330514355603 0.366135792374629 2.09647887251611 1 9.1593873705596 6.09432193254769 0.0466507890296987 6.16947125275066 227.821205195272
0 1.41033759711871 0.174309218131765 0.692104134791372 0.802778101796868 2.21448591374415 0.966666666666667 9.71139148391469 6.54658749873177 0.0422224172224172 6.90215341088012 221.934630031894
0.00420168067226891 1.35030939240341 0.128267980689999 0.807731402401142 0.861446206653912 2.16716937615044 1 9.34409590614578 6.00141487796115 0.0353420774842973 6.38895348553497 233.602604417795
0 1.34374386937154 0.220370005653276 0.769579865900848 0.749483078749684 2.15744741436924 0.966666666666667 8.85464032213187 5.58206931236649 0.0379088376854103 5.76896733859339 238.609510201593
0 1.36556464575382 0.277076426831182 0.824896338704139 0.521590350933507 2.36244566090134 0.966666666666667 8.77108131639091 5.67828781637523 0.0453750220695633 5.70985594774596 223.898103836913
0.00420168067226891 1.36426082804771 0.220203385126864 0.811409941193611 0.693375080748113 2.55409640674534 1 9.25986994525499 6.17260485094173 0.0456265682844118 6.16078529172469 230.580863761705
0 1.4203788247023 0.376487985588639 0.71562760520763 0.616678944212167 2.86260044796139 1 8.74817792018947 5.76205138278018 0.0504826009652019 5.69586230385506 222.377983492355
0.00420168067226891 1.351601388392 0.185616024704856 0.739897327551007 0.753637741824624 2.02386104076684 1 9.11038743121717 5.87014401187143 0.0391543630094598 6.00569612935471 246.483139844651
0.00420168067226891 1.35030939240341 0.128267980689999 0.807731402401142 0.861446206653912 2.16716937615044 1 9.34409590614578 6.00141487796115 0.0353420774842973 6.38895348553497 233.602604417795
0.00420168067226891 1.30808530873524 0.103970495213869 0.624310095428574 0.858510085904889 1.70999862378439 0.966666666666667 9.39134784735242 6.02043730554691 0.0343583383926593 6.35975282891386 250.367954128938
0 1.29022445196102 0.115123496096375 0.870268838709961 0.746330464716533 2.90219103541143 1 8.7062696601139 5.7007779656359 0.0495144023838428 5.68096865159052 219.677808038934
0.00420168067226891 1.35406035540915 0.115890108280395 0.905973717374846 0.758967365337573 2.46332717748879 0.966666666666667 9.48172221106613 6.27580051033378 0.0405215356912845 6.53308690759618 223.524418043882
0 1.36007100003771 0.153176069376059 0.901521474262699 0.606086037587374 1.99901151005179 0.966666666666667 9.12926868681098 5.82762628926133 0.0368226402958675 6.10978383742156 228.170807863197
0.00420168067226891 1.410408945659 0.17496693151758 0.841730315550864 0.689392280815681 1.92889112350103 1 9.64288440306154 6.3216671707156 0.0361088521299789 6.87371578675861 225.507158233814
0 1.34374386937154 0.220370005653276 0.769579865900848 0.749483078749684 2.15744741436924 0.966666666666667 8.85464032213187 5.58206931236649 0.0379088376854103 5.76896733859339 238.609510201593
0 1.40280207800531 0.320324613604248 0.790406937623313 0.593414904778452 2.11807078199541 1 8.91956908837691 5.67022569112736 0.0387996754433675 5.86145076993737 219.605907504355
0 1.37878970465641 0.255098194868592 0.927492121433018 0.507423181824857 2.3899277604404 0.966666666666667 8.98911738898248 5.7953238057783 0.0410159779045456 5.94641307496674 224.592403069512
0.00420168067226891 1.38984580169591 0.248303881197013 0.697260173941 0.830424474868665 2.27802847677183 1 9.44961708121315 6.22567991238924 0.039798057722534 6.38142112839298 229.527107485768
0 1.34348542848454 0.244816103000972 0.625460243451496 0.860324264637504 2.64269099099299 1 8.53680625826331 5.46425544409147 0.0463028940125906 5.46185244625693 228.111920496015
0 1.36007100003771 0.153176069376059 0.901521474262699 0.606086037587374 1.99901151005179 0.966666666666667 9.12926868681098 5.82762628926133 0.0368226402958675 6.10978383742156 228.170807863197
0 1.32864628176587 0.138388629050671 0.928803724534067 0.874757940085144 2.36703011855842 1 9.13593645860028 5.75742855462735 0.0340982947261831 6.10798752997192 230.769683091675
0 1.49772958524991 0.390475677931681 0.708209985611029 0.86875797919929 2.88760642148554 1 9.34947893168294 6.18614003444267 0.042284322113781 6.38136470294509 207.503718152704
0.00420168067226891 1.43691317951724 0.253140558673265 0.732705205853372 0.767411232859096 2.1729642538134 1 9.68529422860396 6.45598441799746 0.0395848103784967 6.70853168411283 219.74186796556
0 1.4377375521075 0.382095263479942 0.60659249621651 0.558153010023507 1.9928246021218 0.966666666666667 8.82959983557763 5.65960235752705 0.0420037038345284 5.73512519977021 229.368228998247
0 1.42921139443569 0.369484940103567 0.777501860546035 0.80793672326773 2.78812240737446 1 9.03899436289521 5.85698031972819 0.0415019841034345 6.00100225158847 212.154889061981
0.00420168067226891 1.36493056120206 0.206177076829341 0.730102951353908 0.743303458411311 2.31864025129844 0.966666666666667 9.06515512936784 5.91638793621392 0.0429049878394003 5.97582565322353 243.157825746482
0 1.29596718297941 0.192835120314167 0.69309874583827 0.725053586347684 2.25952238649038 0.966666666666667 8.58373616780768 5.48063892334199 0.0449098898546236 5.51120157375216 238.879273191264
0.00420168067226891 1.32857354570105 0.170257365230482 0.79021354584381 0.73120539367674 2.13844514759123 0.966666666666667 8.89712119251794 5.66976200984642 0.0396621009735114 5.79437937000843 236.345698747955
0.00420168067226891 1.38690326915867 0.217726509827569 0.788017648448329 0.49935984527338 2.21061509371651 1 9.48964747204577 6.45880839226201 0.048275114454551 6.46328943352424 229.470077387533
0.00420168067226891 1.38674655800005 0.222120639334559 0.664878763993791 0.728723765521251 1.70493819130669 1 9.35968523663631 6.02739459554781 0.0357112097427093 6.29514299264436 250.960255900175
0.00420168067226891 1.33658092896018 0.203246704559447 0.634424693223614 0.308125758957727 1.95069727695368 0.966666666666667 8.97498462337163 6.10410025837378 0.0566488061993856 5.7857331752766 274.61416476503
0 1.27609225591333 0.129595498239171 0.88726829405289 0.546535677003869 1.53054479552185 1 9.01514834486891 5.5684717221316 0.0318513146112487 5.88109148962661 242.394012533977
0 1.34374386937154 0.220370005653276 0.769579865900848 0.749483078749684 2.15744741436924 0.966666666666667 8.85464032213187 5.58206931236649 0.0379088376854103 5.76896733859339 238.609510201593
0.00420168067226891 1.4188737155039 0.377904678872444 0.626613986472956 0.403203165371202 1.5746078627968 1 9.09430081557617 5.79899163925765 0.0370565862569816 6.02069967237632 234.140798422255
0 1.361792098267 0.204971221110731 0.760474321159786 0.486171625180512 2.44113091921063 0.966666666666667 9.20753990259561 6.31379789012599 0.0553686343533122 6.1300263693271 227.35624028206
0.00420168067226891 1.32202390198592 0.170759164815922 0.824280357204744 0.357379903827928 2.13196366752368 1 9.14853234187497 6.15542410506874 0.0501313741272751 6.10613162208611 233.410946752662
0.00420168067226891 1.4167332369898 0.271807363633779 0.846419786952648 0.530148003248599 2.38714632095691 1 9.24065616917813 6.14031549384034 0.0450338578552164 6.25638963243715 216.748569136214
0 1.38779142159037 0.343207601597533 0.653860165493097 0.325994765153155 1.35861164843664 1 8.73986729922575 5.38861500452882 0.035040445649158 5.63121178182137 237.789291844961
0 1.40569832843319 0.307895167163531 0.727675769523704 0.586756604049809 1.67600244427014 1 9.17112472547673 5.79372473758565 0.0341360937104585 6.18469856801605 228.092613110386
0.00420168067226891 1.34698245860268 0.153722843556733 0.611177926463411 0.699172664750072 2.40752830732931 0.966666666666667 9.36343137724613 6.45720262629928 0.0546815592869295 6.33002819127013 238.901955386467
0.00420168067226891 1.43321356620505 0.290155861867318 0.692565852914704 0.867376315301906 2.62069670254978 0.966666666666667 9.4448753456921 6.29475690126319 0.0428470515719222 6.39600969194979 220.00683239517
0.00420168067226891 1.32831588221271 0.191870254181317 0.888165289417641 0.45874485605541 1.74408180075192 1 9.10193819812555 5.73957852692812 0.0346533917824504 6.07335170658017 234.605830569437
0 1.32864628176587 0.138388629050671 0.928803724534067 0.874757940085144 2.36703011855842 1 9.13593645860028 5.75742855462735 0.0340982947261831 6.10798752997192 230.769683091675
0.00420168067226891 1.36463638128891 0.22538571292962 0.828430990326778 0.570347181200698 2.37354099548584 0.966666666666667 9.19336959327811 6.12120644105733 0.046320847362514 6.18457539080178 219.126587263461
0.00420168067226891 1.37976915683423 0.234942115580429 0.680141747752409 0.789643039169474 2.66933468372391 1 9.23196160604207 6.21180417108946 0.0487935359492688 6.21380777825142 226.483056366824
0.00420168067226891 1.351601388392 0.185616024704856 0.739897327551007 0.753637741824624 2.02386104076684 1 9.11038743121717 5.87014401187143 0.0391543630094598 6.00569612935471 246.483139844651
0.00420168067226891 1.39950481847108 0.280595453536137 0.683554046577421 0.407511873758034 1.73811312710991 1 9.2558585222752 6.12037067634082 0.043478537826742 6.18908514119111 240.927988538217
0.00420168067226891 1.351601388392 0.185616024704856 0.739897327551007 0.753637741824624 2.02386104076684 1 9.11038743121717 5.87014401187143 0.0391543630094598 6.00569612935471 246.483139844651
0.00420168067226891 1.36270473419506 0.191605826355499 0.945743819547856 0.591538707844694 2.29261524567297 1 9.18001517613007 5.97508106785746 0.0405615742220115 6.12482925917541 226.716648232243
0 1.33137235897575 0.147445938298411 0.911965282214949 0.582745733512579 1.8669225832923 1 9.33164017949792 5.99504147559832 0.0355576945221132 6.30828057428483 221.651717057193
0 1.4377375521075 0.382095263479942 0.60659249621651 0.558153010023507 1.9928246021218 0.966666666666667 8.82959983557763 5.65960235752705 0.0420037038345284 5.73512519977021 229.368228998247
0 1.361792098267 0.204971221110731 0.760474321159786 0.486171625180512 2.44113091921063 0.966666666666667 9.20753990259561 6.31379789012599 0.0553686343533122 6.1300263693271 227.35624028206
0 1.44178605352569 0.256244395248731 0.699447166555372 0.561392408679901 2.06250534757588 0.966666666666667 9.68104203340283 6.59072725519767 0.0454876336351341 6.79017480901484 222.13376733025
0.00420168067226891 1.31756369802169 0.165930112171918 0.631840676162392 0.588344991859049 1.78464712481946 0.966666666666667 9.18849662853623 6.06097452625103 0.0438262598067204 6.06169802803105 234.497570141961
0 1.3507932104655 0.193213712615845 0.677337801980489 0.514815606512089 1.50068800911296 0.933333333333333 9.22710266785948 5.96559713757097 0.0383306466057675 6.09268256588967 260.814228003647
0 1.40569832843319 0.307895167163531 0.727675769523704 0.586756604049809 1.67600244427014 1 9.17112472547673 5.79372473758565 0.0341360937104585 6.18469856801605 228.092613110386
0.00420168067226891 1.45494948150014 0.37750957248837 0.612252247862064 0.780564621507904 1.8987692903445 1 9.17881186447159 5.79717161853281 0.0339916543109646 6.09326874656303 234.499536825431
0 1.27609225591333 0.129595498239171 0.88726829405289 0.546535677003869 1.53054479552185 1 9.01514834486891 5.5684717221316 0.0318513146112487 5.88109148962661 242.394012533977
0.00420168067226891 1.36463638128891 0.22538571292962 0.828430990326778 0.570347181200698 2.37354099548584 0.966666666666667 9.19336959327811 6.12120644105733 0.046320847362514 6.18457539080178 219.126587263461
0 1.39788700857261 0.351089219776974 0.649568424607482 0.451256441501557 1.41096089303795 1 8.89770509742798 5.46651182637723 0.0323483174227062 5.79889061384968 242.008300899991
0 1.39495990106658 0.300784135385232 0.756187605306414 0.374045317745717 1.38233734811236 0.966666666666667 9.09701720389534 5.69233792456501 0.0332174719036033 5.97301961841145 238.513807527206
0 1.38678677612695 0.284352309213957 0.91148806365245 0.367615217345331 2.42388357743141 0.966666666666667 8.95894367430139 5.88284201186377 0.0461387710220496 5.9148069082166 222.516662138391
0.00420168067226891 1.37277910238727 0.192703983933204 0.689827032601416 0.323749334893783 1.43168211895985 1 9.61732654490073 6.41863678587672 0.0408156472924548 6.65535454660081 236.53554108949
0.00420168067226891 1.45494948150014 0.37750957248837 0.612252247862064 0.780564621507904 1.8987692903445 1 9.17881186447159 5.79717161853281 0.0339916543109646 6.09326874656303 234.499536825431
0 1.34768799154554 0.278527856688015 0.633746231975965 0.405919575830922 2.33562467154115 1 8.67164668253439 5.79858747637451 0.056525737919373 5.53510080356628 241.110781357639
0.00420168067226891 1.31997039079926 0.119646635945761 0.879330514355603 0.366135792374629 2.09647887251611 1 9.1593873705596 6.09432193254769 0.0466507890296987 6.16947125275066 227.821205195272
0 1.36132785003801 0.320217742920968 0.73612819217112 0.381497939544035 2.26451754882034 0.966666666666667 8.75005488548289 5.72886749692731 0.0487433067424325 5.67698995765963 226.915600676939
0 1.41705430316074 0.275264423834655 0.821892814836987 0.598124591135347 2.05379546626216 0.966666666666667 9.4217519234486 6.16708265140214 0.0385935825294748 6.49942399835744 217.245867916724
0 1.38779142159037 0.343207601597533 0.653860165493097 0.325994765153155 1.35861164843664 1 8.73986729922575 5.38861500452882 0.035040445649158 5.63121178182137 237.789291844961
0 1.45213519805317 0.377262972645176 0.621739139513137 0.455837230344864 2.48774289380404 1 9.23679403463324 6.35146728113939 0.0558365417702781 6.16324462613363 224.310536251842
0.00420168067226891 1.35286354618952 0.23767467222171 0.643444884666748 0.713048971798297 2.53269788045281 0.966666666666667 9.07564968694216 6.11840096475085 0.0519616817120131 5.98332808743676 237.922714354763
0 1.27609225591333 0.129595498239171 0.88726829405289 0.546535677003869 1.53054479552185 1 9.01514834486891 5.5684717221316 0.0318513146112487 5.88109148962661 242.394012533977
0.00420168067226891 1.36429292347942 0.194445277969861 0.832007384731422 0.55472341164445 2.3157825845244 1 9.40865283444596 6.33138321889527 0.0460849145578358 6.33090855411835 235.80439077071
0.00420168067226891 1.45340446742009 0.345010723311092 0.673404975037742 0.635879047492628 2.30595765901475 0.966666666666667 9.06733766675585 5.97196532205655 0.0452581576874418 5.9946491261216 234.022318340345
0.00420168067226891 1.37709748136626 0.1883134292803 0.905248719573955 0.524649979946142 2.3208590624913 0.966666666666667 9.36277430810592 6.25057418414675 0.0445029355771821 6.39554939274719 224.26497851285
0.00420168067226891 1.35641570004616 0.14118320299273 0.665326424625619 0.662502160602161 1.62081562872749 1 9.5047025825396 6.21073393687359 0.0371062950573779 6.64703965476017 249.644106550346
0 1.33059941966517 0.243210189737234 0.7713928174973 0.649441040664813 2.4704975572622 1 8.47604475473065 5.41832015894273 0.0469945051509868 5.39771011042607 232.789933055921
0 1.34768799154554 0.278527856688015 0.633746231975965 0.405919575830922 2.33562467154115 1 8.67164668253439 5.79858747637451 0.056525737919373 5.53510080356628 241.110781357639
0.00420168067226891 1.31997039079926 0.119646635945761 0.879330514355603 0.366135792374629 2.09647887251611 1 9.1593873705596 6.09432193254769 0.0466507890296987 6.16947125275066 227.821205195272
0.00420168067226891 1.41126689320611 0.307068910930133 0.843060986958201 0.621589029542999 2.73081472204094 1 9.02680207525433 5.95730434129455 0.0464444764834038 6.00864937186208 218.12940170696
0 1.34348542848454 0.244816103000972 0.625460243451496 0.860324264637504 2.64269099099299 1 8.53680625826331 5.46425544409147 0.0463028940125906 5.46185244625693 228.111920496015
0 1.35348699796735 0.28992636690522 0.733822660532036 0.37874989205315 1.95701542124481 1 8.63638560380486 5.51611331153565 0.0441451464009279 5.55037226135667 226.980310367246
0 1.49772958524991 0.390475677931681 0.708209985611029 0.86875797919929 2.88760642148554 1 9.34947893168294 6.18614003444267 0.042284322113781 6.38136470294509 207.503718152704
0 1.32864628176587 0.138388629050671 0.928803724534067 0.874757940085144 2.36703011855842 1 9.13593645860028 5.75742855462735 0.0340982947261831 6.10798752997192 230.769683091675
0 1.361792098267 0.204971221110731 0.760474321159786 0.486171625180512 2.44113091921063 0.966666666666667 9.20753990259561 6.31379789012599 0.0553686343533122 6.1300263693271 227.35624028206
0 1.49772958524991 0.390475677931681 0.708209985611029 0.86875797919929 2.88760642148554 1 9.34947893168294 6.18614003444267 0.042284322113781 6.38136470294509 207.503718152704
0 1.41705430316074 0.275264423834655 0.821892814836987 0.598124591135347 2.05379546626216 0.966666666666667 9.4217519234486 6.16708265140214 0.0385935825294748 6.49942399835744 217.245867916724
0 1.27609225591333 0.129595498239171 0.88726829405289 0.546535677003869 1.53054479552185 1 9.01514834486891 5.5684717221316 0.0318513146112487 5.88109148962661 242.394012533977
0.00420168067226891 1.37333426014064 0.242121774407544 0.85797739890049 0.661244273906731 2.39937928753071 1 8.79053797436781 5.61312810638807 0.0416935070731868 5.69462960352527 234.657241490576
0 1.41033759711871 0.174309218131765 0.692104134791372 0.802778101796868 2.21448591374415 0.966666666666667 9.71139148391469 6.54658749873177 0.0422224172224172 6.90215341088012 221.934630031894
0.00420168067226891 1.3448276808383 0.227827824534016 0.809166886868097 0.300485318734605 1.99260979412956 0.966666666666667 9.07926507398086 6.02160904990595 0.0469977277551951 5.98904783610955 236.70801435467
0 1.34374386937154 0.220370005653276 0.769579865900848 0.749483078749684 2.15744741436924 0.966666666666667 8.85464032213187 5.58206931236649 0.0379088376854103 5.76896733859339 238.609510201593
0 1.37878970465641 0.255098194868592 0.927492121433018 0.507423181824857 2.3899277604404 0.966666666666667 8.98911738898248 5.7953238057783 0.0410159779045456 5.94641307496674 224.592403069512
0.00420168067226891 1.48968919865592 0.396397099192577 0.740268151104413 0.525997171140099 2.34946520691466 1 9.32676248199322 6.2205238988515 0.044769034034435 6.3203485418983 220.085202445083
0.00420168067226891 1.44000619449077 0.306846548049717 0.645573552830406 0.781283710669494 2.28716890966192 0.966666666666667 9.38101680048984 6.221686436054 0.0424541603797995 6.31672888907502 230.205108258687
0 1.27609225591333 0.129595498239171 0.88726829405289 0.546535677003869 1.53054479552185 1 9.01514834486891 5.5684717221316 0.0318513146112487 5.88109148962661 242.394012533977
0.00420168067226891 1.31756369802169 0.165930112171918 0.631840676162392 0.588344991859049 1.78464712481946 0.966666666666667 9.18849662853623 6.06097452625103 0.0438262598067204 6.06169802803105 234.497570141961
0 1.40175372452941 0.157773154904135 0.670839296269696 0.841703938879073 2.27394297998399 0.966666666666667 9.64242502664611 6.4802032123408 0.0423315836010163 6.93409497845053 217.7444160883
0.00420168067226891 1.33177465674183 0.208018895148597 0.637833394738808 0.569495675672536 2.05153524025758 1 8.95380806851662 5.90599743167791 0.0474627238614676 5.78955234054902 243.105714621
0 1.38779142159037 0.343207601597533 0.653860165493097 0.325994765153155 1.35861164843664 1 8.73986729922575 5.38861500452882 0.035040445649158 5.63121178182137 237.789291844961
0 1.35348699796735 0.28992636690522 0.733822660532036 0.37874989205315 1.95701542124481 1 8.63638560380486 5.51611331153565 0.0441451464009279 5.55037226135667 226.980310367246
0.00420168067226891 1.40182854907708 0.264614452803674 0.808056229933705 0.561308776112074 2.19687849903036 1 9.32602639562418 6.17489659818596 0.0428037399827194 6.30335130825658 221.410483465605
0 1.47021096977122 0.371233037945095 0.827575038995917 0.737109241056019 2.46612464907256 1 9.0277067665001 5.7603728259446 0.0381078896615744 5.97964497030264 220.408660338317
0 1.27609225591333 0.129595498239171 0.88726829405289 0.546535677003869 1.53054479552185 1 9.01514834486891 5.5684717221316 0.0318513146112487 5.88109148962661 242.394012533977
0 1.3507932104655 0.193213712615845 0.677337801980489 0.514815606512089 1.50068800911296 0.933333333333333 9.22710266785948 5.96559713757097 0.0383306466057675 6.09268256588967 260.814228003647
0 1.43286395589329 0.307066661150942 0.79866772513906 0.43531306377013 2.49852812653153 0.966666666666667 9.32509660927437 6.36028951755788 0.0515704166461705 6.29341927884648 220.556259435788
0 1.35128322533008 0.253221013641572 0.705882836018154 0.832589422541998 2.24572367695519 0.966666666666667 8.82523554497703 5.57398793366109 0.0387258628554052 5.73255980881444 231.138631417692
0.00420168067226891 1.39997245796245 0.169850670680517 0.73749076950656 0.758118125601083 2.5121477611129 0.966666666666667 9.42787928106704 6.37930396701251 0.0474264440708623 6.49724297241108 232.50893857799
0 1.45052932359264 0.351091980978516 0.744481733254522 0.772491763851447 2.10090980034073 1 9.00798752174394 5.63455147958198 0.0342716758759723 5.94907883061154 227.939143274001
0.00420168067226891 1.39950481847108 0.280595453536137 0.683554046577421 0.407511873758034 1.73811312710991 1 9.2558585222752 6.12037067634082 0.043478537826742 6.18908514119111 240.927988538217
0 1.41705430316074 0.275264423834655 0.821892814836987 0.598124591135347 2.05379546626216 0.966666666666667 9.4217519234486 6.16708265140214 0.0385935825294748 6.49942399835744 217.245867916724
0.00420168067226891 1.39950481847108 0.280595453536137 0.683554046577421 0.407511873758034 1.73811312710991 1 9.2558585222752 6.12037067634082 0.043478537826742 6.18908514119111 240.927988538217
0.00420168067226891 1.48465627822888 0.393804389178658 0.714640600635376 0.773245277694803 2.31197962335352 1 9.26410860118436 5.98469166282055 0.0376502027974679 6.23270993378617 218.564892715745
0.00420168067226891 1.35361879529828 0.254721960418016 0.720218390277945 0.464211663516856 2.1198801681871 1 8.67282848294769 5.64273415198012 0.0483110806801324 5.5970630113558 232.408642172988
0 1.36783677349568 0.261757962204862 0.687183429156185 0.613985622224919 1.86737763783983 1 8.71405299829424 5.47632407219072 0.0392529402746446 5.59371956201496 231.480323507276
0.00420168067226891 1.37676587352377 0.241844443105933 0.75899641025169 0.482092092162931 1.89304049497527 1 9.22897237972406 6.08980044782884 0.043318653849929 6.14967838966961 235.000709258269
0 1.46281438542191 0.343633651625765 0.675822837683413 0.509838501402904 1.92096676355393 0.966666666666667 9.45025287995909 6.27339736560565 0.0417166264275832 6.52588882955376 215.464222343304
0.00420168067226891 1.36493056120206 0.206177076829341 0.730102951353908 0.743303458411311 2.31864025129844 0.966666666666667 9.06515512936784 5.91638793621392 0.0429049878394003 5.97582565322353 243.157825746482
0 1.38779142159037 0.343207601597533 0.653860165493097 0.325994765153155 1.35861164843664 1 8.73986729922575 5.38861500452882 0.035040445649158 5.63121178182137 237.789291844961
0.00420168067226891 1.46941062560083 0.330821288798055 0.756312905480453 0.631433685465746 2.54060658646131 1 9.42243106487702 6.36366008770444 0.046945356694115 6.3987058546174 215.379192113352
0.00420168067226891 1.34675056630937 0.152613350550626 0.767846421788691 0.443611334605596 1.46039871555828 1 9.37510311557256 6.06649471295797 0.0365670249396439 6.32070834041502 257.997911356736
0.00420168067226891 1.351601388392 0.185616024704856 0.739897327551007 0.753637741824624 2.02386104076684 1 9.11038743121717 5.87014401187143 0.0391543630094598 6.00569612935471 246.483139844651
0 1.47241622339047 0.393249589517379 0.672160717163211 0.713322695850802 1.91620731335322 1 9.22265424409746 5.85650356167386 0.0345222690860242 6.1517392936432 226.391915555725
0 1.37345471239394 0.336751197215773 0.608455220143435 0.55310497750766 1.75153020484713 1 8.67726913926287 5.40537643884144 0.0379345603271984 5.59879226079857 235.151756937178
0.00420168067226891 1.36493056120206 0.206177076829341 0.730102951353908 0.743303458411311 2.31864025129844 0.966666666666667 9.06515512936784 5.91638793621392 0.0429049878394003 5.97582565322353 243.157825746482
0.00420168067226891 1.3900461863286 0.281755398615381 0.711069502891582 0.873938254741644 2.03147973268098 1 9.2339006363852 5.85488088198788 0.0340808459655154 6.1566964598032 231.310536574767
0.00420168067226891 1.37149910976436 0.222916496048959 0.70058782649555 0.589915467595951 2.11674115720054 1 9.42279499974478 6.34808948979667 0.0462032327708193 6.40500804806742 234.530672963099
0 1.4203788247023 0.376487985588639 0.71562760520763 0.616678944212167 2.86260044796139 1 8.74817792018947 5.76205138278018 0.0504826009652019 5.69586230385506 222.377983492355
0.00420168067226891 1.46167741194067 0.373745484023363 0.71298625609521 0.580964812625025 2.01440099387196 1 9.39827945422084 6.13887829899681 0.0384113935938657 6.41918026415097 217.177777630103
0 1.36556464575382 0.277076426831182 0.824896338704139 0.521590350933507 2.36244566090134 0.966666666666667 8.77108131639091 5.67828781637523 0.0453750220695633 5.70985594774596 223.898103836913
0.00420168067226891 1.41542551222414 0.188321659514571 0.611936144833227 0.402649191202361 1.50185976824352 1 9.80166890519893 6.66048978554752 0.043231792381107 7.05499642860369 232.2887670632
0.00420168067226891 1.45371568348288 0.314882297426076 0.696358266085948 0.573444448641544 2.14685577172892 1 9.43001123381142 6.33930054237951 0.0454696280438855 6.40108766536481 221.073709737015
0.00420168067226891 1.46895419209668 0.375110310808039 0.650534856148519 0.307872071820945 1.43787921016209 1 9.44675546548363 6.15697898558556 0.0372621773111234 6.40918755261165 224.996814693739
0.00420168067226891 1.44113697562256 0.326354213152169 0.619766474838793 0.789477575776549 1.98652620763473 1 9.32208446915295 6.01891757388928 0.0367665470328019 6.34000650781653 226.07999333823
0.00420168067226891 1.29254150778799 0.113452371945688 0.814396736594089 0.888920402946544 2.51732356482023 0.966666666666667 8.88337248080352 5.66068298439573 0.039847743650805 5.81741899435074 235.686058295154
0.00420168067226891 1.36429292347942 0.194445277969861 0.832007384731422 0.55472341164445 2.3157825845244 1 9.40865283444596 6.33138321889527 0.0460849145578358 6.33090855411835 235.80439077071
0 1.44178605352569 0.256244395248731 0.699447166555372 0.561392408679901 2.06250534757588 0.966666666666667 9.68104203340283 6.59072725519767 0.0454876336351341 6.79017480901484 222.13376733025
0.00420168067226891 1.41302201751438 0.274461683215902 0.631346438100439 0.859137141296833 2.73761837636525 1 9.10426478590162 6.05982388462133 0.0476229304651102 5.99495843636224 226.528379944698
0 1.42253318952921 0.249333328980822 0.922944480297545 0.581913398172328 2.51950374016959 1 9.48698930254647 6.33245039158207 0.0426580656250711 6.53175188102359 211.030646708844
0 1.36007100003771 0.153176069376059 0.901521474262699 0.606086037587374 1.99901151005179 0.966666666666667 9.12926868681098 5.82762628926133 0.0368226402958675 6.10978383742156 228.170807863197
0.00420168067226891 1.42438781127733 0.328911140574022 0.781489345210906 0.456184624758035 1.92761267546842 1 9.22335201881696 5.9909644220663 0.0394631640942457 6.20260299129476 216.310162157562
0.00420168067226891 1.31756369802169 0.165930112171918 0.631840676162392 0.588344991859049 1.78464712481946 0.966666666666667 9.18849662853623 6.06097452625103 0.0438262598067204 6.06169802803105 234.497570141961
0 1.37873862909146 0.262099376271926 0.826173476314356 0.413292213509808 1.50809220415195 0.966666666666667 9.24231673833794 5.83450821096742 0.0331136886611917 6.10278999574847 240.113368917513
0.00420168067226891 1.44844191441656 0.30846336032289 0.67294513430623 0.72360075481502 2.71321769564405 1 9.06143038016737 6.09522378139883 0.05149829396427 5.99038062654494 229.932818698399
0 1.40175372452941 0.157773154904135 0.670839296269696 0.841703938879073 2.27394297998399 0.966666666666667 9.64242502664611 6.4802032123408 0.0423315836010163 6.93409497845053 217.7444160883
0 1.36556464575382 0.277076426831182 0.824896338704139 0.521590350933507 2.36244566090134 0.966666666666667 8.77108131639091 5.67828781637523 0.0453750220695633 5.70985594774596 223.898103836913
0 1.41407368717376 0.215737183762487 0.819727575993085 0.63754879897992 1.59815733312496 1 9.51031409166552 6.0438988569564 0.0312287780870089 6.56380851085239 230.498489674302
0 1.38779142159037 0.343207601597533 0.653860165493097 0.325994765153155 1.35861164843664 1 8.73986729922575 5.38861500452882 0.035040445649158 5.63121178182137 237.789291844961
0.00420168067226891 1.34698245860268 0.153722843556733 0.611177926463411 0.699172664750072 2.40752830732931 0.966666666666667 9.36343137724613 6.45720262629928 0.0546815592869295 6.33002819127013 238.901955386467
0.00420168067226891 1.37676587352377 0.241844443105933 0.75899641025169 0.482092092162931 1.89304049497527 1 9.22897237972406 6.08980044782884 0.043318653849929 6.14967838966961 235.000709258269
0.00420168067226891 1.41375285505957 0.299975930541821 0.610801546932532 0.611367651382911 1.92512316556992 1 9.088146372306 5.93700836131192 0.0428033884132538 6.03212652882687 227.723996081833
0.00420168067226891 1.38713708989246 0.253848632776313 0.627434709278088 0.826394294569968 2.04155223355333 1 9.09737322130766 5.83471326642556 0.0382864222963643 5.96117714616953 248.002191084085
0.00420168067226891 1.410408945659 0.17496693151758 0.841730315550864 0.689392280815681 1.92889112350103 1 9.64288440306154 6.3216671707156 0.0361088521299789 6.87371578675861 225.507158233814
0.00420168067226891 1.351601388392 0.185616024704856 0.739897327551007 0.753637741824624 2.02386104076684 1 9.11038743121717 5.87014401187143 0.0391543630094598 6.00569612935471 246.483139844651
0 1.4203788247023 0.376487985588639 0.71562760520763 0.616678944212167 2.86260044796139 1 8.74817792018947 5.76205138278018 0.0504826009652019 5.69586230385506 222.377983492355
0.00420168067226891 1.35406035540915 0.115890108280395 0.905973717374846 0.758967365337573 2.46332717748879 0.966666666666667 9.48172221106613 6.27580051033378 0.0405215356912845 6.53308690759618 223.524418043882
0.00420168067226891 1.37167469015507 0.250349387400207 0.887075365628669 0.353509929101193 1.82991579789769 1 8.92147537792622 5.66965101149543 0.0387035339556987 5.83422577068149 227.663164242088
0 1.40569832843319 0.307895167163531 0.727675769523704 0.586756604049809 1.67600244427014 1 9.17112472547673 5.79372473758565 0.0341360937104585 6.18469856801605 228.092613110386
0.00420168067226891 1.31756369802169 0.165930112171918 0.631840676162392 0.588344991859049 1.78464712481946 0.966666666666667 9.18849662853623 6.06097452625103 0.0438262598067204 6.06169802803105 234.497570141961
0.00420168067226891 1.44844191441656 0.30846336032289 0.67294513430623 0.72360075481502 2.71321769564405 1 9.06143038016737 6.09522378139883 0.05149829396427 5.99038062654494 229.932818698399
0 1.33834746136384 0.200309678619062 0.799392273575249 0.859147017767699 2.43372902888932 1 8.73062574323525 5.47422953815681 0.0385269915126449 5.65120180224545 234.363861505626
0 1.38394620497713 0.209430522198059 0.783002595340149 0.455905418521993 2.64206199117522 1 9.33259045255158 6.48096438415922 0.0577503384845919 6.33588133254007 229.268735878736
0.00420168067226891 1.45362126184607 0.312160123705959 0.732213358818384 0.753166084362015 2.80427804972444 1 9.28386650822955 6.25177542276363 0.0482147115572224 6.28847794698865 223.426472684929
0 1.36783677349568 0.261757962204862 0.687183429156185 0.613985622224919 1.86737763783983 1 8.71405299829424 5.47632407219072 0.0392529402746446 5.59371956201496 231.480323507276
0 1.41237278325421 0.258447646792765 0.945519783440867 0.613422875109559 2.68777487263414 0.966666666666667 9.32180155103159 6.18201365880951 0.0432919794937599 6.29507511924519 214.756816725464
0 1.42087623601366 0.216297410267281 0.914963803432701 0.531018996453405 2.30825285654928 0.966666666666667 9.38509023223924 6.20267511375407 0.041485342019544 6.58650453642324 214.739523174576
0.00420168067226891 1.41375285505957 0.299975930541821 0.610801546932532 0.611367651382911 1.92512316556992 1 9.088146372306 5.93700836131192 0.0428033884132538 6.03212652882687 227.723996081833
0 1.40922564309411 0.276762979926246 0.949119223806809 0.505922755957628 2.09838443283842 1 9.24495433649223 5.93586374309318 0.0365493969075816 6.23087507088606 215.321677063256
0 1.27609225591333 0.129595498239171 0.88726829405289 0.546535677003869 1.53054479552185 1 9.01514834486891 5.5684717221316 0.0318513146112487 5.88109148962661 242.394012533977
0 1.44178605352569 0.256244395248731 0.699447166555372 0.561392408679901 2.06250534757588 0.966666666666667 9.68104203340283 6.59072725519767 0.0454876336351341 6.79017480901484 222.13376733025
0 1.50568642825822 0.373973763474213 0.699330478219431 0.585615934419541 1.86304286028272 1 9.59060618359581 6.29187773391349 0.0369300960342022 6.71889237414476 217.527631378827
0.00420168067226891 1.36429292347942 0.194445277969861 0.832007384731422 0.55472341164445 2.3157825845244 1 9.40865283444596 6.33138321889527 0.0460849145578358 6.33090855411835 235.80439077071
0 1.44178605352569 0.256244395248731 0.699447166555372 0.561392408679901 2.06250534757588 0.966666666666667 9.68104203340283 6.59072725519767 0.0454876336351341 6.79017480901484 222.13376733025
0 1.41705430316074 0.275264423834655 0.821892814836987 0.598124591135347 2.05379546626216 0.966666666666667 9.4217519234486 6.16708265140214 0.0385935825294748 6.49942399835744 217.245867916724
0.00420168067226891 1.39131652706809 0.257381096699306 0.86411075433163 0.514746051552152 1.96449798231536 1 9.26797385813659 5.99703235141145 0.0379706606083109 6.27432250219427 219.723346985509
0 1.361792098267 0.204971221110731 0.760474321159786 0.486171625180512 2.44113091921063 0.966666666666667 9.20753990259561 6.31379789012599 0.0553686343533122 6.1300263693271 227.35624028206
0.00420168067226891 1.39068487910919 0.276075751007761 0.894330987594125 0.766844130447449 2.29093135773132 1 9.17168962969197 5.81651574464344 0.0349033004649616 6.16380591149181 227.502533890692
0 1.42921139443569 0.369484940103567 0.777501860546035 0.80793672326773 2.78812240737446 1 9.03899436289521 5.85698031972819 0.0415019841034345 6.00100225158847 212.154889061981
0 1.29596718297941 0.192835120314167 0.69309874583827 0.725053586347684 2.25952238649038 0.966666666666667 8.58373616780768 5.48063892334199 0.0449098898546236 5.51120157375216 238.879273191264
0.00420168067226891 1.43402703383391 0.340359273086599 0.814155972790403 0.347399836503761 1.67881169519224 1 9.10243588241829 5.7480119903098 0.0349294875127175 6.07932278762967 228.677092541027
0 1.33834746136384 0.200309678619062 0.799392273575249 0.859147017767699 2.43372902888932 1 8.73062574323525 5.47422953815681 0.0385269915126449 5.65120180224545 234.363861505626
0.00420168067226891 1.45362126184607 0.312160123705959 0.732213358818384 0.753166084362015 2.80427804972444 1 9.28386650822955 6.25177542276363 0.0482147115572224 6.28847794698865 223.426472684929
0.00420168067226891 1.36426505450141 0.273682641151055 0.688136447773685 0.774841936394065 2.48138929905811 1 8.86584806035873 5.76445938268739 0.0449866869890015 5.80674010569772 227.70764549906
0 1.39262203283185 0.236026047661425 0.886600031285153 0.776544193987875 2.34575652014757 0.966666666666667 9.15474746636843 5.84932477994686 0.0366837028558097 6.12007003425296 228.372779809505
0.00420168067226891 1.43402703383391 0.340359273086599 0.814155972790403 0.347399836503761 1.67881169519224 1 9.10243588241829 5.7480119903098 0.0349294875127175 6.07932278762967 228.677092541027
0 1.42331034211902 0.184951188778381 0.695502932748143 0.80406548296793 2.87095407626745 1 9.55534278960077 6.62609945660026 0.0534374572117904 6.68294367056723 219.966393702235
0.00420168067226891 1.45362126184607 0.312160123705959 0.732213358818384 0.753166084362015 2.80427804972444 1 9.28386650822955 6.25177542276363 0.0482147115572224 6.28847794698865 223.426472684929
0.00420168067226891 1.37333426014064 0.242121774407544 0.85797739890049 0.661244273906731 2.39937928753071 1 8.79053797436781 5.61312810638807 0.0416935070731868 5.69462960352527 234.657241490576
0.00420168067226891 1.351601388392 0.185616024704856 0.739897327551007 0.753637741824624 2.02386104076684 1 9.11038743121717 5.87014401187143 0.0391543630094598 6.00569612935471 246.483139844651
0 1.28746105771303 0.115114448314787 0.892910193404728 0.409376914476102 2.12830039901973 0.966666666666667 8.68337368506079 5.57385705217409 0.0446225191865151 5.59586441284726 234.351297543389
0.00420168067226891 1.32739347996095 0.135834659315651 0.693030746885002 0.581287439338998 2.11684451743544 1 9.4139150286766 6.42524712637566 0.050354469139294 6.2767687947738 246.747336756683
0.00420168067226891 1.37149910976436 0.222916496048959 0.70058782649555 0.589915467595951 2.11674115720054 1 9.42279499974478 6.34808948979667 0.0462032327708193 6.40500804806742 234.530672963099
0.00420168067226891 1.40182854907708 0.264614452803674 0.808056229933705 0.561308776112074 2.19687849903036 1 9.32602639562418 6.17489659818596 0.0428037399827194 6.30335130825658 221.410483465605
0.00420168067226891 1.28767192249147 0.127018155239936 0.810203200162202 0.709718536171126 2.54856005370034 1 8.77212477360483 5.71373280550937 0.0469631527826572 5.67435366396539 233.435131318627
0 1.36783677349568 0.261757962204862 0.687183429156185 0.613985622224919 1.86737763783983 1 8.71405299829424 5.47632407219072 0.0392529402746446 5.59371956201496 231.480323507276
0.00420168067226891 1.46167741194067 0.373745484023363 0.71298625609521 0.580964812625025 2.01440099387196 1 9.39827945422084 6.13887829899681 0.0384113935938657 6.41918026415097 217.177777630103
0 1.40175372452941 0.157773154904135 0.670839296269696 0.841703938879073 2.27394297998399 0.966666666666667 9.64242502664611 6.4802032123408 0.0423315836010163 6.93409497845053 217.7444160883
0 1.42921139443569 0.369484940103567 0.777501860546035 0.80793672326773 2.78812240737446 1 9.03899436289521 5.85698031972819 0.0415019841034345 6.00100225158847 212.154889061981
0 1.27609225591333 0.129595498239171 0.88726829405289 0.546535677003869 1.53054479552185 1 9.01514834486891 5.5684717221316 0.0318513146112487 5.88109148962661 242.394012533977
0 1.39495990106658 0.300784135385232 0.756187605306414 0.374045317745717 1.38233734811236 0.966666666666667 9.09701720389534 5.69233792456501 0.0332174719036033 5.97301961841145 238.513807527206
0 1.42253318952921 0.249333328980822 0.922944480297545 0.581913398172328 2.51950374016959 1 9.48698930254647 6.33245039158207 0.0426580656250711 6.53175188102359 211.030646708844
0.00420168067226891 1.41126689320611 0.307068910930133 0.843060986958201 0.621589029542999 2.73081472204094 1 9.02680207525433 5.95730434129455 0.0464444764834038 6.00864937186208 218.12940170696
0 1.27609225591333 0.129595498239171 0.88726829405289 0.546535677003869 1.53054479552185 1 9.01514834486891 5.5684717221316 0.0318513146112487 5.88109148962661 242.394012533977
0 1.34768799154554 0.278527856688015 0.633746231975965 0.405919575830922 2.33562467154115 1 8.67164668253439 5.79858747637451 0.056525737919373 5.53510080356628 241.110781357639
0 1.4203788247023 0.376487985588639 0.71562760520763 0.616678944212167 2.86260044796139 1 8.74817792018947 5.76205138278018 0.0504826009652019 5.69586230385506 222.377983492355
0.00420168067226891 1.32831588221271 0.191870254181317 0.888165289417641 0.45874485605541 1.74408180075192 1 9.10193819812555 5.73957852692812 0.0346533917824504 6.07335170658017 234.605830569437
0 1.32285703357934 0.279278248451422 0.615269258468692 0.81095414252706 2.59732272618752 1 8.53246924936875 5.45873408795394 0.0462480877689434 5.41817232835632 232.938982181935
0 1.38779142159037 0.343207601597533 0.653860165493097 0.325994765153155 1.35861164843664 1 8.73986729922575 5.38861500452882 0.035040445649158 5.63121178182137 237.789291844961
0 1.44178605352569 0.256244395248731 0.699447166555372 0.561392408679901 2.06250534757588 0.966666666666667 9.68104203340283 6.59072725519767 0.0454876336351341 6.79017480901484 222.13376733025
0.00420168067226891 1.40842260133253 0.308315425850155 0.643463603859097 0.721757139832742 2.33693000883102 1 8.89272587193804 5.78515762756352 0.0447095459437181 5.85057280007717 233.225960331534
0 1.3507932104655 0.193213712615845 0.677337801980489 0.514815606512089 1.50068800911296 0.933333333333333 9.22710266785948 5.96559713757097 0.0383306466057675 6.09268256588967 260.814228003647
0.00420168067226891 1.38690326915867 0.217726509827569 0.788017648448329 0.49935984527338 2.21061509371651 1 9.48964747204577 6.45880839226201 0.048275114454551 6.46328943352424 229.470077387533
0.00420168067226891 1.36463638128891 0.22538571292962 0.828430990326778 0.570347181200698 2.37354099548584 0.966666666666667 9.19336959327811 6.12120644105733 0.046320847362514 6.18457539080178 219.126587263461
0.00420168067226891 1.33336495164912 0.14715773057082 0.778590007307103 0.55524930459059 2.30094989592255 1 9.17867425089717 6.20084718317215 0.0509033232524454 6.06742199839649 239.251128279632
0 1.41407368717376 0.215737183762487 0.819727575993085 0.63754879897992 1.59815733312496 1 9.51031409166552 6.0438988569564 0.0312287780870089 6.56380851085239 230.498489674302
0.00420168067226891 1.46835989252553 0.357325445578431 0.647511513119267 0.507207979848973 1.5880653289674 1 9.39945822597793 6.08472717756767 0.0363438219916955 6.39057618124397 237.57136732295
0 1.27609225591333 0.129595498239171 0.88726829405289 0.546535677003869 1.53054479552185 1 9.01514834486891 5.5684717221316 0.0318513146112487 5.88109148962661 242.394012533977
0 1.40450727359407 0.264570191866526 0.601479290829882 0.344746716182721 1.49443808466314 0.933333333333333 9.54751134401677 6.41609015295522 0.0436557100394112 6.49121116759537 244.361148563243
0.00420168067226891 1.34698245860268 0.153722843556733 0.611177926463411 0.699172664750072 2.40752830732931 0.966666666666667 9.36343137724613 6.45720262629928 0.0546815592869295 6.33002819127013 238.901955386467
0.00420168067226891 1.36464192870852 0.214670649048822 0.766351694961957 0.472902669700313 1.82902322749139 1 9.21534118039756 6.04524225278845 0.0419994427934621 6.22449242049617 236.230773182802
0.00420168067226891 1.46167741194067 0.373745484023363 0.71298625609521 0.580964812625025 2.01440099387196 1 9.39827945422084 6.13887829899681 0.0384113935938657 6.41918026415097 217.177777630103
0 1.361792098267 0.204971221110731 0.760474321159786 0.486171625180512 2.44113091921063 0.966666666666667 9.20753990259561 6.31379789012599 0.0553686343533122 6.1300263693271 227.35624028206
0 1.34768799154554 0.278527856688015 0.633746231975965 0.405919575830922 2.33562467154115 1 8.67164668253439 5.79858747637451 0.056525737919373 5.53510080356628 241.110781357639
0 1.40450727359407 0.264570191866526 0.601479290829882 0.344746716182721 1.49443808466314 0.933333333333333 9.54751134401677 6.41609015295522 0.0436557100394112 6.49121116759537 244.361148563243
0.00420168067226891 1.36793704457771 0.237035160432953 0.669056842499721 0.834397896095731 1.95081312369986 1 9.07427243169966 5.74161333352043 0.0356980541180514 5.94052206837041 253.281027647653
0.00420168067226891 1.33768182861989 0.104373351939802 0.886978383365191 0.651849429760429 2.49620406695393 0.966666666666667 9.44206219688135 6.37066828403158 0.0463564928902175 6.44599345463151 221.796764891683
0 1.4377375521075 0.382095263479942 0.60659249621651 0.558153010023507 1.9928246021218 0.966666666666667 8.82959983557763 5.65960235752705 0.0420037038345284 5.73512519977021 229.368228998247
0.00420168067226891 1.38725899367789 0.24039395470401 0.904673833141252 0.498705011966636 2.31306157053222 1 9.26639614108977 6.1205171750226 0.043029086313454 6.23786879199674 219.261538330361
0.00420168067226891 1.3860536254502 0.304760537659884 0.890046285357661 0.430848761894034 2.25404714425236 1 8.7466050557432 5.57998136667425 0.0421456547893512 5.67675380226828 229.433468617674
0.00420168067226891 1.37277910238727 0.192703983933204 0.689827032601416 0.323749334893783 1.43168211895985 1 9.61732654490073 6.41863678587672 0.0408156472924548 6.65535454660081 236.53554108949
0.00420168067226891 1.35360865309457 0.182750428419738 0.670853553106396 0.451792909028413 2.2409188846035 1 9.278413264857 6.42367977029206 0.0575711621041749 6.19868194787193 250.986561282978
0.00420168067226891 1.42201569468221 0.259548043834636 0.886957762518103 0.608813965861111 2.83638396582046 1 9.33688197618049 6.30322929007572 0.0481394781903786 6.42939684535365 213.661316842204
0.00420168067226891 1.35030939240341 0.128267980689999 0.807731402401142 0.861446206653912 2.16716937615044 1 9.34409590614578 6.00141487796115 0.0353420774842973 6.38895348553497 233.602604417795
0 1.34097319265567 0.241086441824671 0.684973541545911 0.801910794739231 2.02737265706763 0.966666666666667 8.89374310621414 5.60605558385345 0.0373400977752117 5.76702705556579 241.684304705099
0.00420168067226891 1.46167741194067 0.373745484023363 0.71298625609521 0.580964812625025 2.01440099387196 1 9.39827945422084 6.13887829899681 0.0384113935938657 6.41918026415097 217.177777630103
0.00420168067226891 1.32857354570105 0.170257365230482 0.79021354584381 0.73120539367674 2.13844514759123 0.966666666666667 8.89712119251794 5.66976200984642 0.0396621009735114 5.79437937000843 236.345698747955
0.00420168067226891 1.36429292347942 0.194445277969861 0.832007384731422 0.55472341164445 2.3157825845244 1 9.40865283444596 6.33138321889527 0.0460849145578358 6.33090855411835 235.80439077071
0.00420168067226891 1.36929066639859 0.175970569625497 0.861966681096237 0.828955197986216 2.16432282887399 1 9.37534903285231 6.01485549989856 0.0347181201794128 6.35233899411047 226.110311944896
0.00420168067226891 1.43752834090938 0.251838780694719 0.646626383466939 0.787244461329804 2.10966123783442 0.966666666666667 9.78905729520415 6.58593381444447 0.0406350826523767 6.77996109165752 227.096761492207
0.00420168067226891 1.36464192870852 0.214670649048822 0.766351694961957 0.472902669700313 1.82902322749139 1 9.21534118039756 6.04524225278845 0.0419994427934621 6.22449242049617 236.230773182802
0.00420168067226891 1.30901749436415 0.17433484231065 0.620248995615949 0.61004594768771 1.78460049720608 1 8.96829853432621 5.83899301228291 0.0437481688442382 5.84315786890131 243.090863272277
0.00420168067226891 1.36929066639859 0.175970569625497 0.861966681096237 0.828955197986216 2.16432282887399 1 9.37534903285231 6.01485549989856 0.0347181201794128 6.35233899411047 226.110311944896
0.00420168067226891 1.410408945659 0.17496693151758 0.841730315550864 0.689392280815681 1.92889112350103 1 9.64288440306154 6.3216671707156 0.0361088521299789 6.87371578675861 225.507158233814
0 1.49772958524991 0.390475677931681 0.708209985611029 0.86875797919929 2.88760642148554 1 9.34947893168294 6.18614003444267 0.042284322113781 6.38136470294509 207.503718152704
0.00420168067226891 1.34712342073437 0.169288498133741 0.863636346913029 0.489519843114705 1.74529044674105 1 9.18445488152316 5.87689509236485 0.036605389725451 6.13981271056524 232.644979348129
0.00420168067226891 1.48784918831962 0.370731315485377 0.739440317631293 0.775179628941693 2.91764770844173 1 9.43663894098369 6.36647044773144 0.0464133338649866 6.47491897407784 213.847163385354
0 1.37878970465641 0.255098194868592 0.927492121433018 0.507423181824857 2.3899277604404 0.966666666666667 8.98911738898248 5.7953238057783 0.0410159779045456 5.94641307496674 224.592403069512
0.00420168067226891 1.46167741194067 0.373745484023363 0.71298625609521 0.580964812625025 2.01440099387196 1 9.39827945422084 6.13887829899681 0.0384113935938657 6.41918026415097 217.177777630103
0 1.37873862909146 0.262099376271926 0.826173476314356 0.413292213509808 1.50809220415195 0.966666666666667 9.24231673833794 5.83450821096742 0.0331136886611917 6.10278999574847 240.113368917513
0.00420168067226891 1.41282243065786 0.32276155722192 0.859953422097052 0.693130155924995 2.42424658513883 1 8.94915308126992 5.68289926373978 0.0381490731082362 5.89605436230332 225.310784681802
0 1.2893624855168 0.132091636239622 0.833045528646889 0.497408024038925 2.70959675391948 0.966666666666667 9.07165681345333 6.20539335902424 0.0569111810050466 5.9510016834948 232.691229007447
0.00420168067226891 1.41126689320611 0.307068910930133 0.843060986958201 0.621589029542999 2.73081472204094 1 9.02680207525433 5.95730434129455 0.0464444764834038 6.00864937186208 218.12940170696
0.00420168067226891 1.3364856442226 0.109816336312081 0.896848958567953 0.576227834104742 2.20475635202714 1 9.42004738935343 6.26415987725144 0.0426005756834552 6.4534675061764 229.466947211207
0 1.34374386937154 0.220370005653276 0.769579865900848 0.749483078749684 2.15744741436924 0.966666666666667 8.85464032213187 5.58206931236649 0.0379088376854103 5.76896733859339 238.609510201593
0 1.44955478886586 0.226762014884581 0.873639316989955 0.334521485969515 2.30302029788221 1 9.65563711769638 6.65912296490076 0.0499609213173146 6.83000993035728 215.120717822749
0 1.33154218358127 0.235764185551116 0.63275732695862 0.434007735045651 1.36487748848654 0.966666666666667 8.91261260780269 5.60071817125873 0.0364470616646387 5.72144172023046 246.185602274049
0 1.33834746136384 0.200309678619062 0.799392273575249 0.859147017767699 2.43372902888932 1 8.73062574323525 5.47422953815681 0.0385269915126449 5.65120180224545 234.363861505626
0.00420168067226891 1.36185705281449 0.193524474473266 0.698616927371377 0.464513022284115 1.81896618182635 1 9.39615581802439 6.29206284482631 0.0448651940430715 6.40792454483825 243.047309708042
0 1.44955478886586 0.226762014884581 0.873639316989955 0.334521485969515 2.30302029788221 1 9.65563711769638 6.65912296490076 0.0499609213173146 6.83000993035728 215.120717822749
0 1.41041311341174 0.320706120613616 0.839457097320535 0.644829754754706 2.43949869828153 1 8.94636180522361 5.76707021389212 0.0416151251969427 5.93118361622305 216.657762266937
0.00420168067226891 1.32857354570105 0.170257365230482 0.79021354584381 0.73120539367674 2.13844514759123 0.966666666666667 8.89712119251794 5.66976200984642 0.0396621009735114 5.79437937000843 236.345698747955
0 1.33059941966517 0.243210189737234 0.7713928174973 0.649441040664813 2.4704975572622 1 8.47604475473065 5.41832015894273 0.0469945051509868 5.39771011042607 232.789933055921
0.00420168067226891 1.48784918831962 0.370731315485377 0.739440317631293 0.775179628941693 2.91764770844173 1 9.43663894098369 6.36647044773144 0.0464133338649866 6.47491897407784 213.847163385354
0 1.47021096977122 0.371233037945095 0.827575038995917 0.737109241056019 2.46612464907256 1 9.0277067665001 5.7603728259446 0.0381078896615744 5.97964497030264 220.408660338317
0 1.36556464575382 0.277076426831182 0.824896338704139 0.521590350933507 2.36244566090134 0.966666666666667 8.77108131639091 5.67828781637523 0.0453750220695633 5.70985594774596 223.898103836913
0.00420168067226891 1.3423980415232 0.225875314554266 0.706943418605761 0.702245399524823 1.69676472360067 1 9.18273276491463 5.81343377173118 0.0344137531653594 6.06106834305369 242.508824441996
0.00420168067226891 1.40182854907708 0.264614452803674 0.808056229933705 0.561308776112074 2.19687849903036 1 9.32602639562418 6.17489659818596 0.0428037399827194 6.30335130825658 221.410483465605
0 1.27609225591333 0.129595498239171 0.88726829405289 0.546535677003869 1.53054479552185 1 9.01514834486891 5.5684717221316 0.0318513146112487 5.88109148962661 242.394012533977
0 1.40175372452941 0.157773154904135 0.670839296269696 0.841703938879073 2.27394297998399 0.966666666666667 9.64242502664611 6.4802032123408 0.0423315836010163 6.93409497845053 217.7444160883
0.00420168067226891 1.34036491767599 0.141703602403051 0.834033820066803 0.686353330058629 2.66180287881226 0.966666666666667 9.14039877472917 6.1171093184823 0.0486409526274916 6.0909197295231 227.075464809768
0 1.32280482517544 0.119354942813327 0.689452453182313 0.754451412323244 2.32707408901432 0.933333333333333 9.39317072788134 6.35945028219258 0.048136216389873 6.37063456887409 246.809533034492
0 1.49772958524991 0.390475677931681 0.708209985611029 0.86875797919929 2.88760642148554 1 9.34947893168294 6.18614003444267 0.042284322113781 6.38136470294509 207.503718152704
0.00420168067226891 1.40075609753697 0.269800154568555 0.618081969258868 0.630322754905655 1.45934992190604 0.966666666666667 9.22027021781243 5.81000468791151 0.0330324281139252 6.16411303345912 253.034094714964
0 1.38531504591839 0.365192740246639 0.660665226458608 0.325219244877371 2.18220732693442 1 8.58339283213044 5.58862099970477 0.0500480451249797 5.54322240964376 225.342505009404
0 1.32335088907354 0.104362343114708 0.843685671755696 0.629034380401516 2.73354495784638 0.966666666666667 9.36700513023749 6.4377516497364 0.0534369149579138 6.41164838747505 220.189499231213
0 1.44955478886586 0.226762014884581 0.873639316989955 0.334521485969515 2.30302029788221 1 9.65563711769638 6.65912296490076 0.0499609213173146 6.83000993035728 215.120717822749
0.00420168067226891 1.43402703383391 0.340359273086599 0.814155972790403 0.347399836503761 1.67881169519224 1 9.10243588241829 5.7480119903098 0.0349294875127175 6.07932278762967 228.677092541027
0 1.42411186076483 0.371578078735616 0.716196424494424 0.714550197646655 2.9395050543502 1 8.79541566258739 5.78228553614414 0.0491376307939248 5.75932229533007 219.618503850337
0 1.40175372452941 0.157773154904135 0.670839296269696 0.841703938879073 2.27394297998399 0.966666666666667 9.64242502664611 6.4802032123408 0.0423315836010163 6.93409497845053 217.7444160883
0.00420168067226891 1.37951720279951 0.214397494802735 0.906765055879288 0.793223137870799 2.87190516328858 1 8.98826708106227 5.85402074909211 0.0435325505604415 5.9622931698077 225.00245166702
0.00420168067226891 1.351601388392 0.185616024704856 0.739897327551007 0.753637741824624 2.02386104076684 1 9.11038743121717 5.87014401187143 0.0391543630094598 6.00569612935471 246.483139844651
0.00420168067226891 1.35406035540915 0.115890108280395 0.905973717374846 0.758967365337573 2.46332717748879 0.966666666666667 9.48172221106613 6.27580051033378 0.0405215356912845 6.53308690759618 223.524418043882
0 1.37878970465641 0.255098194868592 0.927492121433018 0.507423181824857 2.3899277604404 0.966666666666667 8.98911738898248 5.7953238057783 0.0410159779045456 5.94641307496674 224.592403069512
0 1.29596718297941 0.192835120314167 0.69309874583827 0.725053586347684 2.25952238649038 0.966666666666667 8.58373616780768 5.48063892334199 0.0449098898546236 5.51120157375216 238.879273191264
0 1.35348699796735 0.28992636690522 0.733822660532036 0.37874989205315 1.95701542124481 1 8.63638560380486 5.51611331153565 0.0441451464009279 5.55037226135667 226.980310367246
0.00420168067226891 1.43752834090938 0.251838780694719 0.646626383466939 0.787244461329804 2.10966123783442 0.966666666666667 9.78905729520415 6.58593381444447 0.0406350826523767 6.77996109165752 227.096761492207
0 1.38779142159037 0.343207601597533 0.653860165493097 0.325994765153155 1.35861164843664 1 8.73986729922575 5.38861500452882 0.035040445649158 5.63121178182137 237.789291844961
0 1.38779142159037 0.343207601597533 0.653860165493097 0.325994765153155 1.35861164843664 1 8.73986729922575 5.38861500452882 0.035040445649158 5.63121178182137 237.789291844961
0.00420168067226891 1.37729114024723 0.187990338150522 0.665626340225975 0.557532688664978 1.79068586597692 1 9.56213509364496 6.42993450868183 0.0436216983012298 6.6082704944112 236.850142830052
0.00420168067226891 1.40487750640985 0.271806526381007 0.768882408749961 0.633132305174888 2.582241783013 1 9.232186661206 6.20785199392518 0.0485901391271451 6.27073635219979 225.725902027079
0 1.34374386937154 0.220370005653276 0.769579865900848 0.749483078749684 2.15744741436924 0.966666666666667 8.85464032213187 5.58206931236649 0.0379088376854103 5.76896733859339 238.609510201593
0.00420168067226891 1.3364856442226 0.109816336312081 0.896848958567953 0.576227834104742 2.20475635202714 1 9.42004738935343 6.26415987725144 0.0426005756834552 6.4534675061764 229.466947211207
0.00420168067226891 1.43402703383391 0.340359273086599 0.814155972790403 0.347399836503761 1.67881169519224 1 9.10243588241829 5.7480119903098 0.0349294875127175 6.07932278762967 228.677092541027
0 1.29596718297941 0.192835120314167 0.69309874583827 0.725053586347684 2.25952238649038 0.966666666666667 8.58373616780768 5.48063892334199 0.0449098898546236 5.51120157375216 238.879273191264
0.00420168067226891 1.45494948150014 0.37750957248837 0.612252247862064 0.780564621507904 1.8987692903445 1 9.17881186447159 5.79717161853281 0.0339916543109646 6.09326874656303 234.499536825431
0 1.34374386937154 0.220370005653276 0.769579865900848 0.749483078749684 2.15744741436924 0.966666666666667 8.85464032213187 5.58206931236649 0.0379088376854103 5.76896733859339 238.609510201593
0.00420168067226891 1.35256251761978 0.222908374533473 0.664850641037577 0.693958461625874 1.72950356065213 1 9.10101645686143 5.79707040907976 0.0367379114422977 5.92816969673567 255.267047186987
0.00420168067226891 1.36793704457771 0.237035160432953 0.669056842499721 0.834397896095731 1.95081312369986 1 9.07427243169966 5.74161333352043 0.0356980541180514 5.94052206837041 253.281027647653
0 1.32107867221592 0.104072921632486 0.900233249266963 0.588573950831709 2.05938121591558 0.966666666666667 9.46942339699164 6.2391997807721 0.0395486540790122 6.57507584059962 216.037750419674
0 1.43559857421042 0.310141234321693 0.892887807376329 0.438349154555054 1.93988285539516 1 9.30371838331435 6.00782990119425 0.0370351253783819 6.35257132262403 212.584821100817
0 1.27609225591333 0.129595498239171 0.88726829405289 0.546535677003869 1.53054479552185 1 9.01514834486891 5.5684717221316 0.0318513146112487 5.88109148962661 242.394012533977
0 1.42411186076483 0.371578078735616 0.716196424494424 0.714550197646655 2.9395050543502 1 8.79541566258739 5.78228553614414 0.0491376307939248 5.75932229533007 219.618503850337
0 1.37873862909146 0.262099376271926 0.826173476314356 0.413292213509808 1.50809220415195 0.966666666666667 9.24231673833794 5.83450821096742 0.0331136886611917 6.10278999574847 240.113368917513
0 1.45052932359264 0.351091980978516 0.744481733254522 0.772491763851447 2.10090980034073 1 9.00798752174394 5.63455147958198 0.0342716758759723 5.94907883061154 227.939143274001
0.00420168067226891 1.45494948150014 0.37750957248837 0.612252247862064 0.780564621507904 1.8987692903445 1 9.17881186447159 5.79717161853281 0.0339916543109646 6.09326874656303 234.499536825431
0.00420168067226891 1.31756369802169 0.165930112171918 0.631840676162392 0.588344991859049 1.78464712481946 0.966666666666667 9.18849662853623 6.06097452625103 0.0438262598067204 6.06169802803105 234.497570141961
0 1.42921139443569 0.369484940103567 0.777501860546035 0.80793672326773 2.78812240737446 1 9.03899436289521 5.85698031972819 0.0415019841034345 6.00100225158847 212.154889061981
0.00420168067226891 1.351601388392 0.185616024704856 0.739897327551007 0.753637741824624 2.02386104076684 1 9.11038743121717 5.87014401187143 0.0391543630094598 6.00569612935471 246.483139844651
0 1.33059941966517 0.243210189737234 0.7713928174973 0.649441040664813 2.4704975572622 1 8.47604475473065 5.41832015894273 0.0469945051509868 5.39771011042607 232.789933055921
0 1.36007100003771 0.153176069376059 0.901521474262699 0.606086037587374 1.99901151005179 0.966666666666667 9.12926868681098 5.82762628926133 0.0368226402958675 6.10978383742156 228.170807863197
0 1.34374386937154 0.220370005653276 0.769579865900848 0.749483078749684 2.15744741436924 0.966666666666667 8.85464032213187 5.58206931236649 0.0379088376854103 5.76896733859339 238.609510201593
0 1.36007100003771 0.153176069376059 0.901521474262699 0.606086037587374 1.99901151005179 0.966666666666667 9.12926868681098 5.82762628926133 0.0368226402958675 6.10978383742156 228.170807863197
0 1.36007100003771 0.153176069376059 0.901521474262699 0.606086037587374 1.99901151005179 0.966666666666667 9.12926868681098 5.82762628926133 0.0368226402958675 6.10978383742156 228.170807863197
0 1.49772958524991 0.390475677931681 0.708209985611029 0.86875797919929 2.88760642148554 1 9.34947893168294 6.18614003444267 0.042284322113781 6.38136470294509 207.503718152704
0.00420168067226891 1.35719748201191 0.216076021112378 0.756375406622147 0.446639010638226 1.58409551885142 1 9.36285542918747 6.07932278762967 0.0374955641791728 6.29323441887738 237.32149075078
0.00420168067226891 1.39894278770464 0.241758038469226 0.825599375122965 0.560095178014369 2.31907909685438 0.966666666666667 9.20397880071157 6.10271286798629 0.0449922092163756 6.18336650176567 227.449796825439
0.00420168067226891 1.35496138144685 0.208400881503865 0.655000320590152 0.45836833017072 1.92214087387804 0.966666666666667 9.19564324114865 6.19052736755953 0.0495330144277371 6.10602400180112 250.859534979627
0 1.33137235897575 0.147445938298411 0.911965282214949 0.582745733512579 1.8669225832923 1 9.33164017949792 5.99504147559832 0.0355576945221132 6.30828057428483 221.651717057193
0.00420168067226891 1.35030939240341 0.128267980689999 0.807731402401142 0.861446206653912 2.16716937615044 1 9.34409590614578 6.00141487796115 0.0353420774842973 6.38895348553497 233.602604417795
0.00420168067226891 1.36929066639859 0.175970569625497 0.861966681096237 0.828955197986216 2.16432282887399 1 9.37534903285231 6.01485549989856 0.0347181201794128 6.35233899411047 226.110311944896
0.00420168067226891 1.36132022794871 0.193712018317155 0.920729251415191 0.492193957028994 2.55900192703651 1 9.0759171532215 6.05966821836945 0.048984618669595 6.041444479413 226.003664139632
0.00420168067226891 1.44260022001444 0.332299412720582 0.863895241814403 0.416393991092903 2.0782215275246 1 9.21810680170051 6.00240448714632 0.0401271420491567 6.17128297368382 221.546241948558
0 1.36007100003771 0.153176069376059 0.901521474262699 0.606086037587374 1.99901151005179 0.966666666666667 9.12926868681098 5.82762628926133 0.0368226402958675 6.10978383742156 228.170807863197
0 1.3814033312142 0.276146189842272 0.783995153714195 0.630820262277802 2.06932733269164 0.966666666666667 8.76582432940497 5.52778570176769 0.0392407854611169 5.71236621834759 233.182936471147
0 1.34374386937154 0.220370005653276 0.769579865900848 0.749483078749684 2.15744741436924 0.966666666666667 8.85464032213187 5.58206931236649 0.0379088376854103 5.76896733859339 238.609510201593
0 1.36138811626713 0.167958963633104 0.776741512203522 0.612175854400489 2.19367519271421 0.933333333333333 9.3934205695009 6.30170280527313 0.0454238598682547 6.32940254570975 246.880473800861
0 1.38444266018944 0.357894317983818 0.629617053501726 0.568821130178371 1.80515112493578 1 8.70871121962519 5.42082994102343 0.0373328635990818 5.62822045443378 232.730248327632
0.00420168067226891 1.40487750640985 0.271806526381007 0.768882408749961 0.633132305174888 2.582241783013 1 9.232186661206 6.20785199392518 0.0485901391271451 6.27073635219979 225.725902027079
0 1.36007100003771 0.153176069376059 0.901521474262699 0.606086037587374 1.99901151005179 0.966666666666667 9.12926868681098 5.82762628926133 0.0368226402958675 6.10978383742156 228.170807863197
0.00420168067226891 1.45128023802469 0.349766153461221 0.686154498662265 0.382938276377355 1.64824951613988 1 9.40440657846296 6.1920215997494 0.0402604782939331 6.3441147359081 226.318169421863
0.00420168067226891 1.31756369802169 0.165930112171918 0.631840676162392 0.588344991859049 1.78464712481946 0.966666666666667 9.18849662853623 6.06097452625103 0.0438262598067204 6.06169802803105 234.497570141961
0 1.39262203283185 0.236026047661425 0.886600031285153 0.776544193987875 2.34575652014757 0.966666666666667 9.15474746636843 5.84932477994686 0.0366837028558097 6.12007003425296 228.372779809505
0.00420168067226891 1.35781293695439 0.221096765489852 0.912407629812745 0.364967704376438 1.8599630327033 1 9.07542897997133 5.81601929425346 0.0384110659271071 6.00240448714632 229.27607504066
0 1.34374386937154 0.220370005653276 0.769579865900848 0.749483078749684 2.15744741436924 0.966666666666667 8.85464032213187 5.58206931236649 0.0379088376854103 5.76896733859339 238.609510201593
0 1.47241622339047 0.393249589517379 0.672160717163211 0.713322695850802 1.91620731335322 1 9.22265424409746 5.85650356167386 0.0345222690860242 6.1517392936432 226.391915555725
0 1.39495990106658 0.300784135385232 0.756187605306414 0.374045317745717 1.38233734811236 0.966666666666667 9.09701720389534 5.69233792456501 0.0332174719036033 5.97301961841145 238.513807527206
0.00420168067226891 1.45494948150014 0.37750957248837 0.612252247862064 0.780564621507904 1.8987692903445 1 9.17881186447159 5.79717161853281 0.0339916543109646 6.09326874656303 234.499536825431
0.00420168067226891 1.40182854907708 0.264614452803674 0.808056229933705 0.561308776112074 2.19687849903036 1 9.32602639562418 6.17489659818596 0.0428037399827194 6.30335130825658 221.410483465605
0.00420168067226891 1.31997039079926 0.119646635945761 0.879330514355603 0.366135792374629 2.09647887251611 1 9.1593873705596 6.09432193254769 0.0466507890296987 6.16947125275066 227.821205195272
0.00420168067226891 1.45668194229495 0.329939640555392 0.885105604295771 0.685107963215768 2.83017386051783 1 9.38558696009817 6.26833842084316 0.0442788324353358 6.41896290828422 215.812887851037
0.00420168067226891 1.36464192870852 0.214670649048822 0.766351694961957 0.472902669700313 1.82902322749139 1 9.21534118039756 6.04524225278845 0.0419994427934621 6.22449242049617 236.230773182802
0.00420168067226891 1.31756369802169 0.165930112171918 0.631840676162392 0.588344991859049 1.78464712481946 0.966666666666667 9.18849662853623 6.06097452625103 0.0438262598067204 6.06169802803105 234.497570141961
0.00420168067226891 1.35991651966821 0.204945342233855 0.646399684798683 0.686912957213374 1.61230181448208 1 9.30079331996061 5.96938933945612 0.0357428875064327 6.19099823278306 239.215920649822
0 1.44826574291921 0.282762225632574 0.67823486594049 0.797973610576794 2.85582070431888 1 9.52727294672278 6.53881494555634 0.0503650397088423 6.58225595251185 213.799103411127
0.00420168067226891 1.32520199584368 0.191141719486348 0.643766724649755 0.68082014904952 2.2113612337787 0.966666666666667 8.93259042149437 5.88389853599797 0.0474209158241188 5.77637040872172 241.88963251155
0.00420168067226891 1.42629886342004 0.37965831716696 0.679059117849492 0.595846905651181 2.00024719338493 1 8.93753377564287 5.70300439425236 0.0393787329444941 5.89219654544931 228.001864852273
0 1.33059941966517 0.243210189737234 0.7713928174973 0.649441040664813 2.4704975572622 1 8.47604475473065 5.41832015894273 0.0469945051509868 5.39771011042607 232.789933055921
0.00420168067226891 1.36929066639859 0.175970569625497 0.861966681096237 0.828955197986216 2.16432282887399 1 9.37534903285231 6.01485549989856 0.0347181201794128 6.35233899411047 226.110311944896
0.00420168067226891 1.29894196073291 0.162264951526599 0.641607713642586 0.599834955790772 1.5926559023626 1 9.13873695311649 5.89834363577233 0.0391484942886812 5.94288686036362 246.402444058814
0 1.35729330476015 0.157751533913522 0.815767283401563 0.437303273927708 1.55908920295302 0.966666666666667 9.29908989269084 6.00235332447459 0.0370037297184725 6.33303460516756 224.847404764393
0.00420168067226891 1.35339941986527 0.217558372906469 0.800283066267283 0.566517720125978 2.27055114850621 1 8.96847685707387 5.88758441662059 0.0459182590458885 5.86976761213046 226.0764522256
0.00420168067226891 1.31756369802169 0.165930112171918 0.631840676162392 0.588344991859049 1.78464712481946 0.966666666666667 9.18849662853623 6.06097452625103 0.0438262598067204 6.06169802803105 234.497570141961
0.00420168067226891 1.40050910399491 0.247310913711971 0.777076360103742 0.825530206142219 2.56299131183068 0.966666666666667 9.05940520649224 5.890500483146 0.042049628667212 5.95878104047231 235.020411939835
0 1.3614887766858 0.177400696581827 0.669879639288203 0.344981993484293 1.72537778255826 0.933333333333333 9.3107123943368 6.30301136342897 0.0494051291659533 6.28193291280845 256.075664081119
0.00420168067226891 1.43752834090938 0.251838780694719 0.646626383466939 0.787244461329804 2.10966123783442 0.966666666666667 9.78905729520415 6.58593381444447 0.0406350826523767 6.77996109165752 227.096761492207
0.00420168067226891 1.51880393244779 0.368848562918012 0.769197493678862 0.856772805735724 2.6906870642496 1 9.55486108492364 6.3196885748727 0.0393534154947874 6.52673885127628 219.451772356839
0.00420168067226891 1.36463638128891 0.22538571292962 0.828430990326778 0.570347181200698 2.37354099548584 0.966666666666667 9.19336959327811 6.12120644105733 0.046320847362514 6.18457539080178 219.126587263461
0 1.33834746136384 0.200309678619062 0.799392273575249 0.859147017767699 2.43372902888932 1 8.73062574323525 5.47422953815681 0.0385269915126449 5.65120180224545 234.363861505626
0.00420168067226891 1.41344358630519 0.254060857295427 0.81673475903129 0.51616579676002 1.70197183500794 1 9.39024790624987 6.04642610518196 0.0353017831883541 6.43540222533234 233.270977564601
0 1.34348542848454 0.244816103000972 0.625460243451496 0.860324264637504 2.64269099099299 1 8.53680625826331 5.46425544409147 0.0463028940125906 5.46185244625693 228.111920496015
0 1.46727131596343 0.335772398537408 0.791898662259471 0.306277978746873 1.46941166521208 1 9.55538528181644 6.18008566438377 0.0342078675026439 6.51579852089877 223.032318035986
0 1.36132785003801 0.320217742920968 0.73612819217112 0.381497939544035 2.26451754882034 0.966666666666667 8.75005488548289 5.72886749692731 0.0487433067424325 5.67698995765963 226.915600676939
0.00420168067226891 1.34698245860268 0.153722843556733 0.611177926463411 0.699172664750072 2.40752830732931 0.966666666666667 9.36343137724613 6.45720262629928 0.0546815592869295 6.33002819127013 238.901955386467
0 1.41237278325421 0.258447646792765 0.945519783440867 0.613422875109559 2.68777487263414 0.966666666666667 9.32180155103159 6.18201365880951 0.0432919794937599 6.29507511924519 214.756816725464
0 1.43814237472264 0.381675578408394 0.695407570609594 0.347186482628551 1.48863233591121 1 8.85213568715169 5.48299725141012 0.0344192789931276 5.76309905181262 234.160761872967
0.00420168067226891 1.36429292347942 0.194445277969861 0.832007384731422 0.55472341164445 2.3157825845244 1 9.40865283444596 6.33138321889527 0.0460849145578358 6.33090855411835 235.80439077071
0 1.32864628176587 0.138388629050671 0.928803724534067 0.874757940085144 2.36703011855842 1 9.13593645860028 5.75742855462735 0.0340982947261831 6.10798752997192 230.769683091675
0.00420168067226891 1.34698245860268 0.153722843556733 0.611177926463411 0.699172664750072 2.40752830732931 0.966666666666667 9.36343137724613 6.45720262629928 0.0546815592869295 6.33002819127013 238.901955386467
0 1.47241622339047 0.393249589517379 0.672160717163211 0.713322695850802 1.91620731335322 1 9.22265424409746 5.85650356167386 0.0345222690860242 6.1517392936432 226.391915555725
0.00420168067226891 1.36493056120206 0.206177076829341 0.730102951353908 0.743303458411311 2.31864025129844 0.966666666666667 9.06515512936784 5.91638793621392 0.0429049878394003 5.97582565322353 243.157825746482
0 1.31148706961211 0.148983056139614 0.724565546502712 0.362726779472145 1.63563683203968 0.933333333333333 8.98435797351721 5.86058270255339 0.0439907774270812 5.87181593305616 261.512431640323
0.00420168067226891 1.46895419209668 0.375110310808039 0.650534856148519 0.307872071820945 1.43787921016209 1 9.44675546548363 6.15697898558556 0.0372621773111234 6.40918755261165 224.996814693739
0 1.39262203283185 0.236026047661425 0.886600031285153 0.776544193987875 2.34575652014757 0.966666666666667 9.15474746636843 5.84932477994686 0.0366837028558097 6.12007003425296 228.372779809505
0 1.39495990106658 0.300784135385232 0.756187605306414 0.374045317745717 1.38233734811236 0.966666666666667 9.09701720389534 5.69233792456501 0.0332174719036033 5.97301961841145 238.513807527206
0.00420168067226891 1.41743681554974 0.271080334767713 0.675910457332921 0.897725532066655 2.9328949773668 1 9.01953089448587 5.98452384942865 0.0480743241880373 5.91458350277202 229.127828316614
0.00420168067226891 1.4167332369898 0.271807363633779 0.846419786952648 0.530148003248599 2.38714632095691 1 9.24065616917813 6.14031549384034 0.0450338578552164 6.25638963243715 216.748569136214
0.00420168067226891 1.36493056120206 0.206177076829341 0.730102951353908 0.743303458411311 2.31864025129844 0.966666666666667 9.06515512936784 5.91638793621392 0.0429049878394003 5.97582565322353 243.157825746482
0.00420168067226891 1.36793704457771 0.237035160432953 0.669056842499721 0.834397896095731 1.95081312369986 1 9.07427243169966 5.74161333352043 0.0356980541180514 5.94052206837041 253.281027647653
0.00420168067226891 1.36119915438752 0.23811634780554 0.668824577769419 0.578526132422502 2.04391363238446 0.966666666666667 9.03558049828606 5.95824647167839 0.0460819462753746 5.90338677099587 244.304675246
0 1.27609225591333 0.129595498239171 0.88726829405289 0.546535677003869 1.53054479552185 1 9.01514834486891 5.5684717221316 0.0318513146112487 5.88109148962661 242.394012533977
0.00420168067226891 1.43060575274153 0.244611151872805 0.800896074395293 0.657984883369701 2.68776092602275 1 9.57677354911059 6.57451780487085 0.0496748880478032 6.61940631754265 215.523038848812
0 1.29022445196102 0.115123496096375 0.870268838709961 0.746330464716533 2.90219103541143 1 8.7062696601139 5.7007779656359 0.0495144023838428 5.68096865159052 219.677808038934
0 1.42411186076483 0.371578078735616 0.716196424494424 0.714550197646655 2.9395050543502 1 8.79541566258739 5.78228553614414 0.0491376307939248 5.75932229533007 219.618503850337
0 1.39265334828004 0.306198026075476 0.870700504629128 0.484655125841802 2.72275716461167 1 8.7281993820701 5.73807654188017 0.0502812597847094 5.70400467219072 220.618964633085
0 1.361792098267 0.204971221110731 0.760474321159786 0.486171625180512 2.44113091921063 0.966666666666667 9.20753990259561 6.31379789012599 0.0553686343533122 6.1300263693271 227.35624028206
0.00420168067226891 1.3486794302148 0.262853874320685 0.706339437657336 0.324720856053499 1.80078395221133 1 8.75311343868442 5.64426834712379 0.0446524951161333 5.6313312489979 235.5583169755
0 1.36138811626713 0.167958963633104 0.776741512203522 0.612175854400489 2.19367519271421 0.933333333333333 9.3934205695009 6.30170280527313 0.0454238598682547 6.32940254570975 246.880473800861
0 1.49772958524991 0.390475677931681 0.708209985611029 0.86875797919929 2.88760642148554 1 9.34947893168294 6.18614003444267 0.042284322113781 6.38136470294509 207.503718152704
0.00420168067226891 1.36464192870852 0.214670649048822 0.766351694961957 0.472902669700313 1.82902322749139 1 9.21534118039756 6.04524225278845 0.0419994427934621 6.22449242049617 236.230773182802
0.00420168067226891 1.32831588221271 0.191870254181317 0.888165289417641 0.45874485605541 1.74408180075192 1 9.10193819812555 5.73957852692812 0.0346533917824504 6.07335170658017 234.605830569437
0.00420168067226891 1.34698245860268 0.153722843556733 0.611177926463411 0.699172664750072 2.40752830732931 0.966666666666667 9.36343137724613 6.45720262629928 0.0546815592869295 6.33002819127013 238.901955386467
0.00420168067226891 1.46138795052016 0.384277811830221 0.615632759912338 0.54478037478715 1.74680491822794 1 9.42836953373448 6.1587429655808 0.0380206225357624 6.35355811707357 225.108878218715
0.00420168067226891 1.41206410365589 0.344744223843487 0.630218393349765 0.427923525901521 1.39382464307159 1 8.95307541723446 5.58312029824897 0.0343911808199216 5.81562195641174 242.654025798195
0 1.39495990106658 0.300784135385232 0.756187605306414 0.374045317745717 1.38233734811236 0.966666666666667 9.09701720389534 5.69233792456501 0.0332174719036033 5.97301961841145 238.513807527206
0 1.36138811626713 0.167958963633104 0.776741512203522 0.612175854400489 2.19367519271421 0.933333333333333 9.3934205695009 6.30170280527313 0.0454238598682547 6.32940254570975 246.880473800861
0.00420168067226891 1.351601388392 0.185616024704856 0.739897327551007 0.753637741824624 2.02386104076684 1 9.11038743121717 5.87014401187143 0.0391543630094598 6.00569612935471 246.483139844651
0 1.47241622339047 0.393249589517379 0.672160717163211 0.713322695850802 1.91620731335322 1 9.22265424409746 5.85650356167386 0.0345222690860242 6.1517392936432 226.391915555725
0 1.32107867221592 0.104072921632486 0.900233249266963 0.588573950831709 2.05938121591558 0.966666666666667 9.46942339699164 6.2391997807721 0.0395486540790122 6.57507584059962 216.037750419674
