0 1.4142262911573 0.25576462982453 0.804296588058654 0.407837681886829 1.57061511177239 9.56123033929562 6.26030645997738 0.0368491075417096 228.442583950998 6.50418492641457
0 1.33998937618043 0.107846823389785 0.714949557946146 0.851752653286562 2.2372786639257 9.60823667895281 6.41408058415468 0.0410011118317428 224.3419130863 6.63458804440585
0.00423728813559322 1.42731756587807 0.292322932744173 0.646175057252119 0.469613023617662 1.56147953620966 9.39951616252639 6.14782706473184 0.0387087696840618 240.000460264047 6.41258425778948
0.00423728813559322 1.39361244546193 0.19974405293347 0.707211694388311 0.653650445354564 2.24625603634802 9.5599661958103 6.52042474106946 0.0478568289857388 229.457072324509 6.53688481563847
0 1.37827345701076 0.167734742213943 0.780918054177303 0.870843032919223 2.57046933873668 9.46267841411666 6.31392278864611 0.0429054841535852 216.973704669561 6.46989165079242
0.00423728813559322 1.35031847767457 0.144783734617829 0.634392549790714 0.566475532316868 1.62318433415587 9.45872407308695 6.25382881157547 0.0405631499384021 244.199154392713 6.62776766603686
0 1.47375101349317 0.355352289532311 0.603643658699002 0.553679009154439 2.36853600014001 9.49747229312248 6.55526205564008 0.0527490119565761 229.29039743508 6.42670418391738
0 1.40850179191125 0.270088181833449 0.924713500229458 0.676924412635961 2.68569314989709 9.26691647344805 6.09501986294404 0.0419240089369486 219.395596455218 6.25472127035849
0 1.44957891130066 0.366626586808701 0.802034797057384 0.32844753640905 2.22654798325472 9.24259456750552 6.18167159817593 0.0468444392803889 222.035217033153 6.2164730250317
0 1.36460739082487 0.21722919590471 0.811353491281364 0.690939291976806 2.54002775485317 9.15553213548119 6.06106834305369 0.0452992957746479 221.849037187634 6.1655579004469
0 1.43998309851757 0.299928075900734 0.835328261170412 0.749652775610385 2.59043975589921 9.16573344585296 5.96091942527982 0.040566445460629 220.320542379237 6.21780298931871
0 1.26462696129456 0.103484158148058 0.672802028991282 0.475316705089062 2.02699888451025 8.66812490281574 5.74001464167016 0.0534980400064048 255.008211107516 5.48865270406554
0.00423728813559322 1.3939083891298 0.294279057462457 0.712605551576825 0.576234342043036 2.05261966789518 8.9505775484114 5.80959116573049 0.043240125548829 232.478872184107 5.85081427925407
0 1.46436407850047 0.337885866184022 0.846846520254099 0.398707162134612 2.67708363576831 9.21230178048959 6.26637794590694 0.0525534866545349 227.366773737973 6.12868703591455
0 1.41877065448639 0.339370382971697 0.813313519398566 0.471302053184477 2.16866657657273 9.03125495254702 5.8630432284964 0.0420787791297175 226.769457589497 5.96800178139409
0 1.37579991084058 0.168049071123824 0.607857511669863 0.595681338105351 2.386676593218 9.44429697509867 6.57915542198177 0.0569750655630784 242.073238742663 6.55614139785727
0.00423728813559322 1.41197681069478 0.290850857439181 0.789094546647778 0.335314036254077 2.20003243494119 9.28691112531973 6.28838948664094 0.0498607260769745 230.989094176675 6.28991433196574
0.00423728813559322 1.40653469458657 0.333206449403765 0.753533263607477 0.577421102399369 2.38934582506338 8.94661785216406 5.8467277506413 0.0450541535043566 230.283472657283 5.87483709350939
0 1.45617084741242 0.356223131154759 0.657227992315948 0.502669170243579 1.69044149884778 9.37779360773718 6.07810085376753 0.0368945013490768 225.740136430895 6.38401326328292
0.00423728813559322 1.28498454790462 0.125229439875898 0.614936310606654 0.718966066326844 2.0571233944067 8.9617507993305 5.87918716084429 0.0458415846286086 249.999600649094 5.76727878621533
0.00423728813559322 1.27608654397415 0.150612901025923 0.608390252038389 0.604374091569739 1.8223567106757 8.73262172503561 5.6313312489979 0.0449911049720788 244.178491057564 5.60101119662026
0.00423728813559322 1.34912885915762 0.11958413980891 0.688608527310414 0.814221405024091 2.24506304898949 9.52247025353724 6.39000094514163 0.0436099777036017 234.023898114342 6.66002625219531
0.00423728813559322 1.35084376083907 0.201198450831084 0.770890571235728 0.537879391060579 1.82550717385707 9.02858754231518 5.82556299667521 0.040639103088021 245.061895496114 5.89572835064552
0 1.3218191237606 0.165542952564763 0.719776243978189 0.487384721415551 1.34212219018294 9.30804055059951 5.9235871247049 0.0338961640490126 241.008444746053 6.21060007702465
0.00423728813559322 1.35927633074707 0.188032739023784 0.799355214170393 0.75536502673558 2.62248949956314 9.10112184905705 6.02569937657378 0.046170118656128 237.122565270888 6.03027071811712
0 1.40850179191125 0.270088181833449 0.924713500229458 0.676924412635961 2.68569314989709 9.26691647344805 6.09501986294404 0.0419240089369486 219.395596455218 6.25472127035849
0 1.35577365852925 0.195947617120519 0.861000508124093 0.744720921240721 2.27059994312858 9.12381978362101 5.87052026998893 0.038646482635797 227.593487619464 6.03954017033954
0 1.43087702057532 0.308143691665996 0.676334534270682 0.592194174722014 2.44540577365387 9.39837060323712 6.41531515685957 0.0506378759380325 225.439299444843 6.39074389612906
0.00423728813559322 1.39408099512441 0.207466578050438 0.615936512863724 0.559907944462411 1.80226150808502 9.56875242695317 6.46501790309513 0.0448812788248845 245.419142696195 6.56049401507262
0 1.47539419711267 0.37313550255044 0.655837095469072 0.793934871842424 2.42129964356785 9.15142865729633 5.97126183979046 0.0415787184844981 223.963619793701 6.16162917363131
0 1.30944918029746 0.138982316013804 0.838131434230451 0.853269923757264 2.67035998784075 8.7652184556391 5.60890809731209 0.0425825659987755 231.545978810911 5.68957952447821
0.00423728813559322 1.36340152890922 0.222155475724108 0.610657068973587 0.654830813049785 2.05207167385156 9.19795060144136 6.12861438525522 0.0464519786976976 250.603942361201 6.0343643814232
0 1.42160244714833 0.28730342412826 0.875891647788111 0.374733756355459 2.58226667199732 9.23122084955554 6.27218494322621 0.0518688995527699 224.671109729096 6.16646772309426
0.00423728813559322 1.30391839682248 0.123535565836096 0.623999068861511 0.514084895706785 1.94821269998883 9.36817489849455 6.41954554043033 0.0524114941310199 251.742974850904 6.29526600143965
0 1.3638045933039 0.192551061106777 0.661594265416344 0.784743642304728 2.89824669113402 9.11231685923872 6.23414023613057 0.0562372110359727 240.250008493789 6.01624126045111
0.00423728813559322 1.36781990643469 0.202358482434172 0.670579953522019 0.495837950423646 1.98393107838073 9.50414932635079 6.49443178830142 0.0493056037507422 239.042546867615 6.42397441942861
0 1.42287421473689 0.324625703488877 0.610020252148624 0.814397678981911 2.66023952255898 8.94644457817327 5.90497251575454 0.0477645253539792 226.692547919455 5.8776357367593
0.00423728813559322 1.31611714038905 0.121353980360305 0.789135928701385 0.507187627743541 1.84696611959084 9.24233009727591 6.08316319750988 0.0424611007023415 245.695517751102 6.22243942236469
0.00423728813559322 1.31611714038905 0.121353980360305 0.789135928701385 0.507187627743541 1.84696611959084 9.24233009727591 6.08316319750988 0.0424611007023415 245.695517751102 6.22243942236469
0.00423728813559322 1.38104098301822 0.291716202506217 0.63902185585573 0.518129938945385 2.09167386153691 9.18032187788563 6.15675979148831 0.0486276934447666 236.530919085823 6.06274216289962
0.00423728813559322 1.36770987807197 0.226613586929204 0.794039958338159 0.727840584733419 2.62490389739061 9.18102925334424 6.11604979201864 0.0466548000823796 226.721673543362 6.1422677937925
0.00423728813559322 1.33573242055003 0.150441334000132 0.614106503679577 0.695526948637084 1.94512578885209 9.35087530744065 6.23950974839618 0.0445400916682441 261.080994534437 6.2813317304651
0.00423728813559322 1.34450985919561 0.165131809489401 0.854999297860546 0.51694251896184 2.19393235639979 9.22584619953644 6.12482925917541 0.045003413327732 234.342402554703 6.14690011539811
0.00423728813559322 1.39408099512441 0.207466578050438 0.615936512863724 0.559907944462411 1.80226150808502 9.56875242695317 6.46501790309513 0.0448812788248845 245.419142696195 6.56049401507262
0 1.32690747234412 0.217184686838647 0.755249017921716 0.442215672158843 1.71675026299075 8.71975676509991 5.49050389718943 0.0395870645084986 244.180181534385 5.59034343843317
0 1.38550185903021 0.203960100898023 0.602419796989849 0.84271233459063 1.66712259774672 9.68852089577966 6.27035811352668 0.0327725900471338 244.253693658275 6.6716953357347
0 1.36705885224119 0.242322040907282 0.773589021621921 0.52438105605483 2.39021198511045 8.6987422276708 5.68742723162993 0.0492269029973146 233.994671056095 5.63871047791249
0 1.30887851740588 0.163508341250273 0.875871392461634 0.596935514939074 2.38759062354819 8.78108376301163 5.65711505586775 0.0439822688420983 229.362287405819 5.69649407391178
0 1.36721403866649 0.150673193747888 0.914258278323296 0.715861007072304 2.73890999602547 9.44661072197546 6.36193555290132 0.0457448908423366 219.91768172568 6.52366019661017
0.00423728813559322 1.35527675749318 0.120594141826111 0.624060954129332 0.592822981809915 2.3016985583342 9.43197993572502 6.59289775233333 0.0584793146271253 265.091746486133 6.45721808607295
0.00423728813559322 1.37091790388237 0.178685158921984 0.814461733167994 0.774786896337099 2.78339525277264 9.21885573726145 6.16578000249888 0.0472134846827134 226.751713234583 6.26844298780532
0 1.2750623484256 0.104121377639763 0.690422380095652 0.898893883717732 2.17689438918305 8.8175611236752 5.55982656469579 0.0384754632524767 240.684605969559 5.68797924649817
0 1.46823794618628 0.392958893027936 0.809943887972085 0.339462164238253 2.08521878532197 9.24392987496974 6.08419564636567 0.0424370181274335 221.721122089702 6.165907930203
0 1.40356429645634 0.334089877530452 0.683513205143574 0.684674604050962 2.46470920279811 9.0152617892428 5.92095266536603 0.0453063026929356 224.281021705447 5.93515871089689
0.00423728813559322 1.404174929213 0.317218593135806 0.767262982679439 0.367778549135837 2.12728916977604 9.04230932120879 5.97713827647041 0.0466458626527157 231.875571342155 5.97766284371447
0 1.42517742110541 0.303644528380517 0.712988218351225 0.731524524521577 2.04610269131369 9.47663853307813 6.19546042900806 0.0375839529071089 224.360995739568 6.41864615869461
0 1.45794475989043 0.382428730377582 0.615864470690179 0.400703445425523 1.39628155590294 9.30966370043763 5.95497343852557 0.0349201845910536 232.89884159464 6.21680568196568
0 1.47539419711267 0.37313550255044 0.655837095469072 0.793934871842424 2.42129964356785 9.15142865729633 5.97126183979046 0.0415787184844981 223.963619793701 6.16162917363131
0 1.37201732699608 0.114849586063401 0.666846364059934 0.523849761820697 2.00839798108196 9.71082990477885 6.74039270518265 0.0512808854477903 233.77075364592 6.87806896861178
0 1.38550185903021 0.203960100898023 0.602419796989849 0.84271233459063 1.66712259774672 9.68852089577966 6.27035811352668 0.0327725900471338 244.253693658275 6.6716953357347
0 1.40833590416888 0.272315648240864 0.778172704620339 0.787189262189479 2.89786689424293 9.05612413444451 6.01972801238084 0.0480075916087832 219.803827737723 5.97922326068563
0.00423728813559322 1.31611714038905 0.121353980360305 0.789135928701385 0.507187627743541 1.84696611959084 9.24233009727591 6.08316319750988 0.0424611007023415 245.695517751102 6.22243942236469
0.00423728813559322 1.31926775135032 0.101121825444491 0.790395027923343 0.794553765534992 1.80350434434353 9.20171438601329 5.80043854968388 0.0333307182803412 265.470809618286 6.08281065138023
0.00423728813559322 1.34826954826439 0.199788357432102 0.600751181549741 0.795748628147746 1.92404240561166 9.26637723118287 6.01761950458483 0.0388224059302029 254.709177307156 6.17773662364629
0 1.38550185903021 0.203960100898023 0.602419796989849 0.84271233459063 1.66712259774672 9.68852089577966 6.27035811352668 0.0327725900471338 244.253693658275 6.6716953357347
0 1.36721403866649 0.150673193747888 0.914258278323296 0.715861007072304 2.73890999602547 9.44661072197546 6.36193555290132 0.0457448908423366 219.91768172568 6.52366019661017
0.00423728813559322 1.41766741463164 0.301138160698774 0.653131856906587 0.569739340419986 1.60344741194985 9.2299469016151 5.90445317011835 0.0359547623717069 243.3408975998 6.12868703591455
0 1.36460739082487 0.21722919590471 0.811353491281364 0.690939291976806 2.54002775485317 9.15553213548119 6.06106834305369 0.0452992957746479 221.849037187634 6.1655579004469
0.00423728813559322 1.38284435089013 0.237874401986738 0.669816649182348 0.897241758668014 2.27316239834332 9.21033037192618 5.93357056868908 0.037750377503775 240.691031059213 6.16933175355256
0.00423728813559322 1.40653469458657 0.333206449403765 0.753533263607477 0.577421102399369 2.38934582506338 8.94661785216406 5.8467277506413 0.0450541535043566 230.283472657283 5.87483709350939
0.00423728813559322 1.31148765617982 0.10933371738065 0.777200382086448 0.615239450382069 2.08875111816451 9.05175487285881 5.95543872485122 0.0452154630393337 250.068132497482 6.01211523099209
0.00423728813559322 1.32671662999353 0.16279912245977 0.681763452326237 0.597615253612609 2.24870230870134 9.31554944759612 6.3520070025732 0.0516356762595479 245.554408936483 6.24229274608747
0 1.32724760649925 0.212267077999236 0.697000237075563 0.508696760727102 2.17609444816284 8.80311336781275 5.81536497288297 0.0504007917385605 235.965333491788 5.70113529580702
0 1.47375101349317 0.355352289532311 0.603643658699002 0.553679009154439 2.36853600014001 9.49747229312248 6.55526205564008 0.0527490119565761 229.29039743508 6.42670418391738
0.00423728813559322 1.29739758395529 0.156467287654627 0.668996884746912 0.666049273468969 1.84452293735515 8.72182718251086 5.53733426701854 0.0413992333891618 253.897372031339 5.56306605392296
0.00423728813559322 1.4163556780391 0.293244402502662 0.729239803818817 0.537987471630552 1.89630790084906 9.45643974397764 6.25312343465053 0.0406272478030169 228.981449578933 6.36744362810421
0.00423728813559322 1.29964956574291 0.14222747206549 0.664599582969175 0.800226032826787 1.95856992638208 9.05244764193287 5.79668641801156 0.0385514631950025 256.827008110106 5.90677023287025
0 1.42160244714833 0.28730342412826 0.875891647788111 0.374733756355459 2.58226667199732 9.23122084955554 6.27218494322621 0.0518688995527699 224.671109729096 6.16646772309426
0 1.39747298899165 0.252699010030358 0.726672462328949 0.808500141595786 2.59632325937602 9.25263989510291 6.15624815167157 0.0452120450864377 220.592868893762 6.25110627594514
0.00423728813559322 1.29964956574291 0.14222747206549 0.664599582969175 0.800226032826787 1.95856992638208 9.05244764193287 5.79668641801156 0.0385514631950025 256.827008110106 5.90677023287025
0 1.46823794618628 0.392958893027936 0.809943887972085 0.339462164238253 2.08521878532197 9.24392987496974 6.08419564636567 0.0424370181274335 221.721122089702 6.165907930203
0.00423728813559322 1.30469773363589 0.203181716335897 0.715678167535777 0.768226372133285 2.20290375104092 8.82352611250308 5.61915070928479 0.0405842425103948 245.154270969303 5.72031177660741
0.00423728813559322 1.38380537868386 0.240442387094371 0.788522921959552 0.42753536314812 1.75805979619589 9.34548920583711 6.10948564966229 0.0393207245770908 229.24747395373 6.32557430138657
0.00423728813559322 1.38284435089013 0.237874401986738 0.669816649182348 0.897241758668014 2.27316239834332 9.21033037192618 5.93357056868908 0.037750377503775 240.691031059213 6.16933175355256
0 1.37827345701076 0.167734742213943 0.780918054177303 0.870843032919223 2.57046933873668 9.46267841411666 6.31392278864611 0.0429054841535852 216.973704669561 6.46989165079242
0.00423728813559322 1.33272429752375 0.160836298092608 0.627905366938082 0.858430995412414 1.89309101983565 9.11011774584111 5.78148398232005 0.035842040334455 249.488000814433 5.95001735719381
0.00423728813559322 1.36781990643469 0.202358482434172 0.670579953522019 0.495837950423646 1.98393107838073 9.50414932635079 6.49443178830142 0.0493056037507422 239.042546867615 6.42397441942861
0.00423728813559322 1.3617274136981 0.187040400784463 0.755110028258059 0.515614526672289 1.73864263575524 9.37004985868277 6.14825459787217 0.039883392858665 235.013634254235 6.34522692029411
0.00423728813559322 1.41525642702568 0.216882004794445 0.785107286312388 0.40627781420295 1.72891054845542 9.5937098258101 6.4161329744228 0.0416865455305498 228.016777367838 6.63055145081798
0.00423728813559322 1.38380537868386 0.240442387094371 0.788522921959552 0.42753536314812 1.75805979619589 9.34548920583711 6.10948564966229 0.0393207245770908 229.24747395373 6.32557430138657
0.00423728813559322 1.42739641260668 0.267008564867275 0.616424254612616 0.516417786723678 1.64277324874088 9.5488272445216 6.36566829333101 0.0414544953391613 242.595205560137 6.51895061176708
0 1.40850179191125 0.270088181833449 0.924713500229458 0.676924412635961 2.68569314989709 9.26691647344805 6.09501986294404 0.0419240089369486 219.395596455218 6.25472127035849
0.00423728813559322 1.3968490407995 0.264651348370311 0.625452111241785 0.757819546299707 2.63900834233291 9.06725491283255 6.0928923397381 0.051079983384871 230.073382084331 6.0920637456641
0 1.40478601232046 0.293926403753401 0.792448766831915 0.483946333722713 1.66781445832754 9.22770539019302 5.87773578177964 0.0350854203862345 234.651981603386 6.13064661124132
0.00423728813559322 1.42251491483685 0.280483130755455 0.843338360342732 0.416762406307913 1.83951809159919 9.37120276350558 6.12955843238244 0.0390995496045204 231.288861690553 6.26415987725144
0.00423728813559322 1.32238862413394 0.180658674518351 0.721572894932562 0.654210487754338 1.92207668059874 9.11833472618016 5.90848543364629 0.0403626957732867 247.347313124587 6.03663263920492
0 1.37827345701076 0.167734742213943 0.780918054177303 0.870843032919223 2.57046933873668 9.46267841411666 6.31392278864611 0.0429054841535852 216.973704669561 6.46989165079242
0 1.32690747234412 0.217184686838647 0.755249017921716 0.442215672158843 1.71675026299075 8.71975676509991 5.49050389718943 0.0395870645084986 244.180181534385 5.59034343843317
0 1.32690747234412 0.217184686838647 0.755249017921716 0.442215672158843 1.71675026299075 8.71975676509991 5.49050389718943 0.0395870645084986 244.180181534385 5.59034343843317
0 1.36705885224119 0.242322040907282 0.773589021621921 0.52438105605483 2.39021198511045 8.6987422276708 5.68742723162993 0.0492269029973146 233.994671056095 5.63871047791249
0.00423728813559322 1.31611714038905 0.121353980360305 0.789135928701385 0.507187627743541 1.84696611959084 9.24233009727591 6.08316319750988 0.0424611007023415 245.695517751102 6.22243942236469
0.00423728813559322 1.3968490407995 0.264651348370311 0.625452111241785 0.757819546299707 2.63900834233291 9.06725491283255 6.0928923397381 0.051079983384871 230.073382084331 6.0920637456641
0 1.40831388845108 0.370678197289817 0.699874721688684 0.442705890163779 2.00701091950759 8.7968083307212 5.63096456303148 0.0421785379080196 231.157826381583 5.74664376770335
0.00423728813559322 1.32310162929919 0.199687331290313 0.733695994624001 0.533209997778552 1.82293765478282 9.02106670516959 5.84075792968328 0.0415728164725216 239.345266782201 5.89561422145115
0.00423728813559322 1.32332305060105 0.14971651262049 0.625078179243925 0.404102048306988 1.83279494437371 9.4080826458633 6.4937016709287 0.0542375950742485 257.467014545559 6.2790388551327
0.00423728813559322 1.35876008765433 0.202364192095466 0.607383274942333 0.876278456942869 2.26422810385738 9.26048921862973 6.09349192783126 0.0421299120407721 244.022443112665 6.18308184477542
0 1.4478638698855 0.277082266393126 0.777479726821439 0.873098314770242 2.69460302663171 9.51222855806249 6.33416733347983 0.0416663585746926 218.547443230448 6.5165874755748
0 1.36460739082487 0.21722919590471 0.811353491281364 0.690939291976806 2.54002775485317 9.15553213548119 6.06106834305369 0.0452992957746479 221.849037187634 6.1655579004469
0 1.47539419711267 0.37313550255044 0.655837095469072 0.793934871842424 2.42129964356785 9.15142865729633 5.97126183979046 0.0415787184844981 223.963619793701 6.16162917363131
0.00423728813559322 1.36181209700734 0.224302804683121 0.772663172155624 0.40306566171763 2.08703083250671 9.09058455833898 6.06713875239545 0.0486333482237911 241.689462411364 5.95218457293954
0 1.37042526823527 0.142228325507542 0.686305203287284 0.857879788138474 2.06422331162432 9.61795079629467 6.34098898701787 0.037742752469696 225.151303591135 6.70340719528797
0.00423728813559322 1.3617274136981 0.187040400784463 0.755110028258059 0.515614526672289 1.73864263575524 9.37004985868277 6.14825459787217 0.039883392858665 235.013634254235 6.34522692029411
0 1.31087626613934 0.167473200888912 0.783407850349331 0.671024221364822 2.63288748809829 8.73304400837177 5.7539947251562 0.0508411464267255 238.512041567557 5.64654292162192
0 1.38424116021342 0.24566546897396 0.799820505419206 0.557954569075731 2.70927974738161 9.07976421425161 6.14913120611759 0.05336324808154 228.352656867362 6.00184155373671
0.00423728813559322 1.40653469458657 0.333206449403765 0.753533263607477 0.577421102399369 2.38934582506338 8.94661785216406 5.8467277506413 0.0450541535043566 230.283472657283 5.87483709350939
0.00423728813559322 1.37091790388237 0.178685158921984 0.814461733167994 0.774786896337099 2.78339525277264 9.21885573726145 6.16578000249888 0.0472134846827134 226.751713234583 6.26844298780532
0 1.36705885224119 0.242322040907282 0.773589021621921 0.52438105605483 2.39021198511045 8.6987422276708 5.68742723162993 0.0492269029973146 233.994671056095 5.63871047791249
0 1.46436407850047 0.337885866184022 0.846846520254099 0.398707162134612 2.67708363576831 9.21230178048959 6.26637794590694 0.0525534866545349 227.366773737973 6.12868703591455
0.00423728813559322 1.3088859758727 0.122699214621749 0.736960623116654 0.580376768280075 1.68892832154077 9.23697534782817 5.99600778239587 0.0391260197942676 255.206672951668 6.12889458014816
0.00423728813559322 1.37101779589249 0.19717671943323 0.619884549617416 0.555792879727789 1.58867945616636 9.42729376927556 6.24074625948004 0.0413142620807577 263.841571015904 6.35526918666941
0 1.46436407850047 0.337885866184022 0.846846520254099 0.398707162134612 2.67708363576831 9.21230178048959 6.26637794590694 0.0525534866545349 227.366773737973 6.12868703591455
0.00423728813559322 1.3088859758727 0.122699214621749 0.736960623116654 0.580376768280075 1.68892832154077 9.23697534782817 5.99600778239587 0.0391260197942676 255.206672951668 6.12889458014816
0.00423728813559322 1.32693499716455 0.148114237136995 0.815784070237044 0.76473054300222 2.248235727982 9.17386952963254 5.96419966354618 0.0403699385581552 231.382022171521 6.09201177331338
0.00423728813559322 1.37671810848173 0.2192117404175 0.736230831863134 0.747430791085218 2.32769477226915 9.30931780038805 6.16266123297184 0.0429956398435841 229.175262728476 6.24108213426908
0.00423728813559322 1.29964956574291 0.14222747206549 0.664599582969175 0.800226032826787 1.95856992638208 9.05244764193287 5.79668641801156 0.0385514631950025 256.827008110106 5.90677023287025
0 1.3486697898376 0.141019250069105 0.8745930035204 0.561352950348026 1.71970019142764 9.42380581252483 6.07674078866803 0.0351874771008773 234.015625031043 6.37945645555266
0 1.3692915958598 0.192252793103921 0.836141657396653 0.603806751908971 2.68652315831021 9.33891575384257 6.35523922816194 0.0506064355658286 225.8694454855 6.33556070883985
0.00423728813559322 1.31611714038905 0.121353980360305 0.789135928701385 0.507187627743541 1.84696611959084 9.24233009727591 6.08316319750988 0.0424611007023415 245.695517751102 6.22243942236469
0 1.38550185903021 0.203960100898023 0.602419796989849 0.84271233459063 1.66712259774672 9.68852089577966 6.27035811352668 0.0327725900471338 244.253693658275 6.6716953357347
0.00423728813559322 1.40653469458657 0.333206449403765 0.753533263607477 0.577421102399369 2.38934582506338 8.94661785216406 5.8467277506413 0.0450541535043566 230.283472657283 5.87483709350939
0.00423728813559322 1.32671662999353 0.16279912245977 0.681763452326237 0.597615253612609 2.24870230870134 9.31554944759612 6.3520070025732 0.0516356762595479 245.554408936483 6.24229274608747
0 1.40850179191125 0.270088181833449 0.924713500229458 0.676924412635961 2.68569314989709 9.26691647344805 6.09501986294404 0.0419240089369486 219.395596455218 6.25472127035849
0 1.41877065448639 0.339370382971697 0.813313519398566 0.471302053184477 2.16866657657273 9.03125495254702 5.8630432284964 0.0420787791297175 226.769457589497 5.96800178139409
0.00423728813559322 1.41945567933127 0.329838404571099 0.600173979072732 0.572535554586202 1.7001014234241 9.35604404753126 6.12453750133234 0.0394979484578858 237.884092028753 6.2529951308269
0 1.43087702057532 0.308143691665996 0.676334534270682 0.592194174722014 2.44540577365387 9.39837060323712 6.41531515685957 0.0506378759380325 225.439299444843 6.39074389612906
0 1.36460739082487 0.21722919590471 0.811353491281364 0.690939291976806 2.54002775485317 9.15553213548119 6.06106834305369 0.0452992957746479 221.849037187634 6.1655579004469
0 1.37579991084058 0.168049071123824 0.607857511669863 0.595681338105351 2.386676593218 9.44429697509867 6.57915542198177 0.0569750655630784 242.073238742663 6.55614139785727
0.00423728813559322 1.34166443483597 0.200251487039821 0.743628885998419 0.655506651659324 2.39582617111847 9.00799160266868 5.94907883061154 0.0469387005545965 234.26156198988 5.98191913426445
0.00423728813559322 1.31148765617982 0.10933371738065 0.777200382086448 0.615239450382069 2.08875111816451 9.05175487285881 5.95543872485122 0.0452154630393337 250.068132497482 6.01211523099209
0 1.38283700717616 0.321611594238735 0.609152203408552 0.744267096840255 2.29914612142717 8.75587878531379 5.61275048664666 0.0431476079505022 231.20066842786 5.68217131640162
0.00423728813559322 1.31148765617982 0.10933371738065 0.777200382086448 0.615239450382069 2.08875111816451 9.05175487285881 5.95543872485122 0.0452154630393337 250.068132497482 6.01211523099209
0.00423728813559322 1.36770987807197 0.226613586929204 0.794039958338159 0.727840584733419 2.62490389739061 9.18102925334424 6.11604979201864 0.0466548000823796 226.721673543362 6.1422677937925
0.00423728813559322 1.4253691113373 0.326172197472912 0.611328743535092 0.567015745827215 2.09093647988301 9.31215360345427 6.24494329821826 0.0465508365120893 230.213894417335 6.25919898175007
0.00423728813559322 1.31756369802169 0.165930112171918 0.631840676162392 0.588344991859049 1.78464712481946 9.01455525348776 5.88630977160107 0.0437945682482623 243.891957928944 5.92167770971985
0 1.41517633167619 0.355703574936811 0.709345206782401 0.472375335372335 2.38119677578805 8.87126207586321 5.85038089833027 0.0487582347656835 228.840580249448 5.80473328182533
0.00423728813559322 1.30469773363589 0.203181716335897 0.715678167535777 0.768226372133285 2.20290375104092 8.82352611250308 5.61915070928479 0.0405842425103948 245.154270969303 5.72031177660741
0 1.41877065448639 0.339370382971697 0.813313519398566 0.471302053184477 2.16866657657273 9.03125495254702 5.8630432284964 0.0420787791297175 226.769457589497 5.96800178139409
0.00423728813559322 1.31611714038905 0.121353980360305 0.789135928701385 0.507187627743541 1.84696611959084 9.24233009727591 6.08316319750988 0.0424611007023415 245.695517751102 6.22243942236469
0 1.36627037595474 0.194484184117381 0.786654896291896 0.663965783367602 1.76019321894378 9.1473137936965 5.77121033614538 0.0341803808952775 237.611357697085 6.08635376289851
0 1.44957891130066 0.366626586808701 0.802034797057384 0.32844753640905 2.22654798325472 9.24259456750552 6.18167159817593 0.0468444392803889 222.035217033153 6.2164730250317
0.00423728813559322 1.40875017180927 0.33022564591765 0.698704011981144 0.597272799829164 1.91091555848643 9.16340598478697 5.90735803781098 0.0385404111862216 233.153506693782 6.05436109594655
0.00423728813559322 1.4229473928655 0.31244227035524 0.689698196262464 0.462504091133948 1.76757935724494 9.41778534286116 6.21806877005117 0.040773758732687 228.259703282443 6.33658971509625
0.00423728813559322 1.27608654397415 0.150612901025923 0.608390252038389 0.604374091569739 1.8223567106757 8.73262172503561 5.6313312489979 0.0449911049720788 244.178491057564 5.60101119662026
0.00423728813559322 1.3617274136981 0.187040400784463 0.755110028258059 0.515614526672289 1.73864263575524 9.37004985868277 6.14825459787217 0.039883392858665 235.013634254235 6.34522692029411
0 1.40580841014636 0.280656517816467 0.637243499935575 0.807918815486925 2.83404290432813 9.02436013034993 6.05083347891482 0.051122700100768 226.693823828005 5.96879280784357
0 1.38550185903021 0.203960100898023 0.602419796989849 0.84271233459063 1.66712259774672 9.68852089577966 6.27035811352668 0.0327725900471338 244.253693658275 6.6716953357347
0 1.37827345701076 0.167734742213943 0.780918054177303 0.870843032919223 2.57046933873668 9.46267841411666 6.31392278864611 0.0429054841535852 216.973704669561 6.46989165079242
0.00423728813559322 1.2988408761158 0.176391980954945 0.655360542469602 0.502808741481809 1.69809327522216 8.72299011920862 5.57538777840522 0.0429549949351213 253.109064077849 5.54835526024064
0 1.42160244714833 0.28730342412826 0.875891647788111 0.374733756355459 2.58226667199732 9.23122084955554 6.27218494322621 0.0518688995527699 224.671109729096 6.16646772309426
0 1.47539419711267 0.37313550255044 0.655837095469072 0.793934871842424 2.42129964356785 9.15142865729633 5.97126183979046 0.0415787184844981 223.963619793701 6.16162917363131
0.00423728813559322 1.30469773363589 0.203181716335897 0.715678167535777 0.768226372133285 2.20290375104092 8.82352611250308 5.61915070928479 0.0405842425103948 245.154270969303 5.72031177660741
0.00423728813559322 1.42251491483685 0.280483130755455 0.843338360342732 0.416762406307913 1.83951809159919 9.37120276350558 6.12955843238244 0.0390995496045204 231.288861690553 6.26415987725144
0.00423728813559322 1.40785405120509 0.296362387081888 0.787505744459838 0.630575031736241 2.52406511433368 8.94681923168929 5.8636311755981 0.0458129692710227 233.260039429683 5.84464326335341
0 1.30944918029746 0.138982316013804 0.838131434230451 0.853269923757264 2.67035998784075 8.7652184556391 5.60890809731209 0.0425825659987755 231.545978810911 5.68957952447821
0.00423728813559322 1.31611714038905 0.121353980360305 0.789135928701385 0.507187627743541 1.84696611959084 9.24233009727591 6.08316319750988 0.0424611007023415 245.695517751102 6.22243942236469
0.00423728813559322 1.26685373404096 0.13998657113568 0.618639474510527 0.3658089742926 1.28331771333185 8.79742342986017 5.56438828074524 0.0394376179011767 254.940381410142 5.60339043854851
0.00423728813559322 1.39593764838216 0.279485452792585 0.771181656726168 0.315300664555955 1.83759779566809 9.3536120899059 6.2303502053708 0.0440133674934217 225.222556169428 6.33007734822831
0.00423728813559322 1.31447454238675 0.165444951124114 0.769855029365824 0.43392554721952 2.1761607089526 8.93780281042109 5.96144960636833 0.0509784031265426 246.420520545607 5.84932477994686
0 1.45512499072782 0.325050459178898 0.849143004939437 0.544928362147742 2.2900410038635 9.18170767410091 5.9962862373872 0.041360811163097 219.367171196427 6.1597998619272
0 1.36721403866649 0.150673193747888 0.914258278323296 0.715861007072304 2.73890999602547 9.44661072197546 6.36193555290132 0.0457448908423366 219.91768172568 6.52366019661017
0.00423728813559322 1.38380537868386 0.240442387094371 0.788522921959552 0.42753536314812 1.75805979619589 9.34548920583711 6.10948564966229 0.0393207245770908 229.24747395373 6.32557430138657
0 1.47539419711267 0.37313550255044 0.655837095469072 0.793934871842424 2.42129964356785 9.15142865729633 5.97126183979046 0.0415787184844981 223.963619793701 6.16162917363131
0.00423728813559322 1.32310162929919 0.199687331290313 0.733695994624001 0.533209997778552 1.82293765478282 9.02106670516959 5.84075792968328 0.0415728164725216 239.345266782201 5.89561422145115
0.00423728813559322 1.37449179165739 0.173810413158669 0.614529309397479 0.637094835630683 1.96614610249382 9.48296464262251 6.41236546334599 0.0463933485947485 256.263149141271 6.51629169050979
0.00423728813559322 1.34166443483597 0.200251487039821 0.743628885998419 0.655506651659324 2.39582617111847 9.00799160266868 5.94907883061154 0.0469387005545965 234.26156198988 5.98191913426445
0 1.40850179191125 0.270088181833449 0.924713500229458 0.676924412635961 2.68569314989709 9.26691647344805 6.09501986294404 0.0419240089369486 219.395596455218 6.25472127035849
0.00423728813559322 1.31618149604138 0.204132267200025 0.66234233130706 0.556341531811063 2.09672168889245 8.6763370985948 5.63478960316925 0.0477609224681025 249.985265707508 5.51235289883152
0 1.37453740365782 0.257614087414572 0.798592439611985 0.530922745678352 2.54965365361277 9.10677823825974 6.10791335975123 0.0498436148266454 220.306479203323 6.04760855772602
0 1.40850179191125 0.270088181833449 0.924713500229458 0.676924412635961 2.68569314989709 9.26691647344805 6.09501986294404 0.0419240089369486 219.395596455218 6.25472127035849
0.00423728813559322 1.38284435089013 0.237874401986738 0.669816649182348 0.897241758668014 2.27316239834332 9.21033037192618 5.93357056868908 0.037750377503775 240.691031059213 6.16933175355256
0 1.3460545077957 0.216939651901509 0.897889818261909 0.416847726186276 2.20020095881805 8.90027634863127 5.77786581596471 0.0440508543110501 229.23296533303 5.80263912735467
0 1.40831388845108 0.370678197289817 0.699874721688684 0.442705890163779 2.00701091950759 8.7968083307212 5.63096456303148 0.0421785379080196 231.157826381583 5.74664376770335
0.00423728813559322 1.32238862413394 0.180658674518351 0.721572894932562 0.654210487754338 1.92207668059874 9.11833472618016 5.90848543364629 0.0403626957732867 247.347313124587 6.03663263920492
0 1.35207315162758 0.113735024607224 0.897486774623571 0.831165013350895 2.60178760845027 9.15735391567534 5.94261188098534 0.0401656938429674 224.661540837668 6.14380236019508
0.00423728813559322 1.4253691113373 0.326172197472912 0.611328743535092 0.567015745827215 2.09093647988301 9.31215360345427 6.24494329821826 0.0465508365120893 230.213894417335 6.25919898175007
0 1.47375101349317 0.355352289532311 0.603643658699002 0.553679009154439 2.36853600014001 9.49747229312248 6.55526205564008 0.0527490119565761 229.29039743508 6.42670418391738
0.00423728813559322 1.32310162929919 0.199687331290313 0.733695994624001 0.533209997778552 1.82293765478282 9.02106670516959 5.84075792968328 0.0415728164725216 239.345266782201 5.89561422145115
0.00423728813559322 1.38380537868386 0.240442387094371 0.788522921959552 0.42753536314812 1.75805979619589 9.34548920583711 6.10948564966229 0.0393207245770908 229.24747395373 6.32557430138657
0.00423728813559322 1.31611714038905 0.121353980360305 0.789135928701385 0.507187627743541 1.84696611959084 9.24233009727591 6.08316319750988 0.0424611007023415 245.695517751102 6.22243942236469
0 1.46368010007702 0.36622703686125 0.716944854092678 0.692697071192583 2.66227637285278 9.0345494441282 5.96725723340772 0.0465470238994111 224.615544595071 5.9829282160857
0 1.47375101349317 0.355352289532311 0.603643658699002 0.553679009154439 2.36853600014001 9.49747229312248 6.55526205564008 0.0527490119565761 229.29039743508 6.42670418391738
0.00423728813559322 1.41766741463164 0.301138160698774 0.653131856906587 0.569739340419986 1.60344741194985 9.2299469016151 5.90445317011835 0.0359547623717069 243.3408975998 6.12868703591455
0.00423728813559322 1.36071185025977 0.138019496432251 0.647202339674298 0.690276213702691 1.66300953886087 9.67826371392396 6.41445377832791 0.0382424189554633 244.861787045096 6.76984697470074
0 1.38550185903021 0.203960100898023 0.602419796989849 0.84271233459063 1.66712259774672 9.68852089577966 6.27035811352668 0.0327725900471338 244.253693658275 6.6716953357347
0 1.36460739082487 0.21722919590471 0.811353491281364 0.690939291976806 2.54002775485317 9.15553213548119 6.06106834305369 0.0452992957746479 221.849037187634 6.1655579004469
0 1.41399474706616 0.295057198542826 0.679842626465687 0.838429316363112 2.19650001875188 9.12544337253416 5.83198359463028 0.0371251820597907 228.019304266803 6.07288561475164
0 1.40580841014636 0.280656517816467 0.637243499935575 0.807918815486925 2.83404290432813 9.02436013034993 6.05083347891482 0.051122700100768 226.693823828005 5.96879280784357
0.00423728813559322 1.38416182374725 0.246612859763734 0.757887512655552 0.398881678289051 1.83705828441568 9.35012630206963 6.22257626807137 0.043825035681303 231.917645203704 6.22823891325551
0 1.47375101349317 0.355352289532311 0.603643658699002 0.553679009154439 2.36853600014001 9.49747229312248 6.55526205564008 0.0527490119565761 229.29039743508 6.42670418391738
0.00423728813559322 1.39980090153749 0.228484049959297 0.663375723272508 0.895288900628169 2.41299231926968 9.59072012371357 6.40473246727917 0.0413373984851385 230.050378837465 6.57354049240214
0 1.38332087675313 0.270381427481642 0.662946920517992 0.665752753089296 2.56120481452914 9.0113594358058 6.06378520868761 0.0524668243055614 227.953345384963 5.93224518744801
0.00423728813559322 1.31148765617982 0.10933371738065 0.777200382086448 0.615239450382069 2.08875111816451 9.05175487285881 5.95543872485122 0.0452154630393337 250.068132497482 6.01211523099209
0 1.36721403866649 0.150673193747888 0.914258278323296 0.715861007072304 2.73890999602547 9.44661072197546 6.36193555290132 0.0457448908423366 219.91768172568 6.52366019661017
0.00423728813559322 1.36781990643469 0.202358482434172 0.670579953522019 0.495837950423646 1.98393107838073 9.50414932635079 6.49443178830142 0.0493056037507422 239.042546867615 6.42397441942861
0.00423728813559322 1.31756369802169 0.165930112171918 0.631840676162392 0.588344991859049 1.78464712481946 9.01455525348776 5.88630977160107 0.0437945682482623 243.891957928944 5.92167770971985
0.00423728813559322 1.35737789349249 0.173458674852598 0.618708696769308 0.766340973185076 1.846907695406 9.28949568337757 6.04908262540098 0.0391477214802732 255.338348803191 6.18365107774938
0.00423728813559322 1.27608654397415 0.150612901025923 0.608390252038389 0.604374091569739 1.8223567106757 8.73262172503561 5.6313312489979 0.0449911049720788 244.178491057564 5.60101119662026
0.00423728813559322 1.34912885915762 0.11958413980891 0.688608527310414 0.814221405024091 2.24506304898949 9.52247025353724 6.39000094514163 0.0436099777036017 234.023898114342 6.66002625219531
0 1.37042526823527 0.142228325507542 0.686305203287284 0.857879788138474 2.06422331162432 9.61795079629467 6.34098898701787 0.037742752469696 225.151303591135 6.70340719528797
0.00423728813559322 1.40925005190899 0.263241300260768 0.732248982515125 0.496000898356898 1.9137864868931 9.35500909695939 6.19222614752906 0.0423078365258424 227.502102313812 6.39012880398564
0.00423728813559322 1.34912885915762 0.11958413980891 0.688608527310414 0.814221405024091 2.24506304898949 9.52247025353724 6.39000094514163 0.0436099777036017 234.023898114342 6.66002625219531
0 1.3460545077957 0.216939651901509 0.897889818261909 0.416847726186276 2.20020095881805 8.90027634863127 5.77786581596471 0.0440508543110501 229.23296533303 5.80263912735467
0.00423728813559322 1.40653469458657 0.333206449403765 0.753533263607477 0.577421102399369 2.38934582506338 8.94661785216406 5.8467277506413 0.0450541535043566 230.283472657283 5.87483709350939
0 1.40478601232046 0.293926403753401 0.792448766831915 0.483946333722713 1.66781445832754 9.22770539019302 5.87773578177964 0.0350854203862345 234.651981603386 6.13064661124132
0 1.3692915958598 0.192252793103921 0.836141657396653 0.603806751908971 2.68652315831021 9.33891575384257 6.35523922816194 0.0506064355658286 225.8694454855 6.33556070883985
0.00423728813559322 1.31254922727765 0.194173538631787 0.627744503380674 0.555737585293489 1.51539605901563 9.05294016527713 5.78562727111976 0.0381086917038323 257.989678534437 5.93215371706148
0 1.34007565719665 0.151046778353289 0.799315064709546 0.361300196207867 1.95975438351791 9.5408792245101 6.49860481686294 0.0477262170852569 222.641422565873 6.56299882277323
0 1.37201732699608 0.114849586063401 0.666846364059934 0.523849761820697 2.00839798108196 9.71082990477885 6.74039270518265 0.0512808854477903 233.77075364592 6.87806896861178
0 1.42501970006693 0.291316794236237 0.731704958529678 0.479691328136375 2.21763833670007 9.48734312292567 6.46386114425419 0.0486315890547339 218.073737004815 6.5080734156297
0 1.37579991084058 0.168049071123824 0.607857511669863 0.595681338105351 2.386676593218 9.44429697509867 6.57915542198177 0.0569750655630784 242.073238742663 6.55614139785727
0 1.47375101349317 0.355352289532311 0.603643658699002 0.553679009154439 2.36853600014001 9.49747229312248 6.55526205564008 0.0527490119565761 229.29039743508 6.42670418391738
0 1.36460739082487 0.21722919590471 0.811353491281364 0.690939291976806 2.54002775485317 9.15553213548119 6.06106834305369 0.0452992957746479 221.849037187634 6.1655579004469
0 1.40356429645634 0.334089877530452 0.683513205143574 0.684674604050962 2.46470920279811 9.0152617892428 5.92095266536603 0.0453063026929356 224.281021705447 5.93515871089689
0 1.35420256887029 0.123491902245087 0.634036493525132 0.550718803895166 1.53283575737149 9.77005329805069 6.54078947002458 0.0395866306320719 226.54866643076 6.95730705781139
0 1.3692915958598 0.192252793103921 0.836141657396653 0.603806751908971 2.68652315831021 9.33891575384257 6.35523922816194 0.0506064355658286 225.8694454855 6.33556070883985
0.00423728813559322 1.39408099512441 0.207466578050438 0.615936512863724 0.559907944462411 1.80226150808502 9.56875242695317 6.46501790309513 0.0448812788248845 245.419142696195 6.56049401507262
0.00423728813559322 1.3968490407995 0.264651348370311 0.625452111241785 0.757819546299707 2.63900834233291 9.06725491283255 6.0928923397381 0.051079983384871 230.073382084331 6.0920637456641
0 1.37579991084058 0.168049071123824 0.607857511669863 0.595681338105351 2.386676593218 9.44429697509867 6.57915542198177 0.0569750655630784 242.073238742663 6.55614139785727
0 1.32690747234412 0.217184686838647 0.755249017921716 0.442215672158843 1.71675026299075 8.71975676509991 5.49050389718943 0.0395870645084986 244.180181534385 5.59034343843317
0.00423728813559322 1.36411437591658 0.204813384665098 0.653077402446306 0.644469880479737 2.10307990897845 9.28821415097419 6.20893687497805 0.045992484512865 225.41065644429 6.29989960648017
0.00423728813559322 1.34912885915762 0.11958413980891 0.688608527310414 0.814221405024091 2.24506304898949 9.52247025353724 6.39000094514163 0.0436099777036017 234.023898114342 6.66002625219531
0.00423728813559322 1.2990107622252 0.147828064724586 0.695605898680174 0.787814795056021 1.9188911898955 8.94719759025705 5.64190707093811 0.0366885515549422 257.268489760886 5.78755448356974
0.00423728813559322 1.31713198028621 0.121647517841739 0.798857597510098 0.38424936636116 1.53942603924007 9.47535922954969 6.23062725205494 0.0389790102093296 240.44121937184 6.47668742201299
0.00423728813559322 1.38380537868386 0.240442387094371 0.788522921959552 0.42753536314812 1.75805979619589 9.34548920583711 6.10948564966229 0.0393207245770908 229.24747395373 6.32557430138657
0.00423728813559322 1.36340152890922 0.222155475724108 0.610657068973587 0.654830813049785 2.05207167385156 9.19795060144136 6.12861438525522 0.0464519786976976 250.603942361201 6.0343643814232
0 1.40356429645634 0.334089877530452 0.683513205143574 0.684674604050962 2.46470920279811 9.0152617892428 5.92095266536603 0.0453063026929356 224.281021705447 5.93515871089689
0.00423728813559322 1.37091790388237 0.178685158921984 0.814461733167994 0.774786896337099 2.78339525277264 9.21885573726145 6.16578000249888 0.0472134846827134 226.751713234583 6.26844298780532
0.00423728813559322 1.38533328425221 0.222002483238319 0.635081163347425 0.582564945287697 2.3271978651461 9.34192988036336 6.42227246288794 0.0539521672043765 234.64037855016 6.33523154074593
0 1.46436407850047 0.337885866184022 0.846846520254099 0.398707162134612 2.67708363576831 9.21230178048959 6.26637794590694 0.0525534866545349 227.366773737973 6.12868703591455
0 1.3460545077957 0.216939651901509 0.897889818261909 0.416847726186276 2.20020095881805 8.90027634863127 5.77786581596471 0.0440508543110501 229.23296533303 5.80263912735467
0 1.42268719591265 0.329599961213268 0.789176144087404 0.760395728653916 2.83463595375115 9.01484441259078 5.92211446897319 0.0453779060341753 225.227942663366 5.99238079389233
0.00423728813559322 1.34924706402531 0.147570981685139 0.637208951834255 0.720324740615564 2.22108524330354 9.41942136951617 6.40562735252854 0.0491050196117928 238.66025595206 6.39000921237157
0.00423728813559322 1.41766741463164 0.301138160698774 0.653131856906587 0.569739340419986 1.60344741194985 9.2299469016151 5.90445317011835 0.0359547623717069 243.3408975998 6.12868703591455
0.00423728813559322 1.38284435089013 0.237874401986738 0.669816649182348 0.897241758668014 2.27316239834332 9.21033037192618 5.93357056868908 0.037750377503775 240.691031059213 6.16933175355256
0.00423728813559322 1.44012703562369 0.304241663970049 0.779248453630265 0.780329928400641 2.7281538931276 9.35214819611928 6.24376507906712 0.0446731281962278 223.420493158473 6.29812487064007
0.00423728813559322 1.41766741463164 0.301138160698774 0.653131856906587 0.569739340419986 1.60344741194985 9.2299469016151 5.90445317011835 0.0359547623717069 243.3408975998 6.12868703591455
0 1.44957891130066 0.366626586808701 0.802034797057384 0.32844753640905 2.22654798325472 9.24259456750552 6.18167159817593 0.0468444392803889 222.035217033153 6.2164730250317
0.00423728813559322 1.47882336986742 0.320596543339272 0.646451845539269 0.718864661627729 2.34336396561157 9.44875975484288 6.3576629639944 0.0454520756357314 227.608296727537 6.46753807923261
0 1.42902217515775 0.31236234852417 0.689121654702009 0.630135257572195 2.14943837552805 9.30803256102741 6.14124856406773 0.0421388990498417 220.019712191877 6.32220610902021
0 1.47375101349317 0.355352289532311 0.603643658699002 0.553679009154439 2.36853600014001 9.49747229312248 6.55526205564008 0.0527490119565761 229.29039743508 6.42670418391738
0 1.41240009100867 0.270401306843138 0.837443785025344 0.627608722270505 2.36214342595086 9.14551025277247 5.98762384772204 0.0425155067432994 224.584087691172 6.09161149571292
0.00423728813559322 1.3521884562185 0.171210983973378 0.717523214752134 0.774093889019853 2.57510780666449 9.17599520229708 6.14455555237793 0.0482461305668269 232.054172206327 6.18868887177933
0 1.45617084741242 0.356223131154759 0.657227992315948 0.502669170243579 1.69044149884778 9.37779360773718 6.07810085376753 0.0368945013490768 225.740136430895 6.38401326328292
0.00423728813559322 1.41766741463164 0.301138160698774 0.653131856906587 0.569739340419986 1.60344741194985 9.2299469016151 5.90445317011835 0.0359547623717069 243.3408975998 6.12868703591455
0.00423728813559322 1.37190029973046 0.214475015072956 0.80781713922134 0.522565023256071 2.22807551921119 9.25086328729395 6.17407341894486 0.0461070289708702 226.118104879663 6.29666469198492
0.00423728813559322 1.41766741463164 0.301138160698774 0.653131856906587 0.569739340419986 1.60344741194985 9.2299469016151 5.90445317011835 0.0359547623717069 243.3408975998 6.12868703591455
0 1.36460739082487 0.21722919590471 0.811353491281364 0.690939291976806 2.54002775485317 9.15553213548119 6.06106834305369 0.0452992957746479 221.849037187634 6.1655579004469
0.00423728813559322 1.31611714038905 0.121353980360305 0.789135928701385 0.507187627743541 1.84696611959084 9.24233009727591 6.08316319750988 0.0424611007023415 245.695517751102 6.22243942236469
0.00423728813559322 1.36071185025977 0.138019496432251 0.647202339674298 0.690276213702691 1.66300953886087 9.67826371392396 6.41445377832791 0.0382424189554633 244.861787045096 6.76984697470074
0 1.38424116021342 0.24566546897396 0.799820505419206 0.557954569075731 2.70927974738161 9.07976421425161 6.14913120611759 0.05336324808154 228.352656867362 6.00184155373671
0 1.36577091782017 0.200146421088233 0.88592061323697 0.824137048530376 2.59242656513911 9.03177973405245 5.77403381320046 0.038475026101649 231.017425592373 6.01575057298814
0.00423728813559322 1.41766741463164 0.301138160698774 0.653131856906587 0.569739340419986 1.60344741194985 9.2299469016151 5.90445317011835 0.0359547623717069 243.3408975998 6.12868703591455
0.00423728813559322 1.3617274136981 0.187040400784463 0.755110028258059 0.515614526672289 1.73864263575524 9.37004985868277 6.14825459787217 0.039883392858665 235.013634254235 6.34522692029411
0.00423728813559322 1.37091790388237 0.178685158921984 0.814461733167994 0.774786896337099 2.78339525277264 9.21885573726145 6.16578000249888 0.0472134846827134 226.751713234583 6.26844298780532
0.00423728813559322 1.3717428215534 0.242948255489552 0.69183631983925 0.819614650964115 2.40242981969259 9.12426310402537 5.97032602790542 0.042683746462397 231.999575478997 6.02691212529078
0.00423728813559322 1.3671967569604 0.20207422738683 0.756317059544416 0.469357476254121 1.80049881297201 9.3568562665755 6.20267046084915 0.0426731310711756 227.254125878008 6.37938780377264
0.00423728813559322 1.35424408208346 0.173085716837502 0.670026984646044 0.500044388438 1.43339130029582 9.61804582577764 6.31941846277454 0.0369338293636653 239.186896197151 6.64020257782552
0.00423728813559322 1.41766741463164 0.301138160698774 0.653131856906587 0.569739340419986 1.60344741194985 9.2299469016151 5.90445317011835 0.0359547623717069 243.3408975998 6.12868703591455
0 1.31863711449815 0.168579231892176 0.915386533988553 0.661933958658474 2.47040669177997 8.88254078930709 5.72370613069686 0.0424752103712918 231.973461169049 5.79785732385253
0 1.47539419711267 0.37313550255044 0.655837095469072 0.793934871842424 2.42129964356785 9.15142865729633 5.97126183979046 0.0415787184844981 223.963619793701 6.16162917363131
0 1.3638045933039 0.192551061106777 0.661594265416344 0.784743642304728 2.89824669113402 9.11231685923872 6.23414023613057 0.0562372110359727 240.250008493789 6.01624126045111
0 1.47539419711267 0.37313550255044 0.655837095469072 0.793934871842424 2.42129964356785 9.15142865729633 5.97126183979046 0.0415787184844981 223.963619793701 6.16162917363131
0.00423728813559322 1.3617274136981 0.187040400784463 0.755110028258059 0.515614526672289 1.73864263575524 9.37004985868277 6.14825459787217 0.039883392858665 235.013634254235 6.34522692029411
0 1.34842859828059 0.179487643880266 0.608618473051497 0.82337346524644 1.67462908352726 8.97487989853604 5.59085830522277 0.0339108046779543 249.756900371843 5.93598828763245
0 1.36460739082487 0.21722919590471 0.811353491281364 0.690939291976806 2.54002775485317 9.15553213548119 6.06106834305369 0.0452992957746479 221.849037187634 6.1655579004469
0 1.38424116021342 0.24566546897396 0.799820505419206 0.557954569075731 2.70927974738161 9.07976421425161 6.14913120611759 0.05336324808154 228.352656867362 6.00184155373671
0 1.38424116021342 0.24566546897396 0.799820505419206 0.557954569075731 2.70927974738161 9.07976421425161 6.14913120611759 0.05336324808154 228.352656867362 6.00184155373671
0 1.45617084741242 0.356223131154759 0.657227992315948 0.502669170243579 1.69044149884778 9.37779360773718 6.07810085376753 0.0368945013490768 225.740136430895 6.38401326328292
0 1.3453123908911 0.268434591041634 0.649454731237675 0.462285245538782 1.96602519174802 8.63707443581493 5.58252117462349 0.0471437770214332 242.587794000543 5.53937359765976
0.00423728813559322 1.37852399730787 0.222517801758167 0.640258206681069 0.487542393029822 1.61425803450284 9.47313955511544 6.310732993278 0.0423237636677944 248.215877635125 6.39128155075385
0 1.42160244714833 0.28730342412826 0.875891647788111 0.374733756355459 2.58226667199732 9.23122084955554 6.27218494322621 0.0518688995527699 224.671109729096 6.16646772309426
0.00423728813559322 1.4253691113373 0.326172197472912 0.611328743535092 0.567015745827215 2.09093647988301 9.31215360345427 6.24494329821826 0.0465508365120893 230.213894417335 6.25919898175007
0.00423728813559322 1.34166443483597 0.200251487039821 0.743628885998419 0.655506651659324 2.39582617111847 9.00799160266868 5.94907883061154 0.0469387005545965 234.26156198988 5.98191913426445
0.00423728813559322 1.34450985919561 0.165131809489401 0.854999297860546 0.51694251896184 2.19393235639979 9.22584619953644 6.12482925917541 0.045003413327732 234.342402554703 6.14690011539811
0.00423728813559322 1.31756369802169 0.165930112171918 0.631840676162392 0.588344991859049 1.78464712481946 9.01455525348776 5.88630977160107 0.0437945682482623 243.891957928944 5.92167770971985
0 1.46823794618628 0.392958893027936 0.809943887972085 0.339462164238253 2.08521878532197 9.24392987496974 6.08419564636567 0.0424370181274335 221.721122089702 6.165907930203
0 1.44853421995579 0.36712200249045 0.600819907518314 0.55251704097654 1.62022697722827 9.4056150302786 6.08269116540293 0.0360472801436445 227.478122711884 6.37725460598844
0 1.33583729029646 0.16954134382913 0.769134261988842 0.394289295557455 2.31448935700983 9.06798284175322 6.1720871305996 0.0552495153176698 233.45575121392 6.04938398816567
0 1.46436407850047 0.337885866184022 0.846846520254099 0.398707162134612 2.67708363576831 9.21230178048959 6.26637794590694 0.0525534866545349 227.366773737973 6.12868703591455
0 1.33648023058763 0.192703997044188 0.881076667920593 0.4081362982623 1.63609463081353 9.13063155917083 5.79819438357147 0.0357059772014408 236.647531020354 6.05365656736443
0.00423728813559322 1.34233971632887 0.142290926721953 0.72145370159742 0.396185849241692 1.33826183123383 9.60860101873573 6.30738259857394 0.0368382555727424 249.991529655259 6.62941043103753
0 1.32690747234412 0.217184686838647 0.755249017921716 0.442215672158843 1.71675026299075 8.71975676509991 5.49050389718943 0.0395870645084986 244.180181534385 5.59034343843317
0.00423728813559322 1.36181209700734 0.224302804683121 0.772663172155624 0.40306566171763 2.08703083250671 9.09058455833898 6.06713875239545 0.0486333482237911 241.689462411364 5.95218457293954
0.00423728813559322 1.37828924894145 0.211755404887439 0.705913814544455 0.695132572779912 1.77298905394112 9.40205379788199 6.08548601809581 0.036277129420441 241.600359992781 6.39286585359268
0 1.37827345701076 0.167734742213943 0.780918054177303 0.870843032919223 2.57046933873668 9.46267841411666 6.31392278864611 0.0429054841535852 216.973704669561 6.46989165079242
0 1.42261017456497 0.258758686601294 0.745393748490921 0.79204577593678 2.45431558040468 9.46686533971919 6.30274527823955 0.0422513040114193 220.475050442704 6.42699050750589
0 1.34842859828059 0.179487643880266 0.608618473051497 0.82337346524644 1.67462908352726 8.97487989853604 5.59085830522277 0.0339108046779543 249.756900371843 5.93598828763245
0 1.38033142473863 0.269328204020123 0.796692073332437 0.521680289670042 2.57330862437292 8.8853163537153 5.90590665874634 0.0508228259816473 227.976806936344 5.82747394699875
0.00423728813559322 1.34912885915762 0.11958413980891 0.688608527310414 0.814221405024091 2.24506304898949 9.52247025353724 6.39000094514163 0.0436099777036017 234.023898114342 6.66002625219531
0.00423728813559322 1.34383518260291 0.149752341489717 0.764948826964144 0.574231605253292 2.01212287176222 9.47819948359172 6.35282295095096 0.043920393047992 230.215220006056 6.47907840573203
0.00423728813559322 1.3697868859533 0.282373713526984 0.636908938950655 0.338871809716129 1.33090560840127 9.15028246454681 5.85688498629945 0.0371274950179284 252.727553931522 6.00659943469225
0 1.30944918029746 0.138982316013804 0.838131434230451 0.853269923757264 2.67035998784075 8.7652184556391 5.60890809731209 0.0425825659987755 231.545978810911 5.68957952447821
0.00423728813559322 1.3968490407995 0.264651348370311 0.625452111241785 0.757819546299707 2.63900834233291 9.06725491283255 6.0928923397381 0.051079983384871 230.073382084331 6.0920637456641
0 1.33648023058763 0.192703997044188 0.881076667920593 0.4081362982623 1.63609463081353 9.13063155917083 5.79819438357147 0.0357059772014408 236.647531020354 6.05365656736443
0.00423728813559322 1.36770987807197 0.226613586929204 0.794039958338159 0.727840584733419 2.62490389739061 9.18102925334424 6.11604979201864 0.0466548000823796 226.721673543362 6.1422677937925
0 1.40831388845108 0.370678197289817 0.699874721688684 0.442705890163779 2.00701091950759 8.7968083307212 5.63096456303148 0.0421785379080196 231.157826381583 5.74664376770335
0 1.44957891130066 0.366626586808701 0.802034797057384 0.32844753640905 2.22654798325472 9.24259456750552 6.18167159817593 0.0468444392803889 222.035217033153 6.2164730250317
0 1.43087702057532 0.308143691665996 0.676334534270682 0.592194174722014 2.44540577365387 9.39837060323712 6.41531515685957 0.0506378759380325 225.439299444843 6.39074389612906
0.00423728813559322 1.31384473838697 0.158426448852902 0.705117726082707 0.334612668341561 1.4479209997189 9.19699456873995 6.02913873533751 0.0420937572388233 264.865444280213 6.00247513605659
0.00423728813559322 1.40092932106952 0.231222766561202 0.611022944952914 0.636489913121 1.64131984821065 9.5668369666783 6.31842742706119 0.0388359257400903 249.125882690533 6.50668051917527
0 1.41367689597795 0.270036114187566 0.906968985977879 0.656977388485118 2.53079836475953 9.12695876303713 5.95379976572197 0.0418711180124224 220.362915702554 6.12912801593493
0.00423728813559322 1.34450985919561 0.165131809489401 0.854999297860546 0.51694251896184 2.19393235639979 9.22584619953644 6.12482925917541 0.045003413327732 234.342402554703 6.14690011539811
0 1.31283923993183 0.191204872799178 0.693848069528745 0.631000355592552 1.48852128611409 9.15391815766308 5.7473739639164 0.0331555818891029 256.298164706421 6.00586042739171
0 1.40713464461034 0.238978857851658 0.653990322049772 0.51296438520041 1.9178681443292 9.63954445616232 6.54787322732349 0.0454259737344259 219.374629411028 6.83321750625457
0.00423728813559322 1.39361244546193 0.19974405293347 0.707211694388311 0.653650445354564 2.24625603634802 9.5599661958103 6.52042474106946 0.0478568289857388 229.457072324509 6.53688481563847
0 1.37579991084058 0.168049071123824 0.607857511669863 0.595681338105351 2.386676593218 9.44429697509867 6.57915542198177 0.0569750655630784 242.073238742663 6.55614139785727
0 1.40850179191125 0.270088181833449 0.924713500229458 0.676924412635961 2.68569314989709 9.26691647344805 6.09501986294404 0.0419240089369486 219.395596455218 6.25472127035849
0 1.46436407850047 0.337885866184022 0.846846520254099 0.398707162134612 2.67708363576831 9.21230178048959 6.26637794590694 0.0525534866545349 227.366773737973 6.12868703591455
0.00423728813559322 1.42023403225685 0.233873194677342 0.692163610986803 0.613809784519927 2.27315702596455 9.53327616484465 6.53112055254185 0.0496798623395993 236.882843882848 6.51821273141779
0.00423728813559322 1.40092932106952 0.231222766561202 0.611022944952914 0.636489913121 1.64131984821065 9.5668369666783 6.31842742706119 0.0388359257400903 249.125882690533 6.50668051917527
0 1.31863711449815 0.168579231892176 0.915386533988553 0.661933958658474 2.47040669177997 8.88254078930709 5.72370613069686 0.0424752103712918 231.973461169049 5.79785732385253
0 1.3692915958598 0.192252793103921 0.836141657396653 0.603806751908971 2.68652315831021 9.33891575384257 6.35523922816194 0.0506064355658286 225.8694454855 6.33556070883985
0.00423728813559322 1.33427400145017 0.12371825309033 0.669174896666748 0.791484643866564 2.38869924892876 9.15826944737739 6.09954252097558 0.0469474247188098 228.925004716643 6.04199312609831
0 1.45794475989043 0.382428730377582 0.615864470690179 0.400703445425523 1.39628155590294 9.30966370043763 5.95497343852557 0.0349201845910536 232.89884159464 6.21680568196568
0 1.3486697898376 0.141019250069105 0.8745930035204 0.561352950348026 1.71970019142764 9.42380581252483 6.07674078866803 0.0351874771008773 234.015625031043 6.37945645555266
0 1.41877065448639 0.339370382971697 0.813313519398566 0.471302053184477 2.16866657657273 9.03125495254702 5.8630432284964 0.0420787791297175 226.769457589497 5.96800178139409
0.00423728813559322 1.34450985919561 0.165131809489401 0.854999297860546 0.51694251896184 2.19393235639979 9.22584619953644 6.12482925917541 0.045003413327732 234.342402554703 6.14690011539811
0 1.49963020829087 0.396758152536848 0.728998440969494 0.434618865663187 2.08997939605424 9.33213018458489 6.20246803852802 0.0437325699783093 217.034777493889 6.31932840919259
0 1.49185193175449 0.378787086602909 0.802337508164886 0.399896772276283 2.33644166109958 9.2829896617222 6.20098235484038 0.0458670948463451 216.155090619278 6.29348089124291
0 1.4569396385878 0.312370141159476 0.663970978245796 0.494162500100987 1.67236398213753 9.57951343969656 6.32793678372919 0.0387131224135629 229.656608212326 6.63947007200316
0 1.41877065448639 0.339370382971697 0.813313519398566 0.471302053184477 2.16866657657273 9.03125495254702 5.8630432284964 0.0420787791297175 226.769457589497 5.96800178139409
0 1.32052107256941 0.189961498918333 0.691541588346345 0.856276301273865 2.32999976468498 8.81407566720261 5.59178623458298 0.039863688479341 235.783578605571 5.67061956637247
0 1.32690747234412 0.217184686838647 0.755249017921716 0.442215672158843 1.71675026299075 8.71975676509991 5.49050389718943 0.0395870645084986 244.180181534385 5.59034343843317
0.00423728813559322 1.3521884562185 0.171210983973378 0.717523214752134 0.774093889019853 2.57510780666449 9.17599520229708 6.14455555237793 0.0482461305668269 232.054172206327 6.18868887177933
0.00423728813559322 1.31618149604138 0.204132267200025 0.66234233130706 0.556341531811063 2.09672168889245 8.6763370985948 5.63478960316925 0.0477609224681025 249.985265707508 5.51235289883152
0 1.40580841014636 0.280656517816467 0.637243499935575 0.807918815486925 2.83404290432813 9.02436013034993 6.05083347891482 0.051122700100768 226.693823828005 5.96879280784357
0 1.38332087675313 0.270381427481642 0.662946920517992 0.665752753089296 2.56120481452914 9.0113594358058 6.06378520868761 0.0524668243055614 227.953345384963 5.93224518744801
0 1.38332087675313 0.270381427481642 0.662946920517992 0.665752753089296 2.56120481452914 9.0113594358058 6.06378520868761 0.0524668243055614 227.953345384963 5.93224518744801
0 1.36721403866649 0.150673193747888 0.914258278323296 0.715861007072304 2.73890999602547 9.44661072197546 6.36193555290132 0.0457448908423366 219.91768172568 6.52366019661017
0 1.46436407850047 0.337885866184022 0.846846520254099 0.398707162134612 2.67708363576831 9.21230178048959 6.26637794590694 0.0525534866545349 227.366773737973 6.12868703591455
0.00423728813559322 1.35513670374444 0.187970726783833 0.8804962545763 0.545033581478458 2.14514720749792 9.29558381804889 6.10924758276437 0.0413229916534116 228.255071966428 6.23441072571837
0.00423728813559322 1.37449179165739 0.173810413158669 0.614529309397479 0.637094835630683 1.96614610249382 9.48296464262251 6.41236546334599 0.0463933485947485 256.263149141271 6.51629169050979
0.00423728813559322 1.40092932106952 0.231222766561202 0.611022944952914 0.636489913121 1.64131984821065 9.5668369666783 6.31842742706119 0.0388359257400903 249.125882690533 6.50668051917527
0.00423728813559322 1.35734031929474 0.179260719640691 0.77018549559665 0.532353400291745 1.83544200642368 9.39887473213438 6.21867126115656 0.0415771945080362 244.221542863237 6.36947280898311
0 1.44748646195817 0.372938573357916 0.748496542125963 0.44447812530432 2.22442339745783 9.10149230037738 5.99769509685862 0.0448784657697168 220.503791409111 6.0324465288296
0.00423728813559322 1.41766741463164 0.301138160698774 0.653131856906587 0.569739340419986 1.60344741194985 9.2299469016151 5.90445317011835 0.0359547623717069 243.3408975998 6.12868703591455
0.00423728813559322 1.34144947337197 0.134734113123388 0.684747167545114 0.46639475025336 1.75548800005348 9.35878192858636 6.27496377651348 0.0457841117956202 229.467425758635 6.37362447255673
0 1.44957891130066 0.366626586808701 0.802034797057384 0.32844753640905 2.22654798325472 9.24259456750552 6.18167159817593 0.0468444392803889 222.035217033153 6.2164730250317
0.00423728813559322 1.3399807660582 0.183223827566595 0.728564275583756 0.735884735197254 2.24038077193537 9.08133206807925 5.95272371879155 0.0437786795100307 238.772371300718 5.96452148749354
0 1.31863711449815 0.168579231892176 0.915386533988553 0.661933958658474 2.47040669177997 8.88254078930709 5.72370613069686 0.0424752103712918 231.973461169049 5.79785732385253
0 1.36460739082487 0.21722919590471 0.811353491281364 0.690939291976806 2.54002775485317 9.15553213548119 6.06106834305369 0.0452992957746479 221.849037187634 6.1655579004469
0.00423728813559322 1.32671662999353 0.16279912245977 0.681763452326237 0.597615253612609 2.24870230870134 9.31554944759612 6.3520070025732 0.0516356762595479 245.554408936483 6.24229274608747
0 1.4142262911573 0.25576462982453 0.804296588058654 0.407837681886829 1.57061511177239 9.56123033929562 6.26030645997738 0.0368491075417096 228.442583950998 6.50418492641457
0 1.3692915958598 0.192252793103921 0.836141657396653 0.603806751908971 2.68652315831021 9.33891575384257 6.35523922816194 0.0506064355658286 225.8694454855 6.33556070883985
0 1.41290387732142 0.315104965985582 0.636205050498536 0.707064227845178 2.63618067836125 8.73028101965705 5.74630968114246 0.0505915183381459 233.697642365597 5.64862206347893
0 1.3453123908911 0.268434591041634 0.649454731237675 0.462285245538782 1.96602519174802 8.63707443581493 5.58252117462349 0.0471437770214332 242.587794000543 5.53937359765976
0.00423728813559322 1.31756369802169 0.165930112171918 0.631840676162392 0.588344991859049 1.78464712481946 9.01455525348776 5.88630977160107 0.0437945682482623 243.891957928944 5.92167770971985
0.00423728813559322 1.27608654397415 0.150612901025923 0.608390252038389 0.604374091569739 1.8223567106757 8.73262172503561 5.6313312489979 0.0449911049720788 244.178491057564 5.60101119662026
0 1.39084640496404 0.16806829976434 0.818052927057991 0.417164462553581 2.16797609709392 9.61704249244676 6.62782089332118 0.050326595747042 228.497218731788 6.71429188176934
0.00423728813559322 1.37449179165739 0.173810413158669 0.614529309397479 0.637094835630683 1.96614610249382 9.48296464262251 6.41236546334599 0.0463933485947485 256.263149141271 6.51629169050979
0.00423728813559322 1.41766741463164 0.301138160698774 0.653131856906587 0.569739340419986 1.60344741194985 9.2299469016151 5.90445317011835 0.0359547623717069 243.3408975998 6.12868703591455
0 1.47539419711267 0.37313550255044 0.655837095469072 0.793934871842424 2.42129964356785 9.15142865729633 5.97126183979046 0.0415787184844981 223.963619793701 6.16162917363131
0 1.41540390784337 0.266436380140709 0.887581277820773 0.436747472226548 2.20809792592837 9.2258888652229 6.06904268175336 0.0425597553010984 222.067444180367 6.22864248738599
0 1.40580841014636 0.280656517816467 0.637243499935575 0.807918815486925 2.83404290432813 9.02436013034993 6.05083347891482 0.051122700100768 226.693823828005 5.96879280784357
0.00423728813559322 1.44528355221331 0.301158047200104 0.610600894431671 0.382854291550596 1.50000413070636 9.64307620746578 6.42888486956114 0.0401878190530305 239.406689263763 6.6682282484174
0 1.32690747234412 0.217184686838647 0.755249017921716 0.442215672158843 1.71675026299075 8.71975676509991 5.49050389718943 0.0395870645084986 244.180181534385 5.59034343843317
0 1.32690747234412 0.217184686838647 0.755249017921716 0.442215672158843 1.71675026299075 8.71975676509991 5.49050389718943 0.0395870645084986 244.180181534385 5.59034343843317
0 1.40831388845108 0.370678197289817 0.699874721688684 0.442705890163779 2.00701091950759 8.7968083307212 5.63096456303148 0.0421785379080196 231.157826381583 5.74664376770335
0 1.40421995875002 0.367127173587167 0.750980979193952 0.328265198184513 2.02647227636737 8.90292195574571 5.76530305352663 0.0433859812720985 226.278612246976 5.83825092810206
0.00423728813559322 1.30469773363589 0.203181716335897 0.715678167535777 0.768226372133285 2.20290375104092 8.82352611250308 5.61915070928479 0.0405842425103948 245.154270969303 5.72031177660741
0.00423728813559322 1.47635870645188 0.39441681028571 0.639986288546265 0.457742824318612 2.08746059350392 9.31609281082208 6.24558983603092 0.0463978120576734 223.43557542933 6.26066437018088
0.00423728813559322 1.32480557287346 0.166260639348403 0.733520834733179 0.59426239120147 2.13673818748966 9.0949744128354 6.0412066390028 0.0471808224097684 260.229625947419 5.91440350097152
0.00423728813559322 1.30645457466625 0.11909688059294 0.810007438593026 0.623553215196535 2.25706335754747 8.98498748532529 5.8993303530003 0.0456999930881946 246.623242622671 5.92986423394227
0.00423728813559322 1.32238862413394 0.180658674518351 0.721572894932562 0.654210487754338 1.92207668059874 9.11833472618016 5.90848543364629 0.0403626957732867 247.347313124587 6.03663263920492
0.00423728813559322 1.40875017180927 0.33022564591765 0.698704011981144 0.597272799829164 1.91091555848643 9.16340598478697 5.90735803781098 0.0385404111862216 233.153506693782 6.05436109594655
0 1.34842859828059 0.179487643880266 0.608618473051497 0.82337346524644 1.67462908352726 8.97487989853604 5.59085830522277 0.0339108046779543 249.756900371843 5.93598828763245
0 1.4478638698855 0.277082266393126 0.777479726821439 0.873098314770242 2.69460302663171 9.51222855806249 6.33416733347983 0.0416663585746926 218.547443230448 6.5165874755748
0 1.38332087675313 0.270381427481642 0.662946920517992 0.665752753089296 2.56120481452914 9.0113594358058 6.06378520868761 0.0524668243055614 227.953345384963 5.93224518744801
0 1.40421995875002 0.367127173587167 0.750980979193952 0.328265198184513 2.02647227636737 8.90292195574571 5.76530305352663 0.0433859812720985 226.278612246976 5.83825092810206
0.00423728813559322 1.40301041871166 0.183202398838533 0.682610295572963 0.870135276125044 2.54658859486359 9.46133252611013 6.36438186659258 0.0451867824076647 228.756314286444 6.57108302235826
0.00423728813559322 1.31148765617982 0.10933371738065 0.777200382086448 0.615239450382069 2.08875111816451 9.05175487285881 5.95543872485122 0.0452154630393337 250.068132497482 6.01211523099209
0.00423728813559322 1.36493721545526 0.272041321295016 0.611534260717716 0.726948915732319 2.20430042480901 8.9937337416956 5.86145076993737 0.0436181045973491 232.606717835646 5.89238058888408
0.00423728813559322 1.35031847767457 0.144783734617829 0.634392549790714 0.566475532316868 1.62318433415587 9.45872407308695 6.25382881157547 0.0405631499384021 244.199154392713 6.62776766603686
0.00423728813559322 1.3088859758727 0.122699214621749 0.736960623116654 0.580376768280075 1.68892832154077 9.23697534782817 5.99600778239587 0.0391260197942676 255.206672951668 6.12889458014816
0 1.38424116021342 0.24566546897396 0.799820505419206 0.557954569075731 2.70927974738161 9.07976421425161 6.14913120611759 0.05336324808154 228.352656867362 6.00184155373671
0 1.42700149985432 0.266853144888112 0.661547602868765 0.688471457469356 2.39575829024456 9.43192132375705 6.39761907268571 0.0481082186254953 220.587019161566 6.51338358322365
0.00423728813559322 1.39593764838216 0.279485452792585 0.771181656726168 0.315300664555955 1.83759779566809 9.3536120899059 6.2303502053708 0.0440133674934217 225.222556169428 6.33007734822831
0 1.47375101349317 0.355352289532311 0.603643658699002 0.553679009154439 2.36853600014001 9.49747229312248 6.55526205564008 0.0527490119565761 229.29039743508 6.42670418391738
0.00423728813559322 1.3617274136981 0.187040400784463 0.755110028258059 0.515614526672289 1.73864263575524 9.37004985868277 6.14825459787217 0.039883392858665 235.013634254235 6.34522692029411
0 1.3453123908911 0.268434591041634 0.649454731237675 0.462285245538782 1.96602519174802 8.63707443581493 5.58252117462349 0.0471437770214332 242.587794000543 5.53937359765976
0.00423728813559322 1.3617274136981 0.187040400784463 0.755110028258059 0.515614526672289 1.73864263575524 9.37004985868277 6.14825459787217 0.039883392858665 235.013634254235 6.34522692029411
0 1.4478638698855 0.277082266393126 0.777479726821439 0.873098314770242 2.69460302663171 9.51222855806249 6.33416733347983 0.0416663585746926 218.547443230448 6.5165874755748
0 1.37357793627898 0.201946438937453 0.672244213583138 0.852083828595385 1.92251776039828 9.41114522771744 6.04908262540098 0.0346636877560001 239.535872971504 6.44171619432677
0 1.32690747234412 0.217184686838647 0.755249017921716 0.442215672158843 1.71675026299075 8.71975676509991 5.49050389718943 0.0395870645084986 244.180181534385 5.59034343843317
0.00423728813559322 1.404174929213 0.317218593135806 0.767262982679439 0.367778549135837 2.12728916977604 9.04230932120879 5.97713827647041 0.0466458626527157 231.875571342155 5.97766284371447
0.00423728813559322 1.37449179165739 0.173810413158669 0.614529309397479 0.637094835630683 1.96614610249382 9.48296464262251 6.41236546334599 0.0463933485947485 256.263149141271 6.51629169050979
0 1.31863711449815 0.168579231892176 0.915386533988553 0.661933958658474 2.47040669177997 8.88254078930709 5.72370613069686 0.0424752103712918 231.973461169049 5.79785732385253
0.00423728813559322 1.31900106796913 0.130008272477064 0.68596192692708 0.618345676531793 1.6295910050638 9.3251427245965 6.06226038996594 0.0382779091180187 265.328085731475 6.2379204485436
0 1.41240009100867 0.270401306843138 0.837443785025344 0.627608722270505 2.36214342595086 9.14551025277247 5.98762384772204 0.0425155067432994 224.584087691172 6.09161149571292
0 1.36705885224119 0.242322040907282 0.773589021621921 0.52438105605483 2.39021198511045 8.6987422276708 5.68742723162993 0.0492269029973146 233.994671056095 5.63871047791249
0 1.45617084741242 0.356223131154759 0.657227992315948 0.502669170243579 1.69044149884778 9.37779360773718 6.07810085376753 0.0368945013490768 225.740136430895 6.38401326328292
0.00423728813559322 1.42731756587807 0.292322932744173 0.646175057252119 0.469613023617662 1.56147953620966 9.39951616252639 6.14782706473184 0.0387087696840618 240.000460264047 6.41258425778948
0 1.41877065448639 0.339370382971697 0.813313519398566 0.471302053184477 2.16866657657273 9.03125495254702 5.8630432284964 0.0420787791297175 226.769457589497 5.96800178139409
0.00423728813559322 1.39593764838216 0.279485452792585 0.771181656726168 0.315300664555955 1.83759779566809 9.3536120899059 6.2303502053708 0.0440133674934217 225.222556169428 6.33007734822831
0.00423728813559322 1.31900106796913 0.130008272477064 0.68596192692708 0.618345676531793 1.6295910050638 9.3251427245965 6.06226038996594 0.0382779091180187 265.328085731475 6.2379204485436
0.00423728813559322 1.31148765617982 0.10933371738065 0.777200382086448 0.615239450382069 2.08875111816451 9.05175487285881 5.95543872485122 0.0452154630393337 250.068132497482 6.01211523099209
0 1.34536520710071 0.11018266537771 0.933852195819635 0.444476009712722 2.07040972375093 9.24438976986493 6.06370214875982 0.0415570697761117 222.572927744754 6.23476080448967
0 1.36721403866649 0.150673193747888 0.914258278323296 0.715861007072304 2.73890999602547 9.44661072197546 6.36193555290132 0.0457448908423366 219.91768172568 6.52366019661017
0.00423728813559322 1.34166443483597 0.200251487039821 0.743628885998419 0.655506651659324 2.39582617111847 9.00799160266868 5.94907883061154 0.0469387005545965 234.26156198988 5.98191913426445
0.00423728813559322 1.38361466773366 0.249002540347585 0.724158375424181 0.852609438520977 2.50722811634373 9.08939155465477 5.89630090829014 0.0410448196822111 235.116275698143 6.02419875103166
0.00423728813559322 1.32310162929919 0.199687331290313 0.733695994624001 0.533209997778552 1.82293765478282 9.02106670516959 5.84075792968328 0.0415728164725216 239.345266782201 5.89561422145115
0 1.36721403866649 0.150673193747888 0.914258278323296 0.715861007072304 2.73890999602547 9.44661072197546 6.36193555290132 0.0457448908423366 219.91768172568 6.52366019661017
0.00423728813559322 1.31900106796913 0.130008272477064 0.68596192692708 0.618345676531793 1.6295910050638 9.3251427245965 6.06226038996594 0.0382779091180187 265.328085731475 6.2379204485436
0 1.42160244714833 0.28730342412826 0.875891647788111 0.374733756355459 2.58226667199732 9.23122084955554 6.27218494322621 0.0518688995527699 224.671109729096 6.16646772309426
0.00423728813559322 1.3617274136981 0.187040400784463 0.755110028258059 0.515614526672289 1.73864263575524 9.37004985868277 6.14825459787217 0.039883392858665 235.013634254235 6.34522692029411
0.00423728813559322 1.31756369802169 0.165930112171918 0.631840676162392 0.588344991859049 1.78464712481946 9.01455525348776 5.88630977160107 0.0437945682482623 243.891957928944 5.92167770971985
0 1.39860388724946 0.219722556929641 0.684874492939731 0.786287956838662 2.82274973962981 9.27152326930039 6.32495615559106 0.0525196909647319 223.000960321072 6.31046358406571
0 1.42304876087331 0.25398473620461 0.662801401796757 0.857084264223816 2.63990638155624 9.41439895841292 6.34194534688339 0.0463073949949852 221.227569382477 6.43122372244011
0.00423728813559322 1.36071185025977 0.138019496432251 0.647202339674298 0.690276213702691 1.66300953886087 9.67826371392396 6.41445377832791 0.0382424189554633 244.861787045096 6.76984697470074
0 1.40850179191125 0.270088181833449 0.924713500229458 0.676924412635961 2.68569314989709 9.26691647344805 6.09501986294404 0.0419240089369486 219.395596455218 6.25472127035849
0.00423728813559322 1.34166443483597 0.200251487039821 0.743628885998419 0.655506651659324 2.39582617111847 9.00799160266868 5.94907883061154 0.0469387005545965 234.26156198988 5.98191913426445
0 1.47375101349317 0.355352289532311 0.603643658699002 0.553679009154439 2.36853600014001 9.49747229312248 6.55526205564008 0.0527490119565761 229.29039743508 6.42670418391738
0.00423728813559322 1.4253691113373 0.326172197472912 0.611328743535092 0.567015745827215 2.09093647988301 9.31215360345427 6.24494329821826 0.0465508365120893 230.213894417335 6.25919898175007
0.00423728813559322 1.31148765617982 0.10933371738065 0.777200382086448 0.615239450382069 2.08875111816451 9.05175487285881 5.95543872485122 0.0452154630393337 250.068132497482 6.01211523099209
0 1.45617084741242 0.356223131154759 0.657227992315948 0.502669170243579 1.69044149884778 9.37779360773718 6.07810085376753 0.0368945013490768 225.740136430895 6.38401326328292
0.00423728813559322 1.40653469458657 0.333206449403765 0.753533263607477 0.577421102399369 2.38934582506338 8.94661785216406 5.8467277506413 0.0450541535043566 230.283472657283 5.87483709350939
0 1.43087702057532 0.308143691665996 0.676334534270682 0.592194174722014 2.44540577365387 9.39837060323712 6.41531515685957 0.0506378759380325 225.439299444843 6.39074389612906
0 1.4142262911573 0.25576462982453 0.804296588058654 0.407837681886829 1.57061511177239 9.56123033929562 6.26030645997738 0.0368491075417096 228.442583950998 6.50418492641457
0.00423728813559322 1.4229473928655 0.31244227035524 0.689698196262464 0.462504091133948 1.76757935724494 9.41778534286116 6.21806877005117 0.040773758732687 228.259703282443 6.33658971509625
0.00423728813559322 1.40653469458657 0.333206449403765 0.753533263607477 0.577421102399369 2.38934582506338 8.94661785216406 5.8467277506413 0.0450541535043566 230.283472657283 5.87483709350939
0.00423728813559322 1.37924863572652 0.212272715905545 0.768462004576964 0.475579076352262 2.21231734900872 9.32312703849636 6.33211523395267 0.0502365813987875 230.283614552102 6.32510025225959
0.00423728813559322 1.45264409604211 0.356916766065799 0.750265995258616 0.54599651322235 2.39223350815747 9.11033585767144 6.03300628255259 0.0460821514090993 229.890880460338 6.03420470078414
0.00423728813559322 1.40094909552375 0.244704952590521 0.792055740860372 0.329192635000293 2.17874102192766 9.44110811844321 6.47043824142479 0.0512689549315902 233.074646475181 6.44280552403908
0 1.35207315162758 0.113735024607224 0.897486774623571 0.831165013350895 2.60178760845027 9.15735391567534 5.94261188098534 0.0401656938429674 224.661540837668 6.14380236019508
0 1.39719877050729 0.210724437048975 0.696142234817486 0.77762217814397 2.0200369336242 9.46031779575366 6.19498831155254 0.0381843518701376 222.36795709003 6.60234556781274
0 1.31863711449815 0.168579231892176 0.915386533988553 0.661933958658474 2.47040669177997 8.88254078930709 5.72370613069686 0.0424752103712918 231.973461169049 5.79785732385253
0.00423728813559322 1.39361244546193 0.19974405293347 0.707211694388311 0.653650445354564 2.24625603634802 9.5599661958103 6.52042474106946 0.0478568289857388 229.457072324509 6.53688481563847
0.00423728813559322 1.36340152890922 0.222155475724108 0.610657068973587 0.654830813049785 2.05207167385156 9.19795060144136 6.12861438525522 0.0464519786976976 250.603942361201 6.0343643814232
0.00423728813559322 1.39593764838216 0.279485452792585 0.771181656726168 0.315300664555955 1.83759779566809 9.3536120899059 6.2303502053708 0.0440133674934217 225.222556169428 6.33007734822831
0 1.45617084741242 0.356223131154759 0.657227992315948 0.502669170243579 1.69044149884778 9.37779360773718 6.07810085376753 0.0368945013490768 225.740136430895 6.38401326328292
0 1.37534663787426 0.281893271680727 0.670208428713646 0.306285198561577 1.25129300664214 9.02284545640823 5.66896095971417 0.0349483334003458 242.669884552669 5.91494340920024
0.00423728813559322 1.31756369802169 0.165930112171918 0.631840676162392 0.588344991859049 1.78464712481946 9.01455525348776 5.88630977160107 0.0437945682482623 243.891957928944 5.92167770971985
0 1.41877065448639 0.339370382971697 0.813313519398566 0.471302053184477 2.16866657657273 9.03125495254702 5.8630432284964 0.0420787791297175 226.769457589497 5.96800178139409
0.00423728813559322 1.37510787320726 0.199440732653946 0.654874991269138 0.582073406021044 1.6236279832898 9.57115672841547 6.33456501469769 0.0392976045960986 235.628554896364 6.57493155086558
0 1.47539419711267 0.37313550255044 0.655837095469072 0.793934871842424 2.42129964356785 9.15142865729633 5.97126183979046 0.0415787184844981 223.963619793701 6.16162917363131
0.00423728813559322 1.31148765617982 0.10933371738065 0.777200382086448 0.615239450382069 2.08875111816451 9.05175487285881 5.95543872485122 0.0452154630393337 250.068132497482 6.01211523099209
0 1.48110327348058 0.356980203412141 0.949024593356655 0.375621283579046 2.50668540679271 9.28788457637289 6.13930967437196 0.042913238882257 216.697827955835 6.31487566701401
0.00423728813559322 1.36781990643469 0.202358482434172 0.670579953522019 0.495837950423646 1.98393107838073 9.50414932635079 6.49443178830142 0.0493056037507422 239.042546867615 6.42397441942861
0 1.38550185903021 0.203960100898023 0.602419796989849 0.84271233459063 1.66712259774672 9.68852089577966 6.27035811352668 0.0327725900471338 244.253693658275 6.6716953357347
0 1.36627037595474 0.194484184117381 0.786654896291896 0.663965783367602 1.76019321894378 9.1473137936965 5.77121033614538 0.0341803808952775 237.611357697085 6.08635376289851
0.00423728813559322 1.34912885915762 0.11958413980891 0.688608527310414 0.814221405024091 2.24506304898949 9.52247025353724 6.39000094514163 0.0436099777036017 234.023898114342 6.66002625219531
0 1.40580841014636 0.280656517816467 0.637243499935575 0.807918815486925 2.83404290432813 9.02436013034993 6.05083347891482 0.051122700100768 226.693823828005 5.96879280784357
0.00423728813559322 1.38100480057025 0.248826444293069 0.602103607923657 0.784387573412455 2.36401958921059 9.23005476008528 6.14625787753396 0.0457850856121292 233.541478133489 6.20999748586451
0.00423728813559322 1.3088859758727 0.122699214621749 0.736960623116654 0.580376768280075 1.68892832154077 9.23697534782817 5.99600778239587 0.0391260197942676 255.206672951668 6.12889458014816
0.00423728813559322 1.27608654397415 0.150612901025923 0.608390252038389 0.604374091569739 1.8223567106757 8.73262172503561 5.6313312489979 0.0449911049720788 244.178491057564 5.60101119662026
0.00423728813559322 1.39593764838216 0.279485452792585 0.771181656726168 0.315300664555955 1.83759779566809 9.3536120899059 6.2303502053708 0.0440133674934217 225.222556169428 6.33007734822831
0 1.40850179191125 0.270088181833449 0.924713500229458 0.676924412635961 2.68569314989709 9.26691647344805 6.09501986294404 0.0419240089369486 219.395596455218 6.25472127035849
0.00423728813559322 1.39593764838216 0.279485452792585 0.771181656726168 0.315300664555955 1.83759779566809 9.3536120899059 6.2303502053708 0.0440133674934217 225.222556169428 6.33007734822831
0.00423728813559322 1.32501390519139 0.120148612073987 0.852342711059361 0.720989756541309 2.41434436658023 9.53549051312939 6.38331170944237 0.0427588621346922 229.371388441109 6.51630686110311
0 1.42902217515775 0.31236234852417 0.689121654702009 0.630135257572195 2.14943837552805 9.30803256102741 6.14124856406773 0.0421388990498417 220.019712191877 6.32220610902021
0 1.45617084741242 0.356223131154759 0.657227992315948 0.502669170243579 1.69044149884778 9.37779360773718 6.07810085376753 0.0368945013490768 225.740136430895 6.38401326328292
0.00423728813559322 1.31756369802169 0.165930112171918 0.631840676162392 0.588344991859049 1.78464712481946 9.01455525348776 5.88630977160107 0.0437945682482623 243.891957928944 5.92167770971985
0.00423728813559322 1.36340152890922 0.222155475724108 0.610657068973587 0.654830813049785 2.05207167385156 9.19795060144136 6.12861438525522 0.0464519786976976 250.603942361201 6.0343643814232
0.00423728813559322 1.33573242055003 0.150441334000132 0.614106503679577 0.695526948637084 1.94512578885209 9.35087530744065 6.23950974839618 0.0445400916682441 261.080994534437 6.2813317304651
0 1.38424116021342 0.24566546897396 0.799820505419206 0.557954569075731 2.70927974738161 9.07976421425161 6.14913120611759 0.05336324808154 228.352656867362 6.00184155373671
0 1.36627037595474 0.194484184117381 0.786654896291896 0.663965783367602 1.76019321894378 9.1473137936965 5.77121033614538 0.0341803808952775 237.611357697085 6.08635376289851
0 1.47539419711267 0.37313550255044 0.655837095469072 0.793934871842424 2.42129964356785 9.15142865729633 5.97126183979046 0.0415787184844981 223.963619793701 6.16162917363131
0 1.36465129939489 0.242064564827201 0.770433699853759 0.711657746856887 1.99383401894113 9.03356739331264 5.72020248101738 0.0363935065296689 233.46052553778 5.94907883061154
0.00423728813559322 1.32480557287346 0.166260639348403 0.733520834733179 0.59426239120147 2.13673818748966 9.0949744128354 6.0412066390028 0.0471808224097684 260.229625947419 5.91440350097152
0 1.40155955346534 0.282103478376122 0.658012498291382 0.841254379223431 2.91263310548661 8.88003839343303 5.90044514872081 0.0508134983210582 231.304755175655 5.83393315912125
0.00423728813559322 1.31148765617982 0.10933371738065 0.777200382086448 0.615239450382069 2.08875111816451 9.05175487285881 5.95543872485122 0.0452154630393337 250.068132497482 6.01211523099209
0.00423728813559322 1.36781990643469 0.202358482434172 0.670579953522019 0.495837950423646 1.98393107838073 9.50414932635079 6.49443178830142 0.0493056037507422 239.042546867615 6.42397441942861
