0.00181818181818182 1.60265571856871 0.277111779828556 0.422795422840863 1 5492.88 92.57 292.798616267053
0.00181818181818182 1.47295102085918 0.179369553318247 -0.4893589746207 1 5438.42 145.24 295.148303559046
0.00181818181818182 1.261481194105 0.20786013212055 -0.432635337579995 0.93 1094.89247311828 25.2150537634409 328.945739909557
0.00181818181818182 1.43690150026232 0.295492571592331 -0.681281392462552 0.98 3957.24489795918 105.428571428571 492.681730083544
0.00181818181818182 1.40690118968487 0.203304237150587 -0.937065762002021 0.94 4718.14893617021 149.117021276596 409.064398208991
0.00181818181818182 1.64192554149777 0.376875312975608 0.986348623875529 1 5328.76 66.11 411.155068632896
0.00181818181818182 1.527244016435 0.311937038251199 0.0193728976882994 0.98 4917.73469387755 99.8571428571429 495.523937930817
0.00181818181818182 1.3165939274244 0.335254266671836 0.250939531251788 0.93 599.935483870968 8.87096774193548 251.557716063185
0.00181818181818182 1.60928787384182 0.210843255510554 0.108842641115189 1 5640.18 112.77 236.093424923422
0.00181818181818182 1.40999695369974 0.252390892058611 -0.897580857854337 0.97 4727.94845360825 146.649484536082 524.539976786536
0.00181818181818182 1.32461091373116 0.18821009802632 0.376295943744481 0.94 1650.75531914894 30.3829787234043 387.570282131924
0.00181818181818182 1.63084337105975 0.242912217555568 0.154478763695806 1 5643.72 110.04 246.006420574367
0.00181818181818182 1.38297137208283 0.179393359110691 0.644747439771891 0.98 3512.20408163265 57.2857142857143 480.08433891259
0.00181818181818182 1.41342240869999 0.297248065867461 -0.501826157327741 0.96 2653.67708333333 65.4583333333333 486.620299301959
0.00181818181818182 1.45700011309236 0.389572757389396 0.0375703633762896 0.96 1393.29166666667 24.7083333333333 387.746360317615
0.00181818181818182 1.46573607567698 0.117624951060861 -0.63068566005677 0.94 5468.5 160.627659574468 256.071649916499
0.00181818181818182 1.27813977235928 0.31152822447475 -0.365032403729856 0.93 597.806451612903 12.4086021505376 265.51212075286
0.00181818181818182 1.52985870772973 0.273513767146505 -0.0663513550534844 0.98 5190.51020408163 110.602040816327 351.200201663147
0.00181818181818182 1.26057889796793 0.228412026446313 0.076311815995723 0.89 763.449438202247 13.8202247191011 269.551070336889
0.00181818181818182 1.47083371663466 0.290895037492737 -0.846722853835672 0.98 4446.61224489796 130.214285714286 447.336793025118
0.00181818181818182 1.63471841225401 0.348838291247375 0.664457991719246 0.99 5374.71717171717 78.4848484848485 336.729984966173
0.00181818181818182 1.46681262189522 0.181289382977411 -0.782082420308143 0.96 5483.57291666667 170.0625 318.380098006503
0.00181818181818182 1.47417328841984 0.2797277885722 -0.0821327371522784 0.98 4605.16326530612 99.4897959183673 481.792427625172
0.00181818181818182 1.30805548178032 0.234629331063479 0.541321433149278 0.91 1050.52747252747 16.1648351648352 314.228196910796
0.00181818181818182 1.52585132420063 0.387833307613619 -0.744184490293264 0.99 4358.56565656566 113.272727272727 587.09570299314
0.00181818181818182 1.55403656736016 0.199002916226164 0.544169162865728 1 5546.34 91.27 260.452944684353
0.00181818181818182 1.44017550423741 0.287727747275494 0.43598922714591 0.99 2803.70707070707 47.2929292929293 502.479635485634
0.00181818181818182 1.4010789765045 0.364312568958849 -0.939230077899992 0.96 1557.60416666667 41.78125 423.15987650741
0.00181818181818182 1.26769503084943 0.112601810530759 0.987733057700098 0.85 1225.41176470588 16.2352941176471 320.682505008
0.00181818181818182 1.34119814233854 0.393338953657076 -0.158966134767979 0.93 629.204301075269 11.1182795698925 268.907422726481
0.00181818181818182 1.46572696268558 0.348045724118128 -0.237099011428654 0.97 2614.38144329897 56.6494845360825 499.890455669848
0.00181818181818182 1.37286974005401 0.174713428178802 0.731547606643289 0.9 3152.1 49.2888888888889 445.501536814151
0.00181818181818182 1.31769343651831 0.39429280620534 -0.128348025493324 0.94 490.159574468085 8 223.483590246142
0.00181818181818182 1.36927708424628 0.28822614941746 0.760506309568882 0.98 1154.35714285714 15.9285714285714 340.101796578313
0.00181818181818182 1.31624957975 0.152209964999929 0.205864364281297 0.94 2440 47.9893617021277 438.711069446146
0.00181818181818182 1.62827191380784 0.380157619109377 -0.817562407348305 0.98 5508.75510204082 148.714285714286 350.641455603625
0.00181818181818182 1.3962264594622 0.100448942556977 0.931313356850296 0.92 4528.42391304348 63.9673913043478 358.653081344067
0.00181818181818182 1.49918393390253 0.173546391213313 -0.934803545940667 0.99 5575.9898989899 180.181818181818 259.601718492768
0.00181818181818182 1.33374621085823 0.32544403153006 -0.522740813437849 0.97 758.907216494845 16.2680412371134 287.800342079916
0.00181818181818182 1.5484943959862 0.355141474190168 0.986095189116895 0.98 3991.34693877551 48.9387755102041 554.03871770771
0.00181818181818182 1.63119736965746 0.315940658980981 0.0331717352382839 1 5603.56 111.58 295.586512922205
0.00181818181818182 1.38285408634692 0.151599822659045 0.252186194527894 0.97 4331.67010309278 86.1340206185567 414.453492568178
0.00181818181818182 1.51621720893309 0.145473558362573 -0.0327333617024124 0.96 5585.85416666667 123.895833333333 263.983788098181
0.00181818181818182 1.47539708716795 0.29080457908567 -0.47235256107524 1 4835.24 122.99 489.055928256951
0.00181818181818182 1.4337752119638 0.38981981119141 -0.584226172417402 0.94 1341.35106382979 29.9468085106383 386.301319661195
0.00181818181818182 1.35915519474074 0.320455809030682 0.263525797985494 1 1003.27 16.81 338.593502007729
0.00181818181818182 1.51428269045427 0.21179328255821 -0.75568526238203 0.99 5585.18181818182 168.939393939394 290.264967794975
0.00181818181818182 1.57156162699684 0.141879225056618 -0.947639788500965 1 5699.47 185.24 199.249218844563
0.00181818181818182 1.60286465818062 0.298380270716734 0.561943011824042 1 5404.78 85.43 317.422035188247
0.00181818181818182 1.47779629603028 0.223086763848551 -0.782295701559633 0.98 5327.0306122449 158.255102040816 314.856381958409
0.00181818181818182 1.5394428265281 0.149200803716667 0.605433438904583 0.99 5595.37373737374 90.5858585858586 257.807546809466
0.00181818181818182 1.6372055945918 0.253440954745747 0.386801371816546 0.98 5698.98979591837 97.265306122449 230.423753547831
0.00181818181818182 1.52691009389237 0.34204653960187 0.866208519320935 0.99 3643.88888888889 47.7575757575758 560.522747544404
0.00181818181818182 1.34173045512289 0.306412384985015 -0.881499219685793 0.94 1142.60638297872 30.7553191489362 343.404795869497
0.00181818181818182 1.38857590220869 0.36674864673987 0.900749118532985 0.99 781.676767676768 9.71717171717172 283.262006674364
0.00181818181818182 1.39938166569918 0.378716166736558 -0.85677328472957 0.98 1150.5612244898 28.234693877551 376.743595525079
0.00181818181818182 1.50595442773774 0.285693227895536 0.249044874217361 0.98 4625.68367346939 85.7857142857143 464.977058702069
0.00181818181818182 1.4133388640359 0.251270849001594 -0.884034193120897 0.96 3901.28125 117.625 474.927693377147
0.00181818181818182 1.58398448480293 0.143721942813136 -0.409185445401818 0.96 5451.35416666667 138.9375 201.673133945001
0.00181818181818182 1.40828098962083 0.257603047508746 0.831170368939638 0.89 2121.13483146067 29.1123595505618 425.31636757677
0.00181818181818182 1.55412992853671 0.209260803251527 0.0856524189002812 0.99 5485.05050505051 112.919191919192 273.984587193689
0.00181818181818182 1.33445967622101 0.168316922034137 -0.618031083606184 0.96 3464.86458333333 99.15625 438.241487068511
0.00181818181818182 1.35161575544626 0.128811926371418 0.773552840109915 0.96 2985.23958333333 46.1458333333333 410.246410477597
0.00181818181818182 1.60542079024017 0.278134847409092 0.711184246931225 1 5663.77 83.83 300.131208300992
0.00181818181818182 1.42821935359389 0.23297615677584 -0.526336608454585 0.96 4407.30208333333 116.760416666667 419.90371137553
0.00181818181818182 1.52090323260054 0.12331390415784 -0.338089263997972 0.96 5506.5625 143.59375 220.811516686427
0.00181818181818182 1.34784895591438 0.114380404073745 0.844878218136728 0.93 3229.62365591398 47.9677419354839 365.633787097339
0.00181818181818182 1.34106910368428 0.256424096366391 0.70274300314486 0.92 1138.17391304348 15.8695652173913 349.985913419011
0.00181818181818182 1.28277935627848 0.332890186295845 0.262928286101669 0.95 476.905263157895 7.2421052631579 221.336312678366
0.00181818181818182 1.26671474426985 0.267099899356253 0.0477361320517957 0.88 568.625 10.125 232.525517559138
0.00181818181818182 1.48146506603807 0.209274026541971 -0.463919006288052 1 5238.29 137.92 301.273545802723
0.00181818181818182 1.49593151491135 0.211939367465675 -0.60386124625802 0.99 5548.0202020202 152.606060606061 302.714038963135
0.00181818181818182 1.52476637624204 0.285184963536449 0.235842160414904 1 4778.28 89.26 427.519586163523
0.00181818181818182 1.33246054397896 0.133481271727942 -0.93863373529166 0.9 4430.4 144.122222222222 387.338366601791
0.00181818181818182 1.41598222898319 0.289110524021089 -0.0672404244542122 0.98 2572.86734693878 54.2244897959184 507.249063545632
0.00181818181818182 1.39256016183645 0.39791161774192 0.40225583827123 0.96 711.020833333333 10.34375 272.887671842057
0.00181818181818182 1.33269770918414 0.290058902348392 -0.309340164996684 0.91 1162.89010989011 24.4505494505494 341.551884568614
0.00181818181818182 1.49425736544654 0.195267207315192 0.720076516736299 0.95 4945.48421052632 76.4 337.180353250062
0.00181818181818182 1.26856440212578 0.169715397525579 0.912313432432711 0.94 790.446808510638 10.3297872340426 263.951465012844
0.00181818181818182 1.62083035418764 0.312977544520982 0.740112126339227 0.99 5501.56565656566 77.1515151515152 308.391161208344
0.00181818181818182 1.60625006770715 0.293996297661215 0.105294052511454 1 5546.03 109.73 296.900490259523
0.00181818181818182 1.55693103373051 0.292754317470826 0.238611636217684 1 5299.92 97.83 354.611924089908
0.00181818181818182 1.30252233017236 0.250037049828097 -0.181103317067027 0.9 811.777777777778 16.5888888888889 282.285879446845
0.00181818181818182 1.60076914578676 0.195779675478116 0.527237526141107 0.99 5712.17171717172 94.0606060606061 241.224167596509
0.00181818181818182 1.28480940079316 0.177538755256683 0.457344655413181 0.93 979.870967741935 16.4301075268817 292.080427606865
0.00181818181818182 1.60773804569617 0.29625074127689 -0.930107783991843 1 5590.01 169.72 291.868882543701
0.00181818181818182 1.285983875487 0.333494963869453 0.493922629393637 0.93 442.89247311828 5.94623655913978 225.699299302761
0.00181818181818182 1.42907001171261 0.378758343844675 -0.268438898492604 0.99 1065.66666666667 21.4747474747475 364.824964879233
0.00181818181818182 1.61488117463887 0.20801341785118 0.739895206410438 0.99 5704.36363636364 83.4747474747475 228.178696468672
0.00181818181818182 1.54485299428925 0.394542799261399 0.468911838717759 1 3128.34 47.23 555.631665806822
0.00181818181818182 1.2726295016706 0.387432407960296 -0.188434673473239 0.92 425.413043478261 6.77173913043478 212.173961008181
0.00181818181818182 1.27615129975602 0.116060881991871 0.529741350095719 0.91 1950.20879120879 33.4505494505495 403.563154087838
0.00181818181818182 1.57142830975354 0.279250752809458 0.39497480308637 0.99 5326.38383838384 90.8383838383838 311.709549716234
0.00181818181818182 1.39444124726579 0.252057803887874 -0.90305391792208 0.97 3645.0412371134 111.969072164948 503.29216841359
0.00181818181818182 1.4840570345521 0.186418962711468 0.373394431080669 0.94 5321.59574468085 95.4255319148936 337.629699129722
0.00181818181818182 1.4914554326795 0.264388762577437 0.100310178939253 1 4934.32 99.23 433.660422875266
0.00181818181818182 1.54185022059828 0.325258871796541 -0.878394111059606 1 5462.72 158.75 367.676309787944
0.00181818181818182 1.27545190593228 0.301656120410189 0.0440594558604062 0.94 543.468085106383 8.76595744680851 245.610708442022
0.00181818181818182 1.59761857911944 0.322418083599769 0.111873301211745 1 5474.01 104.46 364.970252473358
0.00181818181818182 1.32594683617353 0.132249236386269 -0.820406172424555 0.9 4063.1 128.222222222222 410.455001493695
0.00181818181818182 1.47726981844753 0.330566386203282 -0.5963573330082 1 4128.52 106.03 549.661954933571
0.00181818181818182 1.64814348602667 0.120292822271585 0.278760191984475 0.99 5640.11111111111 104.454545454545 179.319291874727
0.00181818181818182 1.42343904944137 0.199726725416258 -0.996573709882796 0.94 5103.25531914894 166.531914893617 351.500737734809
0.00181818181818182 1.52075296230614 0.147667556931265 -0.521184336859733 0.99 5512.88888888889 154.333333333333 236.02984979338
0.00181818181818182 1.55645837523043 0.14679413496051 0.311460542026907 0.99 5633.49494949495 105.89898989899 234.342786583395
0.00181818181818182 1.36792464721948 0.173082778998651 0.330468949396163 0.95 3240.21052631579 61.0105263157895 433.489966058144
0.00181818181818182 1.28289643414319 0.297509797499515 0.0960984397679567 0.93 601 10.2795698924731 245.278805177855
0.00181818181818182 1.27763771284372 0.365075926622376 -0.6947085512802 0.89 462.584269662921 9.38202247191011 228.100481303044
0.00181818181818182 1.52770044161007 0.348719005729072 0.378560823854059 0.99 3493.88888888889 56.7272727272727 446.26071690406
0.00181818181818182 1.43019326943904 0.234739286964759 -0.156153739895672 0.99 4479.0404040404 100.030303030303 441.953376759439
0.00181818181818182 1.35084782093763 0.298388314829208 -0.766645518131554 0.97 1364.87628865979 36.0103092783505 391.444488182642
0.00181818181818182 1.31181620378047 0.269916785578244 -0.464072601869702 0.94 1281.34042553191 30.2659574468085 376.13570596712
0.00181818181818182 1.36645972225815 0.1074356012512 0.126434702891856 0.96 4648.07291666667 100.729166666667 362.412780384092
0.00181818181818182 1.58325499724597 0.332823398592882 -0.216233837418258 1 5399.35 118.74 366.769820173242
0.00181818181818182 1.35476390440017 0.258544345712289 0.94376009888947 0.96 1171.51041666667 15.15625 327.866029132016
0.00181818181818182 1.41298688966781 0.314651629072614 0.644433043897152 0.97 1523.82474226804 21.4639175257732 392.284960092569
0.00181818181818182 1.33644871944562 0.11991018706467 -0.941310298629105 0.9 4834.02222222222 159.455555555556 374.182335478264
0.00181818181818182 1.32529646418989 0.349736735923216 0.306146413087845 0.93 665.118279569892 9.8494623655914 256.873404640186
0.00181818181818182 1.44275545654818 0.142422462906688 0.675295038614422 0.98 5193.72448979592 83.1836734693878 328.797115192448
0.00181818181818182 1.55826926073059 0.149930364289321 -0.912838994525373 0.99 5452.21212121212 177.020202020202 212.702201649106
0.00181818181818182 1.2880143458955 0.357798761990853 -0.625337379984558 0.91 475.428571428571 9.59340659340659 226.915160541576
0.00181818181818182 1.29930097814649 0.29066428586375 -0.749234852846712 0.88 896.704545454545 21.5909090909091 314.929193767586
0.00181818181818182 1.35583528848365 0.375966366822831 0.230671720579267 0.97 648.969072164948 10.3711340206186 267.518238701357
0.00181818181818182 1.35921598328277 0.214940727152862 0.129280627239496 0.97 2417.73195876289 47.1649484536082 443.247071476433
0.00181818181818182 1.56475044693798 0.262359853414819 -0.0785211627371609 0.98 5537.37755102041 118.775510204082 301.049257427181
0.00181818181818182 1.29522183043882 0.142771459720097 0.263847175985575 0.92 2013.97826086957 38.195652173913 389.907420174073
0.00181818181818182 1.57201419305056 0.113245796621777 0.00436446629464626 0.99 5479.0101010101 119.767676767677 207.237281140963
0.00181818181818182 1.39521146686748 0.343326688813977 -0.187986074481159 0.96 1345.67708333333 26.6354166666667 402.329436629753
0.00181818181818182 1.34213886922225 0.370358492364176 0.130260623991489 0.97 643.226804123711 10.5360824742268 268.026794275674
0.00181818181818182 1.56773499622941 0.189769336464815 -0.538262648042291 1 5530.56 151.15 238.296507711991
0.00181818181818182 1.2577233822085 0.295504733663984 -0.829510207753628 0.87 575.988505747126 13.0574712643678 243.570527554265
0.00181818181818182 1.25369748882949 0.219608002877794 -0.225870515219867 0.86 780.441860465116 16.1279069767442 291.776329388794
0.00181818181818182 1.63737856764346 0.287739705876447 -0.00139422994107008 0.99 5418.53535353535 109.666666666667 261.231411325083
0.00181818181818182 1.39345065448433 0.190661412291229 0.287497775163502 0.96 3624.55208333333 68.375 482.347007212847
0.00181818181818182 1.57061180993915 0.363374868757091 0.744247927330434 0.99 4212.46464646465 58.979797979798 509.039248538489
0.00181818181818182 1.59313339367509 0.266106593608856 0.432197174057364 1 5599.87 95 292.009642348978
0.00181818181818182 1.47536111632362 0.211884881113656 -0.976404221728444 0.96 5248.52083333333 170.364583333333 319.114992560341
0.00181818181818182 1.46512638097629 0.115668172785081 0.127563901245594 0.99 5312.15151515152 111.232323232323 279.497936108514
0.00181818181818182 1.44857827182859 0.250011889799498 0.204245266038924 0.99 3928.68686868687 76.3434343434343 472.91703202485
0.00181818181818182 1.49162120921537 0.163433063239791 -0.03852828592062 0.95 5433.09473684211 120.989473684211 277.294099112178
0.00181818181818182 1.37903537712991 0.119106678618118 0.304790217895061 0.94 4821.1914893617 95.4574468085106 371.531774185878
0.00181818181818182 1.49041531309485 0.246901053935289 0.119565854780376 1 5166.66 103.28 388.320237336224
0.00181818181818182 1.48803456760943 0.324114180775359 0.592465342953801 1 2984.23 47.21 478.305210335465
0.00181818181818182 1.41102546434849 0.302284648455679 -0.128155335783958 0.97 1681.58762886598 34.4845360824742 437.99933427345
0.00181818181818182 1.63461933750659 0.248421486467123 0.426184398122132 1 5641.24 93.65 243.573671965015
0.00181818181818182 1.27148441504687 0.340851917024702 -0.135373282246292 0.88 509.034090909091 8.84090909090909 231.759534589664
0.00181818181818182 1.50592020014301 0.372745627933182 -0.957254809327424 0.99 4218.59595959596 121.525252525253 551.25369956373
0.00181818181818182 1.37308005709201 0.140178575390019 -0.509436720516533 0.99 4859.17171717172 132.787878787879 380.429577494811
0.00181818181818182 1.52937018545344 0.29421116663143 0.43534567579627 0.98 4904.51020408163 83.4387755102041 448.725062008763
0.00181818181818182 1.39500487614423 0.314930788916536 -0.144660559017211 0.99 1682.80808080808 35.1313131313131 408.853792795309
0.00181818181818182 1.641487337742 0.383064244501293 -0.0101417526602745 0.99 5263.40404040404 104.191919191919 353.025531752721
0.00181818181818182 1.42429581908509 0.121680970001034 -0.136965055484325 0.96 5261.45833333333 124.822916666667 311.23512347736
0.00181818181818182 1.43171324403957 0.117589606251568 -0.660747342277318 0.97 5655.31958762887 171.948453608247 291.331196974791
0.00181818181818182 1.32601719237864 0.287590504996479 0.826259035151452 0.97 832.855670103093 10.7319587628866 284.043570604011
0.00181818181818182 1.43513072114438 0.245368306851015 -0.336512922309339 0.93 4507.88172043011 109.752688172043 467.634274200032
0.00181818181818182 1.30676924409345 0.310241409903392 0.794818099588156 0.96 564.677083333333 6.78125 229.494075280387
0.00181818181818182 1.55850501218811 0.350361110665836 -0.431006686761975 1 4994.34 119.26 415.521952327133
0.00181818181818182 1.35050931274891 0.239705667062663 -0.559357831720263 0.95 2118.09473684211 56.8842105263158 454.709023093372
0.00181818181818182 1.44896333804354 0.259906888473779 -0.333867848385125 0.97 4597.21649484536 110.329896907216 439.022948074038
0.00181818181818182 1.36369385439903 0.189753424050286 0.858026425354183 0.97 2674.26804123711 37.4845360824742 479.468966900835
0.00181818181818182 1.50582240149379 0.243432633648627 0.231720230542123 0.97 5240.9175257732 100.319587628866 354.897803316792
0.00181818181818182 1.60234579397365 0.318285272875801 0.560379764996469 1 5428.3 85.59 374.397811010216
0.00181818181818182 1.586115015205 0.372546389116906 0.690453805029392 0.98 4731.58163265306 67.4183673469388 496.594364630398
0.00181818181818182 1.30341596351936 0.366064012958668 0.587900290731341 0.96 533.239583333333 6.9375 231.704841089742
0.00181818181818182 1.44468818223104 0.285531497467309 0.396521859802306 1 2495.92 42.08 467.938169392644
0.00181818181818182 1.37374105146155 0.35777151430957 0.964040684979409 0.92 758.608695652174 8.72826086956522 266.685944397511
0.00181818181818182 1.50167559850961 0.196295308298431 -0.681329402141273 0.95 5590.82105263158 162.305263157895 279.01541584799
0.00181818181818182 1.2574429249391 0.168742145132273 0.364303598180413 0.85 1148 19.0705882352941 302.494652650921
0.00181818181818182 1.33136441614479 0.203674888331443 0.019011243712157 0.94 1772.95744680851 36.7127659574468 396.772386362314
0.00181818181818182 1.29687171149999 0.325375866680406 -0.906742369756103 0.96 642.4375 15.59375 268.498513470457
0.00181818181818182 1.51406712383032 0.363703391584568 -0.419229558669031 0.99 4084.87878787879 94.8787878787879 531.790121485186
0.00181818181818182 1.2966918066144 0.104559050337411 0.450294566806406 0.89 2857.16853932584 51.3483146067416 416.881293962865
0.00181818181818182 1.37707882011309 0.365154422307387 0.71337385289371 0.95 758.4 9.5578947368421 275.390850719474
0.00181818181818182 1.28406968936324 0.322109659668058 0.102060807403177 0.92 526.684782608696 8.64130434782609 236.639317755759
0.00181818181818182 1.35118792895228 0.153410065011121 -0.199440572410822 0.93 4099.22580645161 99.1182795698925 449.100859955913
0.00181818181818182 1.39329781001434 0.357483932957985 -0.559301842004061 0.95 1304.2 30.1473684210526 362.098831261418
0.00181818181818182 1.46504913419485 0.16210211655125 -0.307069424074143 0.98 5315.95918367347 131.316326530612 289.475552836688
0.00181818181818182 1.53930546389893 0.124442147929221 -0.525158246979117 0.98 5528.37755102041 153.877551020408 218.453093191333
0.00181818181818182 1.47742901910096 0.114388926513493 -0.281577447429299 0.99 5417.30303030303 137.212121212121 253.335447757429
0.00181818181818182 1.36604440482333 0.180740531906486 -0.291285820771009 0.91 4041.2967032967 98.9120879120879 442.705382333002
0.00181818181818182 1.37487698169425 0.186076078610495 0.883271930739284 0.94 2585.39361702128 36.7340425531915 452.341180062727
0.00181818181818182 1.6275487812236 0.202922574104741 -0.878895100206137 1 5617.06 173.03 206.062789004126
0.00181818181818182 1.45091266073287 0.357858191709965 -0.296675781719387 0.99 2000.67676767677 43.5656565656566 477.146433248458
0.00181818181818182 1.44262157212943 0.141539528453723 0.93606824753806 0.98 4864.27551020408 68.6734693877551 353.784173796373
0.00181818181818182 1.54603823358193 0.158368095406331 -0.0285712378099561 0.97 5689.34020618557 125.824742268041 243.345094181187
0.00181818181818182 1.37203653166071 0.394925615238026 -0.724203502759337 0.94 824.106382978723 19.4042553191489 319.267909627884
0.00181818181818182 1.50150437690318 0.348570418474265 -0.0681163896806538 1 3575.82 73.06 521.64821598282
0.00181818181818182 1.61729179136455 0.340573168313131 -0.211947922594845 0.98 5604.24489795918 122.122448979592 314.134026997339
0.00181818181818182 1.61154555175453 0.19930171018932 0.146551994141191 1 5689.3 111.84 226.173500993563
0.00181818181818182 1.29758796924725 0.262595957587473 0.765443439595401 0.91 694.747252747253 9.2967032967033 264.894647835422
0.00181818181818182 1.51586914593354 0.166803113580681 0.997576178051531 0.99 5323.76767676768 70.1414141414141 295.319195066382
0.00181818181818182 1.46015202747658 0.143849844299257 0.138335799798369 0.95 5231.03157894737 109.2 309.148119515563
0.00181818181818182 1.64889448294416 0.161020930041559 -0.147652698680758 0.98 5686.80612244898 129.561224489796 187.810984222613
0.00181818181818182 1.42464725663885 0.312177099101245 -0.833086777944118 0.98 3049.58163265306 84.8265306122449 495.211928173616
0.00181818181818182 1.25055215265602 0.20185414464213 0.550905674695969 0.93 726.763440860215 11.2795698924731 246.549046866591
0.00181818181818182 1.25040013696998 0.220546870469116 -0.371059758588672 0.9 818.4 18.3 288.174612998501
0.00181818181818182 1.44860237631947 0.171434443513863 0.593886597082019 0.95 4748.49473684211 78.6421052631579 347.416139639955
0.00181818181818182 1.42656492311507 0.378107571485452 0.00656582228839397 0.97 1034.12371134021 18.5670103092784 361.188692766754
0.00181818181818182 1.51607851823792 0.368539452995174 -0.697376288939267 0.97 3898.65979381443 100.876288659794 506.453914636304
0.00181818181818182 1.62362306509167 0.16080924263224 0.831152734346688 1 5594.97 79.41 214.771837443725
0.00181818181818182 1.29727034242824 0.324207738460973 -0.947304252535105 0.95 661.136842105263 15.7052631578947 281.566893191107
0.00181818181818182 1.41731520174071 0.106393202557229 0.915099315810949 0.96 5003.82291666667 70.7604166666667 324.384211036941
0.00181818181818182 1.29309286940843 0.355107986321673 -0.878131714649498 0.93 626.913978494624 13.9784946236559 266.560138381616
0.00181818181818182 1.50371900284663 0.104868788132444 0.849491863045841 0.98 5528.5306122449 81.6428571428571 257.672948759665
0.00181818181818182 1.33162496332079 0.338869101693854 0.654410826973617 0.96 695.03125 9.51041666666667 265.852311424662
0.00181818181818182 1.34014874128625 0.121523191011511 0.382300760131329 0.93 3674.20430107527 68.3333333333333 420.704601585181
0.00181818181818182 1.41477710325271 0.162442866968922 0.702691250946373 0.94 4642.62765957447 73.9574468085106 443.778999227264
0.00181818181818182 1.33282267199829 0.395487682824023 -0.784524575807154 0.93 533.612903225806 11.2365591397849 255.533769231263
0.00181818181818182 1.55680215684697 0.268418671260588 -0.0127238957211375 0.98 5543.97959183673 116.65306122449 308.574965671017
0.00181818181818182 1.4751663713716 0.332668768754229 -0.272028203122318 0.98 3241.17346938776 72.9591836734694 532.829351706099
0.00181818181818182 1.53406884120777 0.150682208221406 0.733055865392089 0.97 5488.24742268041 83.2783505154639 244.711203579554
0.00181818181818182 1.52187151936814 0.114706319081597 0.986810322850943 0.99 5490.13131313131 73.4545454545455 236.750923990151
0.00181818181818182 1.33133315537125 0.130144243012182 -0.866819645743817 0.95 4103 129.842105263158 390.529441665554
0.00181818181818182 1.58093345724046 0.239806910883635 0.251762978266925 1 5584.77 104.17 265.944931489128
0.00181818181818182 1.43739623576403 0.343056170502678 0.846104384399951 0.99 1246.30303030303 15.8989898989899 367.471794069182
0.00181818181818182 1.43727398440242 0.143823002162389 0.329862145707011 0.93 5353.95698924731 101.698924731183 323.48673276002
0.00181818181818182 1.46708708414808 0.138221323816106 0.014436783734709 0.99 5438.26262626263 119.191919191919 282.217060841713
0.00181818181818182 1.64016212616116 0.139269784232602 -0.71967283450067 0.99 5695.18181818182 162.777777777778 180.959489066402
0.00181818181818182 1.36219920953736 0.286095847585239 0.455602798610926 0.95 1179.08421052632 18.5789473684211 333.537861255981
0.00181818181818182 1.4742619571276 0.243636784749106 0.943569582421333 0.96 3909.51041666667 52.0416666666667 449.387177912596
0.00181818181818182 1.36079004984349 0.193462289776653 0.701156374998391 0.93 2153.60215053763 32.4516129032258 402.266272651633
0.00181818181818182 1.53578574163839 0.313826183089986 -0.50905958423391 0.96 5467.57291666667 140.260416666667 400.546136644267
0.00181818181818182 1.30750373285264 0.211145785148256 0.0159074505791068 0.9 1321.05555555556 27.0777777777778 330.565535711068
0.00181818181818182 1.34778269659728 0.301718819281086 -0.458635695278645 0.94 1296.81914893617 29.6063829787234 360.68985002368
0.00181818181818182 1.60912832515314 0.389983210666105 -0.913617940153927 1 5458.7 153.57 375.756249379191
0.00181818181818182 1.64860318116844 0.340681611490436 -0.111299302428961 0.99 5594.94949494949 116.060606060606 289.803751848298
0.00181818181818182 1.4262304186821 0.351100417296402 0.153469665907323 0.97 1553.74226804124 27.7731958762887 390.770094695099
0.00181818181818182 1.43306483393535 0.182438371120952 0.711570850107819 0.97 4607.46391752577 71.3092783505155 414.649663967007
0.00181818181818182 1.38811450907961 0.185193284484558 -0.39989741705358 0.96 4170.73958333333 107.59375 404.693119212756
0.00181818181818182 1.49635124281049 0.324927643849514 0.586250885389745 0.98 3402.5306122449 52.4897959183673 514.895234641913
0.00181818181818182 1.58857885673642 0.233309877989814 0.785149656701833 1 5652.87 81.75 268.192739172658
0.00181818181818182 1.25471384944394 0.289858677610755 0.358536625746638 0.91 460.78021978022 6.45054945054945 212.571409061362
0.00181818181818182 1.49757632119581 0.130984675558284 -0.84293713234365 0.94 5563.95744680851 178.989361702128 240.382288596897
0.00181818181818182 1.29876396097243 0.301318116672337 0.50159120047465 0.94 657.574468085106 9.35106382978723 258.24380306147
0.00181818181818182 1.41861059535295 0.219991388753988 0.701712961774319 0.99 3325.22222222222 50.8181818181818 449.762040726444
0.00181818181818182 1.29880285998806 0.315402473742142 -0.121984528377652 0.93 594.376344086022 10.6344086021505 261.451209995327
0.00181818181818182 1.61928173266351 0.134776044357568 0.91000389168039 0.97 5705.16494845361 77.7216494845361 199.410998589202
0.00181818181818182 1.62524535153061 0.293901128973812 -0.357529775705189 1 5691.02 135.7 269.823276281301
0.00181818181818182 1.46077096480876 0.393962828628719 0.757739865686744 0.97 1064.10309278351 14.0618556701031 340.204751520534
0.00181818181818182 1.54483111537993 0.269187408708967 0.863493155688047 1 4930.17 68.2 377.984660555161
0.00181818181818182 1.37819621376693 0.166601857729256 0.466206423938274 0.95 3834.52631578947 66.8631578947368 448.353848534128
0.00181818181818182 1.51610848410055 0.290515627223067 -0.973102504387498 1 5561.89 167.72 344.691144390977
0.00181818181818182 1.29962238008156 0.125372545048594 -0.277476368937641 0.96 2943.3125 73.0729166666667 452.478473060714
0.00181818181818182 1.49292873470113 0.215648091188632 0.526667451951653 0.97 5184.25773195876 87.2061855670103 363.437954015072
0.00181818181818182 1.59683303311467 0.310323120118119 -0.155526896938682 0.98 5608.52040816327 122.714285714286 312.91187335747
0.00181818181818182 1.58639857890084 0.282073071203195 0.844331573694944 0.99 5378.11111111111 73.5555555555556 353.271369832657
0.00181818181818182 1.48971100701019 0.275476785609499 0.851992513984442 1 4106.39 55.93 454.512675675248
0.00181818181818182 1.64033892350271 0.119497440219857 -0.296909619588405 1 5715.06 138.6 180.395362991292
0.00181818181818182 1.40819433759898 0.170142723503523 0.876741907093674 0.96 3708.44791666667 53.5104166666667 410.935184451401
0.00181818181818182 1.39900164818391 0.153457456082106 -0.510851291939616 0.96 5186.32291666667 142.21875 376.535303821866
0.00181818181818182 1.4493424908258 0.128422780730762 0.651029584463686 0.98 5373.19387755102 87.5 306.467280006636
0.00181818181818182 1.63717357059941 0.272351375012659 0.906325296964496 1 5603.18 73.32 262.872813079992
0.00181818181818182 1.55899507272989 0.134418489481322 -0.653524834662676 1 5612.58 163.68 214.600029461268
0.00181818181818182 1.25705220308155 0.158210041420534 0.160384881775826 0.88 970.545454545455 17.9659090909091 289.855363976478
0.00181818181818182 1.59878698261455 0.291490892879665 0.152758807409555 0.99 5485.79797979798 104.272727272727 318.689808710787
0.00181818181818182 1.55854723472148 0.189308677334338 -0.894297014456242 0.99 5576.57575757576 176.777777777778 229.679371234309
0.00181818181818182 1.35750060928985 0.118268793052994 0.985079427715391 0.95 3762.43157894737 53.5894736842105 424.078649822101
0.00181818181818182 1.5746551502496 0.171115409419872 -0.575704502873123 0.98 5521.37755102041 153.295918367347 214.522099109417
0.00181818181818182 1.39837562842295 0.132460969965905 0.996952574234456 0.89 4574.22471910112 63.3932584269663 444.616089160658
0.00181818181818182 1.40718725845218 0.25548960021697 -0.753880418371409 0.98 3807.30612244898 109.857142857143 495.761790752903
0.00181818181818182 1.27058334583417 0.381359171424992 0.508815337903798 0.94 413.574468085106 5.40425531914894 203.219746916861
0.00181818181818182 1.5834874747321 0.390045891446061 -0.0928461481817067 0.99 4672.33333333333 92.9191919191919 501.712869953826
0.00181818181818182 1.32862358679995 0.269856060505845 0.826770879793912 0.96 746.833333333333 9.69791666666667 282.746072872279
0.00181818181818182 1.58248891849071 0.358396984566934 -0.129778256174177 0.99 5251.88888888889 110.363636363636 421.46991016029
0.00181818181818182 1.29666416123509 0.259678613627329 -0.194509140215814 0.93 894.043010752688 17.7849462365591 300.785828962457
0.00181818181818182 1.48560172207654 0.298563094553538 -0.755867958068848 0.95 4965.32631578947 141.305263157895 444.255052436367
0.00181818181818182 1.38301156489179 0.130870510824025 -0.29684681724757 0.95 4886.27368421053 125.494736842105 366.173683421435
0.00181818181818182 1.62817068714648 0.30863581339363 -0.398465566337109 1 5711.38 140.02 265.190964053521
0.00181818181818182 1.26479315664619 0.320064427377656 0.72833274397999 0.91 440.417582417582 5.49450549450549 203.871550849983
0.00181818181818182 1.36455450486392 0.177072791359387 -0.314444076269865 0.95 3437.37894736842 85.2210526315789 446.466113431825
0.00181818181818182 1.51264190459624 0.181956800748594 0.109996193554252 0.97 5536.03092783505 113.432989690722 281.857532914162
0.00181818181818182 1.44131983928382 0.379819840774871 0.743807623162866 1 1168.71 15.72 353.324362814748
0.00181818181818182 1.41787021150812 0.288010622188449 0.279817814473063 0.92 1938.9347826087 34.8478260869565 405.133527148394
0.00181818181818182 1.31971458531916 0.145321443025023 -0.336185929831117 0.92 2693.40217391304 71.2826086956522 412.291512316161
0.00181818181818182 1.26101493360475 0.209353380883113 -0.982986461371183 0.9 944.144444444444 26.1 315.295901887522
0.00181818181818182 1.39593960810453 0.103108357684687 0.208392092958093 0.99 5125.16161616162 106.090909090909 335.923208147091
0.00181818181818182 1.36798164211214 0.227865942101926 0.193937426432967 0.96 2128.04166666667 39.5833333333333 410.315258453152
0.00181818181818182 1.57323907930404 0.159961585584097 -0.691445403266698 0.97 5703.39175257732 162.505154639175 202.879535390176
0.00181818181818182 1.26085747284815 0.387225176929496 -0.859156030230224 0.91 399.010989010989 7.92307692307692 222.513063509379
0.00181818181818182 1.6279632339254 0.10500214099884 0.316703052259982 1 5724.72 106.2 180.846457563067
0.00181818181818182 1.38290880834684 0.339921925100498 0.0149567676708102 0.96 1154.07291666667 20.8854166666667 352.777775437915
0.00181818181818182 1.33519684737548 0.170007673441432 -0.294988261535764 0.92 2958.13043478261 73.5434782608696 451.315383225799
0.00181818181818182 1.64467595592141 0.157258043787442 -0.316404888872057 0.97 5690.31958762887 139.226804123711 193.563156604876
0.00181818181818182 1.33031894350424 0.380887628253549 -0.428502764552832 0.92 651.815217391304 12.5217391304348 273.91165411267
0.00181818181818182 1.45213712807745 0.344555449835025 -0.743054828606546 0.99 2893.21212121212 78.1313131313131 560.255249169611
0.00181818181818182 1.29710144624114 0.389213592978194 -0.848256568424404 0.94 502.904255319149 10.7021276595745 239.080823942535
0.00181818181818182 1.46558328457177 0.272175600146875 0.101304956711829 0.96 4235.25 85.3229166666667 498.008883294136
0.00181818181818182 1.36601734701544 0.144464717805386 -0.390713116154075 0.91 4610.75824175824 120.989010989011 389.017415861436
0.00181818181818182 1.63301083380356 0.296126113133505 -0.205802209209651 0.98 5641.01020408163 125.571428571429 263.115240875874
0.00181818181818182 1.39206521203741 0.222939746943302 0.493388835340738 0.96 2701.25 46.4479166666667 461.680397468153
0.00181818181818182 1.4574695199728 0.210880719614215 -0.182341898791492 0.98 5110.42857142857 119.418367346939 372.009429837699
0.00181818181818182 1.58681273404509 0.276635359507054 0.153584730811417 1 5589.98 108.2 296.068466006737
0.00181818181818182 1.64115973887965 0.187861050362699 -0.442112762946635 0.95 5639.52631578947 144.221052631579 210.008981509397
0.00181818181818182 1.53765121595934 0.191228376934305 0.631817383226007 0.99 5602.54545454545 89.4646464646465 276.919036796376
0.00181818181818182 1.63930711485445 0.269151433790103 0.241413136012852 0.99 5533 100.787878787879 255.535671676152
0.00181818181818182 1.54309297669679 0.184356890898198 0.375866787042469 0.98 5371.68367346939 95.8673469387755 261.029570047898
0.00181818181818182 1.39085434619337 0.186500996747054 0.178927262313664 0.97 3975.57731958763 81.3298969072165 440.378378284127
0.00181818181818182 1.33767478959635 0.22964559441898 0.974247609265149 0.94 1172.39361702128 14.7872340425532 329.07025531727
0.00181818181818182 1.55365407420322 0.145505967480131 -0.75843381555751 0.99 5578.18181818182 166.888888888889 221.435394491168
0.00181818181818182 1.42914071921259 0.115925145801157 0.0563752092421055 0.93 5254.43010752688 113.268817204301 309.957469923183
0.00181818181818182 1.5868763375096 0.276815732335672 0.159628062509 0.99 5513.20202020202 106.808080808081 307.794258442301
0.00181818181818182 1.53597178319469 0.138031027512625 0.804090019315481 1 5540.12 80.31 250.423588220756
0.00181818181818182 1.32355268783867 0.162477880483493 -0.0121312071569264 0.97 2329.39175257732 50.6185567010309 425.451598568002
0.00181818181818182 1.47635698337108 0.295647217426449 0.844260524958372 0.97 3803.78350515464 52.4742268041237 506.799500618687
0.00181818181818182 1.36224339632317 0.219912187871523 0.40282781701535 0.97 2068.46391752577 35.4329896907216 436.256229570804
0.00181818181818182 1.48607662748545 0.226335613196716 0.573576929047704 0.98 4881.97959183673 80.3367346938775 392.406252028464
0.00181818181818182 1.30223760036752 0.31357978140004 -0.405723015777767 0.94 660.606382978723 12.9574468085106 255.769180702799
0.00181818181818182 1.61694452352822 0.354048225074075 -0.955912700854242 0.98 5428.76530612245 158.428571428571 320.889879882319
0.00181818181818182 1.48112794514745 0.150199116813019 0.305025912355632 0.98 5654.08163265306 107.010204081633 294.734721151332
0.00181818181818182 1.29498784048483 0.211257560900413 -0.668503725435585 0.95 1068.28421052632 27.4736842105263 319.21723668703
0.00181818181818182 1.25998493162915 0.146315724425949 -0.490192460361868 0.92 1788.09782608696 46.6521739130435 380.800321500545
0.00181818181818182 1.33700490258634 0.282598887337372 -0.645483606494963 0.95 1418.81052631579 36.178947368421 372.727361902453
0.00181818181818182 1.46216988274828 0.380427636951208 -0.885822526644915 0.99 2251.28282828283 61.1414141414141 480.795272515643
0.00181818181818182 1.62877169894055 0.122641786024906 -0.456516528036445 0.98 5703.21428571429 149.897959183673 186.316648437543
0.00181818181818182 1.38866964131594 0.254387668706477 0.516551673412323 0.98 2077.60204081633 33.0816326530612 394.188274595833
0.00181818181818182 1.55317529588938 0.290254443208687 -0.0313016241416335 0.99 5398.81818181818 111.171717171717 335.68890089763
0.00181818181818182 1.64636566573754 0.32547718139831 0.0587422675453126 1 5658.4 108.95 283.871413948944
0.00181818181818182 1.43490324001759 0.31086396870669 -0.789594895206392 0.97 3490.60824742268 98.1958762886598 528.65854735483
0.00181818181818182 1.36021665139124 0.248521747649647 -0.264998491853476 0.95 2323.96842105263 53.7368421052632 455.936892417494
0.00181818181818182 1.34483802057803 0.389301358070225 -0.722494079265743 0.97 843 19.1443298969072 310.184300456279
0.00181818181818182 1.40128389447927 0.111464471137151 0.229471772443503 0.95 4929.63157894737 99.2631578947368 343.863355662639
0.00181818181818182 1.55069925030693 0.347161298315041 -0.927375386469066 0.98 5119.48979591837 148.357142857143 391.684835765567
0.00181818181818182 1.25174371441826 0.312181528867222 0.479753927793354 0.81 448.333333333333 6.25925925925926 209.369017831195
0.00181818181818182 1.46962742488831 0.301066230633296 -0.984004972502589 0.99 4717.47474747475 143.848484848485 496.530446973435
0.00181818181818182 1.37248237123713 0.281868897471577 0.643376125954092 0.95 1392.61052631579 21.2421052631579 388.21370629375
0.00181818181818182 1.39691617274657 0.329522142931819 0.0753295822069049 0.98 1497.02040816327 27.7040816326531 418.374407635581
0.00181818181818182 1.45679373368621 0.103346483851783 0.878332041669637 0.97 5212.44329896907 77.1340206185567 296.348351346391
0.00181818181818182 1.34448184547946 0.358536466211081 0.665206173900515 0.94 659.446808510638 8.58510638297872 259.546996131081
0.00181818181818182 1.49308320041746 0.340637019346468 0.431842433754355 0.99 3009.0404040404 48.5757575757576 524.060166338369
0.00181818181818182 1.54374514566734 0.230618783668615 -0.638704122975469 1 5503.16 155.06 268.007437807179
0.00181818181818182 1.34942807834595 0.363413608516566 -0.106044695246965 0.93 643.612903225806 11.1827956989247 262.848156047647
0.00181818181818182 1.33099298197776 0.313566487212665 0.352926108054817 0.95 823.452631578947 13.2421052631579 292.330129013101
0.00181818181818182 1.56783063700423 0.150413447106257 -0.26651291269809 1 5635.55 139.69 215.38798326133
0.00181818181818182 1.53671016041189 0.126066689775325 -0.666408223100007 0.97 5451.15463917526 160.690721649485 211.675260204175
0.00181818181818182 1.54632644504309 0.267847924563102 -0.862284148111939 0.99 5541.78787878788 167.969696969697 292.329239517922
0.00181818181818182 1.63963233074173 0.375025715702213 0.264755412470549 1 5295.27 91.17 375.790695119439
0.00181818181818182 1.39328703647479 0.266027530818246 -0.584201083984226 0.97 3042.72164948454 81.6185567010309 500.627165641481
0.00181818181818182 1.57040671138093 0.116749106370844 -0.787950912490487 0.98 5634.60204081633 169.979591836735 196.633588287779
0.00181818181818182 1.35126837836578 0.216136482264847 0.000904680695384741 0.92 2059.90217391304 43.3804347826087 411.063770136386
0.00181818181818182 1.3390043374151 0.304560635238886 -0.310818382538855 0.95 957.315789473684 20.5578947368421 321.226667291077
0.00181818181818182 1.61883023846895 0.269372378312983 0.44957671687007 1 5490.81 92.55 266.53090295579
0.00181818181818182 1.285359820351 0.326072726305574 0.316866197623312 0.91 584.10989010989 8.93406593406593 239.564327842639
0.00181818181818182 1.3106223273091 0.276332695619203 -0.752727000042796 0.89 1041.04494382022 26.8539325842697 330.36114075814
0.00181818181818182 1.58303844695911 0.271449138852768 0.0760849914513528 1 5607.72 112 295.245381510877
0.00181818181818182 1.36395666431636 0.247288952278905 -0.683245886582881 0.99 2245.66666666667 61.2727272727273 447.66808425541
0.00181818181818182 1.39982033018023 0.334763737441972 0.717810785397887 0.97 1018.24742268041 14.0824742268041 322.917289645896
0.00181818181818182 1.51871393965557 0.257679993938655 -0.278639198746532 0.99 5435.89898989899 130.080808080808 351.549099420927
0.00181818181818182 1.46991787329316 0.123046388733201 -0.275911371223629 0.96 5474.60416666667 137.25 273.639439951347
0.00181818181818182 1.4489704342559 0.282003562455066 0.687791462056339 0.95 3058.70526315789 46.4105263157895 522.584595573166
0.00181818181818182 1.31532201906666 0.260849504871294 0.973486520349979 0.93 687.924731182796 8.76344086021505 260.333043774639
0.00181818181818182 1.35702960649505 0.190142726222985 0.268454075790942 0.97 3198.36082474227 60.5876288659794 474.696364045848
0.00181818181818182 1.45243472633883 0.186306905467063 0.462451844010502 0.97 5136.81443298969 89.3814432989691 395.441684002822
0.00181818181818182 1.57020911537111 0.192003432940692 -0.443285564891994 0.99 5643.82828282828 147.989898989899 231.95044272255
0.00181818181818182 1.34816492982209 0.163568944227882 -0.138541412074119 0.91 3431.93406593407 80.1098901098901 429.443986095052
0.00181818181818182 1.29269367046654 0.18933152332902 -0.637752613052726 0.93 1442.05376344086 38.4838709677419 389.488648117946
0.00181818181818182 1.6436154557392 0.218596897111274 0.727872346062213 0.98 5608.39795918367 80.0510204081633 228.093542214474
0.00181818181818182 1.26653220420703 0.264960201759823 -0.544752144254744 0.93 713.903225806452 15.3763440860215 274.810437775174
0.00181818181818182 1.46413621148095 0.119564188597724 -0.858076472301036 0.99 5634.14141414141 180.10101010101 247.827285149406
0.00181818181818182 1.29682380883023 0.338461272371933 -0.280372672714293 0.92 479.152173913043 8.45652173913044 229.455596228192
0.00181818181818182 1.52409262722358 0.102870150352828 0.340843527577817 0.99 5583.26262626263 103.585858585859 219.461949624391
0.00181818181818182 1.57995653804392 0.181420378992334 -0.591286982409656 1 5578.98 155.27 225.67456453576
0.00181818181818182 1.62333260923624 0.106300343712792 0.201697024982423 0.98 5651.68367346939 111.459183673469 182.402463006513
0.00181818181818182 1.60056055020541 0.318688410427421 0.0450228820554912 0.99 5605.30303030303 111.323232323232 306.620536453317
0.00181818181818182 1.38854316053912 0.185298486449756 0.989065014291555 0.94 3228.72340425532 42.6276595744681 449.633225515982
0.00181818181818182 1.49272401966155 0.10855895949062 0.0996296433731914 0.96 5574.83333333333 116.520833333333 235.842345139694
0.00181818181818182 1.43806712357327 0.139706894755363 -0.968471535015851 0.99 5587.40404040404 186.484848484848 274.08511268121
0.00181818181818182 1.40266240658239 0.256930359615944 0.770722933113575 0.96 2202.78125 32.625 434.706501326212
0.00181818181818182 1.6064197328873 0.19744297049474 0.00622884836047888 0.99 5686.70707070707 120.515151515152 230.088393178246
0.00181818181818182 1.38507557120174 0.230943597853184 0.657758010085672 0.98 2241.22448979592 34.6938775510204 439.784448200062
0.00181818181818182 1.33687110180035 0.321546200336888 -0.830851447302848 0.95 1047.72631578947 25.6105263157895 340.33981611673
0.00181818181818182 1.44623323772103 0.161985288048163 -0.918853972107172 0.96 5421.27083333333 176.21875 301.944043719374
0.00181818181818182 1.29715301673859 0.136451596650295 -0.926781723275781 0.84 3236.05952380952 105 404.877265995209
0.00181818181818182 1.503792538587 0.256993083213456 0.132399770896882 0.99 5421.0101010101 108.10101010101 370.398558179891
0.00181818181818182 1.55172440549359 0.366434620553628 -0.22629775526002 0.99 4624.14141414141 99.969696969697 444.568032515274
0.00181818181818182 1.41181436311454 0.24140928867273 -0.467691950500011 0.98 3857.54081632653 99.9387755102041 484.012669812444
0.00181818181818182 1.53204211201519 0.297392246616073 0.0457521765492857 0.99 5217.12121212121 105.939393939394 410.172152276271
0.00181818181818182 1.4144068416208 0.182577907876112 0.214701544493437 0.98 4432.0612244898 88.7857142857143 414.362291263469
0.00181818181818182 1.50468397438526 0.161445983545855 -0.323338397312909 0.97 5599.27835051546 137.865979381443 276.567797012894
0.00181818181818182 1.56617362387478 0.286573856975883 0.922759073786438 0.94 5250.39361702128 70 348.159528592834
0.00181818181818182 1.50455342819914 0.11366420132108 -0.622536236420274 0.97 5358.57731958763 154.865979381443 228.241618451763
0.00181818181818182 1.26362292477861 0.166547359153628 0.0626696003600955 0.92 1067.55434782609 21.5869565217391 305.807255780199
0.00181818181818182 1.2928676054813 0.100257804291323 -0.386952701024711 0.9 3515.57777777778 96.1777777777778 444.339418968133
0.00181818181818182 1.3951308529824 0.235297553986311 -0.49293613107875 0.98 3828.83673469388 100.428571428571 496.137148309899
0.00181818181818182 1.63699422506616 0.364254002366215 -0.842990000266582 0.99 5603.61616161616 156 296.100400316004
0.00181818181818182 1.38814348988235 0.335908123012632 0.471190790180117 0.99 1055.64646464646 16.2525252525253 328.638279191261
0.00181818181818182 1.55852801213041 0.153560813399963 0.691744275856763 1 5697.36 87.61 247.746057810191
0.00181818181818182 1.59177091801539 0.230153601104394 0.957699129357934 1 5495.64 71.96 292.723614256782
0.00181818181818182 1.43125291261822 0.340622600936331 -0.781754160765558 0.93 2572.39784946237 69.9247311827957 526.820539087579
0.00181818181818182 1.43295823363587 0.112851895298809 0.991556495428085 0.97 4965.55670103093 69.5154639175258 311.743927615924
0.00181818181818182 1.46381936976686 0.288475159625523 0.34341683331877 0.98 4220.4387755102 75.734693877551 539.004681921029
0.00181818181818182 1.36307716760784 0.282653639814816 0.0610804706811905 0.98 1572.40816326531 30.5 386.152532986321
0.00181818181818182 1.54720786092803 0.149050016910769 0.263090958353132 1 5638.95 108.44 243.432826527854
0.00181818181818182 1.35178989730775 0.256860818248242 -0.268471412360668 0.95 1790.07368421053 40.2631578947368 409.239282181261
0.00181818181818182 1.64633226031438 0.257073328830302 0.175502311438322 0.99 5586.49494949495 107.464646464646 237.037868004523
0.00181818181818182 1.31895966278389 0.218248585378751 -0.867157006636262 0.92 2025.54347826087 59.5 445.346846962291
0.00181818181818182 1.33556843725964 0.33140878053382 -0.0385648757219315 0.97 816.896907216495 14.7010309278351 288.937237576093
0.00181818181818182 1.51285781869665 0.190536444541067 -0.560496761929244 0.95 5462.46315789474 149.515789473684 280.818820876362
0.00181818181818182 1.59057794762775 0.231318226386793 -0.60960575658828 0.99 5628.56565656566 155.10101010101 234.313442487189
0.00181818181818182 1.61557287089527 0.318316803779453 -0.653136867564172 0.98 5613.74489795918 147.540816326531 303.984770410101
0.00181818181818182 1.62011732887477 0.31135744061321 0.152498754672706 1 5539.27 104.48 291.262576859078
0.00181818181818182 1.59817414358258 0.272426943667233 -0.326694136485457 0.98 5603.31632653061 135.540816326531 268.452706424821
0.00181818181818182 1.34240303505212 0.305916922935285 0.147341136354953 0.94 887.882978723404 15.3936170212766 295.770899695793
0.00181818181818182 1.64004261381924 0.299954707571305 0.0750695550814271 1 5596.85 109.02 266.431257760308
0.00181818181818182 1.2829538969323 0.295673189940862 0.895888983737677 0.87 535.149425287356 6.6551724137931 234.536962972409
0.00181818181818182 1.61961369365454 0.363582260720432 0.79752819892019 0.99 5431.66666666667 73.6161616161616 390.871493036569
0.00181818181818182 1.44351571258157 0.241528217541054 -0.898131187073886 0.96 5000.40625 154.46875 405.540346715427
0.00181818181818182 1.53116635084152 0.156410700920969 0.386417532805353 0.99 5593.9595959596 100.555555555556 260.124694490956
0.00181818181818182 1.584855778981 0.373599989735521 0.0732459998689592 0.98 5272.82653061224 100.612244897959 511.872760980084
0.00181818181818182 1.55125976465642 0.353466859203763 0.462342156097293 0.98 4387.5 69.030612244898 494.530054262217
0.00181818181818182 1.3156611200422 0.244800626882352 -0.501994317397475 0.95 1219.77894736842 29.7052631578947 381.05087781843
0.00181818181818182 1.35627835169435 0.218157905968837 -0.0521291177719831 0.89 2322.15730337079 49.7752808988764 473.505446075008
0.00181818181818182 1.55681751025841 0.343035991350189 -0.701645431574434 0.98 5200.05102040816 138.377551020408 414.861917214366
0.00181818181818182 1.37430031811818 0.150639598048292 -0.108115216717124 0.94 4518.8829787234 105.234042553191 427.928295318721
0.00181818181818182 1.37839489458129 0.190552073367871 -0.0226332624442875 0.99 3657.60606060606 80.6969696969697 444.65922068921
0.00181818181818182 1.58573209792376 0.17039377191104 -0.87133873347193 0.97 5674.0824742268 179.896907216495 213.204856530727
0.00181818181818182 1.53197443904355 0.288811630383134 -0.900968194007874 0.98 5495.13265306122 163.816326530612 313.579184361927
0.00181818181818182 1.2506382717751 0.295773862604983 0.450903369113803 0.92 451.565217391304 6.3695652173913 211.134822712039
0.00181818181818182 1.29882569918409 0.215476826415397 -0.539241949096322 0.96 1359.57291666667 34.5 352.818458852157
0.00181818181818182 1.45330579122528 0.207119590067305 0.686040720436722 0.97 4517.89690721649 69 393.011442096387
0.00181818181818182 1.49179884921759 0.273998853866942 -0.914783323649317 0.98 5286.88775510204 162.836734693878 352.631079347516
0.00181818181818182 1.53613484622911 0.127498108311556 -0.211118496023118 0.98 5572.02040816327 134.857142857143 230.685466078927
0.00181818181818182 1.58139987355098 0.311487278179266 0.194740603212267 0.99 5411.72727272727 100.080808080808 340.878790609419
0.00181818181818182 1.50086182048544 0.140991249796934 0.00449660606682301 0.97 5474.11340206186 120.051546391753 261.477189593788
0.00181818181818182 1.41822393909097 0.387591730826534 -0.473346549551934 0.96 1244.27083333333 27.15625 376.891037475247
0.00181818181818182 1.4035081458278 0.139985147328116 -0.168057590723038 0.96 4579.16666666667 109.354166666667 320.315062910958
0.00181818181818182 1.39338874397799 0.293766043009236 0.0127574359066784 0.95 1873.16842105263 36.8105263157895 418.375296615588
0.00181818181818182 1.34944602604955 0.299020074796863 -0.934326403774321 0.93 1264.56989247312 35.5376344086022 368.340326398183
0.00181818181818182 1.40974896196276 0.37997164123226 -0.430846052709967 0.97 1255.72164948454 26.9690721649485 369.064685008153
0.00181818181818182 1.46457307059318 0.308252203371376 0.698446899652481 0.97 2558.16494845361 37.7731958762887 488.818034731638
0.00181818181818182 1.59509889762849 0.116317156935111 0.0719380057416856 0.98 5677 120.561224489796 207.908371444475
0.00181818181818182 1.32276874631643 0.382276398409158 -0.642037679906934 1 551.19 11.27 237.048561776561
0.00181818181818182 1.52104040216655 0.24411661287304 0.519367689732462 0.99 5366.21212121212 88.8181818181818 365.311920984377
0.00181818181818182 1.52050426108763 0.167421401315369 0.847526434343308 1 5320.32 75.67 286.353593937663
0.00181818181818182 1.50231983717531 0.226980725536123 0.940272521227598 0.97 4808.03092783505 64.5979381443299 387.812285625731
0.00181818181818182 1.39199036536738 0.318207334028557 0.775975759141147 0.95 1189.14736842105 15.5789473684211 335.866140736396
0.00181818181818182 1.59323317212984 0.355554254772142 0.345468014013022 0.99 5250.06060606061 88.3232323232323 408.816798288644
0.00181818181818182 1.36520228646696 0.183435093751177 0.0855592070147395 0.98 3113.25510204082 63.8061224489796 445.925128552409
0.00181818181818182 1.64854460796341 0.37162360206712 -0.042313632555306 0.99 5521.07070707071 110.727272727273 326.359714406796
0.00181818181818182 1.58001663340256 0.335793158016168 0.0907699023373425 1 5476.07 105.51 387.363830133778
0.00181818181818182 1.63243347331882 0.39681813812349 -0.323865655809641 1 5421.08 120.88 382.706241190954
0.00181818181818182 1.31805535117164 0.114714673883282 0.0684827570803463 0.96 3595.55208333333 76.9270833333333 464.185944545119
0.00181818181818182 1.58724986240268 0.36799558615312 -0.0637363530695438 0.99 4943.23232323232 100.606060606061 462.028483275166
0.00181818181818182 1.56514875870198 0.11291781316977 -0.620742447674274 0.99 5695.58585858586 162.171717171717 205.179598413192
0.00181818181818182 1.28978303624317 0.26693754545413 -0.322230958379805 0.92 784.271739130435 16.4239130434783 287.887815784552
0.00181818181818182 1.55401439899579 0.376429307507351 0.630583846010268 0.99 3958.90909090909 56.969696969697 519.765814437263
0.00181818181818182 1.31439621262252 0.378781283507124 0.51755996979773 0.93 468.548387096774 6.17204301075269 214.517723270501
0.00181818181818182 1.31930335229263 0.231273226183839 -0.586645594798028 0.91 1830.45054945055 48.2747252747253 417.177339053983
0.00181818181818182 1.55345236854628 0.155895081930794 -0.069443675223738 0.95 5577.96842105263 124.526315789474 232.219061832415
0.00181818181818182 1.41669003805146 0.184787829965353 -0.908594335895032 0.93 5254.66666666667 166.301075268817 353.305848001274
0.00181818181818182 1.35635989708826 0.210430103121325 -0.786332701332867 0.97 2967.77319587629 87.1340206185567 443.14696101802
0.00181818181818182 1.50774018028751 0.286353679606691 -0.842034188099205 1 5270.93 155.57 363.900023684095
0.00181818181818182 1.45148950675502 0.22192465076223 -0.608274351339787 0.98 5088.04081632653 140.877551020408 375.952902227466
0.00181818181818182 1.39727190816775 0.256304639508016 0.121999483089894 0.96 2661.47916666667 50.1354166666667 451.110958445843
0.00181818181818182 1.39327261904255 0.221581997722387 0.596830395516008 0.93 2928.75268817204 46.8494623655914 476.802794699964
0.00181818181818182 1.57171122059226 0.258522675349377 0.69968283129856 0.99 5546.23232323232 83.4444444444444 319.735688251564
0.00181818181818182 1.62188238585368 0.137181725376286 0.0239083869382739 1 5624.09 120.6 199.783427047821
0.00181818181818182 1.51000201674178 0.396791920857504 -0.0120566645637155 0.98 2377.19387755102 44.7959183673469 474.463957648474
0.00181818181818182 1.61905712168664 0.136190177034587 -0.929459371138364 0.99 5717.72727272727 179.969696969697 186.214409133634
0.00181818181818182 1.62744834618643 0.189348014863208 0.049828830640763 0.99 5690.88888888889 116.484848484848 204.974200431673
0.00181818181818182 1.50141554763541 0.197796887066215 -0.431583207566291 0.99 5438.22222222222 141.141414141414 287.892418209874
0.00181818181818182 1.44150055330247 0.169937066943385 -0.196660003159195 0.97 5161.28865979381 124.453608247423 332.591178669465
0.00181818181818182 1.40610491866246 0.278324669925496 0.213480141945183 0.98 2224.78571428571 40.1224489795918 443.642282211718
0.00181818181818182 1.47281648190692 0.141814842959866 -0.22465234901756 0.97 5587.20618556701 135.20618556701 271.810229759639
0.00181818181818182 1.45467414408922 0.138373253145255 -0.907530569471419 0.97 5245.65979381443 170.072164948454 260.158111044476
0.00181818181818182 1.43516007671133 0.210283389710821 -0.36574386479333 0.98 5047.38775510204 129.408163265306 408.369553322383
0.00181818181818182 1.34870988009498 0.376338744605891 -0.926904648542404 0.94 699.63829787234 16.1063829787234 295.286937976381
0.00181818181818182 1.3892780280672 0.109527170937508 0.0556442542001605 0.94 5100.18085106383 111.063829787234 322.246041238258
0.00181818181818182 1.41052965810522 0.347572071291506 -0.0708263632841408 0.97 1218.30927835052 23.4432989690722 369.260964666194
0.00181818181818182 1.56426672628149 0.204109479463659 0.864294026978314 1 5649.13 77.54 264.119086582875
0.00181818181818182 1.38607983486727 0.341810433682986 -0.0212217373773456 0.95 1147.04210526316 21.6421052631579 336.978848444754
0.00181818181818182 1.31015400160104 0.212985936086625 0.461441464256495 0.92 1172.26086956522 19.3152173913043 316.21547106968
0.00181818181818182 1.63639206672087 0.2893266139552 0.751665512099862 1 5691.12 80.28 283.547490083383
0.00181818181818182 1.4783352682367 0.332486930699088 -0.833719076123089 0.99 4104.9797979798 116.707070707071 506.005620336972
0.00181818181818182 1.34728485941887 0.38269244004041 0.039703652728349 0.98 578.132653061224 9.89795918367347 251.145639747432
0.00181818181818182 1.59595422912389 0.251338609773666 0.71935194125399 0.96 5439.8125 78.71875 271.718265147942
0.00181818181818182 1.37172121424228 0.305719067482278 -0.436012992169708 0.93 1471.98924731183 33.8064516129032 388.430076276733
0.00181818181818182 1.34754177555442 0.134666854492389 0.561682312749326 0.94 2926.44680851064 48.9148936170213 400.130985451197
0.00181818181818182 1.40906718727201 0.396640657959506 0.87151238322258 0.97 831.474226804124 10.680412371134 287.297717997719
0.00181818181818182 1.42966547440737 0.182440493628383 0.570852878969163 0.95 4455.52631578947 72.6105263157895 414.262425570969
0.00181818181818182 1.4647501597181 0.252038480946794 0.297506219241768 0.98 4227.35714285714 78.9285714285714 452.754525777276
0.00181818181818182 1.52214081548154 0.309108090260997 0.456990799866617 1 4643.18 76.38 481.601627850916
0.00181818181818182 1.34134349822998 0.328257326385938 0.511744120158255 0.94 659.436170212766 9.82978723404255 254.636152449635
0.00181818181818182 1.41389799565077 0.33222800923977 -0.36548035684973 0.99 1874.37373737374 40.989898989899 454.278423554635
0.00181818181818182 1.44439587676898 0.20179190649651 -0.86622365610674 0.95 5295.02105263158 165.557894736842 356.844616874914
0.00181818181818182 1.43367211436853 0.224716596561484 0.902177289128304 0.95 3226.18947368421 43.6842105263158 415.110607393658
0.00181818181818182 1.56319955838844 0.398461289890111 -0.162380334921181 0.99 4377.62626262626 90.1010101010101 543.093853644115
0.00181818181818182 1.48049836084247 0.240068640280515 0.139959699939936 0.95 4783.45263157895 95.5473684210526 380.855089934982
0.00181818181818182 1.46865222724155 0.314431292796507 -0.119149341713637 0.98 3444.02040816327 72.3265306122449 498.930782465481
0.00181818181818182 1.35346154114231 0.22934278503526 -0.366580781526864 0.96 2514.15625 60.7604166666667 474.618154270923
0.00181818181818182 1.3746572913602 0.232792653795332 0.75899139419198 0.94 1766.62765957447 26.8829787234043 422.960914480028
0.00181818181818182 1.5447165501304 0.35225560546387 0.869721395894885 1 3641.34 48.29 509.669562185956
0.00181818181818182 1.29750594003126 0.183246985822916 0.671758366283029 0.92 1341.11956521739 20.3913043478261 336.007208241975
0.00181818181818182 1.49942370234057 0.387278569652699 -0.310693632811308 0.97 2781.69072164948 60.2061855670103 515.925291083014
0.00181818181818182 1.53043684111908 0.199499017326161 0.145602027419955 0.98 5584.07142857143 112.336734693878 286.749299389566
0.00181818181818182 1.39483103007078 0.205948585178703 0.633714752737433 0.94 3251.3085106383 51.2872340425532 473.184375570739
0.00181818181818182 1.46965992543846 0.34080485815648 0.761848134920001 0.99 1756.44444444444 24.2020202020202 423.897643234696
0.00181818181818182 1.38893512431532 0.225170576223172 -0.0174430450424552 0.94 2989.95744680851 65.0425531914894 456.021939011047
0.00181818181818182 1.52745737489313 0.15438781583216 -0.0400596363469958 0.99 5532.26262626263 124.919191919192 255.584306753576
0.00181818181818182 1.43834527600557 0.364085056935437 0.847586583346128 0.97 1220.01030927835 15.4639175257732 345.170153929125
0.00181818181818182 1.28669324992225 0.195668576494791 -0.559209219180048 0.89 1293.31460674157 34.1573033707865 364.473967401027
0.00181818181818182 1.25806388491765 0.207640832965262 -0.33842409402132 0.95 886.242105263158 19.8526315789474 302.918162238117
0.00181818181818182 1.30710499351844 0.209878628375009 -0.537040378898382 0.91 1558.24175824176 40.3956043956044 400.957384138601
0.00181818181818182 1.43699278207496 0.130794491292909 0.394845930859447 0.98 5211.81632653061 96.0102040816327 336.650726588316
0.00181818181818182 1.26948561128229 0.135562034696341 0.195472336374223 0.93 1342.12903225806 26.7096774193548 307.518470044632
0.00181818181818182 1.30552685903385 0.301312243333086 0.126308047678322 0.92 693.989130434783 11.304347826087 264.944272042173
0.00181818181818182 1.27872065613046 0.244416638417169 -0.325617913622409 0.9 861.977777777778 18.3777777777778 303.479749903187
0.00181818181818182 1.5950081853196 0.240290454425849 -0.844961823895574 1 5622.8 168.23 247.692038754031
0.00181818181818182 1.39949910268188 0.2750588652445 0.846722777467221 0.95 1439.90526315789 19.9368421052632 376.46796129188
0.00181818181818182 1.33465053569525 0.238235370116308 -0.579501604195684 0.99 1962.83838383838 49.5252525252525 448.077373119643
0.00181818181818182 1.6276169477962 0.177842407580465 -0.599450713023543 0.98 5695.29591836735 154.112244897959 194.870588235433
0.00181818181818182 1.4781193590723 0.128132776310667 0.705117171164602 0.95 5434.68421052632 84.6315789473684 290.058971224773
0.00181818181818182 1.59359993515536 0.273120299167931 0.399089744314551 1 5665.68 98.12 308.813308116553
0.00181818181818182 1.28021762846038 0.395361051545478 0.514622807502747 0.89 414.685393258427 5.79775280898876 206.366114114466
0.00181818181818182 1.43382841683924 0.197114799567498 -0.741485879290849 0.97 4761.54639175258 139.814432989691 333.479855057891
0.00181818181818182 1.31871061585844 0.159071545442566 -0.805427461862564 0.9 3508.61111111111 106.233333333333 440.692894715446
0.00181818181818182 1.63086401065812 0.225070838630199 0.425207171123475 1 5644.88 95.02 227.147927822597
0.00181818181818182 1.51344368234277 0.315418899198994 -0.225217583589256 0.99 4832.58585858586 107.585858585859 470.098440597727
0.00181818181818182 1.28591782106087 0.307482562563382 -0.0127413012087345 0.92 703.315217391304 12.2065217391304 276.125137912743
0.00181818181818182 1.48362431935966 0.297283909539692 0.241266718134284 0.96 4084.63541666667 74.2083333333333 506.687254757488
0.00181818181818182 1.27557446938008 0.231962032197043 0.95741696562618 0.86 751.383720930233 9.98837209302326 251.690276297035
0.00181818181818182 1.57758371150121 0.160493525327183 0.335772585589439 0.99 5626.0101010101 103.050505050505 228.374889017565
0.00181818181818182 1.31820448311046 0.353650757251307 -0.0434705633670092 0.9 559.177777777778 9.81111111111111 246.916292280939
0.00181818181818182 1.50644155237824 0.15055822073482 -0.0244109481573105 0.96 5475.75 122.3125 276.126109413096
0.00181818181818182 1.42728326693177 0.341893180459738 0.638297099620104 0.96 1263.25 18.03125 363.940271731147
0.00181818181818182 1.46137863062322 0.303396417177282 0.779582429677248 0.97 2759.40206185567 38.8453608247423 472.005522036
0.00181818181818182 1.39635427594185 0.347318867896684 0.520533204078674 0.97 909.061855670103 12.979381443299 326.333558471903
0.00181818181818182 1.28652536282316 0.32923289462924 0.922340532299131 0.92 489.5 5.91304347826087 238.388188118206
0.00181818181818182 1.5414426414296 0.364279140532017 0.219934759195894 0.99 4042.67676767677 70.8888888888889 529.483809856124
0.00181818181818182 1.62761881761253 0.165159263601527 -0.391745867673308 1 5650.34 143.54 195.325275388618
0.00181818181818182 1.54940901743248 0.350683108880185 -0.734980982262641 0.98 4957.9387755102 133.84693877551 408.008203719266
0.00181818181818182 1.33110260628164 0.108483530883677 0.334588141646236 0.92 3333.32608695652 63.6086956521739 416.181599263404
0.00181818181818182 1.26960830623284 0.354738206649199 -0.518366158939898 0.88 439.727272727273 8.14772727272727 220.541478545452
0.00181818181818182 1.53670876920223 0.197127424110658 -0.29648900963366 0.97 5472.34020618557 134.979381443299 282.160991247677
0.00181818181818182 1.3740901466459 0.295737613248639 0.896622675936669 0.95 979.178947368421 12.1473684210526 319.407710749386
0.00181818181818182 1.51264048870653 0.238875822187401 -0.36325828358531 0.96 5311.84375 132.03125 326.630947310922
0.00181818181818182 1.55389305613935 0.218928888859227 -0.991396522615105 0.99 5475.56565656566 176.737373737374 263.869052180735
0.00181818181818182 1.56017507035285 0.170651498110965 0.558546002954245 0.99 5690.72727272727 91.7575757575758 249.463718779189
0.00181818181818182 1.45277283033356 0.158656971692108 0.0124031030572951 0.95 5404.55789473684 118.789473684211 321.36153062068
0.00181818181818182 1.60898754745722 0.332082208408974 0.124497841112316 0.99 5660.35353535354 109.050505050505 347.387711415901
0.00181818181818182 1.30970438579097 0.230376018746756 0.781475485302508 0.95 891.852631578947 11.6421052631579 302.148113948487
0.00181818181818182 1.55903688296676 0.153993729618378 -0.900417605414987 0.99 5681.92929292929 182.50505050505 215.615762900791
0.00181818181818182 1.40596073279157 0.379305797372945 0.71351474057883 0.96 918.979166666667 11.5208333333333 314.471954716553
0.00181818181818182 1.62410392351449 0.318535783793777 0.832775892224163 0.99 5497.59595959596 72.5151515151515 321.333123398741
0.00181818181818182 1.2637455672957 0.296227069525048 -0.91616484709084 0.91 535.791208791209 12.7472527472527 251.791957088704
0.00181818181818182 1.30520613174886 0.251589394151233 -0.553136335685849 0.95 1197.54736842105 29.1473684210526 352.249072870861
0.00181818181818182 1.37315151179209 0.215839685220271 -0.388644606340677 0.95 3611.31578947368 90.2421052631579 456.86895061436
0.00181818181818182 1.32601846372709 0.278413547994569 0.349163587670773 0.98 812.714285714286 12.6836734693878 273.915712336613
0.00181818181818182 1.52213346064091 0.253511996683665 -0.154449498280883 1 5176.8 115.93 329.067893773307
0.00181818181818182 1.49135631714016 0.370441020233557 0.736230390612036 0.98 2036.71428571429 27.2040816326531 460.527423886549
0.00181818181818182 1.55005302671343 0.195821795030497 -0.332009091507643 1 5597.3 137.98 250.059282152052
