0.00181818181818182 1.47083371663466 0.290895037492737 -0.846722853835672 0.98 4446.61224489796 130.214285714286 447.336793025118
0.00181818181818182 1.51001662331231 0.383378408778727 0.595599432541075 0.99 1794.45454545455 25.6464646464646 414.809481075997
0.00181818181818182 1.49350240235037 0.370892980692727 -0.20897892987768 0.98 2767.88775510204 58.9387755102041 538.950184137316
0.00181818181818182 1.51300940402528 0.291993835839047 -0.362260838156533 1 4948.64 121.03 385.787612230443
0.00181818181818182 1.60465641998508 0.368688076855708 0.329996515033148 0.99 5077.0404040404 87.2626262626263 454.694160957376
0.00181818181818182 1.45213712807745 0.344555449835025 -0.743054828606546 0.99 2893.21212121212 78.1313131313131 560.255249169611
0.00181818181818182 1.43019326943904 0.234739286964759 -0.156153739895672 0.99 4479.0404040404 100.030303030303 441.953376759439
0.00181818181818182 1.46057847311884 0.347958687302872 0.513496208183972 1 1888.99 28.95 446.311837139438
0.00181818181818182 1.47489678793036 0.37130743030352 -0.742838467216432 0.98 2748.32653061224 73.3877551020408 525.186427867405
0.00181818181818182 1.44074056885782 0.223899246491606 0.371245822693983 0.97 4328.31958762887 79.4742268041237 443.262291373091
0.00181818181818182 1.52214081548154 0.309108090260997 0.456990799866617 1 4643.18 76.38 481.601627850916
0.00181818181818182 1.48971100701019 0.275476785609499 0.851992513984442 1 4106.39 55.93 454.512675675248
0.00181818181818182 1.47417328841984 0.2797277885722 -0.0821327371522784 0.98 4605.16326530612 99.4897959183673 481.792427625172
0.00181818181818182 1.36793805075759 0.175388639196248 -0.386149445204761 0.99 4035.85858585859 105.474747474747 418.854490085453
0.00181818181818182 1.4631585688712 0.351173815182583 -0.486740549134063 0.96 2748.69791666667 68.125 499.469740833032
0.00181818181818182 1.57207740421993 0.354351811072259 0.377450514109734 0.99 4954.55555555556 83.3333333333333 480.501086913499
0.00181818181818182 1.39938166569918 0.378716166736558 -0.85677328472957 0.98 1150.5612244898 28.234693877551 376.743595525079
0.00181818181818182 1.53266808179831 0.336003304780355 -0.479096509912339 0.98 4798.95918367347 117.377551020408 445.308300686081
0.00181818181818182 1.46295342473764 0.324129678344054 0.214075878309633 0.97 2846.16494845361 50.9381443298969 501.476924258495
0.00181818181818182 1.52548703423152 0.305500674755498 -0.134529692953429 0.98 5007.85714285714 110.663265306122 457.859675463815
0.00181818181818182 1.37839489458129 0.190552073367871 -0.0226332624442875 0.99 3657.60606060606 80.6969696969697 444.65922068921
0.00181818181818182 1.46558328457177 0.272175600146875 0.101304956711829 0.96 4235.25 85.3229166666667 498.008883294136
0.00181818181818182 1.38371451414517 0.195463970589082 -0.172439408557612 0.98 3782.27551020408 88.9387755102041 452.612757348265
0.00181818181818182 1.40831911374604 0.274798493003777 -0.686977706426367 1 3221 88.48 473.119701293344
0.00181818181818182 1.52937018545344 0.29421116663143 0.43534567579627 0.98 4904.51020408163 83.4387755102041 448.725062008763
0.00181818181818182 1.33445967622101 0.168316922034137 -0.618031083606184 0.96 3464.86458333333 99.15625 438.241487068511
0.00181818181818182 1.49547320288302 0.317712298924661 -0.402357312142465 0.99 4549.64646464646 109.333333333333 504.68956823149
0.00181818181818182 1.49925240014607 0.365884658502388 -0.0842634799585166 1 2893.75 57.97 523.800413839838
0.00181818181818182 1.44493351963581 0.330437019044249 -0.383378087095108 1 2373.57 54.49 468.830333303952
0.00181818181818182 1.33362670341963 0.22867786611788 -0.687984058183747 0.95 2156.91578947368 60.5052631578947 442.921275397297
0.00181818181818182 1.41022714404325 0.258468857511216 -0.274757377702157 0.98 3541.77551020408 82.8775510204082 507.597144795491
0.00181818181818182 1.37556297406914 0.308180693149265 -0.245889589581759 0.98 1291.30612244898 26.6530612244898 378.264585400582
0.00181818181818182 1.51549602100623 0.369391932787488 0.651515594411865 0.98 2666.82653061224 38.3775510204082 496.779992638176
0.00181818181818182 1.4013489637032 0.303441528731328 0.505327171834611 1 1384.43 20.86 369.395492010309
0.00181818181818182 1.53266808179831 0.336003304780355 -0.479096509912339 0.98 4798.95918367347 117.377551020408 445.308300686081
0.00181818181818182 1.56216003420309 0.380562913454501 -0.152338390126887 0.98 4570.28571428571 95.3061224489796 510.703640156513
0.00181818181818182 1.53156503116513 0.307903107383615 0.2994811978418 1 4884.86 87.9 472.727849211718
0.00181818181818182 1.55986637625921 0.375243568651214 0.184678187171533 1 4312.53 75.93 478.054210954167
0.00181818181818182 1.40686052794966 0.325588052336847 -0.933986701105442 0.98 2173.0306122449 61.4285714285714 484.679140511175
0.00181818181818182 1.35702960649505 0.190142726222985 0.268454075790942 0.97 3198.36082474227 60.5876288659794 474.696364045848
0.00181818181818182 1.38051314185261 0.286140216822414 -0.400724905150897 0.95 2142.22105263158 50.6 456.045593138057
0.00181818181818182 1.41181436311454 0.24140928867273 -0.467691950500011 0.98 3857.54081632653 99.9387755102041 484.012669812444
0.00181818181818182 1.42071216813925 0.327574684989019 0.643377903576023 0.98 1484.51020408163 21.0204081632653 394.201718831471
0.00181818181818182 1.4221497896075 0.30150481191461 0.32499118786208 0.96 1938.16666666667 33.7916666666667 453.026785186244
0.00181818181818182 1.34043655467002 0.147730134339306 0.122858313375106 0.96 3138.77083333333 66.2291666666667 423.527646200701
0.00181818181818182 1.36224339632317 0.219912187871523 0.40282781701535 0.97 2068.46391752577 35.4329896907216 436.256229570804
0.00181818181818182 1.36955859365669 0.22713511057784 0.831938401415095 1 2059.22 29.08 414.870653887304
0.00181818181818182 1.34511413315057 0.192314184451361 0.987752388137887 0.98 1606.21428571429 21.5 376.079192316337
0.00181818181818182 1.35900708766348 0.158047873762663 0.79194131301287 0.97 3329.85567010309 50.8659793814433 472.427188209205
0.00181818181818182 1.5972769987936 0.376228686725546 0.844621435326253 1 4732.98 61.66 479.931117240748
0.00181818181818182 1.33445967622101 0.168316922034137 -0.618031083606184 0.96 3464.86458333333 99.15625 438.241487068511
0.00181818181818182 1.37315151179209 0.215839685220271 -0.388644606340677 0.95 3611.31578947368 90.2421052631579 456.86895061436
0.00181818181818182 1.39345065448433 0.190661412291229 0.287497775163502 0.96 3624.55208333333 68.375 482.347007212847
0.00181818181818182 1.35900708766348 0.158047873762663 0.79194131301287 0.97 3329.85567010309 50.8659793814433 472.427188209205
0.00181818181818182 1.42402099564202 0.383962743170537 -0.979421368189306 0.96 1491.97916666667 40.5104166666667 421.943515197214
0.00181818181818182 1.50787776876101 0.267508966427185 0.904802845264369 1 4864.69 65.49 454.935593068291
0.00181818181818182 1.4654755249004 0.262458680078293 0.329510815321877 0.99 3998.18181818182 71.6161616161616 437.627346327857
0.00181818181818182 1.41441022186036 0.303357574043383 0.275472640537574 0.98 1701.36734693878 29.3571428571429 399.113293277116
0.00181818181818182 1.46057847311884 0.347958687302872 0.513496208183972 1 1888.99 28.95 446.311837139438
0.00181818181818182 1.34909436956235 0.18636031975391 -0.831527854053663 0.95 3468.77894736842 106.031578947368 443.165464032773
0.00181818181818182 1.49041531309485 0.246901053935289 0.119565854780376 1 5166.66 103.28 388.320237336224
0.00181818181818182 1.33540012368182 0.163644249275237 -0.786707043274535 0.96 3851.02083333333 116.90625 440.83494598733
0.00181818181818182 1.55873742134176 0.334894628428077 0.295828578312782 1 5039.81 88.75 439.735917704408
0.00181818181818182 1.43490324001759 0.31086396870669 -0.789594895206392 0.97 3490.60824742268 98.1958762886598 528.65854735483
0.00181818181818182 1.44570141661435 0.292231604363447 -0.153258263560971 0.98 3254.24489795918 70.469387755102 516.896093598888
0.00181818181818182 1.36797450896725 0.267412188500571 -0.631633740254211 0.96 2001.84375 51.6770833333333 408.651029955413
0.00181818181818182 1.43019326943904 0.234739286964759 -0.156153739895672 0.99 4479.0404040404 100.030303030303 441.953376759439
0.00181818181818182 1.36224339632317 0.219912187871523 0.40282781701535 0.97 2068.46391752577 35.4329896907216 436.256229570804
0.00181818181818182 1.52655345342516 0.293178028104504 0.257041762667794 0.98 5132.25510204082 93.9795918367347 410.113269180689
0.00181818181818182 1.61107195596731 0.388095542912176 0.372060823777377 1 4846.34 79 485.33497990222
0.00181818181818182 1.63367773539057 0.377272028561406 0.560762222255454 0.99 5482.35353535354 82.4545454545455 415.799938421206
0.00181818181818182 1.48971100701019 0.275476785609499 0.851992513984442 1 4106.39 55.93 454.512675675248
0.00181818181818182 1.35161575544626 0.128811926371418 0.773552840109915 0.96 2985.23958333333 46.1458333333333 410.246410477597
0.00181818181818182 1.55873742134176 0.334894628428077 0.295828578312782 1 5039.81 88.75 439.735917704408
0.00181818181818182 1.44947492684885 0.299515720306537 0.107629409344147 0.97 3372.58762886598 64.6082474226804 558.853978760202
0.00181818181818182 1.41907357024649 0.302270060704841 0.284855460663535 0.95 2237.52631578947 39.6947368421053 459.718447581051
0.00181818181818182 1.57606452137683 0.34353483833852 0.0481472795905553 0.99 5154.51515151515 101.060606060606 396.660148002706
0.00181818181818182 1.42071216813925 0.327574684989019 0.643377903576023 0.98 1484.51020408163 21.0204081632653 394.201718831471
0.00181818181818182 1.40114945460507 0.370478485640368 -0.728857627864428 0.98 1135.9693877551 27.2857142857143 365.917718338874
0.00181818181818182 1.40075441780998 0.337598725587055 -0.772997088543313 0.98 1958.14285714286 52.8061224489796 444.392672149495
0.00181818181818182 1.42126398184226 0.300539925678525 0.667925254078456 0.98 1739.89795918367 25.5714285714286 412.177059955561
0.00181818181818182 1.51344368234277 0.315418899198994 -0.225217583589256 0.99 4832.58585858586 107.585858585859 470.098440597727
0.00181818181818182 1.40244780341533 0.253342883458508 -0.61460058215177 0.98 3570.12244897959 97.9285714285714 482.758122648609
0.00181818181818182 1.47869049992727 0.377128054523239 -0.0455951657007132 0.99 2342.23232323232 45.7171717171717 496.490524605465
0.00181818181818182 1.49019555352432 0.2965582634308 0.171175062461503 0.96 3946.30208333333 75.5625 460.115585081616
0.00181818181818182 1.348579555941 0.169526648671776 -0.373152577287245 0.96 3695.375 95.09375 461.356385940198
0.00181818181818182 1.57606452137683 0.34353483833852 0.0481472795905553 0.99 5154.51515151515 101.060606060606 396.660148002706
0.00181818181818182 1.52042756321633 0.322642513699694 0.300631543306576 0.99 4428.36363636364 78.2222222222222 486.557690996597
0.00181818181818182 1.43672729610638 0.209197830689911 0.947207516316381 0.97 3847.45360824742 52.2371134020619 439.068926279423
0.00181818181818182 1.3770562484485 0.313153597395134 -0.92416358030733 0.95 1679.95789473684 48 453.365853510355
0.00181818181818182 1.61036156868048 0.378732061394261 0.970971522372025 1 4851.37 60.21 476.363356426331
0.00181818181818182 1.39248152278878 0.232916025360827 0.97083294755544 0.99 2145.93939393939 27.7373737373737 440.637188584755
0.00181818181818182 1.34926886523112 0.238498125993486 0.0992924754895599 0.98 1741.24489795918 34.5102040816327 419.432542818988
0.00181818181818182 1.38024727897727 0.234464137000887 -0.176183171411463 0.97 3202.81443298969 71.7113402061856 467.528274813684
0.00181818181818182 1.48971100701019 0.275476785609499 0.851992513984442 1 4106.39 55.93 454.512675675248
0.00181818181818182 1.33350501607312 0.195787758200973 -0.955985675655503 0.96 2689.70833333333 85.7916666666667 432.947252108755
0.00181818181818182 1.43132355492846 0.266174938363633 -0.861537178333863 0.98 4228.67346938776 125.224489795918 468.21286004978
0.00181818181818182 1.45805260729916 0.301722087808869 0.269467155318866 0.97 3387.26804123711 60.2268041237113 538.573929543935
0.00181818181818182 1.39345065448433 0.190661412291229 0.287497775163502 0.96 3624.55208333333 68.375 482.347007212847
0.00181818181818182 1.44771259284424 0.187973527466992 0.371653980248696 0.98 4924.62244897959 89.5408163265306 398.970026160326
0.00181818181818182 1.57614947391822 0.368237679913178 0.187989698320791 0.98 4900.35714285714 88.1428571428571 485.201284061267
0.00181818181818182 1.40181972025964 0.315858523005634 -0.0227992514296164 0.98 1705.11224489796 34.0510204081633 399.416349926365
0.00181818181818182 1.51565348068526 0.379808408787224 0.250460318715799 0.99 2557.80808080808 44.1818181818182 535.000392169877
0.00181818181818182 1.37556297406914 0.308180693149265 -0.245889589581759 0.98 1291.30612244898 26.6530612244898 378.264585400582
0.00181818181818182 1.37556297406914 0.308180693149265 -0.245889589581759 0.98 1291.30612244898 26.6530612244898 378.264585400582
0.00181818181818182 1.55850501218811 0.350361110665836 -0.431006686761975 1 4994.34 119.26 415.521952327133
0.00181818181818182 1.45805260729916 0.301722087808869 0.269467155318866 0.97 3387.26804123711 60.2268041237113 538.573929543935
0.00181818181818182 1.56564279985314 0.322870504798622 0.388061908421833 1 5155.1 86.49 415.392787667593
0.00181818181818182 1.4819514036847 0.328473048801703 -0.861244892310442 0.99 4275.13131313131 122.444444444444 524.279109970216
0.00181818181818182 1.43490324001759 0.31086396870669 -0.789594895206392 0.97 3490.60824742268 98.1958762886598 528.65854735483
0.00181818181818182 1.58261978548421 0.342920735939492 0.343483106697593 0.99 5255.73737373737 90.5454545454545 399.63404605272
0.00181818181818182 1.41500686133048 0.345549102401346 0.238267735720148 0.99 1190.85858585859 19.9494949494949 372.353595153417
0.00181818181818182 1.51542728965025 0.276316554549685 0.060304235642799 1 5209.89 103.22 407.732023577894
0.00181818181818182 1.37556297406914 0.308180693149265 -0.245889589581759 0.98 1291.30612244898 26.6530612244898 378.264585400582
0.00181818181818182 1.4013489637032 0.303441528731328 0.505327171834611 1 1384.43 20.86 369.395492010309
0.00181818181818182 1.33445967622101 0.168316922034137 -0.618031083606184 0.96 3464.86458333333 99.15625 438.241487068511
0.00181818181818182 1.51599563922847 0.325175417597486 -0.712045062788431 0.98 4803.67346938776 128.448979591837 432.99174734583
0.00181818181818182 1.5133952676985 0.3523302915112 -0.254661491431017 0.98 4147.97959183673 92.6836734693878 512.640681653864
0.00181818181818182 1.46043241114735 0.311603133789602 0.00110251957786958 0.99 3337.93939393939 66.7373737373737 476.494340878499
0.00181818181818182 1.41342240869999 0.297248065867461 -0.501826157327741 0.96 2653.67708333333 65.4583333333333 486.620299301959
0.00181818181818182 1.50215756511924 0.351984009362268 -0.66594018505545 0.98 3997.4387755102 104.642857142857 494.281395520919
0.00181818181818182 1.38537364462755 0.174860866834956 0.418035599884865 0.96 3958.11458333333 71.46875 435.640578160549
0.00181818181818182 1.5972769987936 0.376228686725546 0.844621435326253 1 4732.98 61.66 479.931117240748
0.00181818181818182 1.35161575544626 0.128811926371418 0.773552840109915 0.96 2985.23958333333 46.1458333333333 410.246410477597
0.00181818181818182 1.47352689690724 0.273236692209594 0.225626267296678 0.98 4206.13265306122 80.0816326530612 453.621442516628
0.00181818181818182 1.52300220298254 0.390400411117635 -0.46254285830848 0.96 3443.08333333333 80.8958333333333 548.43168738763
0.00181818181818182 1.58232729922343 0.355053924213278 0.660410302773744 0.98 4362.22448979592 62.9489795918367 472.284005495099
0.00181818181818182 1.4751663713716 0.332668768754229 -0.272028203122318 0.98 3241.17346938776 72.9591836734694 532.829351706099
0.00181818181818182 1.48778473600209 0.366477662391858 -0.228832938085042 0.98 3029.90816326531 65.1530612244898 511.136936056533
0.00181818181818182 1.45805260729916 0.301722087808869 0.269467155318866 0.97 3387.26804123711 60.2268041237113 538.573929543935
0.00181818181818182 1.4751663713716 0.332668768754229 -0.272028203122318 0.98 3241.17346938776 72.9591836734694 532.829351706099
0.00181818181818182 1.4013489637032 0.303441528731328 0.505327171834611 1 1384.43 20.86 369.395492010309
0.00181818181818182 1.43841398888923 0.278017975838763 0.346759334642428 0.98 3027.29591836735 53.1530612244898 469.505146489742
0.00181818181818182 1.51401426586832 0.260908916429802 0.631702969995968 0.98 4931.24489795918 75.8673469387755 390.036663846978
0.00181818181818182 1.51069698389221 0.393554359662704 0.0843638574779305 1 2184.86 38.96 487.737638733315
0.00181818181818182 1.55850501218811 0.350361110665836 -0.431006686761975 1 4994.34 119.26 415.521952327133
0.00181818181818182 1.52696070924635 0.271759889125984 0.580089397194072 0.98 5105.83673469388 81.7755102040816 393.607157757633
0.00181818181818182 1.40480920577441 0.259237841318097 -0.62830559689532 0.95 3595.25263157895 97.5368421052632 471.260311075255
0.00181818181818182 1.51599563922847 0.325175417597486 -0.712045062788431 0.98 4803.67346938776 128.448979591837 432.99174734583
0.00181818181818182 1.38782347105175 0.213117658709912 -0.152954876630816 0.98 3847.0306122449 89.030612244898 452.599721362251
0.00181818181818182 1.35161575544626 0.128811926371418 0.773552840109915 0.96 2985.23958333333 46.1458333333333 410.246410477597
0.00181818181818182 1.47566932014346 0.376241397085387 -0.316190504032148 0.98 2501.51020408163 55.2040816326531 522.746835652673
0.00181818181818182 1.44357642518909 0.364974057923226 -0.704744552351916 0.96 2275.04166666667 58.9791666666667 525.488482696992
0.00181818181818182 1.41895403249602 0.267755977483661 -0.878005059748822 1 3932.98 117.87 478.033676084831
0.00181818181818182 1.46360938539401 0.298650206237561 -0.485134992308929 1 4503.16 113.86 520.945291313804
0.00181818181818182 1.45213712807745 0.344555449835025 -0.743054828606546 0.99 2893.21212121212 78.1313131313131 560.255249169611
0.00181818181818182 1.38371451414517 0.195463970589082 -0.172439408557612 0.98 3782.27551020408 88.9387755102041 452.612757348265
0.00181818181818182 1.50138146502118 0.340598447270143 -0.983654458368008 0.97 4205.83505154639 125.731958762887 461.644970371342
0.00181818181818182 1.58735541695888 0.368286699738762 0.169370148067409 1 4902.48 90.69 459.469456723901
0.00181818181818182 1.37556297406914 0.308180693149265 -0.245889589581759 0.98 1291.30612244898 26.6530612244898 378.264585400582
0.00181818181818182 1.37358594333627 0.225383757672458 0.733951025081283 0.97 1992.07216494845 29.2886597938144 453.857106779185
0.00181818181818182 1.49041531309485 0.246901053935289 0.119565854780376 1 5166.66 103.28 388.320237336224
0.00181818181818182 1.46360938539401 0.298650206237561 -0.485134992308929 1 4503.16 113.86 520.945291313804
0.00181818181818182 1.47498440306632 0.269868381182026 0.0716496701049165 0.97 4451.28865979381 89.979381443299 438.581933906057
0.00181818181818182 1.43841398888923 0.278017975838763 0.346759334642428 0.98 3027.29591836735 53.1530612244898 469.505146489742
0.00181818181818182 1.41442472734759 0.29639647642827 -0.898661668313286 0.98 3289.16326530612 96.8673469387755 505.759441268756
0.00181818181818182 1.45533743131816 0.245782090076828 -0.303035654001315 1 4808.33 116.93 433.059687283159
0.00181818181818182 1.44771259284424 0.187973527466992 0.371653980248696 0.98 4924.62244897959 89.5408163265306 398.970026160326
0.00181818181818182 1.51599563922847 0.325175417597486 -0.712045062788431 0.98 4803.67346938776 128.448979591837 432.99174734583
0.00181818181818182 1.57620775473179 0.366137326461321 -0.0767352379858839 0.99 5027.34343434343 103.424242424242 480.534473822206
0.00181818181818182 1.52655345342516 0.293178028104504 0.257041762667794 0.98 5132.25510204082 93.9795918367347 410.113269180689
0.00181818181818182 1.33350501607312 0.195787758200973 -0.955985675655503 0.96 2689.70833333333 85.7916666666667 432.947252108755
0.00181818181818182 1.57553517003894 0.314012196017878 0.928149427259072 1 5014.24 66.32 397.73328383165
0.00181818181818182 1.45533743131816 0.245782090076828 -0.303035654001315 1 4808.33 116.93 433.059687283159
0.00181818181818182 1.48585046901345 0.330866041362714 -0.00797738454761125 0.96 3325.01041666667 66.3229166666667 500.06039488196
0.00181818181818182 1.38859523448871 0.288101037575345 -0.580572262444804 0.95 2213.77894736842 57.4842105263158 487.506918210902
0.00181818181818182 1.4140563965009 0.304235543588118 -0.122312010280726 0.97 2401.07216494845 51.3505154639175 464.834710760438
0.00181818181818182 1.36455450486392 0.177072791359387 -0.314444076269865 0.95 3437.37894736842 85.2210526315789 446.466113431825
0.00181818181818182 1.40690429607314 0.294973972011816 -0.395297552379419 1 2515.61 59.76 457.287685734399
0.00181818181818182 1.4677220556315 0.288498615614848 0.934848025598721 1 2921.92 37.44 506.310036165911
0.00181818181818182 1.59884198350871 0.37320735782022 0.00487084956362671 0.99 5170.14141414141 100.373737373737 425.011995945329
0.00181818181818182 1.4936192993253 0.333989109839402 0.934299113363254 0.99 2384.40404040404 30.5757575757576 464.354281472617
0.00181818181818182 1.50908131152127 0.320082763101353 -0.204220710252842 0.98 4582.22448979592 103.102040816327 454.48615428198
0.00181818181818182 1.38894008310737 0.265419436537717 0.121698334640149 0.95 2504.54736842105 48.8947368421053 472.112908898724
0.00181818181818182 1.45997147045946 0.398631701201587 -0.950377263063715 0.97 1545.16494845361 41.701030927835 449.237636517483
0.00181818181818182 1.40490487264115 0.310010248911746 -0.124381310491157 0.99 1635.79797979798 32.959595959596 428.360380997987
0.00181818181818182 1.35635989708826 0.210430103121325 -0.786332701332867 0.97 2967.77319587629 87.1340206185567 443.14696101802
0.00181818181818182 1.53924457457541 0.382333265027422 -0.302172169368002 0.98 4391.41836734694 97.0510204081633 545.505063282289
0.00181818181818182 1.38537364462755 0.174860866834956 0.418035599884865 0.96 3958.11458333333 71.46875 435.640578160549
0.00181818181818182 1.45889328778956 0.329870363053689 -0.136185883034302 0.98 2915.82653061224 61.4285714285714 487.732895608501
0.00181818181818182 1.40398251780603 0.30251708582008 0.218321045270509 0.97 1626.59793814433 30.4948453608247 399.683373564633
0.00181818181818182 1.45805260729916 0.301722087808869 0.269467155318866 0.97 3387.26804123711 60.2268041237113 538.573929543935
0.00181818181818182 1.41099418275279 0.279785061722124 -0.577749607761934 0.99 3069.73737373737 79.4343434343434 493.538278826222
0.00181818181818182 1.35900708766348 0.158047873762663 0.79194131301287 0.97 3329.85567010309 50.8659793814433 472.427188209205
0.00181818181818182 1.52978025511891 0.347603648083577 0.102865519751075 0.99 4366.39393939394 82.8585858585859 512.428874685581
0.00181818181818182 1.60465641998508 0.368688076855708 0.329996515033148 0.99 5077.0404040404 87.2626262626263 454.694160957376
0.00181818181818182 1.3828151468453 0.19462746009954 0.492158475320837 0.96 3389.59375 58.3229166666667 446.493831748849
0.00181818181818182 1.49485945734175 0.20759396495153 0.832756315427617 0.99 5025.82828282828 72.5555555555556 363.494804113553
0.00181818181818182 1.37272685531909 0.256902774879713 -0.620218502083803 0.96 2281.80208333333 58.21875 444.454949664557
0.00181818181818182 1.49547320288302 0.317712298924661 -0.402357312142465 0.99 4549.64646464646 109.333333333333 504.68956823149
0.00181818181818182 1.38860980917716 0.247190373059732 0.626265594924897 0.97 2252.61855670103 34.360824742268 446.031205251487
0.00181818181818182 1.40266240658239 0.256930359615944 0.770722933113575 0.96 2202.78125 32.625 434.706501326212
0.00181818181818182 1.41274774656291 0.229171106445806 0.706530820987239 0.97 3214.28865979381 49.2474226804124 503.058241291984
0.00181818181818182 1.35968503507282 0.213559512115494 0.14811699243921 0.96 2381.96875 46.5 426.021616766183
0.00181818181818182 1.53701475332495 0.337995532593751 0.575246697310855 1 4333.67 66.46 491.889685733781
0.00181818181818182 1.40266240658239 0.256930359615944 0.770722933113575 0.96 2202.78125 32.625 434.706501326212
0.00181818181818182 1.58232729922343 0.355053924213278 0.660410302773744 0.98 4362.22448979592 62.9489795918367 472.284005495099
0.00181818181818182 1.50908131152127 0.320082763101353 -0.204220710252842 0.98 4582.22448979592 103.102040816327 454.48615428198
0.00181818181818182 1.53266808179831 0.336003304780355 -0.479096509912339 0.98 4798.95918367347 117.377551020408 445.308300686081
0.00181818181818182 1.57606452137683 0.34353483833852 0.0481472795905553 0.99 5154.51515151515 101.060606060606 396.660148002706
0.00181818181818182 1.35702960649505 0.190142726222985 0.268454075790942 0.97 3198.36082474227 60.5876288659794 474.696364045848
0.00181818181818182 1.4819514036847 0.328473048801703 -0.861244892310442 0.99 4275.13131313131 122.444444444444 524.279109970216
0.00181818181818182 1.51443535266998 0.361757173242318 0.141696984982764 1 3889.9 70.68 560.757976446409
0.00181818181818182 1.37839489458129 0.190552073367871 -0.0226332624442875 0.99 3657.60606060606 80.6969696969697 444.65922068921
0.00181818181818182 1.30445297218751 0.110871002699934 -0.0983873959336194 0.95 3072.68421052632 72.021052631579 407.037772186578
0.00181818181818182 1.47263824999341 0.262437727017091 -0.0804280453896211 0.99 4926.9797979798 108.525252525253 446.575008288668
0.00181818181818182 1.53435960833345 0.346361512973137 -0.217998647861294 0.98 4671.02040816327 101.714285714286 493.698842193472
0.00181818181818182 1.54965388739852 0.326210345264042 0.905685693089465 0.99 4661.67676767677 60.7272727272727 477.174644363709
0.00181818181818182 1.57353968687632 0.391494450087236 -0.29362368580489 0.98 4581.68367346939 100.724489795918 510.213322352067
0.00181818181818182 1.47498440306632 0.269868381182026 0.0716496701049165 0.97 4451.28865979381 89.979381443299 438.581933906057
0.00181818181818182 1.39674142284639 0.235594716074534 -0.428587079583019 0.97 3085.82474226804 79 456.102056578
0.00181818181818182 1.31513530730792 0.160312299998444 0.522636005872027 0.98 1788.72448979592 29.8775510204082 404.51013525972
0.00181818181818182 1.60747775196646 0.36474957609304 0.32505824750362 0.99 5390.29292929293 94.1616161616162 448.562129845364
0.00181818181818182 1.44945503272275 0.296193564138761 0.0928652654303025 0.99 3405.70707070707 67.5858585858586 506.396499252219
0.00181818181818182 1.56216003420309 0.380562913454501 -0.152338390126887 0.98 4570.28571428571 95.3061224489796 510.703640156513
0.00181818181818182 1.56668415765228 0.35482955736622 0.956962130270073 0.99 3983.16161616162 49.1818181818182 501.329097926763
0.00181818181818182 1.4914554326795 0.264388762577437 0.100310178939253 1 4934.32 99.23 433.660422875266
0.00181818181818182 1.50908131152127 0.320082763101353 -0.204220710252842 0.98 4582.22448979592 103.102040816327 454.48615428198
0.00181818181818182 1.46360938539401 0.298650206237561 -0.485134992308929 1 4503.16 113.86 520.945291313804
0.00181818181818182 1.46558328457177 0.272175600146875 0.101304956711829 0.96 4235.25 85.3229166666667 498.008883294136
0.00181818181818182 1.46295342473764 0.324129678344054 0.214075878309633 0.97 2846.16494845361 50.9381443298969 501.476924258495
0.00181818181818182 1.55850501218811 0.350361110665836 -0.431006686761975 1 4994.34 119.26 415.521952327133
0.00181818181818182 1.5972769987936 0.376228686725546 0.844621435326253 1 4732.98 61.66 479.931117240748
0.00181818181818182 1.52655345342516 0.293178028104504 0.257041762667794 0.98 5132.25510204082 93.9795918367347 410.113269180689
0.00181818181818182 1.41218608821466 0.29377906190429 -0.550635537693861 0.96 2816.32291666667 71.7604166666667 485.920432844818
0.00181818181818182 1.4043326823989 0.269762680528134 0.699910068886263 1 1674.37 24.51 373.505816993525
0.00181818181818182 1.48896421097328 0.326191730973187 0.288360769305638 0.98 3171.72448979592 55.2755102040816 474.11394189468
0.00181818181818182 1.46013567682813 0.280428695657643 -0.181445540014552 0.97 4444.35051546392 98.4123711340206 525.432957975966
0.00181818181818182 1.50848130459635 0.367195312031261 -0.0253701733963136 0.99 2936.93939393939 58 530.859430464231
0.00181818181818182 1.57463620327733 0.398401116732224 0.27396368059835 0.97 4051.18556701031 69.9381443298969 510.821117785781
0.00181818181818182 1.40181972025964 0.315858523005634 -0.0227992514296164 0.98 1705.11224489796 34.0510204081633 399.416349926365
0.00181818181818182 1.43841398888923 0.278017975838763 0.346759334642428 0.98 3027.29591836735 53.1530612244898 469.505146489742
0.00181818181818182 1.44396040547278 0.334260608759502 0.617606930772253 0.97 2117.58762886598 31.7525773195876 459.298402148594
0.00181818181818182 1.35635989708826 0.210430103121325 -0.786332701332867 0.97 2967.77319587629 87.1340206185567 443.14696101802
0.00181818181818182 1.55873742134176 0.334894628428077 0.295828578312782 1 5039.81 88.75 439.735917704408
0.00181818181818182 1.35900708766348 0.158047873762663 0.79194131301287 0.97 3329.85567010309 50.8659793814433 472.427188209205
0.00181818181818182 1.53266808179831 0.336003304780355 -0.479096509912339 0.98 4798.95918367347 117.377551020408 445.308300686081
0.00181818181818182 1.44896333804354 0.259906888473779 -0.333867848385125 0.97 4597.21649484536 110.329896907216 439.022948074038
0.00181818181818182 1.50595442773774 0.285693227895536 0.249044874217361 0.98 4625.68367346939 85.7857142857143 464.977058702069
0.00181818181818182 1.38552981639393 0.240300894289065 0.337096337324677 0.97 2256.92783505155 40.7731958762887 440.030166897585
0.00181818181818182 1.4914554326795 0.264388762577437 0.100310178939253 1 4934.32 99.23 433.660422875266
0.00181818181818182 1.4647501597181 0.252038480946794 0.297506219241768 0.98 4227.35714285714 78.9285714285714 452.754525777276
0.00181818181818182 1.49611663960359 0.32037775382195 0.679122260378505 0.98 3491.13265306122 51.8979591836735 532.218067565789
0.00181818181818182 1.4013489637032 0.303441528731328 0.505327171834611 1 1384.43 20.86 369.395492010309
0.00181818181818182 1.52258934261061 0.379925496894327 0.00942201197299797 0.97 2905.51546391753 56.298969072165 494.029835522755
0.00181818181818182 1.43674970364467 0.259580942006307 0.554458665701696 0.95 3182.84210526316 50.9052631578947 479.432916936541
0.00181818181818182 1.41645693863803 0.290916897793722 0.188454832281167 0.98 2500.40816326531 47.8163265306122 494.407421637006
0.00181818181818182 1.59002611671908 0.386244262685754 0.930919089400206 0.98 4178.15306122449 51.0510204081633 482.720479772435
0.00181818181818182 1.41487209151972 0.309217223941377 0.356956072916447 0.97 1857.46391752577 30.5360824742268 414.157054956233
0.00181818181818182 1.35346154114231 0.22934278503526 -0.366580781526864 0.96 2514.15625 60.7604166666667 474.618154270923
0.00181818181818182 1.50215756511924 0.351984009362268 -0.66594018505545 0.98 3997.4387755102 104.642857142857 494.281395520919
0.00181818181818182 1.37819621376693 0.166601857729256 0.466206423938274 0.95 3834.52631578947 66.8631578947368 448.353848534128
0.00181818181818182 1.49496616066121 0.340415342250248 0.34627139429885 0.96 3209 54.15625 477.869279833089
0.00181818181818182 1.35172147899001 0.297751983626846 -0.588103450327921 0.96 1421.59375 33.96875 385.040094971514
0.00181818181818182 1.40819433759898 0.170142723503523 0.876741907093674 0.96 3708.44791666667 53.5104166666667 410.935184451401
0.00181818181818182 1.43158215783251 0.283221959050683 0.230022274332586 0.98 2795.60204081633 50.6428571428571 486.376076275797
0.00181818181818182 1.45091266073287 0.357858191709965 -0.296675781719387 0.99 2000.67676767677 43.5656565656566 477.146433248458
0.00181818181818182 1.53266808179831 0.336003304780355 -0.479096509912339 0.98 4798.95918367347 117.377551020408 445.308300686081
0.00181818181818182 1.38180989962135 0.24060830012392 0.175606537294519 0.96 1931.03125 35.8020833333333 453.678631443024
0.00181818181818182 1.39328703647479 0.266027530818246 -0.584201083984226 0.97 3042.72164948454 81.6185567010309 500.627165641481
0.00181818181818182 1.4769126528784 0.324744659280302 0.680425773632185 0.97 2651.88659793814 37.298969072165 469.009923213433
0.00181818181818182 1.34043655467002 0.147730134339306 0.122858313375106 0.96 3138.77083333333 66.2291666666667 423.527646200701
0.00181818181818182 1.40819433759898 0.170142723503523 0.876741907093674 0.96 3708.44791666667 53.5104166666667 410.935184451401
0.00181818181818182 1.51607851823792 0.368539452995174 -0.697376288939267 0.97 3898.65979381443 100.876288659794 506.453914636304
0.00181818181818182 1.47083371663466 0.290895037492737 -0.846722853835672 0.98 4446.61224489796 130.214285714286 447.336793025118
0.00181818181818182 1.44896333804354 0.259906888473779 -0.333867848385125 0.97 4597.21649484536 110.329896907216 439.022948074038
0.00181818181818182 1.38354713209832 0.192484162812903 0.406251371578923 0.98 3463.28571428571 62.1428571428571 475.789565197009
0.00181818181818182 1.41342240869999 0.297248065867461 -0.501826157327741 0.96 2653.67708333333 65.4583333333333 486.620299301959
0.00181818181818182 1.36304580392313 0.292066006448281 -0.54667340903457 0.98 1684.52040816327 40.6530612244898 422.080256571175
0.00181818181818182 1.43841398888923 0.278017975838763 0.346759334642428 0.98 3027.29591836735 53.1530612244898 469.505146489742
0.00181818181818182 1.46082464531294 0.31343511540344 0.751373345021989 0.99 2525.31313131313 35.6161616161616 485.652990545982
0.00181818181818182 1.53266808179831 0.336003304780355 -0.479096509912339 0.98 4798.95918367347 117.377551020408 445.308300686081
0.00181818181818182 1.42362293494352 0.356554261615339 -0.279119375815758 0.98 1554.20408163265 33.1020408163265 410.394180986653
0.00181818181818182 1.36455450486392 0.177072791359387 -0.314444076269865 0.95 3437.37894736842 85.2210526315789 446.466113431825
0.00181818181818182 1.4013489637032 0.303441528731328 0.505327171834611 1 1384.43 20.86 369.395492010309
0.00181818181818182 1.4819514036847 0.328473048801703 -0.861244892310442 0.99 4275.13131313131 122.444444444444 524.279109970216
0.00181818181818182 1.44917022643405 0.328162510715345 0.279346080432334 0.98 2275.13265306122 38.7857142857143 461.414933309366
0.00181818181818182 1.45060504943027 0.206009420751204 0.757367563572807 0.97 4666.9793814433 71.4639175257732 436.027790051765
0.00181818181818182 1.51977669953722 0.298087342155071 0.128004550810381 0.99 4591.76767676768 89.0505050505051 405.892000945617
0.00181818181818182 1.4300297782592 0.217551446274308 -0.170284779757366 1 4426.06 103.17 419.687572142906
0.00181818181818182 1.56800617315508 0.375356130280335 -0.335823963379551 0.98 4876.95918367347 108.663265306122 466.930654440692
0.00181818181818182 1.48876799613774 0.325143016334403 0.84737433702666 0.97 2992.37113402062 40.7835051546392 507.689767873899
0.00181818181818182 1.4954088006479 0.365380772021648 0.247476109881494 1 2577.79 44.05 532.766609580959
0.00181818181818182 1.38939581679961 0.303045297105092 -0.506422079471451 0.98 2050.5 50.1020408163265 451.78508630015
0.00181818181818182 1.49058226534475 0.251589717504461 0.982187012860595 1 4934.1 65.76 446.941554712548
0.00181818181818182 1.36224339632317 0.219912187871523 0.40282781701535 0.97 2068.46391752577 35.4329896907216 436.256229570804
0.00181818181818182 1.54127480242977 0.316962169102813 0.677150075061121 0.98 4395.67346938776 65.3673469387755 465.961189077195
0.00181818181818182 1.45800939107535 0.397432281801487 0.686050635161971 0.98 1173.04081632653 15.5816326530612 370.037879590309
0.00181818181818182 1.36224339632317 0.219912187871523 0.40282781701535 0.97 2068.46391752577 35.4329896907216 436.256229570804
0.00181818181818182 1.42907001171261 0.378758343844675 -0.268438898492604 0.99 1065.66666666667 21.4747474747475 364.824964879233
0.00181818181818182 1.46561222684279 0.367463042616955 0.238373252954997 0.99 1911.11111111111 32.9393939393939 423.71480042626
0.00181818181818182 1.44658543524689 0.346537448254743 0.793182417525437 0.97 1596.24742268041 21.1030927835052 410.100310203935
0.00181818181818182 1.4742619571276 0.243636784749106 0.943569582421333 0.96 3909.51041666667 52.0416666666667 449.387177912596
0.00181818181818182 1.348579555941 0.169526648671776 -0.373152577287245 0.96 3695.375 95.09375 461.356385940198
0.00181818181818182 1.46057847311884 0.347958687302872 0.513496208183972 1 1888.99 28.95 446.311837139438
0.00181818181818182 1.43841398888923 0.278017975838763 0.346759334642428 0.98 3027.29591836735 53.1530612244898 469.505146489742
0.00181818181818182 1.45533743131816 0.245782090076828 -0.303035654001315 1 4808.33 116.93 433.059687283159
0.00181818181818182 1.58099369662766 0.369352938974594 -0.21889163534823 1 4758.95 103.53 426.528389228164
0.00181818181818182 1.51958995463165 0.382246744415116 0.861729809585708 0.99 2421.09090909091 31.3030303030303 490.392966936523
0.00181818181818182 1.45805260729916 0.301722087808869 0.269467155318866 0.97 3387.26804123711 60.2268041237113 538.573929543935
0.00181818181818182 1.39834562689425 0.210208530227533 0.191024009816874 0.99 3247.40404040404 63.4949494949495 426.670202699843
0.00181818181818182 1.40723496926566 0.200275089921734 -0.0330635737886293 0.97 4288.79381443299 94.0721649484536 442.781821458806
0.00181818181818182 1.44375575194095 0.389788409449361 -0.097327863050775 0.99 1170.54545454545 21.8080808080808 364.732717762348
0.00181818181818182 1.34043655467002 0.147730134339306 0.122858313375106 0.96 3138.77083333333 66.2291666666667 423.527646200701
0.00181818181818182 1.44186157014669 0.293830783457186 -0.293985189018583 0.98 3239.28571428571 73.8979591836735 501.220708381277
0.00181818181818182 1.52937018545344 0.29421116663143 0.43534567579627 0.98 4904.51020408163 83.4387755102041 448.725062008763
0.00181818181818182 1.47621892185658 0.289903714141211 -0.292327070603855 0.99 4557.91919191919 108.010101010101 490.592092630354
0.00181818181818182 1.34043655467002 0.147730134339306 0.122858313375106 0.96 3138.77083333333 66.2291666666667 423.527646200701
0.00181818181818182 1.48198887919174 0.28069393425567 0.23655912389783 0.99 4680.49494949495 86.2121212121212 491.290447626075
0.00181818181818182 1.48362431935966 0.297283909539692 0.241266718134284 0.96 4084.63541666667 74.2083333333333 506.687254757488
0.00181818181818182 1.44658543524689 0.346537448254743 0.793182417525437 0.97 1596.24742268041 21.1030927835052 410.100310203935
0.00181818181818182 1.45213712807745 0.344555449835025 -0.743054828606546 0.99 2893.21212121212 78.1313131313131 560.255249169611
0.00181818181818182 1.47034183655146 0.309986290832402 0.307245847115404 0.98 2780.82653061224 48.0918367346939 470.885974096103
0.00181818181818182 1.56277575149349 0.352977661402986 0.144944562829387 0.97 4911.72164948454 89.7525773195876 471.986516843436
0.00181818181818182 1.44648331272727 0.358817017322448 -0.0097026790039996 0.98 1791.58163265306 33.4897959183673 453.536246288964
0.00181818181818182 1.4040118238243 0.247391512307203 0.751805902969741 0.96 2780.11458333333 39.78125 477.633223361645
0.00181818181818182 1.37390021958384 0.238132434139223 0.339768912566918 0.98 2149.05102040816 38.7755102040816 424.61995775782
0.00181818181818182 1.34058759155465 0.192000684893669 -0.143615837498789 0.99 2690.29292929293 61.0606060606061 459.468365787705
0.00181818181818182 1.40181972025964 0.315858523005634 -0.0227992514296164 0.98 1705.11224489796 34.0510204081633 399.416349926365
0.00181818181818182 1.48778473600209 0.366477662391858 -0.228832938085042 0.98 3029.90816326531 65.1530612244898 511.136936056533
0.00181818181818182 1.53523820671037 0.355294546706025 -0.359253770753244 0.99 4710.09090909091 108.010101010101 504.252489997873
0.00181818181818182 1.43720656253168 0.26542918695599 -0.189642081671648 0.98 4137.28571428571 94.6938775510204 521.567927146724
0.00181818181818182 1.44947492684885 0.299515720306537 0.107629409344147 0.97 3372.58762886598 64.6082474226804 558.853978760202
0.00181818181818182 1.33445967622101 0.168316922034137 -0.618031083606184 0.96 3464.86458333333 99.15625 438.241487068511
0.00181818181818182 1.52696070924635 0.271759889125984 0.580089397194072 0.98 5105.83673469388 81.7755102040816 393.607157757633
0.00181818181818182 1.44771259284424 0.187973527466992 0.371653980248696 0.98 4924.62244897959 89.5408163265306 398.970026160326
0.00181818181818182 1.32355268783867 0.162477880483493 -0.0121312071569264 0.97 2329.39175257732 50.6185567010309 425.451598568002
0.00181818181818182 1.63367773539057 0.377272028561406 0.560762222255454 0.99 5482.35353535354 82.4545454545455 415.799938421206
0.00181818181818182 1.4201912559289 0.32899390931134 -0.109665186108143 0.97 1737.32989690722 35.7938144329897 437.371381612685
0.00181818181818182 1.47635698337108 0.295647217426449 0.844260524958372 0.97 3803.78350515464 52.4742268041237 506.799500618687
0.00181818181818182 1.47083371663466 0.290895037492737 -0.846722853835672 0.98 4446.61224489796 130.214285714286 447.336793025118
0.00181818181818182 1.399195980004 0.206202180016183 0.390146559969668 1 3405.17 60.73 453.771897826714
0.00181818181818182 1.41181436311454 0.24140928867273 -0.467691950500011 0.98 3857.54081632653 99.9387755102041 484.012669812444
0.00181818181818182 1.51044009272161 0.385448181416406 0.116974353647546 1 2679.51 49.17 518.497064973305
0.00181818181818182 1.45099139861209 0.34568075017223 -0.403375718691452 0.99 2627.59595959596 60.4242424242424 513.034914271935
0.00181818181818182 1.43710462000538 0.263983245964262 -0.191875499506854 0.96 4017.45833333333 90.8229166666667 526.572399808761
0.00181818181818182 1.49058226534475 0.251589717504461 0.982187012860595 1 4934.1 65.76 446.941554712548
0.00181818181818182 1.52214081548154 0.309108090260997 0.456990799866617 1 4643.18 76.38 481.601627850916
0.00181818181818182 1.33445967622101 0.168316922034137 -0.618031083606184 0.96 3464.86458333333 99.15625 438.241487068511
0.00181818181818182 1.35346154114231 0.22934278503526 -0.366580781526864 0.96 2514.15625 60.7604166666667 474.618154270923
0.00181818181818182 1.60465641998508 0.368688076855708 0.329996515033148 0.99 5077.0404040404 87.2626262626263 454.694160957376
0.00181818181818182 1.33540012368182 0.163644249275237 -0.786707043274535 0.96 3851.02083333333 116.90625 440.83494598733
0.00181818181818182 1.64204686616629 0.39499884642599 0.406860743812637 0.99 5436.15151515152 85.3838383838384 433.784078769009
0.00181818181818182 1.40266240658239 0.256930359615944 0.770722933113575 0.96 2202.78125 32.625 434.706501326212
0.00181818181818182 1.40266240658239 0.256930359615944 0.770722933113575 0.96 2202.78125 32.625 434.706501326212
0.00181818181818182 1.51785255573713 0.254210167178436 0.925897820576487 0.98 5146.61224489796 69.6530612244898 410.857774136571
0.00181818181818182 1.37819621376693 0.166601857729256 0.466206423938274 0.95 3834.52631578947 66.8631578947368 448.353848534128
0.00181818181818182 1.50046404231214 0.295812726308165 0.875678000427106 0.97 3845.65979381443 52.4123711340206 464.101696815744
0.00181818181818182 1.35702960649505 0.190142726222985 0.268454075790942 0.97 3198.36082474227 60.5876288659794 474.696364045848
0.00181818181818182 1.35968503507282 0.213559512115494 0.14811699243921 0.96 2381.96875 46.5 426.021616766183
0.00181818181818182 1.4647501597181 0.252038480946794 0.297506219241768 0.98 4227.35714285714 78.9285714285714 452.754525777276
0.00181818181818182 1.43672729610638 0.209197830689911 0.947207516316381 0.97 3847.45360824742 52.2371134020619 439.068926279423
0.00181818181818182 1.36224339632317 0.219912187871523 0.40282781701535 0.97 2068.46391752577 35.4329896907216 436.256229570804
0.00181818181818182 1.35968503507282 0.213559512115494 0.14811699243921 0.96 2381.96875 46.5 426.021616766183
0.00181818181818182 1.45330579122528 0.207119590067305 0.686040720436722 0.97 4517.89690721649 69 393.011442096387
0.00181818181818182 1.41901914130952 0.328161886017554 -0.329099206309789 0.99 1974.27272727273 44.5252525252525 466.586307621065
0.00181818181818182 1.43132355492846 0.266174938363633 -0.861537178333863 0.98 4228.67346938776 125.224489795918 468.21286004978
0.00181818181818182 1.44323347154226 0.374273373748582 -0.420216579094371 0.97 1874.05154639175 41.8659793814433 467.391885112306
0.00181818181818182 1.35900708766348 0.158047873762663 0.79194131301287 0.97 3329.85567010309 50.8659793814433 472.427188209205
0.00181818181818182 1.52333217815984 0.322407119406945 -0.664662874064208 0.99 4863.54545454545 130.20202020202 447.138995022833
0.00181818181818182 1.56800617315508 0.375356130280335 -0.335823963379551 0.98 4876.95918367347 108.663265306122 466.930654440692
0.00181818181818182 1.33540012368182 0.163644249275237 -0.786707043274535 0.96 3851.02083333333 116.90625 440.83494598733
0.00181818181818182 1.34926886523112 0.238498125993486 0.0992924754895599 0.98 1741.24489795918 34.5102040816327 419.432542818988
0.00181818181818182 1.56800617315508 0.375356130280335 -0.335823963379551 0.98 4876.95918367347 108.663265306122 466.930654440692
0.00181818181818182 1.4751663713716 0.332668768754229 -0.272028203122318 0.98 3241.17346938776 72.9591836734694 532.829351706099
0.00181818181818182 1.55880985383923 0.336065843061837 0.805763525602504 0.99 4503.75757575758 60.989898989899 477.331661113662
0.00181818181818182 1.43490324001759 0.31086396870669 -0.789594895206392 0.97 3490.60824742268 98.1958762886598 528.65854735483
0.00181818181818182 1.33350501607312 0.195787758200973 -0.955985675655503 0.96 2689.70833333333 85.7916666666667 432.947252108755
0.00181818181818182 1.4647501597181 0.252038480946794 0.297506219241768 0.98 4227.35714285714 78.9285714285714 452.754525777276
0.00181818181818182 1.43806798862969 0.29084713988317 -0.604909853174553 0.98 3975.35714285714 105.34693877551 492.478113904673
0.00181818181818182 1.39036908974821 0.299758008383882 -0.161657041091118 0.96 1618.97916666667 33.78125 415.659738817751
0.00181818181818182 1.47989477833921 0.30983323209152 0.42954302954922 0.98 3582.65306122449 59.234693877551 508.564917224938
0.00181818181818182 1.3191285853537 0.118592009051176 0.145574903834744 0.95 3092.63157894737 64.178947368421 405.344967589658
0.00181818181818182 1.50039006581138 0.367417275844948 -0.430065696883896 0.97 3293.0824742268 76.0309278350515 483.502924806445
0.00181818181818182 1.4657389679883 0.275672093828789 0.672850209924201 0.98 3871.87755102041 59.2142857142857 501.939999546081
0.00181818181818182 1.41504838360772 0.345878398214988 -0.617641784283867 0.98 1774.87755102041 43.1734693877551 449.455853368895
0.00181818181818182 1.35635989708826 0.210430103121325 -0.786332701332867 0.97 2967.77319587629 87.1340206185567 443.14696101802
0.00181818181818182 1.5385608808973 0.287912729517393 0.226987010026937 1 4910.14 91.79 368.983681967925
0.00181818181818182 1.38782347105175 0.213117658709912 -0.152954876630816 0.98 3847.0306122449 89.030612244898 452.599721362251
0.00181818181818182 1.40819433759898 0.170142723503523 0.876741907093674 0.96 3708.44791666667 53.5104166666667 410.935184451401
0.00181818181818182 1.47498440306632 0.269868381182026 0.0716496701049165 0.97 4451.28865979381 89.979381443299 438.581933906057
0.00181818181818182 1.45805260729916 0.301722087808869 0.269467155318866 0.97 3387.26804123711 60.2268041237113 538.573929543935
0.00181818181818182 1.49925240014607 0.365884658502388 -0.0842634799585166 1 2893.75 57.97 523.800413839838
0.00181818181818182 1.41895403249602 0.267755977483661 -0.878005059748822 1 3932.98 117.87 478.033676084831
0.00181818181818182 1.45634109855607 0.268271210081449 -0.414004472809049 0.98 4265.29591836735 107.316326530612 447.7582935354
0.00181818181818182 1.35900708766348 0.158047873762663 0.79194131301287 0.97 3329.85567010309 50.8659793814433 472.427188209205
0.00181818181818182 1.42552918803635 0.148037100939321 0.415573360283848 0.99 4912.12121212121 89.8585858585859 358.081031548679
0.00181818181818182 1.52476637624204 0.285184963536449 0.235842160414904 1 4778.28 89.26 427.519586163523
0.00181818181818182 1.32355268783867 0.162477880483493 -0.0121312071569264 0.97 2329.39175257732 50.6185567010309 425.451598568002
0.00181818181818182 1.45330579122528 0.207119590067305 0.686040720436722 0.97 4517.89690721649 69 393.011442096387
0.00181818181818182 1.50908131152127 0.320082763101353 -0.204220710252842 0.98 4582.22448979592 103.102040816327 454.48615428198
0.00181818181818182 1.4848618582012 0.313704143872527 -0.199365089474952 0.99 4234.44444444444 93.3333333333333 502.655572146967
0.00181818181818182 1.42362293494352 0.356554261615339 -0.279119375815758 0.98 1554.20408163265 33.1020408163265 410.394180986653
0.00181818181818182 1.57620775473179 0.366137326461321 -0.0767352379858839 0.99 5027.34343434343 103.424242424242 480.534473822206
0.00181818181818182 1.44074056885782 0.223899246491606 0.371245822693983 0.97 4328.31958762887 79.4742268041237 443.262291373091
0.00181818181818182 1.37163201695526 0.131132785400631 0.961917421153398 0.96 3505.80208333333 48.7708333333333 395.560354055529
0.00181818181818182 1.45040536969666 0.279146082083419 -0.528219305466795 0.98 4691.41836734694 123.010204081633 502.810394272206
0.00181818181818182 1.52937018545344 0.29421116663143 0.43534567579627 0.98 4904.51020408163 83.4387755102041 448.725062008763
0.00181818181818182 1.40607089159973 0.254763938969536 0.461876326215868 0.96 2595.07291666667 43.8125 450.271523434223
0.00181818181818182 1.39938166569918 0.378716166736558 -0.85677328472957 0.98 1150.5612244898 28.234693877551 376.743595525079
0.00181818181818182 1.45531770022043 0.314835250217784 -0.496345144941342 1 3500.45 87.94 528.002357100113
0.00181818181818182 1.58873690300045 0.326775145853025 0.81723367928914 1 5347.59 73.29 425.53857363459
0.00181818181818182 1.44493351963581 0.330437019044249 -0.383378087095108 1 2373.57 54.49 468.830333303952
0.00181818181818182 1.44074056885782 0.223899246491606 0.371245822693983 0.97 4328.31958762887 79.4742268041237 443.262291373091
0.00181818181818182 1.33350501607312 0.195787758200973 -0.955985675655503 0.96 2689.70833333333 85.7916666666667 432.947252108755
0.00181818181818182 1.54903171959327 0.308066513015876 0.73749153961904 0.98 4919.77551020408 71.0918367346939 448.670958460475
0.00181818181818182 1.50215756511924 0.351984009362268 -0.66594018505545 0.98 3997.4387755102 104.642857142857 494.281395520919
0.00181818181818182 1.43672729610638 0.209197830689911 0.947207516316381 0.97 3847.45360824742 52.2371134020619 439.068926279423
0.00181818181818182 1.49121842593788 0.354538541669719 -0.671435076933693 0.99 3715.43434343434 97.1111111111111 523.297117598436
0.00181818181818182 1.44074056885782 0.223899246491606 0.371245822693983 0.97 4328.31958762887 79.4742268041237 443.262291373091
0.00181818181818182 1.40181972025964 0.315858523005634 -0.0227992514296164 0.98 1705.11224489796 34.0510204081633 399.416349926365
0.00181818181818182 1.44771259284424 0.187973527466992 0.371653980248696 0.98 4924.62244897959 89.5408163265306 398.970026160326
0.00181818181818182 1.4275290055606 0.206398402319204 0.598618685886706 0.98 3714.9693877551 59.2959183673469 419.639720979412
0.00181818181818182 1.49992311981106 0.322148420634225 0.0843118789791449 0.99 4432.65656565657 85.7575757575758 519.987158498257
0.00181818181818182 1.56216003420309 0.380562913454501 -0.152338390126887 0.98 4570.28571428571 95.3061224489796 510.703640156513
0.00181818181818182 1.3677392900636 0.278000980482586 -0.820618637711682 0.97 1929.0824742268 53.8247422680412 433.169436725115
0.00181818181818182 1.56800617315508 0.375356130280335 -0.335823963379551 0.98 4876.95918367347 108.663265306122 466.930654440692
0.00181818181818182 1.33540012368182 0.163644249275237 -0.786707043274535 0.96 3851.02083333333 116.90625 440.83494598733
0.00181818181818182 1.4794757796745 0.393303568120995 -0.295169901690804 0.98 1977 41.1122448979592 456.229597285181
0.00181818181818182 1.35702960649505 0.190142726222985 0.268454075790942 0.97 3198.36082474227 60.5876288659794 474.696364045848
0.00181818181818182 1.51071016608001 0.384245112329549 0.977420953513114 1 1602.49 19.58 428.593626062969
0.00181818181818182 1.4742619571276 0.243636784749106 0.943569582421333 0.96 3909.51041666667 52.0416666666667 449.387177912596
0.00181818181818182 1.44591441124476 0.247556816958729 -0.509591154796429 0.97 4179.53608247423 109.670103092784 416.711575813645
0.00181818181818182 1.50640774646232 0.386338649038112 -0.311083970176564 1 2829.13 62.73 558.112674966072
0.00181818181818182 1.37347638459098 0.185701397742316 -0.616186495453945 0.97 4271.17525773196 122.123711340206 434.853726319834
0.00181818181818182 1.34511413315057 0.192314184451361 0.987752388137887 0.98 1606.21428571429 21.5 376.079192316337
0.00181818181818182 1.58492980580743 0.357120824911784 0.107337721895459 0.99 4976.06060606061 91.959595959596 417.985693048098
0.00181818181818182 1.44947492684885 0.299515720306537 0.107629409344147 0.97 3372.58762886598 64.6082474226804 558.853978760202
0.00181818181818182 1.40371958784573 0.284154033720673 -0.415715198773371 0.97 2983.0824742268 72.979381443299 511.141977948042
0.00181818181818182 1.53028074028911 0.339641614678913 0.652007292916246 1 4006.49 60.34 519.259734524629
0.00181818181818182 1.37315151179209 0.215839685220271 -0.388644606340677 0.95 3611.31578947368 90.2421052631579 456.86895061436
0.00181818181818182 1.40819433759898 0.170142723503523 0.876741907093674 0.96 3708.44791666667 53.5104166666667 410.935184451401
0.00181818181818182 1.44074056885782 0.223899246491606 0.371245822693983 0.97 4328.31958762887 79.4742268041237 443.262291373091
0.00181818181818182 1.33540012368182 0.163644249275237 -0.786707043274535 0.96 3851.02083333333 116.90625 440.83494598733
0.00181818181818182 1.33350501607312 0.195787758200973 -0.955985675655503 0.96 2689.70833333333 85.7916666666667 432.947252108755
0.00181818181818182 1.35900708766348 0.158047873762663 0.79194131301287 0.97 3329.85567010309 50.8659793814433 472.427188209205
0.00181818181818182 1.35968503507282 0.213559512115494 0.14811699243921 0.96 2381.96875 46.5 426.021616766183
0.00181818181818182 1.33350501607312 0.195787758200973 -0.955985675655503 0.96 2689.70833333333 85.7916666666667 432.947252108755
0.00181818181818182 1.48778473600209 0.366477662391858 -0.228832938085042 0.98 3029.90816326531 65.1530612244898 511.136936056533
0.00181818181818182 1.49041531309485 0.246901053935289 0.119565854780376 1 5166.66 103.28 388.320237336224
0.00181818181818182 1.55850501218811 0.350361110665836 -0.431006686761975 1 4994.34 119.26 415.521952327133
0.00181818181818182 1.348579555941 0.169526648671776 -0.373152577287245 0.96 3695.375 95.09375 461.356385940198
0.00181818181818182 1.44493351963581 0.330437019044249 -0.383378087095108 1 2373.57 54.49 468.830333303952
0.00181818181818182 1.38371451414517 0.195463970589082 -0.172439408557612 0.98 3782.27551020408 88.9387755102041 452.612757348265
0.00181818181818182 1.44493351963581 0.330437019044249 -0.383378087095108 1 2373.57 54.49 468.830333303952
0.00181818181818182 1.348579555941 0.169526648671776 -0.373152577287245 0.96 3695.375 95.09375 461.356385940198
0.00181818181818182 1.4013489637032 0.303441528731328 0.505327171834611 1 1384.43 20.86 369.395492010309
0.00181818181818182 1.44896333804354 0.259906888473779 -0.333867848385125 0.97 4597.21649484536 110.329896907216 439.022948074038
0.00181818181818182 1.41895403249602 0.267755977483661 -0.878005059748822 1 3932.98 117.87 478.033676084831
0.00181818181818182 1.42907001171261 0.378758343844675 -0.268438898492604 0.99 1065.66666666667 21.4747474747475 364.824964879233
0.00181818181818182 1.35172147899001 0.297751983626846 -0.588103450327921 0.96 1421.59375 33.96875 385.040094971514
0.00181818181818182 1.63411142286456 0.376927906099823 0.507074442219631 1 5510.8 84.7 426.332745275966
0.00181818181818182 1.35702960649505 0.190142726222985 0.268454075790942 0.97 3198.36082474227 60.5876288659794 474.696364045848
0.00181818181818182 1.3191285853537 0.118592009051176 0.145574903834744 0.95 3092.63157894737 64.178947368421 405.344967589658
0.00181818181818182 1.51592745839783 0.344533610404107 0.477844762747298 1 3291.38 52.62 517.116240790599
0.00181818181818182 1.46558328457177 0.272175600146875 0.101304956711829 0.96 4235.25 85.3229166666667 498.008883294136
0.00181818181818182 1.4474806243369 0.375940527153309 -0.72348797812843 0.96 1611.38541666667 39.3854166666667 421.340534601605
0.00181818181818182 1.4769126528784 0.324744659280302 0.680425773632185 0.97 2651.88659793814 37.298969072165 469.009923213433
0.00181818181818182 1.46558328457177 0.272175600146875 0.101304956711829 0.96 4235.25 85.3229166666667 498.008883294136
0.00181818181818182 1.29286720015957 0.18826637792064 -0.548618693093399 0.97 1638.98969072165 42.319587628866 379.614185945953
0.00181818181818182 1.53526641701507 0.379342060346654 0.195947589641357 0.99 3885.07070707071 69.7373737373737 538.035011859864
0.00181818181818182 1.37315151179209 0.215839685220271 -0.388644606340677 0.95 3611.31578947368 90.2421052631579 456.86895061436
0.00181818181818182 1.31271200272355 0.175778293004053 -0.062245856364159 0.96 2146.59375 47.3958333333333 415.565647784461
0.00181818181818182 1.43490324001759 0.31086396870669 -0.789594895206392 0.97 3490.60824742268 98.1958762886598 528.65854735483
0.00181818181818182 1.57606452137683 0.34353483833852 0.0481472795905553 0.99 5154.51515151515 101.060606060606 396.660148002706
0.00181818181818182 1.38552981639393 0.240300894289065 0.337096337324677 0.97 2256.92783505155 40.7731958762887 440.030166897585
0.00181818181818182 1.39944308716638 0.236379357454902 0.570062034679866 0.96 2427.67708333333 39.6979166666667 423.17715983104
0.00181818181818182 1.46558328457177 0.272175600146875 0.101304956711829 0.96 4235.25 85.3229166666667 498.008883294136
0.00181818181818182 1.50809141963975 0.32431023366076 -0.359015187349951 0.99 4731.22222222222 110.969696969697 444.969280106709
0.00181818181818182 1.44834318121002 0.250277054703043 0.428950642709868 0.99 3802.90909090909 66.989898989899 472.045987604716
0.00181818181818182 1.53156503116513 0.307903107383615 0.2994811978418 1 4884.86 87.9 472.727849211718
0.00181818181818182 1.35962168118888 0.187434293884766 -0.0725882040592731 0.96 3629.52083333333 80.4375 476.988406862726
0.00181818181818182 1.43019326943904 0.234739286964759 -0.156153739895672 0.99 4479.0404040404 100.030303030303 441.953376759439
0.00181818181818182 1.28837361324289 0.11450269957027 -0.423722841140138 0.95 2641.41052631579 70.2947368421053 395.056021015603
0.00181818181818182 1.41629405047506 0.256591858158378 -0.564365630314924 0.98 4062.69387755102 108.408163265306 463.182876391155
0.00181818181818182 1.55858748615858 0.35889876334405 0.05964171070529 1 4572.62 87.27 481.130055528599
0.00181818181818182 1.42777998180174 0.321346180753854 0.144149137778431 1 2044.7 36.53 434.122006157018
0.00181818181818182 1.44144105924485 0.316219544272856 -0.974450849188542 0.99 3363.83838383838 101.353535353535 493.843913229062
0.00181818181818182 1.40266240658239 0.256930359615944 0.770722933113575 0.96 2202.78125 32.625 434.706501326212
0.00181818181818182 1.55850501218811 0.350361110665836 -0.431006686761975 1 4994.34 119.26 415.521952327133
0.00181818181818182 1.41288444632793 0.225577923819605 -0.199969187248055 0.95 3722.77894736842 86.0315789473684 468.533932077664
0.00181818181818182 1.52696070924635 0.271759889125984 0.580089397194072 0.98 5105.83673469388 81.7755102040816 393.607157757633
0.00181818181818182 1.43722962324673 0.165555872569638 0.665111618679364 0.98 4649.28571428571 74.3673469387755 360.298442378864
0.00181818181818182 1.54965388739852 0.326210345264042 0.905685693089465 0.99 4661.67676767677 60.7272727272727 477.174644363709
0.00181818181818182 1.52214081548154 0.309108090260997 0.456990799866617 1 4643.18 76.38 481.601627850916
0.00181818181818182 1.33350501607312 0.195787758200973 -0.955985675655503 0.96 2689.70833333333 85.7916666666667 432.947252108755
0.00181818181818182 1.51684299404172 0.329271452021421 0.306292132852231 1 4274.91 74.89 487.182465400778
0.00181818181818182 1.49485945734175 0.20759396495153 0.832756315427617 0.99 5025.82828282828 72.5555555555556 363.494804113553
0.00181818181818182 1.53156503116513 0.307903107383615 0.2994811978418 1 4884.86 87.9 472.727849211718
0.00181818181818182 1.46166642859932 0.364164351653857 0.696403076955197 0.97 1447.9587628866 20.1752577319588 385.954260456298
0.00181818181818182 1.33540012368182 0.163644249275237 -0.786707043274535 0.96 3851.02083333333 116.90625 440.83494598733
0.00181818181818182 1.42071216813925 0.327574684989019 0.643377903576023 0.98 1484.51020408163 21.0204081632653 394.201718831471
0.00181818181818182 1.42362293494352 0.356554261615339 -0.279119375815758 0.98 1554.20408163265 33.1020408163265 410.394180986653
0.00181818181818182 1.44368845682372 0.270214569984292 -0.400300017819197 0.96 3942.4375 98.0208333333333 464.284661584977
0.00181818181818182 1.4988712907904 0.249919702461294 0.687934998002719 0.99 4685.71717171717 70.6565656565657 428.588085343905
0.00181818181818182 1.47083371663466 0.290895037492737 -0.846722853835672 0.98 4446.61224489796 130.214285714286 447.336793025118
0.00181818181818182 1.41494851553342 0.319889655463145 -0.140926009995671 0.98 1852.0612244898 38.2857142857143 446.793648070305
0.00181818181818182 1.45800939107535 0.397432281801487 0.686050635161971 0.98 1173.04081632653 15.5816326530612 370.037879590309
0.00181818181818182 1.47769928840267 0.378096943701645 -0.0619638544190752 0.99 2180.29292929293 42.3737373737374 478.324643516365
0.00181818181818182 1.45728495548852 0.292048028606032 0.210879925021031 0.97 3731.15463917526 67.639175257732 468.231437458912
0.00181818181818182 1.58735541695888 0.368286699738762 0.169370148067409 1 4902.48 90.69 459.469456723901
0.00181818181818182 1.40819433759898 0.170142723503523 0.876741907093674 0.96 3708.44791666667 53.5104166666667 410.935184451401
0.00181818181818182 1.33445967622101 0.168316922034137 -0.618031083606184 0.96 3464.86458333333 99.15625 438.241487068511
0.00181818181818182 1.43511691664906 0.366940753711756 0.0775771540506421 0.97 1432.0618556701 25.3814432989691 409.935436221398
0.00181818181818182 1.348579555941 0.169526648671776 -0.373152577287245 0.96 3695.375 95.09375 461.356385940198
0.00181818181818182 1.48971100701019 0.275476785609499 0.851992513984442 1 4106.39 55.93 454.512675675248
0.00181818181818182 1.34926886523112 0.238498125993486 0.0992924754895599 0.98 1741.24489795918 34.5102040816327 419.432542818988
0.00181818181818182 1.45533743131816 0.245782090076828 -0.303035654001315 1 4808.33 116.93 433.059687283159
0.00181818181818182 1.41895403249602 0.267755977483661 -0.878005059748822 1 3932.98 117.87 478.033676084831
0.00181818181818182 1.41342240869999 0.297248065867461 -0.501826157327741 0.96 2653.67708333333 65.4583333333333 486.620299301959
0.00181818181818182 1.45330579122528 0.207119590067305 0.686040720436722 0.97 4517.89690721649 69 393.011442096387
0.00181818181818182 1.4752908500896 0.260546085095984 0.411350636243496 1 4125.05 71.01 414.704783657896
0.00181818181818182 1.35702960649505 0.190142726222985 0.268454075790942 0.97 3198.36082474227 60.5876288659794 474.696364045848
0.00181818181818182 1.42126398184226 0.300539925678525 0.667925254078456 0.98 1739.89795918367 25.5714285714286 412.177059955561
0.00181818181818182 1.31007905277561 0.22952698655514 -0.67800613263414 0.98 1221.32653061224 31.5918367346939 369.500463959613
0.00181818181818182 1.57620775473179 0.366137326461321 -0.0767352379858839 0.99 5027.34343434343 103.424242424242 480.534473822206
0.00181818181818182 1.57620775473179 0.366137326461321 -0.0767352379858839 0.99 5027.34343434343 103.424242424242 480.534473822206
0.00181818181818182 1.35161575544626 0.128811926371418 0.773552840109915 0.96 2985.23958333333 46.1458333333333 410.246410477597
0.00181818181818182 1.348579555941 0.169526648671776 -0.373152577287245 0.96 3695.375 95.09375 461.356385940198
0.00181818181818182 1.58496133812525 0.367576269300355 0.91256503273543 0.99 4329.23232323232 55.6767676767677 535.637091367331
0.00181818181818182 1.43062805417551 0.287293344846979 -0.477900660726667 0.98 3479.60204081633 87.5102040816327 503.850748981441
0.00181818181818182 1.44771259284424 0.187973527466992 0.371653980248696 0.98 4924.62244897959 89.5408163265306 398.970026160326
0.00181818181818182 1.38371451414517 0.195463970589082 -0.172439408557612 0.98 3782.27551020408 88.9387755102041 452.612757348265
0.00181818181818182 1.35968503507282 0.213559512115494 0.14811699243921 0.96 2381.96875 46.5 426.021616766183
0.00181818181818182 1.51607851823792 0.368539452995174 -0.697376288939267 0.97 3898.65979381443 100.876288659794 506.453914636304
0.00181818181818182 1.56857306974859 0.324352516567169 0.439602361982942 0.99 5214.08080808081 85.7575757575758 401.053989845077
0.00181818181818182 1.29286720015957 0.18826637792064 -0.548618693093399 0.97 1638.98969072165 42.319587628866 379.614185945953
0.00181818181818182 1.45800939107535 0.397432281801487 0.686050635161971 0.98 1173.04081632653 15.5816326530612 370.037879590309
0.00181818181818182 1.52261798039495 0.377601859494968 -0.58533302672682 0.99 3894.34343434343 95.9494949494949 539.00756972962
0.00181818181818182 1.56098706342404 0.396488190424301 0.174500977347981 1 4148.46 73.51 558.506614524586
0.00181818181818182 1.5972769987936 0.376228686725546 0.844621435326253 1 4732.98 61.66 479.931117240748
0.00181818181818182 1.47635698337108 0.295647217426449 0.844260524958372 0.97 3803.78350515464 52.4742268041237 506.799500618687
0.00181818181818182 1.43378052388669 0.337608016502419 0.761019904410471 0.97 1555.9175257732 21.4845360824742 405.633182420412
0.00181818181818182 1.45805260729916 0.301722087808869 0.269467155318866 0.97 3387.26804123711 60.2268041237113 538.573929543935
0.00181818181818182 1.46295342473764 0.324129678344054 0.214075878309633 0.97 2846.16494845361 50.9381443298969 501.476924258495
0.00181818181818182 1.5972769987936 0.376228686725546 0.844621435326253 1 4732.98 61.66 479.931117240748
0.00181818181818182 1.40417606807534 0.325128070098079 -0.780343300224706 0.97 1966.82474226804 51.7525773195876 456.868105946587
0.00181818181818182 1.47498440306632 0.269868381182026 0.0716496701049165 0.97 4451.28865979381 89.979381443299 438.581933906057
0.00181818181818182 1.4769126528784 0.324744659280302 0.680425773632185 0.97 2651.88659793814 37.298969072165 469.009923213433
0.00181818181818182 1.42285301754842 0.340167008061797 0.459723026070304 0.98 1459.90816326531 22.5408163265306 376.813323297036
0.00181818181818182 1.40266240658239 0.256930359615944 0.770722933113575 0.96 2202.78125 32.625 434.706501326212
0.00181818181818182 1.4013489637032 0.303441528731328 0.505327171834611 1 1384.43 20.86 369.395492010309
0.00181818181818182 1.42071216813925 0.327574684989019 0.643377903576023 0.98 1484.51020408163 21.0204081632653 394.201718831471
0.00181818181818182 1.53129355020235 0.381756504225333 0.31416776712038 0.98 2941.98979591837 49.8061224489796 496.118478363128
0.00181818181818182 1.45330579122528 0.207119590067305 0.686040720436722 0.97 4517.89690721649 69 393.011442096387
0.00181818181818182 1.49058226534475 0.251589717504461 0.982187012860595 1 4934.1 65.76 446.941554712548
0.00181818181818182 1.60465641998508 0.368688076855708 0.329996515033148 0.99 5077.0404040404 87.2626262626263 454.694160957376
0.00181818181818182 1.46716054398197 0.356798045121294 -0.930023020081728 0.97 3192.71134020619 90.4845360824742 507.26346760698
0.00181818181818182 1.47655583336981 0.268683310260695 -0.555907958017765 1 4859.91 128.52 428.603969826029
0.00181818181818182 1.38463150863105 0.252692816131992 -0.72271189695339 0.98 3042.40816326531 84.3061224489796 484.752011909148
