0.00289017341040462 1.4324922622211 0.125228026823944 2.15316776595965 0.946666666666667 2611.03521126761 46.4295774647887 392.088444601571
0 1.32691907854751 0.230470186634921 1.28796691040043 0.926666666666667 634.805755395683 8.16546762589928 205.490807766931
0.00289017341040462 1.52195475984903 0.25691653878036 2.4126140405971 0.993333333333333 1752.23489932886 34.4026845637584 320.546184389301
0 1.3132879097946 0.360042574768886 1.22150962019805 0.926666666666667 351.057553956835 4.13669064748201 156.830637088913
0 1.3211798732169 0.149467343906872 2.4784414205933 0.92 702.028985507246 16.1231884057971 217.05301515637
0.00289017341040462 1.54087240844965 0.362775696720928 2.9794853432104 0.973333333333333 971.732876712329 22.1232876712329 235.243782053365
0 1.44098528437316 0.346083998074755 0.558142737718299 0.98 655.585034013605 5.51020408163265 203.181088428495
0.00289017341040462 1.62976916930399 0.181631543965851 1.58582369914177 0.993333333333333 5491.85234899329 73.5704697986577 270.698031406715
0 1.26135717313737 0.325999810174108 1.23021891375538 0.853333333333333 342.9921875 4.7890625 156.255959887317
0.00289017341040462 1.58607836871136 0.320664621582492 3.08087126243575 0.993333333333333 1416.42953020134 31.3422818791946 280.987806943203
0.00289017341040462 1.62636955545119 0.257082484737969 2.34548915185631 0.986666666666667 4052.68243243243 73.0608108108108 421.42737722192
0 1.31616604896262 0.286128377681598 1.52315988240298 0.92 482.101449275362 7.39855072463768 177.934347273939
0.00289017341040462 1.48105503867684 0.161571269454204 0.534903225495249 0.96 3936.13194444444 30.5277777777778 403.572001754918
0 1.27317282715812 0.383323070057668 1.69960216002073 0.92 314.420289855072 4.69565217391304 153.448293371763
0.00289017341040462 1.4695534767047 0.24205845365137 3.73319306355946 0.96 1184.45833333333 34.4097222222222 256.253956353219
0 1.45644956575707 0.341962548322044 1.71892657072749 0.966666666666667 790.910344827586 12.1103448275862 210.810978011323
0.00289017341040462 1.49340004688395 0.214015412638548 2.53012644192091 0.973333333333333 1828.92465753425 37.472602739726 341.138338554498
0.00289017341040462 1.35339413043056 0.151494437513529 1.11015092885703 0.926666666666667 1068.27338129496 12.3453237410072 277.004308920303
0 1.38917898721993 0.384106156486087 1.68518321227748 0.946666666666667 460.429577464789 7.25352112676056 171.705659696238
0 1.26268528159708 0.206075739278458 1.85493255720939 0.913333333333333 456.810218978102 8.77372262773723 175.70836363867
0 1.39277886403725 0.387990581803024 1.84308371692896 0.946666666666667 499.922535211268 8.35915492957746 173.167148977973
0 1.46853504842147 0.377597042755224 3.70900834491476 0.96 653.548611111111 18.3402777777778 186.86399838754
0 1.34709319714457 0.315127251646481 1.72131112543866 0.94 505.581560283688 8.25531914893617 188.169033047228
0 1.47171334028244 0.322891723923385 3.36894411512185 0.986666666666667 677.439189189189 17.7702702702703 204.057318300649
0.00289017341040462 1.61997763661821 0.109135779983904 0.928069545831786 0.98 5534.40816326531 54.9523809523809 228.79580913537
0 1.3967892838642 0.191708932607435 3.0474066012539 0.92 1042.45652173913 26.4927536231884 248.35296110508
0.00289017341040462 1.52989150648937 0.373018278041855 3.4596091338899 0.986666666666667 856.243243243243 22.1148648648649 225.202785671106
0.00289017341040462 1.62497292149975 0.201885252885003 2.0940820821365 0.986666666666667 4859.55405405405 79.8581081081081 317.724779993323
0 1.2805437784642 0.361892455210909 3.84700007457286 0.866666666666667 345.115384615385 11.5230769230769 159.263015371398
0 1.45221243193373 0.377309909136966 0.970797364600003 0.973333333333333 679.547945205479 7.56164383561644 205.690556317739
0 1.34549480127171 0.246988786617294 2.15921033872291 0.933333333333333 623.492857142857 12.2785714285714 197.764108614807
0.00289017341040462 1.5640836447023 0.148281082376764 3.92076031854475 0.986666666666667 4456.75 122.817567567568 368.727199723071
0.00289017341040462 1.58329599498418 0.327352934613721 3.35908872973539 0.986666666666667 1422.52027027027 33.5337837837838 295.742941031569
0.00289017341040462 1.5841929460921 0.111142059189086 3.02074269010636 0.973333333333333 5181.28082191781 115.315068493151 263.221920505797
0 1.33712898101658 0.110858800611459 1.41246352903545 0.9 1356.57777777778 19.5851851851852 289.16331002173
0.00289017341040462 1.44559086904298 0.191979301642799 3.07644476240259 0.94 1357.49645390071 32.8014184397163 281.871106448446
0 1.25840473715216 0.179386188322678 2.92130566819105 0.86 429.829457364341 11.7519379844961 172.721764250127
0 1.26386775644496 0.118835838860832 1.89197132154368 0.92 526.652173913043 10.0579710144928 193.112198602105
0 1.44601136995479 0.289314624271356 3.03191509295721 0.953333333333333 785.888111888112 18.9230769230769 216.068313002321
0 1.28070631697774 0.226433824165724 3.9080434005009 0.88 405.234848484848 14.25 170.486484908743
0.00289017341040462 1.61274776556865 0.168606221761448 0.943975888634999 0.993333333333333 5330.48993288591 52.8120805369128 285.884870184715
0 1.25453607719392 0.17758068908006 2.09109570155852 0.906666666666667 444.823529411765 9.36029411764706 178.859965448634
0.00289017341040462 1.58346539067245 0.376615393520025 3.00261385627179 0.986666666666667 1097.10135135135 25.8040540540541 245.679474096776
0.00289017341040462 1.64400557059272 0.325152259930407 2.88015501318112 1 2178.90666666667 45.8 368.073714546311
0 1.44708633404225 0.335480643366464 3.31091666477732 0.946666666666667 613.887323943662 16.8380281690141 193.777185658321
0.00289017341040462 1.40027714686854 0.11732856299219 2.31359680766091 0.973333333333333 2010.63698630137 37.9657534246575 338.090034539912
0 1.25052586263046 0.119740589242429 0.800831710686907 0.893333333333333 585.940298507463 6.41791044776119 199.665871402633
0 1.25524388672784 0.200723687279969 0.917425107792951 0.873333333333333 498.580152671756 5.23664122137405 182.904323176927
0.00289017341040462 1.48743817815557 0.111193802719936 0.533501271507703 0.986666666666667 4843.37837837838 38.4189189189189 325.220707427188
0 1.31463845036924 0.34956969646737 3.18394964013714 0.893333333333333 388.335820895522 11.2089552238806 161.673262303773
0 1.35911212656647 0.156448989664204 1.29016642167699 0.913333333333333 1162.85401459854 15.4817518248175 278.678580971408
0 1.27478814702481 0.117970072291791 1.0185455463361 0.86 728.906976744186 8.65891472868217 225.027815510724
0 1.27919515436515 0.112865767558105 2.32861445308663 0.88 650.340909090909 13.969696969697 207.757510455639
0.00289017341040462 1.57661661841068 0.395231138634353 2.1856490556111 0.986666666666667 1083.67567567568 18.9324324324324 242.01532979848
0 1.25718309860677 0.232647527009249 1.05160729109775 0.873333333333333 440.076335877863 5.19083969465649 169.649481319809
0.00289017341040462 1.53754404634237 0.311182549758814 3.5982920670649 0.973333333333333 1135.35616438356 31.0753424657534 253.760864113038
0 1.38010440608487 0.391264469991438 3.94687093188986 0.94 394.475177304965 11.9787234042553 165.635567664104
0 1.26567388707772 0.368071386427619 3.37839702947531 0.853333333333333 305.7421875 8.765625 150.935285997377
0.00289017341040462 1.4866552614055 0.161083313376815 0.655503243190767 0.98 4116.82993197279 34.6530612244898 455.796087958399
0 1.42133880052716 0.283004804817028 3.7413961092243 0.946666666666667 749.528169014084 22.4154929577465 209.893246865328
0 1.34604930309579 0.181564550171606 3.07251276262105 0.926666666666667 700.741007194245 18.6546762589928 219.262392398113
0.00289017341040462 1.46273878774351 0.190124750524023 2.94682672359882 0.966666666666667 1640.93793103448 37.9793103448276 308.070412869794
0.00289017341040462 1.43797339937051 0.151690000844302 2.37794261767097 0.973333333333333 2006.81506849315 39.8356164383562 338.634052391787
0.00289017341040462 1.56013974823608 0.233480219562322 2.08630463997587 1 2982.82666666667 49.6866666666667 385.337851949663
0.00289017341040462 1.4325364860706 0.22475807426963 2.84623708110303 0.953333333333333 1045.88111888112 24.4965034965035 250.83802236821
0.00289017341040462 1.55276163201779 0.373495394340716 3.36983230046462 0.986666666666667 961.587837837838 24.527027027027 230.686290163757
0 1.2874599410221 0.15337182439398 2.7477510307217 0.906666666666667 633.477941176471 16.4191176470588 200.854780423393
0.00289017341040462 1.43546546290484 0.102418189935794 3.44792306377978 0.953333333333333 2508.37762237762 65.4265734265734 355.740413145837
0.00289017341040462 1.47093038307945 0.2680763226708 3.21906331545665 0.946666666666667 1028.38028169014 26.0704225352113 249.095222648959
0 1.25392819484696 0.208130212966353 2.04756591818295 0.866666666666667 395.9 8.06923076923077 167.045759438218
0 1.30029168855399 0.28730936429929 1.55850966100115 0.926666666666667 431.057553956835 6.49640287769784 172.407055806586
0 1.34585489127785 0.20758892907761 3.62518644379452 0.893333333333333 606.089552238806 18.3955223880597 200.313062244551
0.00289017341040462 1.51185045721675 0.141615462353503 3.21200164941344 0.94 3733.3829787234 87.6879432624114 356.440083194171
0.00289017341040462 1.45816396821989 0.21469156284924 3.74828066862833 0.933333333333333 1187.37857142857 32.6928571428571 270.395598885173
0.00289017341040462 1.40858904511786 0.12359586932423 2.56096082252878 0.94 2136.94326241135 44.113475177305 346.913052154041
0.00289017341040462 1.50724405049637 0.329207716503927 3.22622840105821 0.973333333333333 893.520547945206 23.2054794520548 233.776535229094
0 1.3050921135582 0.147935446817428 3.96091757540125 0.926666666666667 587.431654676259 20.6474820143885 200.358464657315
0.00289017341040462 1.36351962547849 0.180497884273849 3.61590164645066 0.96 769.111111111111 22.7430555555556 225.946176499652
0.00289017341040462 1.42407715755402 0.241391734705518 3.16319825204362 0.953333333333333 899.153846153846 22.9090909090909 239.508660154408
0.00289017341040462 1.5551624676842 0.248165200799106 3.52492419210185 0.966666666666667 1935.4 49.8206896551724 343.72500881015
0.00289017341040462 1.43688555726928 0.235556504601097 0.624515522057429 0.973333333333333 1241.29452054795 9.81506849315068 281.911392216763
0.00289017341040462 1.56073359921575 0.290784954605624 1.48747703817207 1 1841.87333333333 24.9933333333333 338.402062721496
0 1.32650378243998 0.179661015979946 2.35783077520318 0.933333333333333 709.821428571429 15.5928571428571 208.634926763187
0.00289017341040462 1.50168088042822 0.164672050085535 3.57747838998979 0.973333333333333 3017.61643835616 79.6712328767123 390.373047623829
0 1.29734263224527 0.111730016604997 2.26576761517208 0.88 802.666666666667 16.5454545454545 227.3154223304
0 1.4813930220902 0.35179117238149 2.7905574135948 0.986666666666667 733.155405405405 16.0202702702703 201.459909031152
0.00289017341040462 1.6441724518065 0.320721841381601 0.682103749952399 0.986666666666667 3308.49324324324 28.0067567567568 415.808584167713
0.00289017341040462 1.51626270062166 0.307358714165653 1.57579181616923 0.966666666666667 1058.48965517241 14.9034482758621 243.467501442544
0.00289017341040462 1.4963508271343 0.170043993601312 2.21490307907958 0.913333333333333 3241.23357664234 58.4890510948905 423.868195392893
0.00289017341040462 1.3563643630594 0.101718262839131 3.36860637518112 0.913333333333333 1365.83941605839 39.3284671532847 282.562646061121
0 1.31986467158422 0.352924165618606 1.08349258359522 0.953333333333333 391.587412587413 4.67132867132867 167.179053358309
0.00289017341040462 1.6045420439407 0.262360894395642 0.525645792210659 0.993333333333333 4016.39597315436 30.5436241610738 428.205633312988
0 1.38728125430644 0.311522602033801 2.57037355413195 0.96 562.777777777778 12.6041666666667 187.57552522729
0.00289017341040462 1.43775161504745 0.200912981666625 3.88743100035936 0.966666666666667 1055.28965517241 31.5103448275862 258.482848868179
0.00289017341040462 1.50833675349131 0.158890350768343 1.75013134803157 0.94 3771.70212765957 56.5106382978723 387.262844657788
0 1.45520723285154 0.364899022155441 1.0343364784494 0.966666666666667 717.158620689655 7.8551724137931 207.903789048351
0 1.34218463897705 0.14889657353051 2.65021400665864 0.9 780.407407407407 18.3333333333333 216.675107689844
0.00289017341040462 1.60486908258605 0.154191617698475 0.999150968066633 0.973333333333333 5370.7397260274 54.5821917808219 267.383754441449
0.00289017341040462 1.53684448422248 0.185920249395046 1.27277043407128 0.986666666666667 4190.26351351351 49.9594594594595 400.33818937284
0.00289017341040462 1.62575791692361 0.113812164473347 2.37201605399605 0.993333333333333 5441.55704697987 101.51677852349 231.442286242459
0 1.42706431290135 0.371909640869126 3.58364833611995 0.94 597.524822695035 16.7234042553191 189.378995175993
0 1.31529644653201 0.325657229707576 1.91045520757325 0.946666666666667 426.591549295775 7.40845070422535 169.67922229529
0.00289017341040462 1.47278107739985 0.124050784576684 0.907990073319525 0.96 4348.29166666667 42.7152777777778 378.550824494491
0.00289017341040462 1.62007702449337 0.363653272204101 1.07122669415548 0.986666666666667 1546.02027027027 16.2567567567568 301.436399762757
0 1.46262556053698 0.378937650495209 1.64000597817358 0.98 678.428571428571 10.2448979591837 201.981512278452
0 1.31431785235181 0.384912375360727 2.11824967025314 0.913333333333333 357.043795620438 6.46715328467153 159.745808771317
0.00289017341040462 1.42759357603769 0.25043431276291 1.75818152195124 0.96 922.402777777778 14.9583333333333 233.734532522499
0 1.4110023688525 0.370009783189744 2.2705869456986 0.966666666666667 502.179310344828 9.76551724137931 177.761567567521
0.00289017341040462 1.44594550355613 0.124879940162941 3.90037705521764 0.92 2202.24637681159 64.0289855072464 372.499701074463
0.00289017341040462 1.48783848997032 0.114865396382191 1.06811192263211 0.973333333333333 4666.48630136986 51.7397260273973 369.885842124735
0.00289017341040462 1.45545866032662 0.23090745235015 2.49485058166669 0.98 1255.06802721088 25.4013605442177 296.960349942087
0.00289017341040462 1.54234352507669 0.145230533374489 0.521114479514231 0.953333333333333 5176.65034965035 39.6643356643357 320.173615250034
0.00289017341040462 1.63865040393004 0.375302994869663 1.67169256705616 0.993333333333333 1441.77852348993 20.3758389261745 286.628581343673
0.00289017341040462 1.51626650309447 0.262455090741429 3.36343580547401 0.993333333333333 1438.95302013423 36.9530201342282 295.289835413256
0.00289017341040462 1.62575742863698 0.375406050275402 2.60705550450755 0.986666666666667 1351.75675675676 26.8378378378378 272.402875943724
0.00289017341040462 1.47052558138967 0.295738357142545 3.76081247814 0.98 860.619047619048 25.4897959183673 213.563450925603
0.00289017341040462 1.51593930693997 0.111851261287648 1.58126450772381 0.98 5042.05442176871 70.4149659863946 330.434827130863
0 1.29915644526482 0.139589966717176 2.74041302886326 0.92 674.971014492754 16.7898550724638 214.525831060607
0 1.38856937289238 0.226826981385238 3.78793108148966 0.926666666666667 738.669064748201 23.4676258992806 211.238048974224
0.00289017341040462 1.40355569235981 0.168575539300218 2.91597540059593 0.953333333333333 1157.6993006993 27.4615384615385 260.822836917196
0 1.25394316697493 0.305839268304408 3.27086108608637 0.873333333333333 320.709923664122 8.97709923664122 154.692966819682
0.00289017341040462 1.57107816290021 0.15601753757735 2.08848208167229 0.933333333333333 5162.72857142857 86.9 334.44915855962
0 1.3718860973604 0.332412610528991 0.89239773247391 0.94 551.574468085106 5.68794326241135 185.090237980333
0.00289017341040462 1.57473013759649 0.164999445955871 2.89941668076099 0.98 4737.97278911565 100.625850340136 368.951867865451
0.00289017341040462 1.55871958374019 0.317785845979377 2.43120590552086 0.986666666666667 1509.63513513514 28.8648648648649 295.771754375416
0.00289017341040462 1.42827713992447 0.181604720721953 1.65471413976047 0.946666666666667 1791.33098591549 26.5492957746479 331.765743651341
0.00289017341040462 1.57774119863577 0.258878493677212 2.96917981921537 0.98 2554.47619047619 55.4761904761905 381.617076911211
0 1.41243003746495 0.230943776457571 1.11950033705216 0.946666666666667 913.767605633803 10.5774647887324 243.871739570047
0 1.35629208004102 0.297865004045889 3.35619426693302 0.953333333333333 477.888111888112 13.6083916083916 176.124259630414
0.00289017341040462 1.41847373787314 0.14801929127425 1.51013544551097 0.96 2343.78472222222 32.2013888888889 371.011309400203
0.00289017341040462 1.46526132015324 0.287696286325316 3.90549332872967 0.96 819.534722222222 24.625 222.276862737502
0.00289017341040462 1.41327800462247 0.152189458384437 2.75541757407348 0.933333333333333 1588.42857142857 35.7 307.895111358242
0.00289017341040462 1.56841533451995 0.273030908459682 3.18086984774626 0.98 2017.27891156463 45.9659863945578 345.541570098762
0 1.28170514944941 0.315269220131449 3.52616239327472 0.893333333333333 328.694029850746 10.0671641791045 157.350386001737
0.00289017341040462 1.58917654869012 0.138046405717245 2.34653227403001 0.96 5077.84722222222 92.5208333333333 289.641195559675
0.00289017341040462 1.42646898319792 0.144100629404691 3.80278548942954 0.953333333333333 1514.69230769231 44.8951048951049 294.737038585291
0 1.28373218979686 0.184774569934234 2.48303860577289 0.9 519.074074074074 12.1333333333333 189.536843514966
0 1.38141692094505 0.383042404823937 1.82056229875889 0.966666666666667 442.841379310345 6.97241379310345 168.764510438137
0.00289017341040462 1.50179661228545 0.173843155821631 1.67075375262028 0.993333333333333 3398.57046979866 49.2281879194631 402.886554049394
0 1.30479672178626 0.343063231487759 3.16911642206833 0.92 348.557971014493 9.78260869565217 162.542205252139
0.00289017341040462 1.63704078233153 0.295615838825639 2.50575248557309 0.986666666666667 3150.66891891892 59.6756756756757 413.255657363622
0 1.27975916359574 0.293988722516224 3.26469939062372 0.913333333333333 359.817518248175 10.0875912408759 162.583991700195
0 1.3393266026862 0.112283197138458 1.84626927168574 0.893333333333333 1370.34328358209 23.3582089552239 302.145050497577
0 1.38763686157763 0.233910607662983 1.85391609324142 0.933333333333333 814.028571428571 14.3428571428571 223.765964659163
0.00289017341040462 1.48078768443146 0.157634346216432 2.75493569607226 0.973333333333333 2793.71232876712 59.2054794520548 389.694184147948
0.00289017341040462 1.46588030710429 0.233529346967155 0.816633335111414 0.966666666666667 1640.44137931034 15.4344827586207 321.944244830172
0.00289017341040462 1.59976617007728 0.270791858626821 0.887339785229614 0.986666666666667 3551.52027027027 33.527027027027 415.282979158183
0.00289017341040462 1.50670284469517 0.258831083066688 3.19341452794636 0.993333333333333 1455.41610738255 36.255033557047 287.010350394755
0.00289017341040462 1.62904635840992 0.211663532394267 2.00586900996456 0.993333333333333 5076.87919463087 80.3154362416107 333.328812264701
0 1.26828988660127 0.209957973775454 3.09487558761612 0.893333333333333 389.679104477612 10.9477611940299 169.896657569302
0.00289017341040462 1.5173337891389 0.224135272305293 2.41042175638087 0.986666666666667 2219.03378378378 41.6283783783784 378.042937264401
0.00289017341040462 1.64511619280468 0.392126371849634 3.54655778127017 0.993333333333333 1384.3288590604 33.8523489932886 260.368260000824
0 1.42825779644772 0.30299049760215 0.947386739193462 0.973333333333333 813.054794520548 8.80821917808219 219.953721529784
0.00289017341040462 1.42708644078275 0.134074893924101 2.16880789611789 0.933333333333333 2464.6 44.3142857142857 391.543020741431
0 1.41464707348496 0.383027499145828 3.92069886613172 0.96 496.055555555556 14.7708333333333 168.802261842402
0 1.26554663404822 0.27631833315827 0.605040870141238 0.88 372.954545454545 3.25 165.910726124479
0.00289017341040462 1.4761124833487 0.129468169249594 2.70601776009426 0.966666666666667 3463.93103448276 72.2068965517241 389.861966545915
0.00289017341040462 1.44471735020303 0.166306170620798 0.977921495631016 0.96 2618.28472222222 27.1319444444444 395.030953134345
0 1.28237735135481 0.205132994288579 3.98695124627557 0.826666666666667 452.766129032258 16.508064516129 173.612487868783
0.00289017341040462 1.48985355408348 0.252701298482778 1.24352991327714 0.946666666666667 1911.81690140845 23.0774647887324 326.119093818305
0.00289017341040462 1.40304882414639 0.105563922342844 0.62788690906018 0.946666666666667 3130.79577464789 26.6549295774648 383.840414843502
0.00289017341040462 1.51187002699465 0.277615350463536 2.16984735744329 1 1547.52 27.86 307.504999184341
0 1.41093460405245 0.310627030744217 1.89707562839612 0.946666666666667 609.161971830986 10.0985915492958 199.148791784853
0.00289017341040462 1.59364720712319 0.219028417327968 3.10788821163895 0.98 3925.89795918367 87.6938775510204 404.626924373045
0.00289017341040462 1.51930643018153 0.317989537606805 1.97725806388728 0.986666666666667 1155.00675675676 18.3851351351351 252.730142609633
0.00289017341040462 1.58059990105184 0.142958223317619 0.837094981237966 0.98 5245.31972789116 51.2993197278912 259.99230940615
0 1.30420191166922 0.13707981267944 3.16890351288021 0.866666666666667 636.884615384615 17.7923076923077 196.061924130717
0.00289017341040462 1.61138628637418 0.220797727070749 1.13897052733228 0.993333333333333 4850.14765100671 54.1073825503356 346.084411938156
0 1.39982608761638 0.251862603193149 3.6972593764076 0.966666666666667 677.048275862069 20.8137931034483 201.651838596764
0 1.28065807241946 0.132923657167703 3.13993527868297 0.906666666666667 631.279411764706 18.0441176470588 202.034266712671
0 1.37183951027691 0.317142896936275 1.31315510114655 0.953333333333333 549.342657342657 7.04195804195804 182.520061286738
0 1.40738354679197 0.25236381907016 3.78970902902074 0.94 734.929078014184 22.8794326241135 214.308014879693
0 1.2731500682421 0.191429711366072 1.34323415416293 0.893333333333333 505.910447761194 7.32089552238806 182.708020099467
0 1.40408137403429 0.32889500670135 3.52626449544914 0.926666666666667 558.705035971223 16.4892086330935 180.392270926871
0.00289017341040462 1.63276223449506 0.233712891811486 2.76427171302087 0.98 4802.75510204082 94.265306122449 398.257534304526
0.00289017341040462 1.42695512185448 0.20618098800786 2.18799028117525 0.966666666666667 1198.26206896552 21.5931034482759 281.292422485538
0 1.25299784196541 0.278899496025406 1.78360988281202 0.906666666666667 338.360294117647 5.94852941176471 156.453340814426
0.00289017341040462 1.54678686214611 0.32862621715758 1.41253035713453 0.986666666666667 1360.16891891892 17.9121621621622 289.849511020687
0 1.35197435254231 0.303652242990211 2.19918231852353 0.906666666666667 550.698529411765 10.5220588235294 183.714380997377
0.00289017341040462 1.41961931606885 0.21013338443081 3.33802004552267 0.94 1019.72340425532 28.3262411347518 249.856746298478
0.00289017341040462 1.62868698204186 0.247026677060844 2.13483895979234 1 4535.78 74.4266666666667 404.684373092516
0.00289017341040462 1.45480272490531 0.21193038164638 2.24500089685898 0.946666666666667 1594.30985915493 29.6830985915493 311.69017307174
0.00289017341040462 1.40970629472286 0.106284083379433 2.33501159970183 0.92 2494.13768115942 47.5289855072464 355.740901681211
0 1.31415953990072 0.161534270551056 3.91329350485466 0.906666666666667 622.066176470588 21.6029411764706 198.947749347681
0.00289017341040462 1.64197528827494 0.364092935539105 1.02742501418537 0.993333333333333 1867.42953020134 19.6375838926174 322.5596540662
0.00289017341040462 1.45632955040783 0.28009155835025 2.0295843181666 0.966666666666667 998.413793103448 16.9862068965517 236.118858170113
0 1.25065690446645 0.230665455432609 2.25337319122627 0.866666666666667 404.869230769231 8.74615384615385 171.19777507466
0.00289017341040462 1.47435439936374 0.285742090296003 2.66698505058439 0.966666666666667 1018.3724137931 22.5172413793103 249.070214622766
0 1.30560913821682 0.148973703174852 3.15840018552262 0.833333333333333 640.352 17.048 205.594655516836
0 1.42748144697398 0.288900649128482 0.865795011050068 0.94 812.780141843972 8.51063829787234 234.856934844699
0.00289017341040462 1.64778644114023 0.138441599808457 3.33611424262362 0.98 5485.57142857143 130.510204081633 245.424851453268
0.00289017341040462 1.52781819058582 0.149763628817163 0.758873663377017 1 4919.54 44.3533333333333 368.928811039027
0 1.26529447538778 0.353806064976379 1.80741869064514 0.893333333333333 335.097014925373 5.77611940298507 156.565764603563
0.00289017341040462 1.60105573713896 0.236204248259406 3.38133075733546 0.98 3549.16326530612 85.5238095238095 409.159778560014
0.00289017341040462 1.55172909442335 0.281767243915238 2.34944478794932 1 1793.27333333333 33.6666666666667 337.359099373532
0.00289017341040462 1.61408267309889 0.395718671171926 1.47909896692727 0.98 1204.5306122449 16.4489795918367 266.130001183489
0 1.29939667787403 0.152313713193871 3.58467339165509 0.913333333333333 520.197080291971 16.5036496350365 191.107176595814
0 1.29985130885616 0.18969067139551 1.07657123974059 0.906666666666667 586.852941176471 7.23529411764706 203.250038420591
0 1.27904381779954 0.171524194628 3.00833311863244 0.833333333333333 536.232 14.424 188.91038495651
0.00289017341040462 1.45844880453224 0.236937349547663 2.10380595627876 0.973333333333333 1247.33561643836 22.458904109589 279.418501834894
0 1.3082681431435 0.217570355301723 1.31110784795601 0.926666666666667 520.848920863309 7.13669064748201 185.104360025427
0.00289017341040462 1.47455192916095 0.275056055979803 0.845657683908939 0.986666666666667 1271.56756756757 12.7162162162162 279.905160174688
0 1.31356661655009 0.376619621203281 3.50807401677594 0.946666666666667 329.908450704225 9.14084507042254 151.510960897429
0.00289017341040462 1.4839412619724 0.105889850326089 3.02964592579912 0.946666666666667 4197.45774647887 95.7112676056338 371.169177368868
0.00289017341040462 1.48531501986461 0.238832223381599 1.67409324422004 0.98 1617.55102040816 23.7823129251701 323.074165920684
0.00289017341040462 1.39179816618562 0.142980493488722 2.48497411969583 0.94 1438.09929078014 30.8439716312057 297.377986093232
0.00289017341040462 1.38363946313038 0.136120357178152 1.39549013471697 0.906666666666667 1659.88970588235 22.3897058823529 333.626961349769
0 1.39135412657633 0.349395978800021 3.24128370790277 0.946666666666667 536.845070422535 14.2746478873239 183.887861177172
0.00289017341040462 1.62606088295579 0.351759709510952 1.02144756715279 0.986666666666667 1916.5 20.0067567567568 346.43201441331
0 1.48627043403685 0.347188780200668 2.7115987787256 0.98 796.993197278912 17.4081632653061 210.350340185194
0.00289017341040462 1.43797198459506 0.177622271073051 0.586031227954663 0.96 2216.56944444444 17.9375 382.682285897936
0 1.38152325106785 0.167456045327708 3.57066143793054 0.9 928.577777777778 26.9333333333333 239.342237582367
0.00289017341040462 1.58309091039171 0.140314520429728 1.75096903291673 0.986666666666667 5427.2027027027 78.0135135135135 284.527573318131
0 1.34898866936564 0.102189031243324 3.82117252307944 0.913333333333333 1049.84671532847 33.7737226277372 246.427127868161
0.00289017341040462 1.59296987730892 0.118832695841361 2.40140673978115 0.986666666666667 5411.80405405405 99.2027027027027 256.13985478248
0.00289017341040462 1.55100067743893 0.322726085918767 3.57527123903028 0.973333333333333 1190.48630136986 31.6095890410959 253.697103480596
0 1.34584268415347 0.294329462246969 3.91484766255599 0.933333333333333 456.664285714286 14.2285714285714 180.590623981861
0 1.40119952317327 0.239243238582276 3.34303703519981 0.953333333333333 747.713286713287 20.6713286713287 213.001799325848
0.00289017341040462 1.61782931058315 0.193810867316778 1.12645676760297 0.98 5364.02040816327 57.9931972789116 297.010610855381
0 1.31457532644272 0.126835947949439 1.91264930868056 0.926666666666667 845.007194244604 15.0719424460432 243.581377798039
0 1.27554394714534 0.268601776729338 1.67783437785693 0.906666666666667 363.375 5.86029411764706 160.319069778422
0 1.46625691242516 0.373969366587699 1.85408265702426 0.973333333333333 694.527397260274 11.4041095890411 195.983997582485
0.00289017341040462 1.63655634259761 0.3754287850786 3.43751998641955 0.98 1428.01360544218 34.1360544217687 279.910050354206
0 1.52225426286459 0.370792706101202 1.38828972994816 0.973333333333333 865.198630136986 11.8287671232877 224.204128753254
0.00289017341040462 1.41243885178119 0.10427458405029 0.886567279696465 0.94 3088.40425531915 31.1631205673759 371.071464688786
0.00289017341040462 1.45061511676759 0.211457994417287 3.32070444000419 0.946666666666667 1252.10563380282 32.6619718309859 281.95432771659
0 1.25316913742572 0.350953617761843 1.81893712759484 0.853333333333333 303.96875 4.734375 151.153801460654
0 1.40409941328689 0.385459172655828 2.16485983808525 0.946666666666667 511.866197183099 9.1056338028169 179.056095430644
0 1.47083751773462 0.380414897506125 3.52202689624391 0.96 598.770833333333 16.1736111111111 187.444726449097
0 1.35396579373628 0.306309950374998 2.06767536164261 0.953333333333333 449.573426573427 8.48951048951049 175.772678436168
0 1.33720651036128 0.305871044518426 3.8578370885225 0.906666666666667 437.169117647059 13.4338235294118 169.53160413396
0 1.35376179236919 0.240627997578122 1.62468845176045 0.966666666666667 639.813793103448 10.0206896551724 206.331643872541
0 1.31585712581873 0.314418317610398 2.34858012979385 0.966666666666667 394.241379310345 8.44137931034483 162.822935274305
0 1.34388587204739 0.119329498452134 2.86517223669216 0.9 995.022222222222 24.1481481481481 253.162733995587
0.00289017341040462 1.43353049413126 0.205489943888167 1.1824749316188 0.993333333333333 1430.54362416107 17.3221476510067 288.259938463232
0 1.25871449140832 0.208413012581877 3.06298017478548 0.873333333333333 402.519083969466 10.969465648855 169.322092761373
0 1.37504921676591 0.234145915973932 3.3890367380809 0.92 631.992753623188 17.5869565217391 198.858256175298
0.00289017341040462 1.52576149254396 0.186637716806155 3.93415284578932 0.973333333333333 2685.09589041096 76.1027397260274 371.752762227762
0 1.31504071876407 0.351841473509558 2.82507617014926 0.88 344.242424242424 8.06818181818182 157.99096694836
0 1.30554692223668 0.197764544165693 3.41000576608349 0.953333333333333 515.132867132867 16.1818181818182 186.934605129173
0.00289017341040462 1.54127274846282 0.127870184221346 1.31635635679657 0.966666666666667 4984.53103448276 61.4896551724138 297.105830331879
0 1.42807306060567 0.365178212733008 1.95249064336531 0.96 565.048611111111 9.875 186.177204296327
0.00289017341040462 1.52595686474815 0.315076263132505 0.543327094754204 0.98 1254.42857142857 10.3809523809524 272.991952476323
0 1.26513177938759 0.127263224264607 1.89588388602715 0.866666666666667 643.107692307692 12.3923076923077 210.612340361568
0.00289017341040462 1.61008583037183 0.233470788528211 3.14303582231514 1 4081.69333333333 91.94 428.247909431021
0.00289017341040462 1.50170050667858 0.370385960703839 3.74825394366428 0.986666666666667 777.824324324324 22.8918918918919 207.961053147854
0 1.28567381417379 0.148904099012725 3.47273790906183 0.86 645.240310077519 20.5581395348837 197.657830819739
0.00289017341040462 1.5112371314224 0.174002400333371 3.71727844924327 0.953333333333333 2826.95804195804 76.1678321678322 390.889849079326
0.00289017341040462 1.57648735653236 0.215796775997106 0.709940234238639 0.986666666666667 4686.89864864865 39.7837837837838 385.512379363051
0.00289017341040462 1.40182783779451 0.213624976847057 3.83431122318999 0.953333333333333 836.195804195804 25.9020979020979 227.045710558823
0 1.32954912250862 0.260376927582547 0.869467668468133 0.953333333333333 567.741258741259 5.9020979020979 190.504423344962
0 1.40359800690785 0.324311777367257 2.93526849278715 0.926666666666667 558.309352517986 13.9568345323741 190.184605100298
0 1.28935670880601 0.283459538011812 0.573238388518803 0.9 482.762962962963 4.37037037037037 181.460062122801
0 1.5098848996684 0.393513421085663 3.44876560720149 0.98 654.380952380952 16.4353741496599 196.05710424927
0.00289017341040462 1.59896575948611 0.268444364017658 3.98940477289024 0.993333333333333 2291.94630872483 65.2751677852349 373.236670303687
0.00289017341040462 1.41790999317718 0.251969409619551 2.74085250582232 0.966666666666667 824.593103448276 18.9931034482759 221.159803931993
0 1.44819981316105 0.357473787083291 3.0629269874189 0.96 634.513888888889 15.3888888888889 188.934442106613
0.00289017341040462 1.47026345367186 0.110520854806155 3.96316164884478 0.973333333333333 3429.56164383562 99.6027397260274 405.196338603442
0 1.43022167114541 0.355137740750797 2.49413040291984 0.98 583.319727891157 11.9047619047619 185.047742845003
0.00289017341040462 1.53321374292921 0.235652373942891 0.541352042658535 0.98 3239.78231292517 25.6054421768707 411.536714279026
0.00289017341040462 1.54584259912372 0.121222772705369 3.65041841380298 0.98 4961.23129251701 128.034013605442 330.686575854183
0 1.30336822904646 0.266765823308379 2.60142811387777 0.933333333333333 435.978571428571 9.60714285714286 186.827658544147
0 1.30318441558629 0.252793701179326 1.78467467648443 0.926666666666667 497.892086330935 8.43165467625899 184.756283066653
0 1.25132181895897 0.114393958100118 3.58716957562137 0.84 561.388888888889 17.9603174603175 189.84280930093
0.00289017341040462 1.59985246080008 0.314534840628661 3.65843503193333 0.993333333333333 1635.37583892617 43.9865771812081 317.175618105633
0.00289017341040462 1.38937492953217 0.133112762482379 3.90855794204172 0.913333333333333 1079.80291970803 34.1240875912409 263.467979063646
0 1.31532818153501 0.1285583113553 3.51530177309178 0.9 703.266666666667 22.0518518518519 209.388451519701
0 1.34595166789368 0.266621239599772 3.47292308288161 0.893333333333333 496.686567164179 14.5223880597015 175.236073865292
0 1.38985903225839 0.392721578571945 3.54291935556103 0.953333333333333 443.545454545455 12.1188811188811 167.606426472105
0.00289017341040462 1.52703468451273 0.187517755697822 3.73038387555155 0.986666666666667 3042.93243243243 82.3243243243243 401.859168172035
0.00289017341040462 1.63900208066542 0.158554704009349 0.614555870815332 1 5616.10666666667 46.14 243.124162805593
0.00289017341040462 1.5914969433099 0.295676238508895 3.54266206733882 0.966666666666667 1806.88275862069 45.8689655172414 336.540280836739
0.00289017341040462 1.55210525437256 0.217166840040331 3.96915679573677 0.973333333333333 2797.17123287671 78.7602739726027 398.452377550222
0.00289017341040462 1.55734407931107 0.22626497315406 2.83883353104655 0.986666666666667 3240.52027027027 67.777027027027 414.947769370393
0 1.43223020602018 0.395298669510521 3.12639432342257 0.98 508.496598639456 11.952380952381 177.106595537042
0 1.30342227481306 0.164552053809166 3.46932838193607 0.9 544.355555555556 16.1037037037037 190.366524933509
0 1.43613647418097 0.374730337085202 3.7079520841362 0.966666666666667 511.062068965517 15.3793103448276 178.344986590269
0.00289017341040462 1.57794183352962 0.270070347283036 2.65417006437201 0.986666666666667 2457.03378378378 50.1486486486486 365.153362551622
0.00289017341040462 1.33380543974648 0.106852734219209 3.01883483709345 0.92 1023.22463768116 26.0869565217391 256.690776574821
0.00289017341040462 1.51800682312189 0.295917570887728 2.15762347646195 0.966666666666667 1321.62068965517 23.9448275862069 281.128083613336
0.00289017341040462 1.44825654653832 0.142152754915878 0.886012476985343 0.96 3291.64583333333 32.7222222222222 402.923147007134
0 1.29431642536074 0.101414283830673 1.33441524335649 0.873333333333333 909.687022900763 13.0229007633588 246.818203670044
0.00289017341040462 1.59541814128789 0.341991171432061 3.28008159229411 0.986666666666667 1406.58108108108 33.6891891891892 279.902166442163
0 1.26900982996449 0.110175662022084 3.70631156419404 0.906666666666667 600.088235294118 20.2720588235294 194.933642090443
0.00289017341040462 1.39401897314131 0.196636645637431 2.29445453845969 0.926666666666667 999.258992805755 19.9928057553957 256.568233454485
0.00289017341040462 1.37278341082856 0.182313088560477 0.948853494017385 0.933333333333333 1186.87142857143 11.9071428571429 276.824045729669
0 1.42175276530907 0.308783489116468 1.67271251464263 0.96 783.486111111111 12.1180555555556 216.503393799855
0.00289017341040462 1.53049857337028 0.352160474425182 3.58921202330384 0.98 838.741496598639 22.3265306122449 224.023589772404
0.00289017341040462 1.54501701909307 0.263642508329316 1.30767357005528 1 2210.84 26.6466666666667 384.4273583809
0.00289017341040462 1.60234062283759 0.338879746036739 2.60825706623009 0.993333333333333 1555.38255033557 32.2214765100671 292.667484111054
0.00289017341040462 1.42411122083253 0.20055075501995 3.98005834203694 0.933333333333333 982.021428571429 31.7857142857143 240.599408315872
0 1.60008719507605 0.102300578658469 3.77220944908913 0.993333333333333 5295.05369127517 142.348993288591 251.047730104274
0 1.41278626322746 0.336629016906954 3.91644668579102 0.973333333333333 513.472602739726 16.0684931506849 176.105103728482
0 1.38336101835594 0.336164446291514 0.812763206195086 0.94 507.09219858156 5.23404255319149 184.621508941326
0 1.26747996080667 0.254480121447705 0.668312646332197 0.873333333333333 370.18320610687 3.37404580152672 168.375924102628
0 1.28567845104262 0.306497656460851 0.621934868046083 0.873333333333333 398.625954198473 3.61832061068702 165.970398047409
0 1.42236436977983 0.327788215363398 3.41128934116568 0.933333333333333 553.464285714286 15.3357142857143 181.77030540396
0 1.40298500675708 0.284666445665061 1.70745327637997 0.973333333333333 600.767123287671 9.63698630136986 204.007369573722
0.00289017341040462 1.56210706733487 0.160989822106825 0.670859363396702 0.98 5322.10884353741 45.0272108843537 302.815095432314
0.00289017341040462 1.64648293512079 0.288823167140563 2.09027691796889 0.986666666666667 3861.10810810811 61.9121621621622 409.020430872137
0 1.29084549816325 0.198502556770109 3.9671017753426 0.88 461.840909090909 16.3333333333333 179.373856435495
0.00289017341040462 1.61939396245094 0.212732022298714 3.66907463353274 0.993333333333333 4423.67785234899 116.026845637584 369.465586325968
0.00289017341040462 1.50557529453208 0.311999485431659 0.888425929985096 0.98 1156.20408163265 11.2517006802721 266.362813963317
0 1.44011132009327 0.38922356388066 1.98271235730499 0.973333333333333 613.616438356164 10.7945205479452 189.805872159595
0.00289017341040462 1.58763883830979 0.386148205399513 1.50265733664855 1 1217.26666666667 16.1133333333333 279.979027229969
0.00289017341040462 1.59588334910577 0.27981767508625 1.77757962672319 0.993333333333333 2881.85234899329 42.6644295302013 399.403639557839
0.00289017341040462 1.6192038349503 0.307990153071023 2.78662091086353 0.993333333333333 2444.71140939597 50.8456375838926 365.223049219274
0 1.29064836045727 0.285632500657812 2.96656819456257 0.906666666666667 399.455882352941 10.1544117647059 172.292011868947
0 1.30943537233397 0.367243177490309 1.06934605038259 0.926666666666667 358.230215827338 3.86330935251799 166.831819850823
0 1.29874658780172 0.39326705718413 2.6948859289987 0.893333333333333 302.597014925373 6.69402985074627 153.307442948307
0 1.25767977200449 0.348749243374914 3.99607116344851 0.806666666666667 296.413223140496 9.62809917355372 148.907613966502
0.00289017341040462 1.46925316314347 0.156524704800366 1.51264264448294 0.986666666666667 2682.38513513513 37.5945945945946 364.655114644592
0 1.37990915840492 0.391734268469736 2.46909458842129 0.966666666666667 444.034482758621 9.17241379310345 170.486699129253
0 1.48173161512241 0.347407106077299 1.19455567130353 0.966666666666667 902.372413793103 10.751724137931 223.683686781962
0.00289017341040462 1.59712544277027 0.205566335887816 1.16647254200484 0.986666666666667 4705.74324324324 53.3716216216216 372.137548509717
0.00289017341040462 1.55260204989463 0.291447083395906 0.702541195671074 0.973333333333333 1815.06849315068 16.2739726027397 337.271891630131
0.00289017341040462 1.51951912529767 0.307463431218639 3.10830135899596 0.993333333333333 1164.60402684564 27.5704697986577 261.383819399833
0 1.29962474824861 0.145351536013186 1.12100718857255 0.906666666666667 821.897058823529 10.0220588235294 228.935289145206
0 1.25354778710753 0.290136592951603 1.80462809780147 0.886666666666667 347.488721804511 6.25563909774436 157.52433525111
0.00289017341040462 1.47166620824994 0.21570832500642 3.30822613196239 0.966666666666667 1464.34482758621 37.3103448275862 287.653882400265
0 1.33874835269526 0.17602945137769 1.09534191282 0.933333333333333 893.678571428571 10.3142857142857 252.559130000093
0.00289017341040462 1.61064373193264 0.190464534993378 2.04332716143438 0.986666666666667 5199.97297297297 83.2364864864865 327.667763686709
0 1.40112712206319 0.263003055867739 3.25453824119177 0.973333333333333 722.301369863014 19.5684931506849 207.65168084883
0 1.37812541108578 0.351411555497907 3.99464669823647 0.926666666666667 495.805755395683 16.4532374100719 174.539993284802
0 1.3353771969676 0.231188947404735 1.82555498695001 0.926666666666667 659.503597122302 11.8057553956835 206.567984632292
0.00289017341040462 1.56375985799866 0.245974324101391 3.95241230405747 0.966666666666667 2364.76551724138 67.1862068965517 372.501329967791
0.00289017341040462 1.61518208862205 0.116340570748267 1.44433348254549 0.986666666666667 5490.56081081081 69.7972972972973 237.580837501574
0.00289017341040462 1.50910486539048 0.135394276904805 3.88040844145492 0.966666666666667 4094.86896551724 116.324137931034 404.085025000232
0.00289017341040462 1.64817189395786 0.154618224070107 2.53151999982627 0.993333333333333 5554.81208053691 105.201342281879 241.113544469902
0 1.26019278643653 0.388553082803264 3.95669603883289 0.853333333333333 310.28125 9.578125 146.656002498543
0.00289017341040462 1.57051545930327 0.382661846565347 0.656665062587557 1 1072.12 8.73333333333333 245.259751064241
0 1.28222779519856 0.199042469030246 3.62917536019813 0.893333333333333 450.731343283582 15.6641791044776 175.028503465158
0 1.37267007939517 0.220727152354084 2.50826989125926 0.913333333333333 688.043795620438 15.6715328467153 214.054416680035
0.00289017341040462 1.54594020951218 0.262453807544199 1.42241935189573 0.98 2491.83673469388 31.8367346938776 382.502647619667
0.00289017341040462 1.50040733146096 0.308225487701559 2.58892286636417 0.986666666666667 991.182432432432 20.5202702702703 241.418270507907
0.00289017341040462 1.42339157527313 0.207077841553837 3.20783674018458 0.96 990.229166666667 25.9652777777778 248.100551632806
0 1.31938081914559 0.247962691960856 3.08016117976513 0.953333333333333 541.888111888112 14.0559440559441 190.481736584475
0.00289017341040462 1.45440040910617 0.242526074801572 2.55764979193918 0.98 1153.82993197279 24.1224489795918 261.954779346653
0.00289017341040462 1.55225257283245 0.223750062295399 1.43036933506902 1 3639.99333333333 45.6933333333333 411.862296677751
0 1.40873855035752 0.388034846703522 1.83307039330248 0.96 529.548611111111 8.375 180.829223389969
0 1.31803531199694 0.169481463567354 3.8247207327513 0.88 563.19696969697 18.2348484848485 192.146428152601
0 1.28340326305479 0.157913204771467 0.761433533160016 0.933333333333333 615.835714285714 6.12857142857143 197.355696989179
0.00289017341040462 1.49009247496949 0.279979676020762 2.62130522624931 0.96 1199.3125 25.9930555555556 276.329444270614
0 1.34155904129148 0.217277553770691 1.71767069678754 0.973333333333333 637.760273972603 10.9178082191781 200.855181397741
0.00289017341040462 1.61735176099464 0.133611737098545 1.39241650258191 0.986666666666667 5414.22972972973 69.3310810810811 243.657403884402
0 1.32464962797239 0.323663056897931 3.76539073791355 0.88 398 12.6590909090909 166.502020272229
0 1.44788475753739 0.293498104368337 1.11530905391555 0.993333333333333 801.657718120805 9.33557046979866 224.21234778544
0 1.49119785847142 0.366327299783006 2.21573291532695 0.973333333333333 816.034246575342 15 219.056314481873
0 1.25735342903063 0.153817237680778 1.54786898428574 0.846666666666667 505 8.63779527559055 194.246791944723
0.00289017341040462 1.48451043836264 0.20030940689764 2.16219268536326 0.966666666666667 1765.7724137931 32.2620689655172 338.561161779305
0.00289017341040462 1.48081510160118 0.260509467544034 2.61495490605012 0.993333333333333 1127.4966442953 23.9664429530201 268.703519505915
0.00289017341040462 1.6499526026746 0.320362177495496 2.26837525852571 1 2685.18 46.1466666666667 391.110382275484
0.00289017341040462 1.64970715418985 0.234384751008282 2.80653450960975 1 5182.3 106.12 382.139330075663
0 1.34077586932108 0.323535042675212 0.677073322236538 0.893333333333333 466.888059701493 4 182.004934969314
0.00289017341040462 1.60516483848918 0.123524078791424 2.01296090298082 1 5604.92 89.6266666666667 255.062012363944
0.00289017341040462 1.64253901965761 0.24383829600695 2.35009186415133 0.993333333333333 4365.55704697987 77.1677852348993 398.877807580519
0 1.46519326958805 0.345477478671819 1.62611417518929 0.953333333333333 737.13986013986 10.8391608391608 207.088705388689
0.00289017341040462 1.50238235394978 0.169439472808562 3.43785321724532 0.986666666666667 2502.52027027027 64.2297297297297 383.064677879679
0.00289017341040462 1.40353915236593 0.100301595130999 2.40577656374378 0.913333333333333 2284.75182481752 45.3284671532847 365.382224822128
0.00289017341040462 1.59580612103962 0.251119843698177 1.9803049758921 0.98 3623.7619047619 56.8027210884354 430.235274007644
0 1.41832466525957 0.344890223676339 3.14132766670082 0.96 522.895833333333 13.4375 184.767200057882
0 1.41485732179135 0.254325049603358 2.39799651468638 0.926666666666667 817.58273381295 16.0575539568345 230.952454429375
0 1.63960972167551 0.122091386467218 3.19326331862248 0.98 5603.72789115646 129.020408163265 232.463553827281
0.00289017341040462 1.63386916500654 0.346143101940895 3.26260495493627 0.973333333333333 1665.33561643836 38.3835616438356 313.511936499907
0.00289017341040462 1.38464980864638 0.162434727401905 1.34514501691292 0.913333333333333 1275.58394160584 16.8905109489051 284.144389693439
0 1.44711391218007 0.298973458074033 1.16282549803145 0.973333333333333 909.561643835616 10.5 232.91189167411
0 1.32103935731575 0.134668097668327 1.04933340079151 0.893333333333333 1012.42537313433 11.9626865671642 255.958325081422
0.00289017341040462 1.60110513636577 0.340069184078193 2.81611642842792 0.98 1500.74829931973 31.1156462585034 294.864317457463
0.00289017341040462 1.57993062557653 0.393645885051228 2.72090055549052 0.986666666666667 913.952702702703 18.722972972973 224.067492680444
0.00289017341040462 1.55626965018197 0.293471666028302 2.24217286400011 0.966666666666667 1812.66206896552 31.9034482758621 337.368071077166
0.00289017341040462 1.50551111784316 0.338426181536566 2.63936242762703 0.993333333333333 882.41610738255 18.5838926174497 220.048878776718
0.00289017341040462 1.43492051205271 0.136967552579174 2.00739779934941 0.973333333333333 2597.73287671233 44.2123287671233 359.685909882006
0.00289017341040462 1.53056517355507 0.321186634798715 2.84063696820758 0.973333333333333 1121.08219178082 23.8904109589041 262.282005419088
0.00289017341040462 1.47837443526253 0.169192194820638 2.9462675884714 0.96 2487.78472222222 55.0208333333333 377.602659975684
0 1.2850889637135 0.176833594194613 1.74811442079954 0.913333333333333 560.678832116788 9.5985401459854 194.595696580451
0 1.34962218319997 0.152505546319298 2.50522728264332 0.933333333333333 865.778571428571 18.8928571428571 238.270667919512
0 1.44335725931451 0.342984690750018 3.12680331885349 0.933333333333333 621.742857142857 15.6571428571429 201.152680519683
0 1.38897751905024 0.342062345286831 1.38117479835637 0.946666666666667 637.69014084507 8.95070422535211 193.155349711151
0.00289017341040462 1.48718542158604 0.146864720014855 1.1130587804364 0.966666666666667 4138.05517241379 45.9034482758621 373.940742726008
0 1.34055092036724 0.33758897560183 1.85931767907459 0.94 485.382978723404 8.24113475177305 167.886364185403
0.00289017341040462 1.60675754556887 0.160031770858115 1.73291932467107 0.953333333333333 5268.97902097902 76.9510489510489 267.08264084426
0.00289017341040462 1.51555008254831 0.303942853646453 0.68853955810468 0.993333333333333 1368.24832214765 11.7919463087248 295.666439472413
0.00289017341040462 1.63372819183351 0.206977274853717 3.89982959460271 0.986666666666667 4637.95945945946 125.074324324324 362.18296479151
0 1.27969751423225 0.236100866785273 3.60812694719061 0.913333333333333 423.401459854015 13.4014598540146 172.664171512453
0.00289017341040462 1.57830789804978 0.251790770536262 3.09614716787557 0.993333333333333 3044.40939597315 67.4832214765101 395.460463529709
0.00289017341040462 1.53073123480404 0.167516071471543 2.1352272840732 0.966666666666667 4225.49655172414 71.751724137931 417.128832481111
0.00289017341040462 1.42211152906764 0.200755926556675 3.45737537276286 0.933333333333333 955.792857142857 27.1071428571429 240.980934984255
0 1.3114830352366 0.297594712954015 0.503593866480514 0.846666666666667 436.661417322835 3.62992125984252 178.888766654232
0 1.37818037141114 0.385039864177816 0.543933783425018 0.933333333333333 478.642857142857 3.83571428571429 179.25918267142
0 1.28163630617782 0.163986511155963 3.98195140645839 0.806666666666667 564.661157024793 19.5371900826446 180.448866136407
0 1.44681583503261 0.288290235423483 0.520864672609605 0.973333333333333 869.58904109589 7.06849315068493 232.343748642773
0 1.36434159949422 0.395944125158712 3.15192313725129 0.933333333333333 422.95 10.7571428571429 163.125650585222
0 1.27730999635532 0.34322919358965 0.930049924761988 0.926666666666667 347.73381294964 3.60431654676259 155.653339924402
0 1.41396734425798 0.378263093577698 2.43972883757669 0.926666666666667 478.064748201439 9.84172661870504 168.255819639419
0 1.25570664573461 0.390209584357217 3.19522936386056 0.833333333333333 285.08 7.76 149.612043501177
0 1.28198096528649 0.209625954506919 2.1814929083921 0.873333333333333 495.480916030534 10.1832061068702 174.041696855185
0.00289017341040462 1.52030427679419 0.335934175224975 3.33520320057869 0.973333333333333 946.246575342466 24.2397260273973 230.955568158941
0 1.28147100144997 0.150674332305789 0.628564779064618 0.926666666666667 655.906474820144 6.23021582733813 211.155643901843
0 1.34605692354962 0.373658554581925 0.504772179177962 0.92 441.608695652174 3.85507246376812 175.631546555846
0 1.34092017924413 0.150478879525326 1.02416880242527 0.926666666666667 1072.56115107914 11.9208633093525 262.26038566046
0.00289017341040462 1.4711853743956 0.136166228815507 3.46057358230487 0.973333333333333 2969.65753424658 76.1301369863014 402.212256080841
0 1.36586778266355 0.393601497914642 1.50844215299003 0.9 441.4 6.54074074074074 170.700153850925
0.00289017341040462 1.46030580848455 0.1233466808917 2.87493842339609 0.946666666666667 3043.85211267606 68.5845070422535 381.738672297027
0 1.32277988661081 0.258941336534917 3.30587590113282 0.946666666666667 499.260563380282 14.5704225352113 182.495641140365
0 1.37527487836778 0.307382023520768 3.20565582916606 0.926666666666667 557.172661870504 15.021582733813 185.125260743676
0 1.35471745301038 0.303628045902588 3.97250153578352 0.94 463.411347517731 15.4042553191489 172.735730788519
0 1.47059500794858 0.379205342079513 1.22591520682909 0.973333333333333 663.369863013699 8.17808219178082 196.367256141747
0 1.34198361579329 0.245195976807736 2.11370787839405 0.92 620.717391304348 11.7028985507246 195.856094947347
0.00289017341040462 1.48154759779815 0.124665602739401 2.92832462760823 0.953333333333333 3505.74825174825 79.1258741258741 374.672500097166
0.00289017341040462 1.58372534644642 0.273315206413681 2.91108335841392 0.98 2622.47619047619 57.6938775510204 400.555357148184
0 1.35068461969495 0.192804249469191 2.93584196502343 0.926666666666667 687.474820143885 16.5971223021583 213.88852596681
0 1.41923825880513 0.355867063906044 2.37039970827755 0.986666666666667 547.351351351351 10.6959459459459 188.264464538476
0 1.46927100652829 0.353663193550892 1.81960177980363 0.973333333333333 703.760273972603 10.8972602739726 209.758010193415
0 1.31641747141257 0.156774408603087 3.49903735623229 0.913333333333333 568.970802919708 17.5255474452555 199.212257213943
0 1.3850012938492 0.332508470513858 0.741745707229711 0.953333333333333 565.398601398601 5.40559440559441 182.836742621223
0 1.34637970626354 0.172840551356785 1.85489546181634 0.92 853.891304347826 14.8550724637681 243.772396739774
0.00289017341040462 1.54474329886453 0.294209315848408 3.11274953281383 0.98 1518.72789115646 35.5170068027211 291.318678950869
0.00289017341040462 1.42508612060919 0.157581337634474 0.788030415773392 0.933333333333333 2375.64285714286 22.3142857142857 364.784819139533
0.00289017341040462 1.42961150094331 0.170218330591692 1.59177958586861 0.96 1998.04861111111 28.375 378.683138951955
0.00289017341040462 1.43891531415284 0.114457411202602 2.58089282677975 0.973333333333333 2972.06164383562 61.5684931506849 383.707920180087
0.00289017341040462 1.56582964397969 0.296446187220263 1.37195902627147 0.993333333333333 1715.63087248322 21.8053691275168 310.558664390569
0.00289017341040462 1.40829065274447 0.131873189355247 0.584389858064242 0.933333333333333 2422.37857142857 20.1 379.514893419599
0.00289017341040462 1.54742393430997 0.247297849742106 0.9319671678947 0.98 2797.63945578231 28.4489795918367 393.984130150142
0.00289017341040462 1.47168299249661 0.264173800052669 0.608193906181978 0.946666666666667 1300.41549295775 10.5915492957746 281.952783883863
0 1.2709633554332 0.319111114414409 0.756882314453833 0.886666666666667 380.240601503759 3.89473684210526 167.058329432513
0 1.2781426506117 0.291151590156369 1.94657054834533 0.853333333333333 373.53125 6.8671875 165.611738650634
0.00289017341040462 1.42228713231161 0.124073911155574 1.46990837529302 0.92 2904.77536231884 39.6014492753623 369.774433840276
0.00289017341040462 1.51243847046685 0.232757256006417 0.904883413379587 0.98 2354.07482993197 23.4149659863946 367.087453391101
0 1.30450218329206 0.29904282852076 3.92695507861208 0.92 393.5 12.6376811594203 161.961788759281
0 1.33472453374416 0.211608095304109 0.914276508265175 0.9 699.688888888889 7.56296296296296 213.77694419244
0.00289017341040462 1.63936822379745 0.297907485369313 3.70646049324055 0.993333333333333 2523.40939597315 65.6644295302013 362.022652583715
0 1.2995408847928 0.33320250173565 1.76472175470553 0.86 391.589147286822 6.94573643410853 164.014060076296
0 1.49637200431898 0.375112818763591 0.868270349688828 0.98 830.190476190476 7.93877551020408 216.107544692412
0.00289017341040462 1.43305115401157 0.123105473871936 1.92804171536491 0.94 3051.01418439716 49.6950354609929 378.790349286291
0.00289017341040462 1.41749459998281 0.17316243003949 0.699038345015437 0.96 1505.88888888889 13.7847222222222 321.032379332118
0 1.31338717350736 0.310327214468271 1.44213954196312 0.92 468.057971014493 6.88405797101449 179.053578111672
0 1.36873202547431 0.268799587688409 1.70811779331416 0.926666666666667 606.640287769784 10.0575539568345 192.535989907177
0.00289017341040462 1.51127608412183 0.127997068992104 1.67448323417576 0.953333333333333 4558.06293706294 65.3706293706294 329.867445353955
0 1.41359641896561 0.261978678265587 3.33432407130022 0.96 774.986111111111 21.2013888888889 218.398183914763
0 1.25426125731319 0.302496866858564 3.58063543902244 0.86 330.240310077519 10.2635658914729 156.774144616894
0 1.41323550632223 0.368215640378185 3.32747959846165 0.94 553.602836879433 14.9007092198582 176.947780959978
0 1.27090736906975 0.385341840819456 2.24629123078194 0.906666666666667 310.889705882353 6.44852941176471 152.924583695152
0.00289017341040462 1.44898367347196 0.160366603126749 2.88349061750341 0.96 1878.6875 42.2291666666667 348.933767386666
0 1.46892167348415 0.282873322092928 1.57864048762713 0.946666666666667 880.978873239437 12.9366197183099 243.995292712521
0 1.3156244658865 0.354219917883165 1.11974753753748 0.946666666666667 382.823943661972 4.63380281690141 163.255282270698
0 1.4844842903316 0.391766964877024 2.36934759863652 0.953333333333333 705.706293706294 13.4335664335664 197.023114479977
0.00289017341040462 1.50437066209961 0.33716006998304 2.05351375445109 0.98 1003.12925170068 17.2312925170068 235.997169463142
0 1.26382332611829 0.267598084337078 0.920305784558877 0.853333333333333 394.9140625 4.703125 176.36961843974
0.00289017341040462 1.41773650922898 0.167492851319079 0.83978099999177 0.94 1918.30496453901 18.6879432624113 358.455905815782
0.00289017341040462 1.48023041794077 0.255025046505034 2.80317003792152 0.973333333333333 1259.41095890411 28.1369863013699 279.257676556131
0.00289017341040462 1.54716624429254 0.173101627533479 3.33230849507339 0.98 4089.36054421769 98.7006802721088 415.394052782172
0.00289017341040462 1.64403254697099 0.397548939217813 1.53164666716475 0.966666666666667 1412.4 18.4758620689655 279.048339034588
0.00289017341040462 1.63221619054993 0.254166944438962 2.13334750128013 1 4177.57333333333 70.4666666666667 372.708742191187
0 1.40873645441607 0.36622418218758 3.37727333430666 0.953333333333333 511.874125874126 14.3076923076923 176.800343552428
0 1.3560980158858 0.154351262212731 3.84765923593659 0.953333333333333 775.405594405594 25.8251748251748 215.695857640586
0.00289017341040462 1.35655763276741 0.119513237407574 3.08856472871001 0.913333333333333 1262.26277372263 32.0948905109489 267.819758330327
0 1.25405207313597 0.164362577185966 3.69807242730167 0.886666666666667 438.390977443609 15.218045112782 172.158480051259
0 1.26946213804185 0.361369283287786 2.79525802109856 0.926666666666667 313.748201438849 7.60431654676259 150.156511894383
0 1.33774875132367 0.102831143001094 0.777250733808614 0.9 1489.40740740741 14.3333333333333 314.76671319947
0.00289017341040462 1.49061625736472 0.122047606676998 2.04817580823321 0.96 4643.42361111111 77.9791666666667 370.193077812735
0 1.40758385201916 0.335445177578367 0.616663035005331 0.98 685.789115646259 5.93197278911565 203.735421933207
0.00289017341040462 1.53962254718094 0.165922554285571 2.68304108404147 0.966666666666667 4515.88275862069 89.4827586206897 389.704626464733
0.00289017341040462 1.47598640294746 0.232334785559215 3.31353840802331 0.98 1331.10204081633 35.0272108843537 280.878985722358
0 1.31625331100076 0.161835568677634 1.72005337150767 0.926666666666667 792.294964028777 13.0719424460432 225.555624866431
0.00289017341040462 1.64538569378896 0.155227661454713 1.955511817524 0.986666666666667 5541.9054054054 85.277027027027 243.447454060507
0 1.29023116314784 0.387155832746066 2.53341053787153 0.92 353.195652173913 7.52173913043478 156.193588683251
0 1.31755775203928 0.255571339977905 0.690129939001054 0.92 501.86231884058 4.63768115942029 186.738753612814
0 1.32274985108525 0.109742341097444 1.94706941663753 0.906666666666667 960.5 17.3897058823529 236.947488067045
0.00289017341040462 1.53432189263403 0.231488265027292 2.16610622813459 0.973333333333333 2510.56849315068 43.3767123287671 388.945932344195
0 1.40188188860193 0.333990502753295 3.86552021093667 0.96 522.097222222222 16.0277777777778 183.430484958899
0.00289017341040462 1.57566003593012 0.190074207259968 2.41740403072814 1 4527.1 82.9733333333333 378.712730233273
0.00289017341040462 1.51886709067996 0.288040252230905 0.781934484266506 0.953333333333333 1561.05594405594 14.1818181818182 322.319933209916
0.00289017341040462 1.57441564234711 0.11308148031459 2.94047597498556 1 5131.09333333333 111.973333333333 292.785026036311
0 1.31952836504206 0.368958188570105 2.46820096438751 0.886666666666667 359.451127819549 7.44360902255639 157.239152551434
0 1.38698172718287 0.185118904104456 3.11638469132595 0.906666666666667 873.286764705882 22.1544117647059 233.458506156425
0.00289017341040462 1.62950676970133 0.143513746578078 3.54860788269315 0.98 5415.98639455782 135.857142857143 267.61260990103
0.00289017341040462 1.4706312689303 0.252552469668177 2.07565152808802 0.953333333333333 1348.06993006993 23.6853146853147 282.926548363591
0 1.31108885901049 0.210339390393347 3.69765527953859 0.886666666666667 564.157894736842 17.1278195488722 187.188820129958
0.00289017341040462 1.42663683168961 0.23104590437923 2.45632426068773 0.96 924.069444444444 19.75 244.942819738841
0 1.2608750872314 0.105481278873049 3.55186867597513 0.813333333333333 502.622950819672 16.8934426229508 196.08615285064
0.00289017341040462 1.58769643236137 0.27196737473349 3.56372896528276 0.98 2240.19047619048 58.0544217687075 350.728713829429
0 1.29941323017702 0.166496421629563 2.91595262149349 0.9 613.903703703704 16.2888888888889 191.118125400914
0.00289017341040462 1.51189024558595 0.139032522375416 2.41709158533536 0.98 4473.58503401361 84.891156462585 388.479154340969
0.00289017341040462 1.47602469066173 0.120659493896923 3.26971349992324 0.94 3583.12765957447 87.7375886524823 422.023333688716
0.00289017341040462 1.47067497191948 0.129469842220398 2.0808852330488 0.966666666666667 3511.72413793103 59.6758620689655 384.973941245059
0 1.39620900014415 0.271848993212916 0.871585903340019 0.94 722.723404255319 7.07801418439716 213.51971859954
0.00289017341040462 1.61297378430469 0.261204229892399 0.872095793859237 0.986666666666667 3955.85810810811 37.6621621621622 411.16831047187
0.00289017341040462 1.61823514584884 0.166976495247633 3.50070117485024 0.993333333333333 5175.64429530201 129.973154362416 328.553433263542
0.00289017341040462 1.44225677056238 0.162343862443231 3.0120246745646 0.966666666666667 1884.08275862069 45.6206896551724 330.361762116833
0 1.38336842851713 0.258828215207905 2.577245620545 0.953333333333333 719.244755244755 15.7902097902098 208.351957595522
0.00289017341040462 1.57361604849197 0.27993853245257 3.25182056662441 0.973333333333333 1836.60273972603 43.3630136986301 350.567219570636
0 1.3181399221532 0.31217697574757 1.42652796115726 0.9 420.2 6.40740740740741 172.366312755862
0 1.28212897824124 0.313962180865929 3.1278494275175 0.853333333333333 326.6484375 7.9765625 157.503765799912
0 1.31809021020308 0.164446647884324 0.978993515134789 0.893333333333333 823.544776119403 9.30597014925373 233.526285464343
0 1.37828191481531 0.297895993967541 2.10386311181355 0.953333333333333 548.909090909091 9.79020979020979 185.363065132404
0 1.3387135357596 0.114907484687865 3.4503862336278 0.913333333333333 816.182481751825 23.6496350364963 240.491584957696
0.00289017341040462 1.41370043657501 0.134444548825289 2.85643863388701 0.94 1524.1914893617 34.0496453900709 312.39559187431
0.00289017341040462 1.4328498608256 0.25656559636132 0.838367534735922 0.953333333333333 1104.17482517483 10.8881118881119 256.108476243868
0 1.36583398757502 0.189949012966827 3.62733401369769 0.926666666666667 766.604316546763 22.6978417266187 217.196658996832
0.00289017341040462 1.54840302174376 0.229770275396493 1.39840435519242 0.98 3350.75510204082 42.2585034013605 399.856251265971
0.00289017341040462 1.5231392719585 0.278104710060181 0.668483321926997 0.96 1774.56944444444 15.2638888888889 337.452002668276
0 1.26210021702573 0.175030551059172 1.27173242752906 0.906666666666667 495.139705882353 7.07352941176471 188.57622772691
0 1.37323239669204 0.372667775140144 3.78475970774889 0.92 443.63768115942 13.5869565217391 164.596048394418
0.00289017341040462 1.38697989079162 0.138507720007321 2.36062296801968 0.953333333333333 1352.34965034965 27.1748251748252 289.232270651116
0 1.32662208862603 0.251044581411406 0.783892538398504 0.92 567.086956521739 5.85507246376812 192.09831471123
0.00289017341040462 1.56550958318493 0.240686984456619 2.56316505516107 0.986666666666667 2936.60810810811 56.4594594594595 409.849796454028
0.00289017341040462 1.59818991583672 0.330621044630155 0.707856044459626 1 1966.29333333333 16.86 356.712243831366
0 1.314396938961 0.200546300364658 3.96013214904815 0.933333333333333 525.985714285714 18.2571428571429 185.706810079225
0.00289017341040462 1.60646039042109 0.194047392076292 3.78906764816129 0.973333333333333 4342.27397260274 115.130136986301 360.952180762446
0.00289017341040462 1.55656697999448 0.361071802211369 3.09541783766755 0.986666666666667 1001.66891891892 23.6486486486486 236.619155372831
0.00289017341040462 1.4998222453662 0.121248658256644 1.4397281668188 0.966666666666667 4469.31034482759 57.4758620689655 358.971377328026
0.00289017341040462 1.58034384195472 0.360834584250821 1.81719588108759 0.993333333333333 1359.40939597315 20.4362416107383 274.709090483979
0.00289017341040462 1.56177995379141 0.269669672253259 0.679819907358124 0.993333333333333 2796.60402684564 23.9664429530201 405.532746118922
0.00289017341040462 1.59174357740254 0.300238041056456 1.35420342399155 0.986666666666667 2359.66891891892 29.027027027027 366.775150712748
0 1.38924543429166 0.253074448555708 3.27268490230199 0.953333333333333 629.531468531468 17.958041958042 202.126367922487
0.00289017341040462 1.46161531417121 0.246614938931091 1.59293104246211 0.973333333333333 1369.56164383562 19.2671232876712 289.17172317889
0 1.26218042587861 0.354695680225268 2.051139518735 0.866666666666667 324 5.93076923076923 157.284161734087
0.00289017341040462 1.52593919180193 0.203977824305378 1.96267172576359 0.98 3254.38095238095 51.3945578231293 404.475588895103
0 1.29928162265569 0.368029956077226 1.92090655688662 0.913333333333333 346.416058394161 5.75912408759124 162.506803901452
0.00289017341040462 1.54362933890511 0.240346499384277 0.594270291991693 1 2933.58 23.2333333333333 430.527283497389
0.00289017341040462 1.56097631167597 0.145849412399023 2.02068305494406 0.98 4936.10884353741 80.6122448979592 311.184807981379
0 1.41171242855489 0.245969278272241 2.03708812349942 0.966666666666667 805.310344827586 14.2758620689655 226.77984600703
0 1.35674545085058 0.295563350967132 1.33667315577623 0.953333333333333 599.06993006993 8.29370629370629 195.336525329767
0.00289017341040462 1.5729708649515 0.389850609928485 3.18120700359102 0.973333333333333 906.671232876712 21.1232876712329 222.94976963316
0.00289017341040462 1.46674674386159 0.113964283373207 1.99049491714686 0.966666666666667 3893.17931034483 64.2620689655172 386.22062540714
0.00289017341040462 1.54388772928867 0.156566699489976 2.29963620251326 0.973333333333333 4663.12328767123 85.027397260274 367.856071170433
0 1.29041806822643 0.128721922403201 3.2203412988456 0.833333333333333 709.8 20.44 212.257869388089
0 1.2618045645766 0.202621564106084 3.25210555887315 0.846666666666667 434.047244094488 13.244094488189 177.341947526908
0 1.29538501026109 0.205075827124529 1.65574858628679 0.886666666666667 514.127819548872 9.06766917293233 191.144358963461
0.00289017341040462 1.39110475471287 0.156379264665315 1.28414729368756 0.98 1487.25170068027 19.2448979591837 301.649792360885
0 1.37321195947006 0.387760880356655 2.91594098461792 0.906666666666667 458.683823529412 10.7352941176471 169.783186756789
0.00289017341040462 1.55427573589429 0.249569701079065 1.18239041328932 0.986666666666667 3005.08108108108 34.0945945945946 418.954175052474
0.00289017341040462 1.49025528875695 0.168707432850988 3.3356049082334 0.973333333333333 2612.99315068493 65.8287671232877 384.72571594603
0.00289017341040462 1.5878725051931 0.193913451402104 3.60008321385361 1 4321.70666666667 111.92 400.664433610057
0.00289017341040462 1.39111172292675 0.152240418885947 2.41014659150936 0.94 1189.01418439716 24.3687943262411 277.51121591103
0.00289017341040462 1.61137534041232 0.351212300894717 1.25139104005356 0.98 1802.57142857143 21.0136054421769 316.406064519243
0 1.6442286496982 0.104751465516165 2.23208877455909 0.966666666666667 5601.64827586207 97.1793103448276 213.474144510847
0 1.42065049773082 0.214019630104303 3.07930534135085 0.92 1011.84057971014 25.3985507246377 255.08020413065
0 1.36181534091011 0.296885161590763 3.22904135950375 0.926666666666667 455.784172661871 12.5107913669065 175.980347685408
0 1.5388210022822 0.394721813313663 2.40162950975355 0.966666666666667 862.455172413793 16.151724137931 208.851887117997
0.00289017341040462 1.41870911189934 0.126168765674721 2.22002446291058 0.953333333333333 2344.61538461538 42.3496503496503 379.371619966738
0 1.47367383148521 0.394285088637844 3.87738371628802 0.946666666666667 616.774647887324 17.5281690140845 186.571866640718
0 1.3372159473598 0.217951260902919 3.54879569332115 0.94 555.914893617021 16.2978723404255 190.167142668088
0.00289017341040462 1.51944758287381 0.241823798296683 3.91459610528113 0.973333333333333 1539.85616438356 45.0205479452055 304.66817012372
0 1.31138009689748 0.367119642277248 3.60956110083498 0.933333333333333 311.335714285714 9.04285714285714 152.069263854987
0 1.30520133897662 0.110784764797427 1.74256002437323 0.9 930.807407407407 15.1333333333333 238.368992458799
0 1.40157843129709 0.284433009452187 2.27166304213461 0.96 722.986111111111 14.2152777777778 206.042413311031
0 1.38518205322325 0.198738895915449 2.50653963454533 0.926666666666667 885.10071942446 19.294964028777 234.814417515236
0 1.27028401745483 0.220288896234706 1.41220865293872 0.86 422.790697674419 6.4031007751938 172.349414051429
0 1.31747987354174 0.117919301707298 0.684037476428784 0.886666666666667 1171.27819548872 10.4285714285714 287.693832155965
0.00289017341040462 1.64276487391305 0.398234798374382 0.501655995409486 0.993333333333333 1722.93959731544 12.4563758389262 309.197406242383
0.00289017341040462 1.44734355531359 0.163486190304654 2.3644786354234 0.98 2071.49659863946 39.3945578231293 360.110724295485
0.00289017341040462 1.61306907164337 0.194103601944312 3.9449098678631 1 4820.72 134.76 353.199528896285
0.00289017341040462 1.59253835063428 0.226692909281701 2.72003496834077 0.986666666666667 4090.7027027027 82.3716216216216 414.925456753178
0.00289017341040462 1.41723001021892 0.197399305040017 3.18025529070292 0.953333333333333 963.888111888112 24.6783216783217 247.124676123383
0 1.53186220526695 0.375715407123789 2.6354779296089 0.96 817.840277777778 16.8263888888889 220.087543001669
0 1.27234194418415 0.320845640520565 3.66388771426864 0.866666666666667 315.653846153846 10.2307692307692 150.865200706571
0.00289017341040462 1.59637408909302 0.184815280132897 3.45237722097418 0.98 4650.57142857143 115.30612244898 365.104281862536
0 1.39687020238489 0.267076512868516 3.63981559441891 0.986666666666667 672.743243243243 19.7432432432432 198.749563248157
0 1.35889224288985 0.347899949620478 2.86598481901456 0.96 409.993055555556 9.84722222222222 166.567041946743
0.00289017341040462 1.53641168286028 0.227226672817852 1.24093969727709 0.993333333333333 2988.24161073826 35.3758389261745 397.768626684285
0.00289017341040462 1.61213987078518 0.334352923184633 2.39892821200192 0.993333333333333 1868.26845637584 34.1140939597315 315.718362200196
0 1.49651207439601 0.377720834803768 1.55877952405717 1 764.72 11.28 205.696047514353
0 1.39529408551753 0.388168285065331 1.96851699892431 0.926666666666667 451.589928057554 7.86330935251799 175.509151920908
0 1.47569580124691 0.340142899937928 2.17368235567119 0.98 764.619047619048 14.108843537415 215.781698203238
0.00289017341040462 1.5986654130742 0.310476227384061 0.949283233727328 0.986666666666667 2417.33108108108 23.6418918918919 379.987731061429
0 1.51065342593938 0.339852511975914 1.34057802916504 0.946666666666667 937.87323943662 11.5422535211268 234.811355323666
0.00289017341040462 1.59559813318774 0.243638457148336 1.65409565530717 0.98 3958.52380952381 55.9319727891156 420.876731286339
0.00289017341040462 1.57318769830537 0.361979804379863 3.09921507576028 0.98 1082.02721088435 25.7074829931973 240.882349001413
0 1.35303374798968 0.215053368266672 1.54283764178399 0.966666666666667 692.937931034483 10.6689655172414 203.382038438958
0.00289017341040462 1.4962897274471 0.254443113433987 1.09935360598407 0.96 1502.23611111111 16.7638888888889 301.522292801236
0 1.34706275239587 0.188555379910395 3.75471776642371 0.946666666666667 593.330985915493 19.056338028169 201.750294481411
0 1.30578629430383 0.244708353863098 3.30603998026345 0.92 443.710144927536 12.9347826086957 169.723293293085
0 1.38411924904212 0.264190278341994 0.677148173097521 0.953333333333333 755.132867132867 6.41258741258741 224.887040769604
0.00289017341040462 1.55855299741797 0.150554334122374 1.99257327756844 0.96 5117.80555555556 83.6041666666667 343.539567761097
0.00289017341040462 1.33723126733676 0.11477681088727 1.68511347984895 0.94 1238.21276595745 19.7021276595745 279.340206794927
0.00289017341040462 1.46101713618264 0.208029860071838 3.97056162951048 0.953333333333333 1302.97902097902 41.0769230769231 274.498807482186
0 1.26854324517772 0.121570568182506 2.86728530668188 0.833333333333333 535.568 15.016 194.752314483535
0 1.31494384501129 0.274112137802877 0.817680488573387 0.933333333333333 480.014285714286 4.75 179.200787862051
0.00289017341040462 1.51243966445327 0.207251974963583 1.31908918078989 0.993333333333333 3074.76510067114 37.1879194630872 410.358006665129
0.00289017341040462 1.54504141197914 0.182191793977807 1.64086803595253 0.993333333333333 4443.30872483221 61.0402684563758 394.434554746875
0.00289017341040462 1.63947612848133 0.219742242270149 3.71919452992734 0.986666666666667 4513.18243243243 117.108108108108 372.649221922847
0 1.28950555026531 0.196200103010051 2.34106671833433 0.893333333333333 505.477611940299 10.7835820895522 183.984458489421
0 1.27933416999877 0.354922525538132 1.98070303152781 0.873333333333333 331.885496183206 6.46564885496183 155.91964442154
0.00289017341040462 1.54484244029569 0.242906355341126 3.99693807485079 0.986666666666667 1827.81756756757 53.0472972972973 335.836184682323
0 1.25740237236023 0.157643146626651 1.84507457201835 0.893333333333333 480.164179104478 8.52985074626866 191.030377348211
0 1.37297456962988 0.258487376011908 3.04878988594282 0.96 573.625 14.1736111111111 193.773008609235
0.00289017341040462 1.57903230801461 0.131473845698957 1.1352840741986 0.973333333333333 5461.67808219178 61.9041095890411 271.900194641797
0 1.4933875022456 0.397560573858209 0.83148383826483 0.966666666666667 613.08275862069 6.03448275862069 198.064637028415
0.00289017341040462 1.42476964482679 0.220393485515468 1.16628881670093 0.96 1307.04861111111 15.5138888888889 288.34071669861
0 1.32084718793631 0.205496508488432 1.11795690434519 0.946666666666667 610.704225352113 7.70422535211268 204.02046943782
0.00289017341040462 1.61970613894437 0.135316052257175 2.18396045029215 0.993333333333333 5576.19463087248 95.8523489932886 246.443600089666
0 1.38565904321149 0.377138833515346 2.24208598420955 0.933333333333333 468.842857142857 9.17857142857143 173.359799157626
0 1.47793655181304 0.321033921674825 1.25189632026013 0.966666666666667 897.862068965517 11.5241379310345 231.839140883241
0 1.37212510304526 0.359049958363175 1.18502018973231 0.94 465.985815602837 5.87943262411348 179.138857002187
0.00289017341040462 1.58381412737247 0.388066196733772 2.89766370666764 0.98 1008.48299319728 22.2585034013605 225.876990747557
0.00289017341040462 1.54097796316612 0.18696367555627 2.34284455898322 1 3690.98 67.74 428.805760605947
0 1.428450626228 0.386629532906227 2.72363771160599 0.913333333333333 539.489051094891 11.9124087591241 177.362522388645
0 1.31564039476216 0.222090830584057 3.92916009377223 0.94 485.028368794326 16.7801418439716 184.17027670552
0 1.30877562351525 0.36699555546511 1.18846220639534 0.933333333333333 380.85 4.55714285714286 162.180037798476
0.00289017341040462 1.60256602605182 0.312852842091452 2.52502006343328 0.98 1863.80272108844 34.9591836734694 325.767818194881
0.00289017341040462 1.5506881358102 0.257336907763965 2.7048306822544 0.966666666666667 2122.59310344828 44.5655172413793 339.716226883649
0.00289017341040462 1.52534478585112 0.131248814579224 3.1589479427204 0.973333333333333 4167.76712328767 99.2534246575343 352.085098644396
0 1.42412127917632 0.331340494146571 0.95204406126868 0.966666666666667 684.337931034483 7.43448275862069 202.445904703463
0.00289017341040462 1.50668934610914 0.327135608734898 1.52409470747021 0.953333333333333 1073.23776223776 14.8881118881119 236.595896481051
0 1.26453587608412 0.27022421779111 1.9060139459325 0.88 404.75 7.63636363636364 164.121631143484
0.00289017341040462 1.43281852714717 0.220997317018919 2.50272268638946 0.973333333333333 1054.83561643836 22.2739726027397 254.5335078962
0 1.35410038121045 0.362226268765517 3.97580538166221 0.933333333333333 434.107142857143 14.5785714285714 169.294374453046
0.00289017341040462 1.54320557604891 0.221452374287551 1.98000947957051 0.986666666666667 3458.36486486487 55.4121621621622 413.053364096313
0 1.37095413981006 0.360226054559462 2.84940846380778 0.946666666666667 410.739436619718 9.26056338028169 168.471224951652
0 1.44567984836176 0.28857517298311 2.91731024801265 0.98 751.544217687075 18.469387755102 208.993064156487
0.00289017341040462 1.59129579657334 0.215765738279625 2.33022466641245 0.973333333333333 4350.67808219178 79.6369863013699 378.453316557951
0.00289017341040462 1.6383536317248 0.140476857558526 2.62508389748937 0.986666666666667 5439.5 109.074324324324 231.519944603763
0 1.25604027928784 0.17560593476519 1.64330349222291 0.853333333333333 506.765625 8.6640625 182.156475763548
0.00289017341040462 1.53013900034726 0.183878741231023 2.32597085347433 0.96 3815.75 68.8541666666667 381.961152754108
0 1.36210393114015 0.321213434170932 2.69439288484864 0.94 453.042553191489 10.709219858156 171.71531706907
0.00289017341040462 1.4902192856811 0.120794727474044 2.45006181436253 0.96 4433.31944444444 85.4305555555556 392.33086060845
0.00289017341040462 1.55824814662678 0.245883395624247 0.534949067991223 0.986666666666667 3539.42567567568 26.8783783783784 430.004084307215
0 1.29559626514092 0.258365512499586 3.79528361151461 0.873333333333333 380.396946564885 12.1068702290076 170.01090116632
0 1.30957857761532 0.276736457133666 3.57396757369861 0.873333333333333 400.259541984733 11.8015267175573 167.785521903194
0 1.3212628826499 0.241250064293854 0.995118222665042 0.866666666666667 549.738461538462 6.68461538461538 194.344782806577
0 1.28975304542109 0.187105436250567 1.35916599433403 0.92 602.065217391304 8.95652173913044 201.367108486644
0.00289017341040462 1.47033245335847 0.270363333133037 3.56459347539093 0.953333333333333 920.391608391608 26.3216783216783 228.021187698889
0 1.32988016400486 0.373053119098768 0.61539921653457 0.92 381.195652173913 3.05072463768116 159.653836016115
0.00289017341040462 1.53552791378701 0.179081142167789 2.11926278531671 0.993333333333333 3977.38926174497 66.8926174496644 387.968833793078
0.00289017341040462 1.43179066125304 0.248142632213421 2.34172492136713 0.94 1019.42553191489 19.6524822695035 246.513956144298
0 1.40320515595376 0.378669368824922 2.01696247886866 0.953333333333333 516.734265734266 9.17482517482518 176.074726614156
0 1.34790499117225 0.362877181451768 1.13930971210357 0.96 452.020833333333 5.40972222222222 172.00770341053
0 1.28612950174138 0.171747960918583 3.51500671473332 0.84 522.944444444444 16.8015873015873 181.44286818053
0.00289017341040462 1.48550671394203 0.279609251029724 1.16627154502959 0.98 1137.84353741497 13.3945578231293 257.211758627575
0.00289017341040462 1.55736855592359 0.352904020678336 1.93818306408118 0.993333333333333 1039.79194630872 16.8053691275168 247.431466131401
0.00289017341040462 1.57992874250548 0.138246802707888 2.4775535062864 0.986666666666667 5284.08108108108 100.033783783784 293.8369752308
0.00289017341040462 1.5939087621292 0.155549928897472 3.7267349495062 0.98 5130.65986394558 134.183673469388 352.215325198783
0 1.3775049334392 0.360873008961789 0.682310044998303 0.933333333333333 490.328571428571 4.21428571428571 186.04156347481
0 1.3315643414855 0.271677574981004 0.629170109285042 0.926666666666667 525.89928057554 4.87769784172662 194.34401044006
0 1.25723690530285 0.15896491673775 1.69342122052331 0.92 529.123188405797 9.07971014492754 194.495778619035
0.00289017341040462 1.49575276878522 0.136076767708924 0.739950463631945 0.973333333333333 4777.95205479452 41.7260273972603 383.334958961311
0 1.34274120684713 0.221830551885068 3.53509329026565 0.94 532.86524822695 16.5815602836879 193.916608904151
0 1.36032504830509 0.325766351190396 1.69220775354188 0.966666666666667 490.386206896552 7.49655172413793 181.14780074155
0.00289017341040462 1.60049800814915 0.305655877210492 1.18873368699807 0.966666666666667 2408.02068965517 26.8620689655172 380.97246593585
0 1.29891345063224 0.266712199454196 3.2174903099658 0.893333333333333 425.305970149254 12.6044776119403 169.290246440079
0 1.35375174935907 0.249694110685959 2.5454586140113 0.973333333333333 580.335616438356 13.3972602739726 189.644483795594
0 1.44390121651813 0.282561956811696 0.573021425982006 0.953333333333333 941.524475524476 7.74125874125874 245.408132407738
0.00289017341040462 1.48524337472653 0.199022889296347 1.23796535075414 0.96 2370.97222222222 28.0972222222222 388.359601174517
0 1.36569056054577 0.329422871861607 3.3055466680089 0.94 490.893617021277 12.9503546099291 180.540360314078
0 1.33161249859259 0.375358021701686 0.857563738012686 0.906666666666667 403.860294117647 4.19852941176471 166.294011051386
0.00289017341040462 1.60414722009606 0.237410200320101 1.03059196134884 0.986666666666667 4373.80405405405 45.277027027027 397.366168717586
0.00289017341040462 1.42466486992115 0.196113634206617 2.79533374057715 0.96 1196.89583333333 27.6875 274.848880603283
0.00289017341040462 1.5359628447826 0.142729703555091 1.09032143597017 0.96 5083.375 55.4305555555556 317.392558876224
0.00289017341040462 1.55776282490068 0.130203956078217 1.69490615463476 0.953333333333333 5124.13286713287 73.5664335664336 288.119051403904
0.00289017341040462 1.5642521219328 0.27383399636019 2.34509318484925 0.993333333333333 2089.3355704698 37.6845637583893 356.223256374947
0 1.41420536544174 0.31915694756899 3.5926002120832 0.96 598.472222222222 17.3680555555556 189.63514499747
0 1.29579002214596 0.19724432323128 1.78364954679273 0.886666666666667 554.954887218045 9.71428571428571 195.805643535696
0.00289017341040462 1.59725604888862 0.36981923270668 2.91073487734485 0.993333333333333 1245.71812080537 26.5906040268456 262.451707984305
0 1.33137394990772 0.273925695568323 2.56726779101882 0.9 464.651851851852 10.4518518518519 177.266667247509
0.00289017341040462 1.52587899097067 0.252629961801189 2.17434300034626 0.993333333333333 1837.44966442953 32.0872483221477 333.883349980531
0 1.31409857850522 0.336750610452145 0.835116745322011 0.906666666666667 392.786764705882 3.96323529411765 166.018252043399
0.00289017341040462 1.43251609941944 0.12272634615656 3.78142427606508 0.933333333333333 2167.65 63.9071428571429 361.035052162321
0 1.32764421468601 0.314373644022271 3.8452674204018 0.953333333333333 426.496503496504 12.8041958041958 169.95226091157
0.00289017341040462 1.44331145341737 0.286409708554209 3.00920809866305 0.966666666666667 807.510344827586 19.8 222.082489821586
0 1.30312720499933 0.154057970480062 0.779774312512018 0.906666666666667 786.639705882353 7.73529411764706 225.14183036366
0 1.35847245426849 0.232038519927301 2.99010381451808 0.886666666666667 584.887218045113 14.9172932330827 192.825466881238
0.00289017341040462 1.38871518839151 0.145140440925024 2.59827189089265 0.913333333333333 1404.67153284672 30.8686131386861 295.914361685631
0.00289017341040462 1.58084352001359 0.398619498311809 1.40642444076614 0.993333333333333 1141.71812080537 14.3557046979866 257.100606608447
0.00289017341040462 1.50660810821726 0.118297713416179 2.6637402607571 0.96 4112.34722222222 84.0833333333333 361.435816688632
0 1.30050173038617 0.356359536410309 2.37869047524873 0.873333333333333 359.091603053435 6.83969465648855 156.829709988025
0 1.48847670005634 0.358916269941255 3.53603364271112 0.966666666666667 741.758620689655 20.0275862068966 205.670816603186
0 1.27363731330261 0.240846907463856 1.69868596468586 0.913333333333333 463.138686131387 7.53284671532847 176.466278118685
0.00289017341040462 1.36929887708727 0.151562916263394 2.63502613036467 0.94 1070.43971631206 23.7872340425532 269.566811618394
0 1.27257031612098 0.174332372751087 1.89330221829005 0.84 506.134920634921 8.96825396825397 190.227349998274
0 1.29448531242087 0.226486771041527 1.33716231118888 0.88 526.757575757576 7.06818181818182 180.795275813697
0.00289017341040462 1.60778917020708 0.260675866376796 3.15060127488658 0.98 2980.74829931973 68.2312925170068 412.1192481495
0.00289017341040462 1.63736779570638 0.236170884255021 3.77553526353446 0.98 4174.79591836735 109.755102040816 398.81105564761
0 1.30085682002828 0.179271101509221 1.29464626102708 0.893333333333333 632.402985074627 8.98507462686567 203.477707837854
0 1.32380128419027 0.10517678912729 3.77187092846725 0.866666666666667 853.738461538462 28.1 235.636979581314
0 1.29841595785692 0.221927693113685 3.26208749960642 0.893333333333333 465.679104477612 13.7089552238806 179.903788958174
0 1.29234739542007 0.202478384994902 1.66758048627526 0.933333333333333 517.971428571429 8.31428571428571 190.533904367041
0.00289017341040462 1.55976077476516 0.261150147393346 3.25510020938236 0.986666666666667 2087.22297297297 50.1554054054054 361.74689567289
0.00289017341040462 1.44198427292369 0.184448089891506 3.30190935294323 0.953333333333333 1225.86013986014 32.0769230769231 281.945851584791
0 1.37893758621067 0.263359009032138 3.90049298817758 0.96 595.069444444444 19.5694444444444 197.849558813346
0 1.30972040770575 0.209104842925444 3.25487392023206 0.933333333333333 535.007142857143 15.7785714285714 186.915283806645
0.00289017341040462 1.48464365275577 0.261936843418516 3.55860103142913 0.966666666666667 1098.11724137931 30.0551724137931 258.361246351666
0.00289017341040462 1.55777063388377 0.23525124990847 3.78668923617806 0.993333333333333 2338.1610738255 62.0134228187919 373.22499580777
0.00289017341040462 1.59044700205507 0.202705191384521 1.37095448883094 0.953333333333333 4822.23776223776 59.6503496503497 348.898510243712
0 1.40550488429144 0.393243401637301 1.27508183242753 0.973333333333333 527.013698630137 6.46575342465753 179.461790212504
0 1.33802530542016 0.184651297354139 0.917274113628082 0.92 748.04347826087 8.23188405797101 218.378773066392
0 1.32205346431583 0.1853342250688 2.75496451638173 0.92 601.239130434783 14.9130434782609 207.724528496532
0 1.63414201065898 0.121328497002833 0.632714643725194 0.966666666666667 5637.11724137931 46.1931034482759 209.44178615128
0 1.26618437636644 0.225077439798042 1.38292450283188 0.893333333333333 430.05223880597 6.11940298507463 177.397456174425
0 1.29343729456887 0.358263834821992 1.029873458785 0.88 359.939393939394 4.13636363636364 160.887682579767
