0.00337837837837838 1.43127178654531 0.191250846342735 0.841723447223262 0.830363584166506 2.80864678956274 8.07497073358222 4.82081905554004 0.0386135635069664 5.38754850027598
0.00337837837837838 1.33131223949604 0.263401960209012 0.875721752422396 0.751817092113197 2.89026890276 6.69984001407799 3.44284662012866 0.0385039904907455 4.1875626910542
0.00337837837837838 1.4685490459898 0.370188338104854 0.721068141094333 0.768040752933475 2.31014799395978 7.76224152660918 4.40142068178052 0.0347067583859301 5.02956608175569
0.00337837837837838 1.43463910613209 0.189785133698024 0.8916732695885 0.723179313819855 2.53110100887716 8.40122488744814 5.06716771383077 0.0356481804171217 5.88533745417996
0 1.58320914625656 0.246024849731475 0.674441117141396 0.889189172443003 1.55875578196719 8.67306239373746 4.98657026231362 0.0250597543653487 6.28823023829281
0.00337837837837838 1.372664095534 0.238663905210821 0.745695176552855 0.601348187793552 2.02965196527451 7.62628137677028 4.38017306602456 0.0389253990033942 4.83068130277638
0 1.16407883642241 0.308790395176038 0.602901798835956 0.683496918389574 2.7882520891726 5.73038206949627 2.47763389045892 0.0386677956534011 3.32909408776081
0.00337837837837838 1.45841010564672 0.145843338516479 0.714185930167061 0.745781581442332 1.68525678228146 8.58548972856467 5.15249398727703 0.0322900630599875 6.13966157849907
0 1.25863638692535 0.262178744096309 0.741569911618717 0.789517356455326 1.12713817832991 6.65060241156518 2.7008817116236 0.019260080365803 4.05488572548155
0 1.64333984497935 0.136938961222768 0.75083809888456 0.581204698886722 1.74214190803468 8.62885978192292 5.35075167639646 0.0376995128815116 6.49828214947643
0.00337837837837838 1.34698028685525 0.267088550329208 0.903102210734505 0.379549433570355 1.65083687845618 6.95088318427403 3.40831484943102 0.0289389067524116 4.15944096342993
0.00337837837837838 1.47865611900117 0.169879495729052 0.774747196876117 0.842145222568073 2.80390919853535 8.44856453930764 5.32819974102991 0.0441410628985155 5.94096041493421
0 1.61632921043783 0.146934035560116 0.893091699597426 0.540801604650915 1.25163554260507 8.60460391394418 4.82996754142786 0.0229454327150937 6.33419792995818
0.00337837837837838 1.3384609820554 0.282931760791689 0.691575470473617 0.432642065361142 1.56137330876663 7.41188960031555 4.07870566833765 0.0356793234883673 4.56434819146784
0 1.20882020026911 0.208325383276679 0.656238250085153 0.366233403375372 1.51409556576982 6.07022438096863 2.6600005034605 0.0330338040222507 3.50433320229787
0.00337837837837838 1.48563753644044 0.311779910766745 0.908124090800765 0.768769542693776 2.15860199814562 8.29907864012347 4.64374966795557 0.0258529911695203 5.70744243548769
0.00337837837837838 1.18138317372785 0.148148482306432 0.649849655983954 0.722560658489637 2.32303102683775 6.46633133201971 3.30027146307219 0.0421694240577186 3.73289633953071
0.00337837837837838 1.49159879892947 0.316410379335811 0.816036364964432 0.38172398459235 1.11173560383733 8.36958991934737 4.54009818924438 0.0217206527786363 5.75415868198127
0.00337837837837838 1.48080052542942 0.184617101389969 0.848850599255691 0.658345930143268 2.46269400413638 8.37648508728547 5.11542421785512 0.0383476945339736 5.99431761609039
0 1.5788569468772 0.276188158779405 0.789486106205732 0.406859775306657 1.24857147783041 8.68305220328994 4.99676172183038 0.0250648081734543 6.32680519133901
0.00337837837837838 1.3815916359893 0.248054512794083 0.822706715792028 0.790787515547437 1.19604394656735 8.11941843659208 4.1687302735805 0.0192414559599889 5.36799888974885
0.00337837837837838 1.58508281605111 0.323367292385231 0.873263360674285 0.41984403097389 2.24256819596821 8.55537490345629 5.17161971350208 0.0339198398336734 6.23969087878965
0.00337837837837838 1.5534380975645 0.218286044592969 0.905268912785687 0.822385397739708 1.93712013587356 8.56963382735567 4.86855956587083 0.024696981198917 6.10196184687096
0 1.55102675242815 0.16112760163378 0.609169284335803 0.352192048821598 2.13384135812521 8.65741299996917 5.89127581985255 0.0629045248842559 6.3263283480326
0.00337837837837838 1.35600649249087 0.303650057704642 0.662595998900049 0.581251207593774 1.80695987607697 7.24658925651613 3.96507337594259 0.0375712600747002 4.31840723124807
0 1.2156212590402 0.30030345027335 0.704012348479591 0.561240128148347 1.62834452884272 5.93391389949168 2.36015494481552 0.0280502157708905 3.48408504146792
0.00337837837837838 1.22618058873136 0.205715933240656 0.614114092360199 0.375797122078576 1.13477286684697 6.64782733000071 3.15547950830941 0.0304293455606503 3.7004197508528
0.00337837837837838 1.40606084888871 0.293562040050342 0.878136519782786 0.662871334004745 1.23674645108757 7.72075742135036 3.77276093809464 0.0192933175635719 4.85566946731216
0 1.61303798863664 0.180194848147221 0.723919549235143 0.33250043601729 1.50024174666032 8.60272235936546 5.3901366116392 0.0402523960488145 6.33853518365386
0 1.21951989606023 0.188850598782301 0.798565258132294 0.454226708924398 1.45959639362991 6.48784708411889 2.89235391910016 0.0274471438665145 3.70482310451107
0 1.18768981469329 0.205253826756962 0.671325863129459 0.373233034322038 1.4664488597773 6.22591238459338 2.83011256637797 0.0335137385512073 3.65407004944807
0 1.56697943292093 0.278363378462382 0.756944557244424 0.721939941449091 1.54986907262355 8.65734346417849 4.98497554731568 0.0254162151512166 6.38923344858168
0.00337837837837838 1.49723820792317 0.342048758878616 0.730497886292111 0.893225367226211 2.05520829567011 8.21576372170348 4.65109911787649 0.0283064777765762 5.53273051012048
0.00337837837837838 1.25421852739018 0.147160486419083 0.744162720239918 0.776730769267469 2.23463385235266 6.68162650709674 3.42401205942833 0.0384800848683576 4.01221634805754
0 1.31916383442003 0.163500424893573 0.617461783799808 0.635474626393989 2.54508690908551 7.28263844256954 4.43717409933878 0.0581072787529152 4.40889457986016
0.00337837837837838 1.40978730814452 0.289126560658815 0.75443203110564 0.709557001258305 1.74061318379293 7.60374324826439 4.0862660416569 0.0296742026992177 4.72003709648688
0 1.1723406041041 0.23947811787948 0.878928725793958 0.657642122078687 2.06891916785389 5.92518538149263 2.24440313761131 0.0252032520325203 3.54786672983712
0 1.60235569542274 0.364516523713246 0.627830922987778 0.3775022582151 2.77362021291628 8.58515708924688 5.63704895367551 0.0524388193012725 6.24958906731744
0.00337837837837838 1.39990947483114 0.30181441121619 0.704984616190788 0.551838035354502 1.24265480771914 8.0448032689604 4.38417948803498 0.0257164662810118 5.25263443888088
0.00337837837837838 1.26091435544624 0.142876698971491 0.941625317418044 0.80819005375446 2.08590600071265 6.58691408475567 2.94646122454721 0.0262404580152672 3.88552106468264
0 1.57273945966735 0.273542725923471 0.648986569151748 0.831268549058586 1.82654598122463 8.65601556209734 5.15886370998126 0.0302835126321531 6.30316827540167
0.00337837837837838 1.3355949344133 0.270335449755405 0.863727139044137 0.603789751776997 2.09564737579806 7.32123416781385 3.89463126271628 0.032497149372862 4.46670051172299
0 1.26556176422164 0.308929010480642 0.745647685835138 0.699054791964591 1.45466432534158 6.06650804211484 2.15815710914531 0.0200735764555342 3.56904690584758
0.00337837837837838 1.4416912637045 0.335221321385693 0.897286647819194 0.82078138662267 1.87964139791884 7.90449478991784 4.10374468673402 0.0223539977609094 5.22251565313175
0 1.23693766151555 0.388023687386885 0.878333116765134 0.32734245294705 1.15614991867915 5.88042124831466 1.86252854011626 0.017990836965024 3.51214227561388
0 1.57457076255232 0.307449595071375 0.892430342058651 0.517053662845865 1.23836397798732 8.56943137259097 4.65839494722539 0.0200197413378553 6.16247234400166
0.00337837837837838 1.39542068911251 0.348913888749667 0.890178264456335 0.891728848032654 2.12928991019726 7.30258936484919 3.50171862067923 0.0223513011152416 4.52888477862902
0 1.51261952505447 0.316249667620286 0.849684630497359 0.591212304728106 1.06454414362088 8.51893833443463 4.50424426739813 0.0180484753297574 6.00758392898787
0.00337837837837838 1.29966060454026 0.116355274547823 0.665392569138203 0.500327875558287 1.42441291315481 7.88909828888708 4.57432908046552 0.0363424351374988 5.02168513028284
0 1.59499191176146 0.203874547081068 0.881845110247377 0.58321133768186 2.14861638750881 8.6597743444856 5.31828337918891 0.0353841618156278 6.24066563274148
0.00337837837837838 1.56482831063123 0.337680652517841 0.814644264781405 0.378631621705433 2.36008586708361 8.53506698201472 5.26839125547755 0.0381329810656099 6.12769702988113
0.00337837837837838 1.55733431180188 0.35065120174258 0.659910040988131 0.455971157738865 1.77342329722054 8.58682218237537 5.2946901063313 0.0371745059695348 6.12097926298661
0 1.62501182230189 0.192059608735144 0.821807439927943 0.511517255986109 1.31377349095419 8.65050539335357 5.06470251536653 0.0277144074076235 6.3208881911394
0.00337837837837838 1.51927475574837 0.388753122879666 0.90436461244085 0.880490635317475 2.32472788695065 8.15145828203615 4.43911560165801 0.0244202473739344 5.51450343729475
0 1.45885280855 0.144067180273123 0.911050212883856 0.716229134844616 2.97877630032599 8.55856817586652 5.39395216898141 0.0422303548665652 6.07780605692955
0 1.16338413951453 0.291236881469376 0.706144625833258 0.585883802874014 1.22391854971647 5.61328016295341 1.80555279136039 0.02219857077695 3.28653447334202
0.00337837837837838 1.44359396600023 0.379322927013866 0.703370552416749 0.54939820420745 1.64832455984529 7.99626111349936 4.52033825047139 0.0309332734721365 5.18458860121969
0.00337837837837838 1.43127483628778 0.32507684362918 0.608978368658431 0.463905853120833 2.23143935300492 7.92856045441032 4.96608612418408 0.0516908585546634 5.18057897275233
0 1.58870691768825 0.215513799129985 0.663347106787842 0.625929681491107 1.3353311419487 8.65021362018763 5.18570842216538 0.0312884832001681 6.27457367958963
0 1.16265970780514 0.189534563338384 0.644323303061537 0.875493476400152 2.24699600972235 5.79430264588612 2.43899694848392 0.0348987000819768 3.38569319512619
0 1.31168101911899 0.139061929378659 0.653949403541628 0.514311480056495 2.51561460504308 7.36635149783118 4.59885398442129 0.0628190119409974 4.4143683284282
0.00337837837837838 1.29338803958065 0.214075608821037 0.731528578470881 0.671094473613529 1.84603769765683 7.13883760503966 3.7243538423076 0.0328933831094388 4.2894442126348
0.00337837837837838 1.44674233547987 0.17244721597046 0.704293532825507 0.553253065606536 1.37633669822657 8.60618039295612 5.11419418780745 0.0304403513051964 6.09138529401544
0 1.56251194046345 0.314385786885396 0.629778693686239 0.678665942838416 2.73389435792342 8.63226440525722 5.5853742436059 0.0475064322342581 6.21899844672348
0 1.62653420513961 0.386947466945276 0.864420126355253 0.885046552447602 1.45073669310659 8.63039871642996 4.57719633394569 0.0173666707722626 6.2371116051455
0.00337837837837838 1.42778719879505 0.266121943265226 0.874631156521701 0.724981981448574 1.82424890056956 7.89647829411296 4.22097721315547 0.0253367066001935 5.22377340192751
0 1.53388539187144 0.17588942553848 0.808000162465032 0.543898101942614 2.72804798930883 8.60290257175067 5.61827466893091 0.0505583126550868 6.22326021584442
0 1.18448101319373 0.16940411333926 0.661758141790051 0.542301640799269 2.98522777343169 5.94085751604372 3.10087537427455 0.058426709352847 3.5907391864296
0 1.35127512363251 0.348563634720631 0.902881866169628 0.782819969533011 1.2256805440411 6.50763791513159 2.3431311873884 0.0155373771672583 3.90579676601305
0 1.46615056539886 0.214953061053529 0.689244832552504 0.642831998504698 1.00999400345609 8.55313931818971 4.71103057668757 0.021448324651103 6.26149168432104
0 1.49480076329783 0.164022400369868 0.946426307526417 0.835925826290622 1.53866869816557 8.56881743103537 4.68920491493117 0.0206588285944019 6.20361455694733
0 1.63275567777455 0.367353327502497 0.883672397641931 0.439543628320098 1.14895092509687 8.67971660366259 4.7113923992434 0.0189050876668484 6.26320119884086
0 1.17537692990154 0.374248076393269 0.920297417591792 0.784715898614377 2.63444103812799 5.59556889001597 1.85989727439527 0.0238571428571429 3.39734381234617
0 1.64119863030501 0.356897481787019 0.606030627491418 0.355429252842441 2.76143454620615 8.61305473434349 5.8391871116624 0.0624201198127093 6.17267437504925
0.00337837837837838 1.24905657276977 0.183221778296866 0.946225271048024 0.312234341679141 2.39391028648242 6.61735687696716 3.36013589486438 0.0384952284357568 4.12267506884833
0.00337837837837838 1.36306337905116 0.378753159497865 0.687631406157743 0.791888200119138 2.54854035750031 6.38272206077695 2.99215445220611 0.0336895489947473 3.84557790601999
0 1.26145622667391 0.30394579442218 0.925777217000723 0.600158989196643 1.81083611957729 5.96563378707346 2.17928687664955 0.0226782965623397 3.54500908369423
0.00337837837837838 1.19593143406978 0.151972901991573 0.844345990431566 0.582056157507884 1.85921644442075 6.63233110392586 3.10794426416092 0.0294698715837998 4.03497782948692
0 1.16179605675861 0.263181726890616 0.873303330002818 0.45336406971328 2.47908540349454 5.8111409929767 2.56186769092413 0.0388023952095808 3.28391422104742
0.00337837837837838 1.6469478007406 0.326463542249985 0.7251032100874 0.700153144681826 1.40708065638319 8.60046759460896 4.94045123723915 0.0257320918135758 6.14654336750806
0 1.61510405675508 0.229695947933942 0.627789208048489 0.524401686619967 2.74927337327972 8.58975568421745 5.90163100974918 0.0680083576685329 6.0647924531845
0 1.51578201130033 0.161128580220975 0.756801023962907 0.466556549957022 2.94259914336726 8.57186422309678 5.7509292530819 0.0595502389845117 6.20344254672857
0 1.51443747812882 0.231785188848153 0.75774510941701 0.383206488098949 1.03953235410154 8.63363893482837 4.81944695712704 0.0220555286144856 6.34660382976365
0 1.52367962836288 0.38618426581379 0.617625288013369 0.8830629367847 1.03264492982998 8.56720166076948 4.45937340387651 0.0164434467189204 6.1602223078956
0.00337837837837838 1.34932682985036 0.116721031978229 0.896959784276049 0.634660392239237 1.13189466259947 7.87090233356998 3.94158180766969 0.0196570244554105 5.1875853070883
0.00337837837837838 1.52221538531594 0.158444995316677 0.915786349284463 0.737039807997644 2.94884630991146 8.4558165627756 5.23680873341906 0.0399947201689546 6.16069795293747
0.00337837837837838 1.2271882062545 0.224469269579276 0.872371593001299 0.39080244214274 2.7407754464075 6.40639092871759 3.29583686600433 0.0445762504586034 3.83985048102381
0 1.28592639262788 0.240701212733984 0.664910447841976 0.507541455561295 2.83413663739339 6.93170615313792 4.07685924788108 0.0575646332890729 4.25985900069967
0 1.63177485947963 0.325904995622113 0.628797661315184 0.553380770143121 2.09803401073441 8.67568870448499 5.52731044265114 0.0429216781784459 6.23290632670357
0 1.58772414058913 0.193871733732522 0.683656671748031 0.480698353098705 2.28160927724093 8.63533171943328 5.69305851129323 0.0527456904211836 6.37058567987654
0.00337837837837838 1.49374184055581 0.221690366832136 0.612149613448071 0.697256253935633 1.38717544020888 8.63741473298041 5.09415911514491 0.0289190243671747 6.2250203687695
0.00337837837837838 1.43387689544248 0.388228207110654 0.708375534354901 0.490573604699681 1.72833406982856 7.78140291469212 4.38991212894787 0.033658461923778 4.88305441595976
0 1.24642596519552 0.278170768264681 0.721479330328293 0.881652538664639 1.26941429404542 6.1240348298662 2.09779068034803 0.0178412132024978 3.74031162774621
0.00337837837837838 1.35156567195559 0.341939132449961 0.738109135952369 0.414898483188396 1.89767392912383 6.98183518951765 3.72397077392521 0.0384704672835207 4.27815310813763
0.00337837837837838 1.5801421050653 0.379111779850627 0.80956565608946 0.488668696941766 1.87924904026573 8.64491775700697 5.14885014662503 0.0303163650871882 6.09739989751665
0.00337837837837838 1.60558955930438 0.388478039871513 0.869107451781725 0.55148794417134 2.35026342946186 8.4753637451424 5.02388052084628 0.0316985853811129 6.05514332377116
0.00337837837837838 1.46972503079107 0.393398890137565 0.681479597360567 0.789069152945415 2.3771288417015 7.49036188384271 4.15208922393826 0.035498222296681 4.84576065090602
0 1.17425732649863 0.146659091464244 0.7143040674855 0.828409974882379 1.45102727226913 6.19040854607582 2.52572864430826 0.0256123684455621 3.62069794169786
0 1.23522720495239 0.381517545110546 0.645783588581253 0.815244869654998 1.53470485797152 5.69035945432406 1.81237875643079 0.0206925675675676 3.40397130854488
0 1.31788288066164 0.367564894421957 0.667168706515804 0.798960577184334 2.79937794385478 6.22942092176133 2.90941995286686 0.0361527967257844 3.63149477033298
0.00337837837837838 1.51419461077653 0.335824394558095 0.9213339061289 0.385159464553915 1.53396735999765 8.22670258101023 4.4816378963776 0.0236341002351422 5.66571052670679
0.00337837837837838 1.53914445774482 0.371481410241287 0.840607040680441 0.342895136255129 2.60002350073617 8.28033941636878 5.13462127387725 0.0430360069614585 5.62594104609277
0 1.56247587034013 0.298406728822738 0.626941643224563 0.370446298923343 2.72412205068395 8.60324243904115 5.77568961405481 0.0591574452987846 6.17232670616559
0.00337837837837838 1.50304848989472 0.307066456531174 0.601723074610345 0.862016127398238 2.15671862568706 8.5415150035613 5.20565368168462 0.0355839237961391 5.90889782345102
0.00337837837837838 1.51043231165968 0.342368587269448 0.644258999382146 0.671739369397983 1.86339328810573 8.52016876001777 5.13853977418898 0.0339920370628859 5.91584260897308
0.00337837837837838 1.20488534146071 0.174173848425034 0.617789670241638 0.81952829401742 1.71091668749898 6.51619307604296 3.07192141191154 0.0319280078895463 3.82410212405568
0 1.23472131099552 0.346383296488784 0.883889962965622 0.719710983289406 2.39107927447185 5.69409282410868 2.03377150484665 0.0257242457026085 3.47462485021697
0.00337837837837838 1.28459168979898 0.114889054140076 0.878109464410227 0.383314317511395 2.50797806400806 6.91009736175005 3.82488622872677 0.0457203797990918 4.1114389955814
0 1.2469272145303 0.327738347230479 0.727585539733991 0.366881352709606 2.52449495811015 5.90761023667112 2.79409492746074 0.0444444444444444 3.48591143583499
0.00337837837837838 1.43059975114349 0.292491017842484 0.603311285598096 0.52773354905435 1.9555957583503 8.25748074111286 5.12217666882916 0.0434865287706045 5.51356314573511
0.00337837837837838 1.36659992472269 0.315638103079982 0.887847610481549 0.811627985537052 2.78354925988242 7.1608717862466 3.7826733334003 0.0341088481146968 4.43911560165801
0.00337837837837838 1.39738295027055 0.198555001290515 0.864243635861203 0.719689719658345 2.6646951069124 7.94088892219458 4.68740828422506 0.038639483451116 5.4018726823841
0.00337837837837838 1.43713181428611 0.200344356708229 0.818753308767918 0.399839831795543 1.01680941693485 8.48367334028265 4.71658377335899 0.0231192525021236 5.76485517534201
0 1.64042392906267 0.341558192111552 0.807134553801734 0.570979588944465 2.67683452088386 8.60400677106749 5.37017280364846 0.0394061269895602 6.29187773391349
0 1.21525566417258 0.29812242584303 0.94052699720487 0.583393143676221 2.23524707881734 5.66783540961069 1.972021293059 0.0248272331712311 3.40119738166216
0 1.56315192822367 0.19177696921397 0.818367913947441 0.515470962552354 2.4368681460619 8.57003861396276 5.47646355193151 0.045339572530669 6.16695728494619
0.00337837837837838 1.25529547287505 0.124971503711262 0.747493868185078 0.733364570051212 1.86064174465756 6.90731518215373 3.51927666972776 0.0337748609388131 4.02463714979728
0.00337837837837838 1.23519217092544 0.169703019689769 0.614661989919841 0.845493655325845 2.187004822772 6.47895757054753 3.16230547337981 0.0362740707568294 3.85721476893315
0.00337837837837838 1.32167205701314 0.264220603911065 0.775738377034667 0.861512082681922 2.31083423767396 6.80120631793917 3.36013589486438 0.0320303809121946 4.081038030911
0 1.63078393784817 0.275933149573393 0.932003179879393 0.370085124811158 2.63817606912926 8.6770021188399 5.45289652599336 0.0397913553379964 6.38249260741838
0 1.57053076555021 0.242952212016098 0.926980854652356 0.419079108349979 1.84544048830867 8.64863072678418 5.11238931415997 0.0291225813994271 6.32817485062712
0 1.23627128356602 0.231516820844263 0.704131643159781 0.860514626791701 1.25678126281127 6.22281433496929 2.26592110862245 0.0191224311671824 3.5712214106457
0 1.59305121072102 0.331618850934319 0.636584804928861 0.318472123285756 1.12863066233695 8.67786248034859 5.09120836508108 0.0276908259089815 6.33162455680838
0 1.18803580300882 0.143260272266343 0.899458159250207 0.756080544646829 1.83648510603234 6.23457411106307 2.49869997192034 0.0238523117137723 3.88413780193861
0.00337837837837838 1.34476776430383 0.192795473476872 0.829122608003672 0.734793149493635 2.38148585567251 7.56166100543297 4.22710405206804 0.0356303686298679 4.89229654850615
0 1.63432918672916 0.305665112263523 0.862003846978769 0.481996326008812 1.27431553369388 8.67040628899345 4.90552166154054 0.0231702852959345 6.17323039396821
0 1.6017592274351 0.340455705928616 0.65233851216035 0.369963352242485 2.34339933516458 8.61805158772662 5.57557024350928 0.0477163418073988 6.28593601933581
0.00337837837837838 1.38924791254103 0.388149331975728 0.625059016782325 0.608821291476488 1.4228672911413 7.15137350062857 3.54406010171556 0.027124622102788 4.34889449136115
0 1.265706396522 0.256748870317824 0.908677597867791 0.571311379875988 2.99431362608448 6.11376119061724 2.86015797929967 0.0386347475705143 3.67267747953766
0 1.22089514506515 0.286788053857163 0.934440973459277 0.832034850586206 2.11734565906227 5.55820604179908 1.68507532663972 0.0207931699256403 3.3309281858156
0 1.18470193990506 0.19677645615302 0.733576771430671 0.420567464735359 2.2452007830143 5.87728750204558 2.72654478373837 0.0428203116242574 3.51690418937413
0.00337837837837838 1.41666916194573 0.293708471298953 0.729470173607552 0.47555225859035 1.02544691472037 8.1675621638155 4.41615964104334 0.023484784801614 5.33110718937103
0 1.34124000018928 0.365679745795205 0.851363008422777 0.693562997085974 1.66274952283129 6.56789062795792 2.7557816039234 0.0221015171380408 3.92197333628131
0.00337837837837838 1.56545197252343 0.189256952658965 0.847488829320107 0.777936534921966 1.40955729895569 8.51739983673029 4.71492104994721 0.022315388153115 6.09146070026666
0.00337837837837838 1.41751265778276 0.249479533138776 0.934136372293731 0.613849488335302 1.5483119776364 7.99670195816486 4.23255250273052 0.0231873257043947 5.18838291430905
0 1.20987350549549 0.288786992337555 0.843477222241927 0.688410048885271 1.08812713716179 5.90448953309357 1.81156209652423 0.0166903021708302 3.53339455127354
0.00337837837837838 1.578566019276 0.179944394209396 0.861983106092805 0.750442206574179 2.04398808907096 8.63684115368213 5.18178355029209 0.0315854848726821 6.25734825209835
0.00337837837837838 1.39077361215694 0.160150483856261 0.806215527875254 0.836016673688208 2.94375639199634 8.07552709191652 4.95532391293656 0.0441481975226351 5.34045278386511
0 1.16604384102393 0.134985816292465 0.681978808843996 0.358333144057542 2.5903628161177 5.88433479049831 2.98659978999072 0.0551479888692133 3.53036319840582
0 1.43351603914052 0.210208217590116 0.856896766507998 0.885066471062601 1.20340661611408 8.46545067333581 4.44068854732247 0.0178676739026651 6.00001125307645
0.00337837837837838 1.32118941953459 0.151933456524575 0.849721059510455 0.606172861235612 1.73837102042055 7.77878890841236 4.30406509320417 0.0309703861917682 4.90629596821316
0 1.60931123371702 0.165018381550908 0.738744502677582 0.739903524611145 1.7371378284879 8.61125494335587 5.15925345635379 0.0316821614428032 6.41164838747505
0 1.43969329560641 0.245368336816318 0.652291348099243 0.444081221614033 2.38327631959692 8.39335016437998 5.50472912627559 0.0556529029553553 5.64230100436846
0.00337837837837838 1.27852466598085 0.199476008804649 0.722474402011888 0.731395801149823 2.06936114090861 6.67870143912819 3.33982843528586 0.0354769175498473 3.88229990397594
0.00337837837837838 1.47306456379592 0.219404142070562 0.718275769217871 0.504184133559465 1.88951959088445 8.55643313515384 5.29213160746095 0.0382236239046685 6.15478732010365
0.00337837837837838 1.2575932930515 0.218464759145015 0.675571669124706 0.74054911575351 1.22575719042587 6.92939445408562 3.18324864722505 0.0236085626911315 4.14445660364945
0 1.16411494135391 0.27717140505556 0.751541710423771 0.420340502355248 1.96422283444554 5.8937138917643 2.44956728334269 0.0319320009189065 3.44601139745195
0.00337837837837838 1.290058998717 0.180739740654826 0.750822201266419 0.608904864219949 1.06134867062792 7.77442101555368 3.9774232241632 0.0224380344977533 4.80458617614135
0.00337837837837838 1.42325950922709 0.378171237333143 0.713124201100153 0.440817937191881 2.52193177812783 7.44316201086427 4.43844072395397 0.0495525633520114 4.55612999056345
0 1.34253390748054 0.353385884920135 0.945620745141059 0.404556778399274 1.03606472583488 6.54385650369035 2.31785256512483 0.0146106591399635 3.95787846462998
0.00337837837837838 1.55413483485233 0.305101886651299 0.728126922511305 0.450831053106457 1.68291079668845 8.61651350170679 5.20272381326391 0.0329162214857874 6.17891183376392
0 1.56052926564589 0.179976685997099 0.617800490220543 0.783326398674399 2.18467803113163 8.65568296060429 5.50041337805291 0.0426269079729551 6.21990439308754
0 1.15043021212332 0.197120603057556 0.86211937344633 0.674006561608985 1.13930933922529 6.00208971771233 1.97786174886192 0.0178772205981561 3.56182057599503
0.00337837837837838 1.43247493017732 0.396131666330627 0.901627002002788 0.545610633857365 2.05635949439609 6.86585631585043 3.23080439573347 0.0263825645660259 4.22926388012147
0 1.15458682584576 0.358609946165234 0.76883966983296 0.700824392912909 2.82527553336695 5.60792086078877 2.26336437984076 0.03527585720333 3.39476649133186
0 1.15004468369298 0.175932313641533 0.94635408091126 0.62979469508864 1.42859985260293 5.89281225018527 1.98365047703816 0.0200573065902579 3.48948998880783
0.00337837837837838 1.36781042299699 0.37533541249577 0.691581670858432 0.473002286581323 1.81132333353162 6.89067927589295 3.55040977984883 0.0354274088884212 4.03698328805079
0.00337837837837838 1.48263772388455 0.264148977561854 0.749403176375199 0.636413240851834 2.8518594596535 8.2998494552779 5.24526814545822 0.0471424547217021 5.82737575857509
0.00337837837837838 1.55012326443873 0.253202892138245 0.72890224668112 0.433000170995972 1.06760198451375 8.59376462920835 4.92098721522122 0.0254058094149062 6.12483428873665
0 1.56388504381757 0.241685133473948 0.900920488801785 0.560988184483722 1.37648453982547 8.6347984334905 4.84906250239968 0.0226921567665669 6.24817626119664
0.00337837837837838 1.54192139997613 0.148571906029247 0.924866729439236 0.88191138273105 2.90813912684098 8.66367910383907 5.31320597904179 0.0350677587490692 6.14018177321224
0 1.29137858420145 0.291699747764505 0.755857857724186 0.822615068173036 2.72902350127697 6.19576501062071 2.84877786059733 0.0351902173913043 3.69137633431252
0 1.59012191903312 0.207829890912399 0.872292175807524 0.811838456243277 1.66670224396512 8.6545754930968 4.91705694713669 0.0238131210413156 6.18222263827804
0.00337837837837838 1.3543231622696 0.258064331125186 0.732563650014103 0.485408651928808 2.11402736982834 7.33916966232384 4.19670056885963 0.0431760604551458 4.40305400186596
0.00337837837837838 1.51661888490034 0.218300689151079 0.827474018448017 0.654660138165839 1.77212838190359 8.57807503505027 5.05688254526158 0.0295641591810107 6.1064287989085
0 1.50501643049065 0.139153387886472 0.926351858384442 0.319669302972034 2.79666759818792 8.52767379183552 5.52146091786225 0.0494787064852447 6.08904487544685
0 1.23579339296557 0.348863719776273 0.700110562692862 0.899978588009253 2.38656416442245 6.01537288010606 2.41079867763428 0.027199023624793 3.66081061275776
0.00337837837837838 1.45768546914868 0.157788563299577 0.816540139320347 0.516042831777631 1.74851871193226 8.49204251096584 5.06470251536653 0.0324732048584472 6.03406274102949
0.00337837837837838 1.34833414058667 0.337017839564942 0.600289261026774 0.553985348436981 2.19601204898208 6.96622632300951 3.84862668886935 0.0442632890925015 4.19934787123209
0 1.22056803104933 0.329405646491796 0.902891397243366 0.585240659443662 2.00850777328014 6.02389588274305 2.41789593950504 0.0271602724991036 3.57836162944897
0.00337837837837838 1.50593647346832 0.187923692446202 0.692431604699232 0.493631929764524 1.28228668635711 8.63539687932679 5.15867208403452 0.0309084770259624 6.25363648538967
0 1.22567713805474 0.214758624159731 0.798099974205252 0.598654221044853 1.13410917622969 6.4008801749605 2.59338729278207 0.0222037767171612 3.83496195929168
0 1.545052541513 0.122343682590872 0.698098482040223 0.618765179486945 2.24110186565667 8.58413061859078 5.5763548649697 0.0494014376185768 6.24976838137269
0.00337837837837838 1.49229157341178 0.323864190443419 0.944234026107006 0.876576395099983 2.90039757126942 7.97068281782596 4.46629118703697 0.030065058437446 5.17934612525484
0.00337837837837838 1.52116045563522 0.378176820784314 0.6435374644429 0.78169030322132 2.77878759852674 8.42045465866803 5.26579417484248 0.0426528798772114 5.81859814908478
0 1.62623784071766 0.215237789764069 0.831373792304657 0.604052785271779 1.40932143107057 8.65018564573615 5.00464034877263 0.0261071698113208 6.3080356294119
0.00337837837837838 1.36416944329294 0.105410844693533 0.713374628372651 0.881098024246483 2.81009325196116 8.05552047781078 4.9708048712983 0.0457430410735334 5.46110411732135
0 1.58119299260434 0.117838863655925 0.647482602158561 0.691449386067688 1.10775924380869 8.58683504766931 4.9736373960144 0.0269654826383975 6.42955261205994
0 1.57858403397258 0.36064105508849 0.900324804149568 0.839930169610307 1.39991716947407 8.5721736797417 4.50645421304893 0.0171506455154659 6.13909400994497
0 1.22011975708883 0.177790867746808 0.855155493470374 0.832278276700527 1.93958846060559 6.44191440201964 2.74772868492039 0.0248676947590053 3.8286413964891
0.00337837837837838 1.31258682897766 0.17224494506349 0.916009840140694 0.528641802202167 2.49426542593451 7.15046904133396 3.92526823217817 0.0397477990527937 4.30456546849607
0 1.63382708977442 0.12219850376714 0.811631928163115 0.384337433706969 2.89067619107664 8.65034395605556 5.89031326717064 0.0632898260356488 6.4344276127231
0.00337837837837838 1.33824562663212 0.252871638699435 0.646272924903315 0.634036233276129 2.36757334275171 7.40425570842762 4.29414074953932 0.0445958283587331 4.62534981611626
0 1.15838383927476 0.288999226735905 0.639014510228299 0.600691138766706 1.70433722250164 5.6431338140893 1.98365047703816 0.0257458111973846 3.25216180250167
0 1.18285024256911 0.140968603710644 0.604167589626741 0.749035044433549 2.86565820267424 6.14459822644903 3.24918117436353 0.0552759673294283 3.71075384032047
0 1.52377170100808 0.124463188112713 0.6905612272094 0.639467820664868 1.15960316732526 8.65638105599679 5.07808623668086 0.0279232719067755 6.37218148552695
0.00337837837837838 1.54687489350954 0.217324706027785 0.855347938877373 0.718521311708845 2.38098859329155 8.61926229631965 5.27436614572552 0.0352638771001511 6.24241779906146
0 1.58778477737214 0.138844298641197 0.946073000738397 0.695830309996381 1.52452406240627 8.62306557604679 4.82430571590476 0.0223985319516408 6.33262814302677
0.00337837837837838 1.42792427386157 0.368751450814307 0.659890969167463 0.848796901199967 2.82058126293123 7.477868160103 4.24992279404054 0.0396388585215064 4.73795129722191
0 1.53437477394473 0.396629342180677 0.802130864688661 0.668655682168901 1.04423200897872 8.3724703433822 4.29328963171678 0.0169213234180595 5.77004364910522
0.00337837837837838 1.36065367383575 0.159421117046032 0.666324304222422 0.888587157170737 2.14966340128793 8.26295510565578 4.92024158007175 0.0353409289773512 5.52103225457069
0 1.16033261592966 0.319128364091739 0.72177849158179 0.709769625216722 1.97488357545808 5.60084068394507 1.99417689002515 0.0271422481170954 3.27423775420087
0.00337837837837838 1.31502586307891 0.244714708957001 0.734973901080036 0.70696866579915 1.76070720685556 7.34088027784251 3.8457358298484 0.0303443649373882 4.50592122487627
0 1.15675565656275 0.303177243052051 0.821384110685904 0.308427262399346 2.9969361028634 5.69238442970383 2.63188884013665 0.0468644639244774 3.42263266238222
0.00337837837837838 1.24570294143928 0.24120361411839 0.691934884135705 0.301849371524899 1.12531953364472 6.48809372262543 2.98217930714929 0.030019310667681 3.82108785658819
0.00337837837837838 1.32744467814919 0.17707878833171 0.846834981651045 0.563039143430069 2.22011802624911 6.93394502814378 3.60995219552427 0.0360087673520509 4.06228859704383
0 1.30792166581377 0.342026172345504 0.882369622611441 0.880237590707839 1.0017336034216 6.42619946517177 2.31324238746803 0.0163593271287358 3.80666248977032
0 1.56901642247103 0.132081119995564 0.737264884787146 0.501344333728775 1.90515953255817 8.64331469852199 5.54530764433653 0.0451390725363328 6.34657159587455
0.00337837837837838 1.34086694726297 0.289604200036162 0.613072642256577 0.431944169655766 2.07545370241881 7.21870759044094 4.21849299174556 0.0497763852742755 4.41007777267139
0.00337837837837838 1.21747250291879 0.139868853345972 0.870990942234578 0.768413423132749 2.02308544196628 6.55488262099314 2.99016122850454 0.0283048703352309 3.84699053515729
0.00337837837837838 1.49143241797574 0.278958133445121 0.811358255334198 0.724118393752724 2.90643818024546 8.38614252875895 5.21963484451357 0.0421505441721895 5.74268262361376
0.00337837837837838 1.38377710014395 0.224613971368697 0.81216868356611 0.814268533827598 2.37027964905164 8.10273779146994 4.72089983283263 0.0339849343935919 5.23807728617068
0 1.17690209262073 0.252144062123261 0.729381603468209 0.32075302451849 1.11906588543206 6.08982949690726 2.35867455964509 0.0239651416122004 3.60779453686196
0.00337837837837838 1.26711446897117 0.189655090811164 0.813493485414475 0.641762229212859 1.14265684771616 6.86667283388091 3.10394585819422 0.0232203326759201 4.04867452538891
0 1.5910441381624 0.306569191603921 0.729427232651506 0.310814196802676 1.04360018251464 8.65836343701905 4.88018617429922 0.0228643291313591 6.37555337658684
0.00337837837837838 1.32139619600493 0.226292897970416 0.724481934250798 0.709943874087185 2.30899639520794 7.04997795937253 3.8051799098101 0.0389764348706086 4.25844557290253
0 1.53049785210751 0.288354641059414 0.747349150001537 0.332715846877545 1.0004377705045 8.65344172260746 4.83442833830216 0.0219494458826609 6.28909695041293
0.00337837837837838 1.47434749501033 0.347142646818981 0.74970296625187 0.602934935100464 1.70434259963658 8.12824801753391 4.57286833932346 0.028570525250822 5.44148963620924
0 1.62863923525438 0.360097112250514 0.762886975670699 0.570722444728017 2.11573311313987 8.61039205304702 5.23235561087028 0.0341143745596774 6.28983924909851
0 1.5945866656024 0.196235757600516 0.690858079341706 0.572841932717711 1.06177829578519 8.63387932940398 5.03022003273268 0.0272239195562543 6.2219808527516
0.00337837837837838 1.23697488561286 0.16986982263449 0.747443092865514 0.348704555264546 1.80531414472845 7.08474656312565 3.89533277098777 0.0411960132890365 4.15942173136623
0.00337837837837838 1.52976572907064 0.387702743825503 0.687412039807532 0.722375549795106 1.55120154423639 8.49744616257444 4.82242979414333 0.0253489905961229 5.93498237515317
0.00337837837837838 1.38174472748101 0.254318632249133 0.711503238387789 0.706239467095862 1.47351818768552 7.88988368772548 4.27342011570221 0.026877559173075 5.10250521957158
0 1.54567312935833 0.114479678985663 0.931487815175205 0.415182401658967 2.37090722005814 8.66103674768334 5.47111091709034 0.0411749247455683 6.28619071706556
0.00337837837837838 1.3845155213261 0.221971125970595 0.938611424306873 0.57938653039746 2.9066880713217 7.19008974510732 3.97099048151626 0.0399910634495085 4.42017840063826
0 1.18201524133328 0.354447817569599 0.682453371712472 0.435811356967315 2.63945021713153 5.76519110278484 2.53051716104005 0.0393730407523511 3.40518940293169
0.00337837837837838 1.41512006332632 0.152896238281392 0.68649210795993 0.834248783066869 1.47372356941923 8.53807366899559 4.89179400638094 0.026088004640546 6.1717808896748
0 1.5801280452637 0.103464928665198 0.851442769425921 0.710685685928911 1.57189549179748 8.6416786199867 5.03268916052422 0.0270791976714447 6.45139607084494
0.00337837837837838 1.37907428496941 0.372026315503409 0.752951461525802 0.766792557934439 1.65584934258693 6.68590399577798 2.95167228375996 0.0238915195867413 4.10121744150986
0 1.52638061505277 0.24993831072934 0.761963939678389 0.447211357019842 2.89908241434023 8.48172489579661 5.55399264286473 0.0535182665275984 6.03611918764841
0 1.3372830450302 0.363986705360003 0.93638320841128 0.733953519444913 2.06604285119101 6.5877030487221 2.81341071676004 0.0229533282325937 4.09865624121471
0.00337837837837838 1.30897308608042 0.251875920355768 0.735513902133812 0.516555205000417 2.26287225233608 6.47034073556719 3.24951279433009 0.0399219915108409 3.90458802694063
0 1.21295719998889 0.355015343870036 0.783153880317695 0.488440169161186 1.5967399510555 5.89778764815864 2.07944154167984 0.0219640971488912 3.42776440904688
0.00337837837837838 1.52334736215416 0.14419792399276 0.837970305653289 0.800628058053553 2.21540324902162 8.53712652912369 5.14555461199563 0.0336557312769573 6.15188126851389
0.00337837837837838 1.27416836350274 0.280676713186346 0.82363048342399 0.432855102096193 1.84818484733103 6.62895320263097 3.1809232727759 0.0318082391542107 3.94325432854795
0 1.25002345009707 0.382886763778515 0.856156646960881 0.896420210693032 2.97027009539306 6.03770631086827 2.45870427739398 0.0279035311548276 3.6600186840533
0 1.6125118279364 0.159730997751467 0.886735684121959 0.666156957764179 1.62955995416269 8.6480823031858 5.02069942295808 0.0265856713275289 6.35622738532938
0 1.21578113860451 0.210280097019859 0.909518031112384 0.595338916126639 1.66775584965944 6.08715344306908 2.36712361413162 0.024233244982961 3.68679394762292
0.00337837837837838 1.59066872919321 0.278465043672447 0.855576263401127 0.426785048736274 2.37326042878217 8.57550612372837 5.36924170488474 0.0405076506065771 6.12883232140079
0 1.37902794356924 0.258417805656791 0.7315725882072 0.327654869388789 2.57276032818481 7.60762978029151 4.75301531325207 0.0575780150649781 4.65300751540225
0 1.22286573993042 0.131926633627154 0.670101423340384 0.66289446526207 2.88277072831988 6.50870952267616 3.64597195310266 0.0571121974484321 3.93652047702853
0 1.24978863259312 0.292601608275436 0.934152819484007 0.671907974872738 2.27433378342539 5.98234905286692 2.33178424768631 0.0259764529994394 3.65306035630898
0 1.50576700815 0.196180806821212 0.861507895973045 0.387524997862056 2.56607622234151 8.5756633371522 5.48230420266105 0.045349363650083 6.22778753353431
0.00337837837837838 1.34813267455902 0.368932972941548 0.735615666769445 0.57232192447409 2.41448382893577 6.52522514215647 3.31902277347314 0.040510164190774 3.95060248739562
0.00337837837837838 1.30661587694194 0.19711761015933 0.916935884428676 0.717438377346844 2.57056776154786 6.73145997225809 3.32556878575981 0.0331772397950168 4.10049842779648
0.00337837837837838 1.40988192717919 0.238405509376828 0.629812960292597 0.880939638800826 1.07322994037457 8.29194743201016 4.34423822861222 0.0192988609413101 5.67332326717149
0 1.51503646301571 0.212170368945226 0.720138916932046 0.379102224810049 2.51950628682971 8.55727891495552 5.65552550164843 0.054926826144042 6.19338446197056
0 1.22734468369745 0.19156474256888 0.874063029978424 0.806602190528065 2.25699832011014 6.34895166114727 2.79684569988534 0.0286642103291076 3.82475185444043
0.00337837837837838 1.322989491892 0.159474521600277 0.677530374772213 0.666335713688138 1.30418906459343 7.94330943168311 4.35756316249551 0.0277159763313609 5.06575459331733
0 1.1972992232535 0.24241169388406 0.749930113984738 0.842765579698607 2.96273249620572 6.03350319251265 2.67863631589592 0.0349140177175612 3.62839069263329
0 1.6293924537953 0.251738502969965 0.685301949363202 0.468455660389736 1.60841007577255 8.61062888820175 5.389376097495 0.0399050342763114 6.15117119250592
0 1.19535898996983 0.279243467957713 0.673295510420576 0.419737439230084 1.27324642939493 6.06262174142431 2.39789527279837 0.0256111757857974 3.51154543883102
0 1.60165555935819 0.134475230285898 0.662826042459346 0.327594155492261 1.71540129790083 8.63151543060413 5.70467096871732 0.0535658006624367 6.42319284951527
0 1.17726825198624 0.177717504720204 0.691652257717215 0.390013674180955 2.53455286798999 5.78836336417073 2.74503877047155 0.047676121986949 3.39392462233308
0 1.30112080133986 0.337240103259683 0.948911346250679 0.704238057648763 2.31177880428731 6.25197032172685 2.56229331340342 0.0249800690938081 3.83013952411012
0.00337837837837838 1.27999762583058 0.230355045897886 0.784415753034409 0.806651191972196 1.98392578819767 6.82957749791811 3.22843003767301 0.0272923875432526 3.99194262860402
0 1.16540802489035 0.360798100731336 0.678654823673423 0.80424511260353 1.81120437942445 5.61017597097633 1.73911573574263 0.0208362663663241 3.24918117436353
0.00337837837837838 1.37522383171969 0.142689394718142 0.855524348675941 0.331947366098405 2.49372616907248 8.09961935335798 5.11048062906597 0.0503307667281206 5.33856776916933
0.00337837837837838 1.27794413341525 0.106566297051373 0.867119183945794 0.425514716137277 2.87336217635854 7.057268850395 4.0943445622221 0.0516676050740238 4.28517680868396
0.00337837837837838 1.40172808871139 0.277776374155656 0.87969956335146 0.845106145972386 2.74927438795567 7.67023550304903 4.28287287085853 0.0337976964159321 4.8482515819606
0 1.25700895718765 0.368576321774162 0.825927932478953 0.856477998616174 1.51722124963999 5.89440283426485 1.77436772651619 0.0162439441436307 3.58734303489451
0.00337837837837838 1.27983831216115 0.205267584952526 0.736217091872822 0.348938862327486 1.48067025234923 7.39174546022241 4.01057467915664 0.0340076159450595 4.60909106073133
0.00337837837837838 1.35275967910282 0.22917121644751 0.92486598344736 0.500103919604301 2.27127173457289 7.24306920955786 3.85599984957584 0.0338076097945898 4.39274485089391
0 1.40975217530504 0.135832626069896 0.609078900446184 0.666455063782632 2.31185648497194 8.57853912165464 5.58042839395036 0.0498812186065305 6.02961631307236
0.00337837837837838 1.58232982838526 0.355013857758604 0.705599490611348 0.368176894728094 1.94521863246337 8.62028513581101 5.33833904089752 0.0375550998562743 6.19888513795696
0 1.16894332922529 0.311570014199242 0.739350782346446 0.3073389260564 1.66170070180669 5.79549471938965 2.25323921889089 0.0289479612525344 3.48522075993185
0 1.55122494776733 0.179552519228309 0.602335976297036 0.538109945459291 2.32742737140507 8.66275855119618 5.81134057385751 0.0577623570638141 6.28699077358281
0.00337837837837838 1.29067353363216 0.209876744499597 0.677874094458586 0.75187455655503 1.42094815795774 7.20422363871454 3.58444443597705 0.0267885906871856 4.24324337989441
0 1.45388207477517 0.161024899152108 0.753703915327787 0.818627575412393 2.88964785588905 8.54384855275295 5.48121347090161 0.0467643049483941 5.90967462428747
0 1.25687681648415 0.205865235184319 0.795482561702374 0.781263361126185 1.67435497604311 6.49645173173792 2.78368761530783 0.0244099579696088 3.89254889559277
0 1.31295371938031 0.307667434378527 0.841331414168235 0.358383680647239 1.0810898244381 6.6927481796421 2.83740622231625 0.0211663640791746 4.07571981238439
0 1.24204859193414 0.308502027112991 0.847867447056342 0.438750059483573 2.14879288710654 5.94227430291721 2.55722731136763 0.0338760504201681 3.50955340629978
0 1.2699227264151 0.204204213968478 0.698651507764589 0.370213532075286 2.53740264335647 7.19596399844532 4.36127713065997 0.0587369153749364 4.55425276080248
0.00337837837837838 1.317653544539 0.283733969337166 0.786150352776502 0.725188030377496 1.8496890860606 6.91110679921565 3.34865016861501 0.0283690467715526 4.23047673654668
0 1.15673420762178 0.319082501460798 0.643148713267874 0.58785970620811 2.58536054659635 5.63561343954703 2.52880084334523 0.0447433433982981 3.39734381234617
0.00337837837837838 1.52680795360547 0.28739217379962 0.865106412580086 0.45743678851447 2.68732196889328 8.46055229070209 5.2959070566762 0.0422291206120753 5.96376974727477
0.00337837837837838 1.43018188841279 0.339106554454117 0.817936407692991 0.589001041718348 2.21561230643021 7.88094768676103 4.52141369419554 0.0347514496058375 5.12396397940326
0.00337837837837838 1.37025947590408 0.325362675981235 0.941072172749025 0.716750299595038 2.60537214380397 7.02240584154706 3.54577861047326 0.0309114927344782 4.36380608856035
0 1.63279329924844 0.29316297408659 0.851657322852407 0.477672030357644 2.2910829577595 8.66146090954955 5.38081858805978 0.0376040951298195 6.3474475850683
0.00337837837837838 1.24802640683483 0.142726907879114 0.702312741405331 0.888326271995902 2.76737987762317 6.62297375776628 3.45225255246244 0.0419733156070462 3.99557602824643
0.00337837837837838 1.47920144149102 0.39080252123531 0.703736651421059 0.403005993599072 2.31536273146048 8.00004763890543 4.95957589048278 0.0478123287824405 5.13697421613927
0.00337837837837838 1.39181585033664 0.262577689466439 0.740401638185773 0.705148786032623 1.73561185218689 8.1651184875676 4.63472898822964 0.0292935038443433 5.34776412955918
0 1.35547046116553 0.281851906655356 0.65029793534195 0.460930304741487 2.86616212828085 7.14027694025664 4.39764477483085 0.0644006105436186 4.27357492644638
0 1.34714355817996 0.388754690764472 0.833534792857245 0.734439471317455 2.70948109356686 6.2798338833399 2.79524674613237 0.0306664168384236 3.8286413964891
0 1.51766145681031 0.145018189609982 0.917012765468098 0.545023174630478 2.39675509557128 8.67915410811097 5.39460109827089 0.0374573244074016 6.42266701803214
0.00337837837837838 1.48480581471438 0.187603225046461 0.87250169885614 0.465021158168051 1.52429524738938 8.52377835808582 4.89963951762398 0.026672056344976 6.0868530937475
0.00337837837837838 1.43504943719599 0.194786987476982 0.945105383289047 0.57643226897344 2.41469959449023 8.31139008839491 4.91289995374365 0.0334236971637769 5.83237111643323
0.00337837837837838 1.48220171055291 0.273090448556468 0.80223719549831 0.817570809507743 2.01763618225232 8.30828943789174 4.74464223127469 0.0283352913630351 5.69170989342193
0.00337837837837838 1.38985387171973 0.186691475448701 0.886847649434192 0.816120153643681 2.00629011448543 8.18234721791892 4.57079289691048 0.0270098322729902 5.49050389718943
0 1.58995590682607 0.233120325999334 0.707876618625596 0.709442607080564 2.47451022220775 8.63850185658234 5.51959250680222 0.0442053547175605 6.25913522047227
0.00337837837837838 1.30294985448218 0.24046283877424 0.747039876113188 0.730296162156709 1.34324140057459 6.97570392729687 3.20917373906175 0.0231321885370018 4.16853463281189
0 1.55275800530799 0.163844610494562 0.753052879893221 0.369395248219371 2.22587811946869 8.66940484969854 5.70644559207568 0.0516657983178844 6.26244542783635
0.00337837837837838 1.39336791402225 0.349230458185002 0.911834956425851 0.883062759035865 1.57495880600168 7.25443712448651 3.28091121578765 0.0188070043128844 4.36648989552475
0 1.24832503797952 0.317930119694211 0.698704859579448 0.660706829326227 1.405245909933 6.12306119895764 2.33895273716492 0.0227291176231837 3.68795309925381
0.00337837837837838 1.48167373335173 0.20474417107072 0.92489517716888 0.498224266850448 1.67236799781339 8.55489351859906 4.93471371253479 0.0267778612379063 6.17016845699002
0.00337837837837838 1.29938739256468 0.287676927866414 0.734678490669467 0.531186499865726 2.04987280396745 6.45909467216469 3.15479696818368 0.0367249945992655 3.86543730619114
0.00337837837837838 1.50081470332861 0.394099027839339 0.934660279612443 0.843266873448876 2.2296190266677 7.3511154356136 3.53222564406856 0.0219521588429115 4.68582808900555
0 1.27058419082314 0.34064939788077 0.919823803601321 0.65441741743125 2.24125514924526 5.90845768053794 2.20485820219129 0.0246346946421881 3.60531042131528
0.00337837837837838 1.41096948606928 0.132135724080145 0.85535291096398 0.46105440206915 2.14099290860976 8.2624729700005 4.99946199349813 0.0382729852928528 5.7704021619976
0 1.5585908458801 0.205027910927311 0.651451798458584 0.616581158945337 2.50782355992123 8.61639547367406 5.63835466933375 0.0508924445110603 6.27456718441716
0 1.31423782112543 0.142370584444143 0.706944212911185 0.376930547459051 2.34907663846388 7.5236489618516 4.74463223332426 0.0620995380718224 4.41592818634956
0.00337837837837838 1.39196676847722 0.153114509679701 0.843982703672932 0.38994392000757 1.21760918466698 8.40978943750472 4.74332052446891 0.0255665885923531 5.85517803988704
0.00337837837837838 1.51084910272517 0.286787878418054 0.82429240638066 0.437253687311043 2.67262839245265 8.35641392429858 5.27777446531671 0.046021828659119 5.59048934427267
0 1.3332494426053 0.152098049060442 0.61663545431802 0.378641145117581 2.91813054447994 7.63886895242391 5.06214285124219 0.076022486977152 4.88063507450128
0.00337837837837838 1.50526646868671 0.133841132243585 0.904780642035028 0.596981985231811 2.59622293486653 8.52156980694358 5.30775544604534 0.0402029717926886 6.02486597374198
0 1.16825106528122 0.376825291174464 0.920106434950139 0.373279148060828 1.96584383351728 5.51462277615759 1.73460105538811 0.0228221957040573 3.28757235615444
0 1.30243449481204 0.331056527839974 0.670262859156355 0.35144580071792 2.20388170843944 6.45097582363323 3.42100000895834 0.0483168066696141 3.82166056534775
0.00337837837837838 1.47592632994185 0.334442428195927 0.692778968493695 0.869073646903468 2.08314846767201 7.96515197716274 4.49758497530815 0.031192830512007 5.0998664278242
0.00337837837837838 1.43307680366923 0.109861390572756 0.868816828176497 0.749436773440482 2.31073278687008 8.57660026559959 5.22747329284719 0.0351149970720675 6.15341635153502
0 1.29232291968074 0.301125254807994 0.785523699305486 0.733630910608918 1.10351496469229 6.72449535102116 2.73077845217977 0.0184310801855533 4.0616313648158
0 1.60641804568004 0.234324248577468 0.844905367656611 0.850019814027474 2.65174333797768 8.64552190688971 5.28100164433835 0.0345786007892623 6.29532750016357
0.00337837837837838 1.42249619919427 0.267022885383938 0.89224407360237 0.663158141889934 1.50440124073767 7.72723125146369 3.89111632060883 0.0215772678924176 4.99441245858937
0 1.1621063120896 0.322619148762897 0.83644208596088 0.655323200812563 1.26333736954257 5.68733848652598 1.56563528977571 0.0162168703860583 3.34739467566918
0.00337837837837838 1.36334563777782 0.338667020015419 0.929480112530291 0.634265324939042 2.38834972772747 7.04141166379481 3.49538459672186 0.0288389877191277 4.44352233668477
0.00337837837837838 1.25050776286516 0.136625961749814 0.711213144322392 0.65997280580923 1.13851897837594 7.59102626387187 3.88688201647004 0.0246212780776598 4.75507541342008
0.00337837837837838 1.3505532264011 0.145899984054267 0.875932849908713 0.353334776312113 2.72727184789255 7.58743283980175 4.63171138325748 0.0520411016356773 4.78317208163753
0 1.19593785002362 0.169358154735528 0.799175226641819 0.764993416517973 2.21074709761888 6.05979052960723 2.50843714719819 0.028685790527018 3.58252638254336
0 1.61601880621165 0.286149517889135 0.765880132617895 0.648706518206745 1.65847038198262 8.6469320566641 5.11634057790092 0.0292875877567586 6.29907601366856
0.00337837837837838 1.39722258758266 0.343294683424756 0.901924361067358 0.582555694039911 2.02421090984717 7.02547482055932 3.44885311576098 0.0279700298431646 4.22839665259335
0.00337837837837838 1.4606602310129 0.282156146077395 0.686363662105906 0.603834734462534 1.27933227900285 8.48777811217938 4.75731886314468 0.0239818196797847 6.0185121082064
0 1.25069461259991 0.385519576841034 0.733581417705864 0.692427410837263 1.51391492551193 5.88653129058932 2.17124909093296 0.0243485689876121 3.49183465576709
0.00337837837837838 1.52858256211051 0.297978367924811 0.940728088154555 0.77205679728642 2.92635629892454 8.21532203951818 4.84576065090602 0.0344047243384574 5.60494385500076
0 1.30639802196529 0.300312051572837 0.864676759392023 0.819920726213604 1.65848318580538 6.59060625192254 2.6600005034605 0.0196317770318381 4.05467930582967
0 1.47090521592181 0.166783052892424 0.77009773880709 0.424416242726147 2.57220639660954 8.57895912247575 5.64662406081625 0.0532724982294729 6.06456010217853
0 1.45832808709238 0.1353065994801 0.821605256060138 0.307480189204216 2.7611151416786 8.51074386773633 5.66085011997093 0.0578504672897196 6.01257933835047
0.00337837837837838 1.40716776296209 0.113634250317687 0.774175573439786 0.776177103864115 2.80912790476359 8.22576088574578 5.14533883898799 0.0459398637864203 5.7654232829577
0 1.55346848126501 0.220904747419991 0.729616711463314 0.601333260443062 1.80507975677028 8.64693407579944 5.28691932159567 0.0347347464574306 6.28108224502752
0.00337837837837838 1.35058641463702 0.235916608969071 0.728742655231945 0.827573386229451 1.97741370467848 7.60635187021025 4.15047731797945 0.0315596916847228 4.62146526847459
0.00337837837837838 1.36903608219251 0.257058866489649 0.767041729497471 0.707612695860116 1.81760729341105 7.49642278188617 3.92367894815651 0.0280787045898251 4.806843513443
0 1.3511960191885 0.367624648730271 0.843213711224962 0.363847449375316 1.65415753284469 6.39926027055443 2.78706674142043 0.0269925728854894 3.87949981372259
0 1.23560836070683 0.355254458612762 0.776265914249234 0.312936894921586 1.90980642521754 6.08943576002361 2.66818560253828 0.0326715647959981 3.62203943598809
0 1.60598753856029 0.173073930083774 0.91872731851181 0.403276925906539 2.05821058480069 8.64908073365876 5.34647240843508 0.0367870894611065 6.20428836601534
0 1.16504036341794 0.134637865959667 0.939434216031805 0.606706345360726 1.74179746303707 5.97021769560371 2.41428908257405 0.028554846198491 3.64235943847904
0.00337837837837838 1.43611800849451 0.270914554875577 0.666618397754488 0.717850078080818 1.742054812704 8.31123153936973 4.84727567518369 0.0313056757444642 5.79670886310525
0.00337837837837838 1.5438980091393 0.309417318190734 0.782793976152029 0.896217656948754 2.61804646862125 8.48240158859011 5.03695260241363 0.0318904404608238 6.03834813300683
0 1.50145138693042 0.355695457011461 0.780840162723325 0.555424678931013 1.00786548759788 8.42649855050229 4.45073210854425 0.0187649137644607 5.87522127368493
0 1.25712215246167 0.329326853668317 0.618167507415637 0.742067289585248 1.37660187063739 6.31242297584153 2.56759836563311 0.0236397748592871 3.72859739111106
0 1.19747468663845 0.165424376144074 0.723863780975807 0.849609771883115 1.50090685160831 5.99220501363571 2.22562405185792 0.0231310140636566 3.53503736864185
0.00337837837837838 1.33770072337579 0.241718462246358 0.721985979159262 0.352938225650796 1.37139941739747 7.55553891779055 4.16044436392662 0.0335373829330822 4.59208494643944
0 1.55545947302598 0.182020979374647 0.84538662286941 0.745515653584153 2.43096367968246 8.63280102352561 5.31739351360885 0.0363192451087136 6.23121025746425
0 1.59155049952678 0.157776169874705 0.801831274712458 0.364521480258554 2.32259223051369 8.6334046223783 5.61979681858311 0.0491141644656794 6.39481631256874
0.00337837837837838 1.42234924904324 0.351806290661019 0.93332799763939 0.790212801422923 2.42210755110294 7.17758448877736 3.52199370544982 0.0258462234538925 4.44090681644917
0.00337837837837838 1.32824778951958 0.238493091532945 0.863290560405742 0.86496083423885 2.16762530845152 7.0066227604433 3.35200713747138 0.0258714399594173 4.21891929680373
0.00337837837837838 1.58731622991618 0.177360433130525 0.893473803740926 0.845058902772144 2.60419593611732 8.56497967746608 5.15867208403452 0.0331634274383191 6.12059041631607
0 1.53376601831987 0.322816800326109 0.717027219175361 0.430534746637568 2.42823196714744 8.48180778074544 5.36799888974885 0.0444313982802086 6.08199057380735
0.00337837837837838 1.4743731048178 0.390920854281383 0.634210076092502 0.691740960985165 2.26468445750953 8.10673564178503 4.86110356012529 0.03894394082531 5.33336270829084
0 1.22521866972093 0.353512080479413 0.92138784865383 0.31310425219126 1.29708371451125 5.80223026348907 1.85165761080912 0.0192436786753189 3.45292268148735
0.00337837837837838 1.29674273477901 0.199986430269341 0.782935161300257 0.620428958591269 1.28007248827572 7.75565186119855 4.01360716886589 0.0237055829201193 4.95338637842358
0.00337837837837838 1.48930054818124 0.202979557129855 0.698224857269003 0.655019014431968 1.8434481035623 8.58409142623827 5.19776011155672 0.0338325705520707 6.24713982342468
0.00337837837837838 1.34234937615693 0.295257603097707 0.843722248717677 0.667017613677308 2.95883804978803 6.51563818839347 3.28653447334202 0.0395929694727105 4.03128642625496
0.00337837837837838 1.41676507629463 0.22605999339401 0.769988048262786 0.722689171372372 2.81670113771063 7.9229859587112 4.81624115606803 0.0447463768115942 5.19216288498903
0.00337837837837838 1.27032092862991 0.135244058850508 0.755062212756611 0.478211147683155 2.29534926728191 7.52958546079104 4.54683460897513 0.0506533023089314 4.57509273075081
0 1.5233970761532 0.154544480866753 0.896173737582285 0.802307840343565 1.30637971125543 8.66796674660056 4.77575648656363 0.0204002064101829 6.22627312995269
0.00337837837837838 1.36845865087506 0.261586629828464 0.695269652884496 0.770158660801219 1.25786518803839 7.93535294937637 4.17013420660003 0.0231625450417099 4.9587368559686
0.00337837837837838 1.40882619233478 0.215953684229291 0.923053873604164 0.5633842181163 1.26767594335584 8.19435820995502 4.29909782175796 0.0203380779641667 5.53733426701854
0.00337837837837838 1.36220890457325 0.32939804133021 0.946615202573814 0.450092163665762 1.85472425384872 6.76029053174545 3.16003532484527 0.0273167501345143 4.14313472639153
0 1.24640365070663 0.297747841663659 0.731512608996127 0.777074666507542 1.69882594980299 6.37246618303777 2.71516766887107 0.0258021227278273 3.89109116938711
0 1.62451395401731 0.241049966402352 0.854793965246063 0.530575283244252 2.48374314373359 8.66689062047127 5.48922266703338 0.0416827479737553 6.24168642474975
0 1.1700242428109 0.378394091827795 0.883028908411506 0.833152626827359 1.45497051766142 5.4345614227255 1.00458333901983 0.0119147507971136 3.18125383307862
0 1.64211630295031 0.287411813857034 0.823302117059939 0.873557644709945 1.08655500784516 8.62663934945902 4.54683460897513 0.0169107673185977 6.08609267618676
0 1.16738793239929 0.206793039431796 0.619878118019551 0.87984768692404 2.99909776821733 5.89772604823254 2.75419135710007 0.0431300766502688 3.57655026914002
0 1.20198573379312 0.302424684003927 0.710298376786523 0.636990898707882 1.91890214430168 5.81150020988771 2.16561923792089 0.0260984077576918 3.48308454113434
0.00337837837837838 1.31159960578038 0.169297110180843 0.732172045826559 0.629484400677204 1.65135936664692 7.91405645756571 4.48863636973214 0.0325356103038137 5.05374039463108
0.00337837837837838 1.34301812036429 0.158931276528165 0.795495013322216 0.801143875066191 2.88435579370707 7.21261047419107 4.10323350963935 0.0446287519747235 4.51984569709069
0 1.50326378315222 0.169584345212206 0.830510797374882 0.495670334435999 2.95393367810175 8.6472591034347 5.7379062238664 0.0545109936357416 6.21011526211056
0 1.21609307415783 0.386532274121419 0.924290762608871 0.581159790046513 1.02673291880637 5.54420040483174 1.05605267424931 0.0112414467253177 3.24843462710975
0 1.16663512689993 0.110008520935662 0.801477970043197 0.776409735437483 1.08845669170842 6.53512031546467 2.54225794625947 0.0184468368210959 3.89096959623031
0.00337837837837838 1.3851660560287 0.298231804113942 0.797559097447988 0.595479495140138 1.86491216767348 7.62554629045484 4.16304109350834 0.0313511228189993 4.75874927391639
0 1.2375028584851 0.180979367322288 0.609176039346494 0.548409834410995 2.81485083373263 6.01226934585934 3.16086142980757 0.057762938230384 3.46003788168509
0.00337837837837838 1.32431908100843 0.234257024875842 0.859533458086662 0.616758268559352 2.36368484469131 6.90116216351249 3.60898554489317 0.0371728501581823 4.19988363336652
0.00337837837837838 1.38366446096459 0.395339629124393 0.649790145721332 0.831380263508231 2.35878929203076 7.14913159855741 3.76738251560188 0.0339879549620319 4.39691524716763
0.00337837837837838 1.23529893473376 0.230544159681653 0.60007932780219 0.391213403485094 1.59716092849533 6.6435003394255 3.39872519251677 0.0389773275446213 3.87658771112052
0.00337837837837838 1.41695308387425 0.289839664582993 0.722273052241454 0.611063280743606 2.35202843184501 7.91282708537492 4.77389396347122 0.0433290000126213 5.14989736142976
0.00337837837837838 1.28070925572139 0.160671543799069 0.723454955002798 0.449629391157649 1.64008307806759 7.21090707583761 3.96043214463583 0.0387557971228547 4.31642087757589
0.00337837837837838 1.28560475630596 0.313769516088024 0.723303714578283 0.496965146417624 2.27820427799995 6.3292114811612 3.08779041797194 0.0391082802547771 3.84098723231139
0.00337837837837838 1.60510653429665 0.397563367825933 0.909748449642211 0.535843646479771 2.15911068022251 8.57619767799264 5.03608642652578 0.0290100994865414 6.03428454429091
0 1.28288144150283 0.220626753848046 0.66092680307338 0.830863510770723 2.47416648361832 6.21354086246177 3.00071981506503 0.0402429257875067 3.67630067190708
0 1.22134194357786 0.369291560607962 0.698150432296097 0.324247080786154 1.36962986877188 5.84193281313702 2.14658084451746 0.0248387096774194 3.439943148238
0 1.60018080645241 0.124249987350777 0.879687583155464 0.480810498353094 2.18200499843806 8.61306079159053 5.43459498484058 0.0416495045186926 6.38783284889615
0.00337837837837838 1.31508982838056 0.311523572213993 0.626554046091559 0.545943091779523 2.29901990024275 6.54136664285577 3.45841752199205 0.0458239169110929 3.82791649613115
0.00337837837837838 1.27253324196305 0.240903697214501 0.795285986697919 0.349434456019232 1.72159830627303 6.46782294199173 3.09648217665413 0.0343435598062352 3.91202300542815
0 1.63846789496019 0.267857109941542 0.904960124543868 0.746851316699758 2.74758818792179 8.66778325404869 5.3146827206343 0.0349757423528197 6.26130082641417
0.00337837837837838 1.25909177456051 0.157010754733346 0.725275818444788 0.821018543466926 2.31634067511186 6.8664331594202 3.58351893845611 0.0375187593796898 4.11218448035043
0.00337837837837838 1.23329513458333 0.191154141400758 0.738522492464475 0.714238587007624 2.07334878977965 6.37944434087513 2.94864066602014 0.0323609226594301 3.8877303128591
0 1.62843266883865 0.344455230352469 0.625323420367204 0.307411717716604 2.82270425697789 8.53613924280567 5.82314450994984 0.066337844821383 6.14518656364369
0 1.25918555373792 0.375549583951943 0.846991363086272 0.586418685363606 1.78336027776822 5.98186504756346 2.19722457733622 0.0227170287568737 3.58649070884527
0 1.60391673862468 0.261439072713256 0.812980878038797 0.455589707521722 2.65962376166135 8.62572467423944 5.56183481200052 0.0467056628148999 6.27161835313897
0.00337837837837838 1.29632295406357 0.130863731864303 0.922338349106312 0.541873336072843 2.87751040576392 7.38131028691846 4.25724803315895 0.0439781546421385 4.56954300834494
0 1.28762042520102 0.371493824012578 0.846351663989481 0.877208811370656 2.23150708852336 6.08616265152049 2.34032542097689 0.0236158488585673 3.6625749662272
0.00337837837837838 1.29640450507353 0.173742432179983 0.907382781108342 0.549788941111187 2.36449673755085 6.79187990533959 3.4860032631996 0.0366670538583653 4.1114389955814
0.00337837837837838 1.23298354642466 0.23429059649352 0.73980542961508 0.390053806453943 2.18432655604556 6.40747386909182 3.27032910645712 0.0434065571607626 3.96878133924676
0.00337837837837838 1.33636006081942 0.31443789221812 0.750193815119565 0.659650394367054 2.15752865048125 7.12701437247242 3.80066161449718 0.0359238895409897 4.38968950741945
0 1.17736689161975 0.244382315431722 0.773714929562993 0.455684686498717 2.32143151201308 5.73280175705731 2.3434070875143 0.0337290879654614 3.30352329892849
0.00337837837837838 1.46636586427607 0.220183021895893 0.865276139514309 0.482350309206693 1.84799819068787 8.46911577318306 5.03065576258707 0.0321141026448142 5.79443536144175
0.00337837837837838 1.57305621493142 0.392411220516078 0.937443001486827 0.522999050980434 2.88095456408337 8.40074925876108 5.03846660724484 0.0346560608784229 5.81273652582416
0 1.33940278037917 0.20666983355768 0.7097718511126 0.480209910403937 2.5686724963598 7.57517431096935 4.70471381632435 0.0566728230385115 4.69744546209726
0 1.41152322709095 0.377305107424036 0.886400575761218 0.562242254940793 1.13042141543701 6.85885476389668 2.79601897404817 0.0172001738122827 4.10178805493476
0.00337837837837838 1.20833741358947 0.138878361927345 0.637841444148216 0.740978597430512 1.71804409800097 6.53475736101147 3.20206870655182 0.0356969990319458 3.80666248977032
0 1.57241332028061 0.291763696586713 0.740073114016559 0.652979217097163 2.22768642241135 8.68817289408188 5.37419757688335 0.0363712985334607 6.33458132644786
0 1.1626454384299 0.194994322094135 0.870802813011687 0.811005712347105 2.44374383613467 5.78849652882903 2.18262577791507 0.0271637816245007 3.40985544440527
0 1.22498353451956 0.29192263437435 0.923983790876809 0.490870621846989 1.72612871881574 6.12421438439768 2.23613999358589 0.0204847537138389 3.69066357590744
0.00337837837837838 1.50972855275031 0.318481713882647 0.762411897047423 0.801718492247164 2.86115251481533 8.31381958712565 5.09067800176979 0.0398297329978104 5.78084639115891
0 1.53053670397494 0.217313116439618 0.744501025357749 0.69291584067978 1.76465517189354 8.67343311582277 5.19443723606064 0.0308383609137461 6.29206284482631
0 1.1754469376523 0.269707712484524 0.602462807483971 0.647731358511373 2.01703110989183 5.94221594453839 2.56209628847913 0.0340433809940667 3.5120980776956
0 1.2287646175595 0.377779498905875 0.791221133549698 0.411845351429656 2.41211812989786 5.71576171820131 2.35503156836659 0.0347099062579174 3.36064244549574
0 1.19712613183074 0.203196621336974 0.645321123744361 0.879322462063283 2.64933985099196 5.96563378707346 2.64191039859766 0.0360184710107748 3.46947888907856
0 1.637855944084 0.390865723299794 0.653720398712903 0.530476633971557 2.06397943757474 8.66962811445999 5.37574126351284 0.0371093302804808 6.27520134719748
0 1.64665975803509 0.319368360890076 0.922704820672516 0.388241219613701 2.19567352673039 8.67622906210111 5.25818957545726 0.0327766310126978 6.30347331155082
0.00337837837837838 1.60405026573985 0.378201981392839 0.714158815206001 0.666166083883472 1.96507714462253 8.60886646264862 5.1149953094205 0.0303830268672332 6.16303406287614
0 1.36498386317398 0.375733032799326 0.805576339329127 0.646498434618116 1.14017950790003 6.94988841358245 2.93562834948429 0.0180563101211211 4.25324584480796
0.00337837837837838 1.41468354393728 0.393551114224829 0.908226625504903 0.633795442432165 2.55118635389954 6.85737384942121 3.40452517175483 0.0316553319778448 4.15627551995259
0.00337837837837838 1.56293974639848 0.286220275121741 0.819307053484954 0.519221578259021 1.67551504261792 8.61843724606222 5.03304888893316 0.0277258979889386 6.21707172786016
0.00337837837837838 1.3054610907333 0.247589429118671 0.738032325892709 0.426632670778781 2.32255167420954 6.71575949114699 3.67411583380834 0.0477563299072449 4.00607847992357
0 1.62053086466622 0.209772474435158 0.834097201097757 0.557645663106814 2.07652404159307 8.62209360124161 5.32414754324905 0.0369590011405246 6.309493945786
0.00337837837837838 1.31446143691428 0.296513471473008 0.602348043443635 0.379890996962786 1.72335211141035 7.20984203263647 4.16555719044737 0.0476303630363036 4.28112046936544
0.00337837837837838 1.55274188097101 0.30657294949051 0.643961710378062 0.533800990786403 1.66223752545193 8.58895555764313 5.16154262471005 0.0324708364358402 6.25970892566729
0.00337837837837838 1.4425927471792 0.276923534880144 0.737557837062056 0.342970494086601 1.99019179527122 8.49436118016651 5.32771434339882 0.042144679225722 5.89788620014842
0.00337837837837838 1.45715890718073 0.326847245674335 0.861582749014268 0.326897528849334 1.4009822172634 8.16022296579092 4.52684821921262 0.0264268498318551 5.5127564772321
0.00337837837837838 1.39520355230197 0.139037744724192 0.846342991257552 0.57958993781358 1.97691857768223 8.34747600270872 5.01407763828723 0.0356716735040779 5.86656573703105
0 1.41820203207899 0.107789789745584 0.673339494795073 0.610142878443003 2.18125945422798 8.4795342924787 5.40917995935985 0.0464047092186392 6.05176457263819
0 1.23218293963 0.399358524638228 0.644933512131683 0.571955653885379 2.4144551907666 5.81987826395787 2.38844638360044 0.0323405997339065 3.50067857898382
0.00337837837837838 1.46259196007159 0.372756097349338 0.864269677607808 0.821288478467614 1.57599176606163 7.71753540881523 3.80895870203067 0.0200690448791715 4.97435278891483
0.00337837837837838 1.48931234164629 0.104052902688272 0.857660848321393 0.877356036985293 2.86442293506116 8.45266889239975 5.19036089170939 0.0382998997347593 5.9858655687075
0.00337837837837838 1.38154594878954 0.263366248552669 0.695799272432296 0.792338905341752 1.85367598843288 7.86743750139241 4.42763714592593 0.0320710875060644 5.0197051494358
0 1.22235123938881 0.322766247880645 0.718945676274598 0.546831297269091 1.4821271658875 6.27159316390485 2.68102152871429 0.0275825587546286 3.73766961828337
0 1.53401354372036 0.119288846151903 0.843780845357105 0.689498344575986 1.41512274416164 8.63085433376854 4.94213491215386 0.0250040011326283 6.32200791260692
0 1.40681445817463 0.163401721627451 0.679932359966915 0.308852187590674 2.75539052160457 8.11145804685151 5.41372721805886 0.0673581867104118 5.46932516344172
0.00337837837837838 1.42794818788466 0.34144693052147 0.807529971275707 0.739867991089741 2.0838004800364 7.82660569503076 4.28741065829903 0.029036691147134 5.07910127783104
0 1.52956144136842 0.242271517799236 0.63125510312384 0.549105445062742 2.44731733435765 8.63455539779566 5.63906615993651 0.0500121532615204 6.25690101061244
0.00337837837837838 1.42295821148437 0.242923663393594 0.949949899502099 0.760282966028899 1.78331460105255 8.19267192330143 4.4156225841024 0.0228901328955741 5.48962619434223
0 1.54863608137239 0.139328249823302 0.799545035301708 0.897272834787145 1.4775162586011 8.65610383986651 4.87900685161782 0.0228890422284801 6.24486014159271
0.00337837837837838 1.58903417517666 0.334567745149646 0.879198739985163 0.76426818448236 2.551016582499 8.58243771327664 5.11899131873388 0.0313216290994485 6.16975019278036
0.00337837837837838 1.39005211575605 0.159433348736399 0.945045602657817 0.507145012521978 1.53607395874804 8.24004590887971 4.55837802448133 0.0251809408926417 5.61012568914666
0 1.63439999856055 0.286679217987694 0.67706120905932 0.733145993063226 2.46178649319336 8.68152633629858 5.5130115289974 0.0420660276890309 6.28419849250638
0 1.23729029248934 0.354162536910735 0.792394945432898 0.70023562037386 1.53010500362143 5.99002119828873 2.30258509299405 0.0250361097737121 3.5706155336202
0 1.49629413322546 0.136642849398777 0.771788215741981 0.508382954355329 2.95335877686739 8.4232462199521 5.61752316588954 0.0604630373187472 5.97372186563133
0 1.61020267263521 0.237060201447457 0.863267530745361 0.686428190907463 1.04935404192656 8.62558359508266 4.60378992351913 0.0179207920792079 6.28740979905543
0.00337837837837838 1.33999314712219 0.293600373529547 0.924046703215401 0.376662880374172 2.85417072125062 6.73845962664321 3.58351893845611 0.042640930028515 4.04240128406126
0 1.54138342801016 0.214632868929766 0.757330036896747 0.74380255183205 1.12370922975242 8.53724415388776 4.64854890929004 0.0204720396241456 6.1006925742923
0 1.25976090503391 0.340513484412804 0.831977688043844 0.654321509879082 2.94309974787757 6.10842419860916 2.77950916508436 0.035831960461285 3.62087815434928
0 1.18814771352336 0.195743815391324 0.802868613018654 0.859458100050688 2.40645723091438 5.91879045769548 2.50395484475869 0.0328818116016958 3.58565341098474
0 1.56865875781514 0.255798972561024 0.928383857652079 0.701003625104204 2.31163894897327 8.65663831342279 5.16967197712914 0.030593542053694 6.28752658791162
0 1.46935906631406 0.104033228335902 0.833778995706234 0.754248046316206 1.13563818531111 8.628674934079 4.75550406728865 0.0207923350627149 6.23121025746425
0 1.54292324066628 0.284148928034119 0.727242656180169 0.528081926889718 2.59867756860331 8.55797104703135 5.54166914240593 0.0489820240341643 5.95878104047231
0 1.59753253040835 0.215853515500203 0.764968877576757 0.863736510509625 1.293790650554 8.589929270574 4.71581670607516 0.0207727641848038 6.24830073938866
0 1.18414892021101 0.398550622188486 0.720739614893682 0.755353020178154 2.27200049487874 5.68076599280543 2.12719597297574 0.0286222749518019 3.38365307201125
0 1.34153988594189 0.371846451726742 0.695620068593416 0.650470031239092 2.50829753419384 6.07156219832704 2.77258872223978 0.0369210482940498 3.6735845090783
0.00337837837837838 1.39822374470236 0.192974496960576 0.658983049569925 0.694793459366344 2.51514803374527 8.27278952261142 5.25544714488959 0.0489310860603407 5.64922571559243
0.00337837837837838 1.39336127333382 0.299867954339647 0.906937149073207 0.440316313765002 1.40660402820189 7.72044526277127 3.91498158746789 0.0222488785184942 4.87434878687531
0.00337837837837838 1.52884019249842 0.29178500883506 0.890649632263957 0.728550487009286 2.46421464990855 8.48573004372605 5.04492936132022 0.0320390219739395 5.9858655687075
0.00337837837837838 1.6371550418042 0.225605083870559 0.869528474785733 0.632974738434926 2.39987157504559 8.64376710347326 5.37435205282403 0.0380286654135338 6.12176154805584
0 1.16397663494572 0.391337664541788 0.712946235935669 0.595478066056967 1.71923472685739 5.58940708790216 1.73233604875725 0.0211297973264338 3.32254259926347
0.00337837837837838 1.38219649255961 0.327318585774058 0.935933111781217 0.311875991278948 1.96574594950379 6.69959156023016 3.15778813288836 0.0289610508072608 4.12414305765751
0.00337837837837838 1.28281576190965 0.308330320555086 0.780308600789359 0.307641070317218 1.5796776885932 6.53512962025711 3.19237388412269 0.0353394372487718 3.87360197244543
0 1.59726005650591 0.206184932217002 0.808743527298793 0.375604473939165 2.73143287515268 8.63728467167406 5.76005778262354 0.0562906468014662 6.22237783568655
0.00337837837837838 1.41766621473368 0.13584039149141 0.891411374807781 0.599264300722118 1.6283711766132 8.41454750578876 4.86032906673431 0.0286037217342484 5.80744154367427
0 1.1811906512361 0.158211429882795 0.79833454110194 0.338611379871145 2.14812773419544 5.75336597484503 2.48837285776449 0.0381971979910124 3.53854094317303
0 1.26254268197808 0.332633978826925 0.841316611866932 0.322951395995915 1.89895495679229 5.92101972919965 2.4603008389858 0.0314071755895831 3.46573590279973
0.00337837837837838 1.26962471317529 0.190166850669509 0.794110544734938 0.593384354048365 1.41598185071433 6.85813028367953 3.20218559042782 0.0258370778373677 4.02781171657601
0 1.53289201573934 0.257032736111432 0.682538052310701 0.549710939079523 2.5557151613757 8.52866506812573 5.58103021628651 0.0524636436153893 6.01506320578777
0 1.23687496767379 0.281460802792572 0.767160133679863 0.378646712377667 1.00065797334537 6.46539563895093 2.58189891577531 0.0205787410652525 3.83666068565572
0 1.15532044260763 0.261347020626999 0.872564426460303 0.331008423585445 2.72104076808318 5.51902316635031 2.30258509299405 0.0400976290097629 3.24970018306858
0 1.51843945621513 0.117457068315707 0.810466046549845 0.355585999321193 1.50492773670703 8.6319309819901 5.28844117087782 0.0353135049714381 6.34895812139468
0 1.19212487034965 0.151915943203494 0.760508148616645 0.531945173162967 2.89119174424559 5.87773578177964 2.89856852510034 0.0508351488743646 3.57525442860622
0.00337837837837838 1.27890303341765 0.238584939930816 0.805388908268955 0.548316884852083 2.91662425678509 6.45362499889269 3.3964241029095 0.0470191226096738 4.04054185622912
0 1.62679972928017 0.38127030110918 0.829678125714417 0.472045610239729 1.83632125658914 8.6604930957028 5.11219549424575 0.0287735820868765 6.25356352440055
0.00337837837837838 1.4045963213779 0.333975064055994 0.614593910938129 0.817459272081033 2.07951855193824 7.59402889059891 4.25087336445433 0.0353253117186058 4.81543111147129
0.00337837837837838 1.41580208796076 0.102187337190844 0.66200150642544 0.692473129089922 1.78414624975994 8.61320531915482 5.33388419754278 0.0376538104904393 6.15537044535425
0.00337837837837838 1.17703699386067 0.150939212522245 0.644291719612375 0.587833716994671 1.37999273862631 6.40488404611078 2.93119375241642 0.0310024112986566 3.76023065366901
0 1.25706866567489 0.202128045121208 0.861889573268127 0.764110945863649 1.32410479290411 6.35917453422447 2.39439264224717 0.0189721741445879 3.82947716753649
0.00337837837837838 1.31351803194266 0.278898903424852 0.679016507952474 0.886514278175309 1.74808428157121 6.77809393905424 3.11668488397165 0.0256962797316528 3.98766041963377
0.00337837837837838 1.37667715051698 0.362586021912206 0.864879223745323 0.673247524212557 2.81469131178426 6.62107270686344 3.24843462710975 0.0342990342990343 4.00538323336339
0.00337837837837838 1.43201412244072 0.197577180940897 0.852374121778206 0.69046111667565 2.28462752258788 8.24073070201644 4.86301496914855 0.0341253171117597 5.57424964525641
0.00337837837837838 1.46726244476888 0.205948769809197 0.826237602380357 0.615778252287201 1.39776649116178 8.47723193746362 4.80210664513313 0.0253462296355916 5.94733848906543
0.00337837837837838 1.48004172390793 0.270324111706577 0.763078463391866 0.592462899489328 1.56605842569843 8.43627954903359 4.87976701889122 0.0285381774022163 5.92505761491038
0.00337837837837838 1.60829962668244 0.25349991514869 0.868635772460758 0.763765182835114 2.10433661648984 8.67006305134377 5.14302714880511 0.029391907355701 6.19766537769188
0.00337837837837838 1.4600058385171 0.180471680895425 0.920399953052402 0.326216359063983 1.35144168324769 8.4289519675658 4.71192972255963 0.0243062382127852 6.00807581291318
0.00337837837837838 1.30546362965239 0.157356030513498 0.920113001900792 0.602954984879584 1.95342012735788 7.30531266005888 3.7757364982072 0.0293173390408402 4.40762218186285
0 1.31129651432857 0.334984904434532 0.755239096365403 0.7685791131109 2.37189517170191 6.33370827393175 2.97306347374128 0.0347128688624954 3.7425836330858
0.00337837837837838 1.40302919515277 0.154392085675102 0.793106699401601 0.735081370198877 2.24444958019286 8.37744058233086 5.08965183441448 0.0373363181943635 5.7623657987551
0 1.16775001257192 0.384936972125433 0.923731547337957 0.609271010058001 2.39224126189947 5.46501754243903 1.82454929205105 0.0262400541730151 3.22525543183224
0.00337837837837838 1.55865463874488 0.332464331196022 0.747365736006286 0.367084144437483 1.62154361761751 8.54148875294668 5.08375755892522 0.0315011510035944 6.14625541605912
0 1.29561271073762 0.3781800001394 0.902015681855846 0.389609295409173 2.06015978660434 6.2991393910492 2.71263736510912 0.0276950377083465 3.82563839122933
0 1.25824401990976 0.327903761714697 0.881383992044721 0.319786537578329 1.23371829511598 6.14291316695856 2.19722457733622 0.0193378959095973 3.5120980776956
0 1.61499384543858 0.232059748703614 0.621897816180717 0.524042862793431 1.05450002476573 8.63478657946102 5.07371441749748 0.0284083500278571 6.27168132344849
0 1.19223971487954 0.167490168823861 0.895925567357335 0.365853745350614 2.19161484204233 6.2995339689208 2.97506563674543 0.0359916492693111 3.71689249034161
0.00337837837837838 1.41759364920154 0.332045831238362 0.727002342089262 0.429464658686503 1.07606407842375 8.02570806429049 4.29751995529926 0.0240363476476623 5.05822057285786
0 1.16333892950788 0.319442797987722 0.891233728826046 0.777382095856592 1.47184446081519 5.73395751478506 1.65595792806899 0.016941321423071 3.3722098447889
0.00337837837837838 1.38127677578619 0.356457361687426 0.784500887242795 0.322095281142801 1.47646495551136 6.72447326109306 3.1904763503465 0.0291880204996797 3.99513791213865
0.00337837837837838 1.28518611326391 0.214891761592453 0.759766991498285 0.655009285332298 1.92142444388191 7.24435505848982 3.82475185444043 0.0327254176763168 4.46426473291085
0 1.59844283675775 0.309034317708574 0.774254187429324 0.361117023602128 1.74281215621158 8.67944104969477 5.28565128240738 0.0335811706207269 6.35580828638596
0 1.54363468880765 0.32387786237523 0.871814184379764 0.835134234186262 1.37817342439666 8.58532524806394 4.60683546530715 0.0187138800318852 6.09341926963098
0 1.45876805237494 0.187345906207338 0.881084095907863 0.686420612689108 1.11882421234623 8.60996724260286 4.62497281328427 0.0185925478956102 6.15441872669828
0.00337837837837838 1.28918157360358 0.173701224983103 0.908684288646991 0.661503422513139 2.04284972766997 6.98108318505865 3.45394794704768 0.0293889878417099 4.4342830068198
0.00337837837837838 1.3215452313656 0.21951311128214 0.932619712874293 0.61891708150506 2.21781711140648 6.9473676533179 3.38752407976195 0.0284432736463636 4.12713438504509
0 1.22884051848669 0.180100344633684 0.86243130445946 0.472448512120172 2.24660047050565 6.3081634927374 3.05635689537043 0.038704221687374 3.7752209639355
0 1.64566281272564 0.255697993119247 0.747402524470817 0.506325266277418 2.85106685990468 8.63108206461629 5.74476997272137 0.055781550978208 6.24937594142583
0 1.17498761634342 0.377714193891734 0.635138116870075 0.575422281911597 1.27739730570465 5.8614191348794 1.94591014905531 0.0199304017715913 3.4146862434481
0 1.23572136377916 0.229786642850377 0.81924502478214 0.768291935138404 2.54906449047849 6.31451807254386 2.97771376805131 0.0355503845905242 3.77111755235091
0.00337837837837838 1.63005964653566 0.267616248549894 0.802672324678861 0.785136501258239 2.33461094088852 8.64691065357878 5.27248660651351 0.0342378320138661 6.24461987249016
0.00337837837837838 1.51755534954873 0.380789380523484 0.72033850374801 0.524080688201222 2.05732668511399 8.23805231664157 4.9124097576554 0.035949411712863 5.73280175705731
0.00337837837837838 1.22063662686381 0.239520795827989 0.626618586667434 0.728172888845437 1.62758650162197 6.48264853061868 3.06183207525851 0.032685737596247 3.87328217711172
0.00337837837837838 1.38395784639221 0.273444464508716 0.782912746749451 0.466681455301605 1.06041922132257 8.18387301885447 4.38894707751846 0.0224845709323602 5.32156358582893
0 1.61875595254824 0.119877258548513 0.893167730525602 0.744317957572639 1.20998203428462 8.64404314619703 4.70712490851108 0.0195082419679717 6.50023806674784
0 1.62887123771943 0.290057556284592 0.733479823626112 0.314906720677391 2.92655500490218 8.63531987172374 5.88387933642804 0.0638358371641154 6.19549323456251
0 1.42147175732534 0.202502608555369 0.615413684817031 0.604846010589972 2.64162436779588 8.37839078853578 5.54329488654178 0.0587128948801743 5.6333335171353
0.00337837837837838 1.39042572464928 0.389440158486086 0.744082911740429 0.483939112324158 2.96363704608389 6.78139809010561 3.75028808224258 0.0482620371421007 4.10978037035194
0 1.6163418472046 0.193804850475863 0.727958287764341 0.756376513279974 1.42685791663826 8.6320445264274 4.99721227376411 0.0263883605933815 6.25843357796222
0.00337837837837838 1.38000107388226 0.344004010645012 0.787780601918916 0.492156800783251 2.26772365202171 7.34676631998556 4.10917655117743 0.039258402987729 4.55024052395716
0.00337837837837838 1.38626472427604 0.395823452371495 0.64157503369701 0.564008046890971 1.32759004303304 6.9909468698689 3.37953588488098 0.0270137040323376 4.10087083872338
0 1.20489910417236 0.344651665422134 0.757888521114364 0.318280685925856 1.99368182523176 5.90966682808033 2.55204595262563 0.0348179968347276 3.53003025350512
0 1.20453173001297 0.180993935279548 0.794550949707627 0.751483050081879 1.05843723984435 6.27782630388205 2.27631716617344 0.0182880189138447 3.64631983969514
0.00337837837837838 1.25923565947451 0.102961371233687 0.855746388831176 0.641107867285609 2.51403459021822 6.64427186998744 3.45760105259345 0.0413091680323918 4.04499868811895
0.00337837837837838 1.29928676557221 0.236044735117337 0.602201193949531 0.737887675534239 2.14598380704397 7.05113884127482 3.8375966802182 0.0402139165247528 4.23010049022632
0.00337837837837838 1.49053143018074 0.255312829689828 0.906235795919961 0.446499846045631 1.98506256327653 8.3661764844507 4.94473288031686 0.0326652452025586 5.85850441985175
0.00337837837837838 1.51352284846362 0.378430158528499 0.792867307807319 0.384203689964488 2.02873312449083 8.03295540214268 4.70622143005782 0.0359101974573979 5.41298444152616
0.00337837837837838 1.51669552430976 0.365466246008873 0.616739839210641 0.610911792190745 2.64338039187714 8.28037029614826 5.26590103718607 0.0490718730336293 5.65442318304723
0 1.2060321615776 0.129827478947118 0.687985566398129 0.624203479941934 1.48457750538364 6.10737917170434 2.58324255050886 0.0294772464155312 3.68887945411394
0.00337837837837838 1.28227999827359 0.193656590394676 0.680735113611445 0.536552954278886 1.32526986952871 7.40149287330921 3.89908249415241 0.0301246839305955 4.62286976308749
0 1.22557071419433 0.254531611688435 0.915357712469995 0.583752666413784 1.91582593740895 5.99760636177715 2.29900727164616 0.0247581861744609 3.63664586816674
0.00337837837837838 1.39328724335415 0.158322681087207 0.787320532103016 0.401064364546172 2.51188768142389 8.17104466046449 5.20013268896028 0.0512565445026178 5.49671274817305
0 1.61434714470524 0.168927664449438 0.908040076610632 0.716896215593442 1.00715287122875 8.60970321619869 4.52739502043915 0.0168684849170722 6.38099883314395
0 1.60871864166111 0.232743825577199 0.684687089291401 0.522943826811388 2.74713995773345 8.60188966887002 5.76498209452826 0.0586066226463634 6.23760822265125
0.00337837837837838 1.34747706500627 0.349452441267712 0.792443314020534 0.774594980488643 2.12788262630427 6.42614165669125 2.89630649341598 0.0293097467915366 3.87343066623516
0.00337837837837838 1.30153779615523 0.25284872549891 0.724753723525219 0.713405760939444 1.91402063764025 6.61532119283602 3.16719259091634 0.0318051007244219 3.99513791213865
0.00337837837837838 1.36204368506499 0.253594092648553 0.83730159601196 0.430550939702408 2.23661426745325 6.90475076996184 3.73084365321297 0.0418398051296747 4.11961772635273
0 1.24120511205401 0.146460941876285 0.870590374676976 0.426075382344425 1.2867149268277 6.55809997459853 2.85528043808489 0.0246539157657878 3.86254294816478
0 1.53920363376383 0.211803997005336 0.639154070103541 0.401026477804407 2.71378290234134 8.6058692930936 5.88998537815813 0.0661464593158399 6.20475976236738
0.00337837837837838 1.63740570782684 0.399251152179204 0.785711320047267 0.85645079263486 2.9478491935879 8.60420234618118 5.19960139360888 0.0332200738223863 6.27482479391074
0 1.60740033406764 0.104270472167991 0.753742037829943 0.428756554517895 2.23974367557094 8.64066728194913 5.71714112510055 0.0537438435656117 6.48616078894409
0.00337837837837838 1.34081904578832 0.21104827537945 0.662213711196324 0.7712384953457 2.99151320381368 7.24487016620207 4.31748811353631 0.053537011920908 4.37071287477361
0.00337837837837838 1.44989709334952 0.295902177653 0.845306292945855 0.554288179949558 2.85938035070761 7.88764659226589 4.82001271226291 0.0465311229277448 5.01816244940532
0.00337837837837838 1.29691070947424 0.231042728715518 0.602180600030541 0.477889418853107 2.10948237539699 7.11350396867123 4.16119522311805 0.0522190062711047 4.19525072753055
0.00337837837837838 1.25106922689029 0.247506881853943 0.67136652655092 0.34368955317068 2.00051533018257 6.70486813724716 3.60287766832566 0.0449596225387896 4.06044301054642
0.00337837837837838 1.44877532937098 0.377964645368047 0.670261394849513 0.365197751065716 1.85726669291034 7.85426077467398 4.63807123733019 0.0401075959531074 5.08097591596334
0.00337837837837838 1.42294830677284 0.167330488394087 0.744161333773014 0.613077441823504 1.99399042226958 8.37421321959115 5.05987887019819 0.0363582424102581 5.92454223461513
0.00337837837837838 1.62001129644923 0.180030699749477 0.786267154675443 0.878191837621853 2.03089278424159 8.6441429726752 5.15848042136024 0.0306334554678692 6.24163943747322
0 1.1574506807141 0.125348160625435 0.941279143071733 0.879776199348271 2.90987953683361 5.99132564857314 2.55636561377015 0.0322266981525212 3.56167719654106
0 1.27642939400394 0.306670299987309 0.861947114521172 0.311460833111778 2.41422636667266 6.17341401087439 2.93689177353106 0.0393003349460365 3.78985537145394
0 1.20307577177882 0.230265444959514 0.729810140375048 0.498304761154577 2.30444211745635 6.26607545173468 3.12415806214281 0.0431998874270034 3.66070857714724
0.00337837837837838 1.3336473755886 0.224677894700416 0.79384554715943 0.577433041160719 2.44384215424376 6.97183033066537 3.83536536653676 0.043436074905398 4.35979865479337
0 1.58940682662651 0.107703589764424 0.668587810371537 0.863674888852984 2.84721825830638 8.64197979289917 5.67378135238335 0.0513958196026739 6.4011983093127
0 1.51967610439751 0.135861284495331 0.902681231847964 0.348826777562499 1.1843466674909 8.62555719209384 4.9351930989294 0.0249629115620214 6.21720472426946
0 1.22458659878466 0.34840775562916 0.836369185498916 0.782577811880037 2.39760855352506 5.81304446058065 2.22216352568347 0.0275740287965227 3.53964093228406
0 1.53144330016803 0.106872893706895 0.900369556003716 0.342480742698535 2.79330238141119 8.59802943031442 5.67275036540847 0.0536497180699629 6.18675717026642
0.00337837837837838 1.40159968657151 0.306298049047599 0.65798282883271 0.775763940500656 2.68536148838658 7.25286009815095 4.13984524974113 0.0444666927134206 4.56650104482894
0.00337837837837838 1.38897187265334 0.372352430474384 0.604299367643164 0.795390945887208 1.81383942490359 7.23281341554987 3.65113912613109 0.0278290653180273 4.57623711386255
0 1.20174819682725 0.352458089683205 0.7583492212696 0.381860889075324 2.92662261240184 5.79186966164357 2.66258782702545 0.043749205137988 3.44998754583159
0.00337837837837838 1.44174417711329 0.307308243913576 0.678856847819406 0.781212866306305 1.55030714347959 8.22909325389323 4.57745634742058 0.0259486185339653 5.62269292293629
0.00337837837837838 1.26853426101152 0.203644769568928 0.752226420352235 0.606752985343337 1.48350340314209 6.58089594922298 2.98642988089168 0.0274753492193919 3.94481282825114
0 1.56841105604544 0.17590350524988 0.620353884994984 0.43096457538195 2.8081040517427 8.6250669747408 6.02102334934953 0.0739738500900947 6.17445552264835
0 1.52897258088924 0.13868807463441 0.877965932025108 0.813286009524018 1.21631619380787 8.62583727577428 4.650341329922 0.0187699902871177 6.22674109162472
0.00337837837837838 1.53585232105106 0.29653950817883 0.924278053315356 0.77065320792608 2.60925869224593 8.50590977239575 5.04814514284591 0.031500097763574 6.06881131631061
0 1.51863830080256 0.242810310097411 0.905222122196574 0.687072986830026 1.7116830162704 8.58394907996287 4.86938949272598 0.024366169924521 6.17873075548996
0.00337837837837838 1.33397336553749 0.186716407497318 0.876501267015451 0.890489354847585 2.25189978197904 7.46283016034416 3.85922481986118 0.0272253884948132 4.72358794080257
0 1.22355486450251 0.307182034454308 0.748267644352745 0.519072253536433 2.18338223174214 6.19734890053211 2.80895636641066 0.033762906021554 3.62384698384308
0 1.18395603271201 0.370403293776326 0.736429843213409 0.697660163696855 2.22233768599108 5.57182334434406 2.05189158991161 0.0296014552670746 3.28287072000706
0 1.47281939405948 0.207356909266673 0.82168226740323 0.88858673167415 1.40681486390531 8.55967780302239 4.68459731961941 0.0207526675611782 6.23021894593634
0 1.62576896252576 0.102988746040501 0.77476985413814 0.503852237993851 2.77818923955783 8.61352103504322 5.81283616215164 0.0607684297200426 6.46749166533128
0.00337837837837838 1.29422655873253 0.171134371930728 0.809070057961161 0.494960378181251 2.53874290439598 6.9663610575826 3.91202300542815 0.0471539238800943 4.18041303449931
0 1.61255181403831 0.243029520334676 0.669128565955907 0.497082405025139 2.83552894322202 8.68048482230339 5.87848246839264 0.0606884211837583 6.30560596324418
0.00337837837837838 1.41694576744921 0.228047539945692 0.73926699757576 0.637119630770758 1.01083565037698 8.46149091770084 4.57471097850338 0.0205112874059383 5.84384422216027
0 1.15807022117078 0.126860597450286 0.908298545959406 0.409435592545196 1.24395062448457 6.02400620018159 2.13553100833088 0.0204765450483991 3.59941752452391
0.00337837837837838 1.20997534166916 0.121838559335565 0.911269848084724 0.693920166227511 2.65980082248536 6.4179733421445 3.2092294478164 0.040407337293557 3.76676599277101
0 1.21150730478112 0.235053599043749 0.876463684160262 0.723643435304985 1.06074910005555 6.13448205394291 1.9236870122706 0.0148345695474623 3.73491858491148
0 1.17029203157872 0.256347437156364 0.824252126319334 0.533905579475686 2.84281279658899 5.48133312677147 2.07944154167984 0.0333102012491325 3.22220361496088
0.00337837837837838 1.37356852282354 0.149020896381973 0.707012626811338 0.740152695829307 1.89499963727849 8.53946066219355 5.18700044938127 0.0349981452129633 5.91294366936938
0.00337837837837838 1.35612540805035 0.384892397103288 0.759926710311914 0.364520704222222 2.45219961126593 6.57685370426854 3.50586800422604 0.0463754200672108 3.99725118426917
0 1.59180437782779 0.211931463819929 0.627300534164533 0.48328574099578 2.19012902956456 8.62051963976107 5.71362278845661 0.0546450387186763 6.24053572043211
0.00337837837837838 1.50082450590562 0.347070820699446 0.700533702224493 0.647609279165045 1.73216641321778 8.21207259153247 4.69576708134032 0.0297089922335548 5.63909068506864
0.00337837837837838 1.39392077187076 0.365319993812591 0.840419598796871 0.728649833891541 1.57783521804959 7.13298237249972 3.2470467018349 0.0205286117526302 4.39312552774193
0.00337837837837838 1.32701083484348 0.150703347495706 0.855112516171136 0.570422504350347 2.29135288010607 7.30044953056755 4.05686945105555 0.0390239359225109 4.47144172961281
0 1.49516496490687 0.125627068732865 0.931566067622043 0.48214847180061 1.00996540347114 8.48519707651227 4.54476105819253 0.0194397368158708 6.0588008748699
0 1.60516274229158 0.109688733168878 0.624926093919203 0.862639199802652 1.93678338127211 8.62681262499444 5.35170014311315 0.0378126157559536 6.43422543995984
0.00337837837837838 1.40808393361513 0.261349775199778 0.760758851491846 0.700075667258352 2.87407087627798 7.43649940325047 4.36394752127398 0.0463028445701713 4.65268970195607
0.00337837837837838 1.46970780377742 0.375958855799399 0.901816102431621 0.775272275554016 2.28166809724644 7.81556571009036 4.15307923653987 0.0256686089944718 5.0607179794491
0.00337837837837838 1.31222543371059 0.26435242300427 0.787163142332515 0.65050320803462 1.83208793352951 6.86020934044287 3.31054301339402 0.0287342258887685 4.2243976904703
0 1.58242635740899 0.204970879410394 0.626208905025851 0.525695245480165 1.5234604482539 8.66300059124923 5.40327780218452 0.0383990411764028 6.38221075054343
0.00337837837837838 1.35872091836508 0.33967704341558 0.934931743180299 0.360759582285306 1.51258097697616 7.01381170628343 3.22348059125495 0.0225881213462935 4.388734853409
0 1.18842333948705 0.25895846222993 0.641272012097761 0.32823529955931 1.54400252830237 6.23756006653478 2.89519104433211 0.0353531061443019 3.62954476085139
0 1.1685948216822 0.11726577966474 0.810562127211597 0.537140724202618 1.89770817104727 5.96661283095222 2.59253731398037 0.0342497670083877 3.55534806148941
0 1.32259085131809 0.133364362688735 0.667046789301094 0.390226033749059 2.99750539939851 7.18986830159396 4.5976419195673 0.0748532026073372 4.56024753334515
0.00337837837837838 1.2705658415146 0.304921487938034 0.633069320159591 0.839882422602647 2.05096198745595 6.47417643513183 3.05330212537547 0.032683846637335 3.83666068565572
0.00337837837837838 1.39682855273666 0.35648278802582 0.873310823270845 0.745021965976079 2.24033791514974 6.94450499301217 3.32503602069659 0.026796902612216 4.32941668440158
0.00337837837837838 1.26057566106319 0.27703240159899 0.657811429922003 0.491371268592775 2.28852780628949 6.55135502258805 3.45485966265559 0.0452073606152156 3.92425557386378
0.00337837837837838 1.32503340236499 0.10057195924 0.603326800256487 0.486374530650308 1.51031326844044 8.11288510600678 4.93198051169757 0.0415480539836574 5.3772351814118
0.00337837837837838 1.47256585505685 0.260443073929371 0.794007171068262 0.497379379361308 1.26446757515744 8.32632320065232 4.59915211366253 0.024060805577072 5.78136060930158
0.00337837837837838 1.23897146733943 0.133741314616054 0.901383379183244 0.524487751722336 1.56565487710759 6.82758910689706 3.20395017465153 0.026685393258427 4.12593892764032
0.00337837837837838 1.41265355400849 0.273919994016546 0.72468540165967 0.666224524359485 1.21281729032741 8.19527453580254 4.44096917030733 0.0234167110164981 5.41387570718231
0.00337837837837838 1.28787015535759 0.163160831808231 0.909346832300334 0.401945855167982 1.50751246849202 6.83677630952356 3.18879836963092 0.0260437375745527 4.04758936314304
0 1.28583827461116 0.319989274535328 0.874274519272149 0.473517818190157 1.4674230767414 6.12772658313004 2.39138059177718 0.023841059602649 3.65528573682579
0 1.60166218839586 0.354842018056661 0.848186748090666 0.581103593017906 1.49668303690851 8.60517964841636 4.86161955600877 0.0236696866834355 6.27720724017871
0.00337837837837838 1.49669280028902 0.334166368353181 0.616455468197819 0.534382004477084 1.2125511248596 8.49911068386547 4.81785927939844 0.0251914304333659 6.05561236693173
0.00337837837837838 1.38989646800328 0.379350004019216 0.754711196187418 0.620586865302175 2.31115543236956 7.13922271116649 3.72361399209351 0.0328564002954614 4.39274485089391
0.00337837837837838 1.40156935187988 0.292143696313724 0.818881215632427 0.635174575354904 2.84358250489458 7.62562759192888 4.48601120415178 0.0432994048974017 4.70682383971459
0 1.23012080006301 0.315942722954787 0.913894662051462 0.55737889953889 2.01661978848279 5.85208274080528 2.10006082888257 0.0234702430846605 3.52513428289292
0.00337837837837838 1.51366979526121 0.256220239208655 0.737681086315667 0.607967751329625 2.25460750650596 8.50648944348235 5.32430994682229 0.0414951180232206 5.92479041383999
0.00337837837837838 1.40692168739624 0.32164662014693 0.682918873708695 0.573162087192759 2.37352240690961 7.43388322275657 4.36733591926388 0.0465817100313171 4.62104353514438
0 1.1518877745606 0.340413866052404 0.654082193574868 0.489543806668371 2.48075870564207 5.62777749808379 2.36167400936405 0.0381548084440969 3.30704595053905
0 1.25174660931807 0.312114877230488 0.698862399812788 0.82055103443563 1.05126891937107 6.24043177843165 2.18380155700408 0.0173072425352771 3.71454720086251
