0.00273972602739726 1.44493351963581 0.330437019044249 -0.383378087095108 1 2373.57 54.49 468.830333303952
0.00273972602739726 1.44493351963581 0.330437019044249 -0.383378087095108 1 2373.57 54.49 468.830333303952
0 1.40831911374604 0.274798493003777 -0.686977706426367 1 3221 88.48 473.119701293344
0.00273972602739726 1.44493351963581 0.330437019044249 -0.383378087095108 1 2373.57 54.49 468.830333303952
0.00273972602739726 1.44493351963581 0.330437019044249 -0.383378087095108 1 2373.57 54.49 468.830333303952
0 1.40831911374604 0.274798493003777 -0.686977706426367 1 3221 88.48 473.119701293344
0.00273972602739726 1.44493351963581 0.330437019044249 -0.383378087095108 1 2373.57 54.49 468.830333303952
0 1.48839333731582 0.349579547809688 -0.0889969916594382 1 2934.73 61.33 484.179964551137
0.00273972602739726 1.44353087207712 0.302650596132759 -0.314396351156466 1 3066.14 71.01 466.365881429129
0 1.43802468461533 0.305691404042886 -0.370547252576625 0.99 2904.58585858586 68.7373737373737 479.302303802264
0.00273972602739726 1.44493351963581 0.330437019044249 -0.383378087095108 1 2373.57 54.49 468.830333303952
0.00273972602739726 1.34058759155465 0.192000684893669 -0.143615837498789 0.99 2690.29292929293 61.0606060606061 459.468365787705
0.00273972602739726 1.44493351963581 0.330437019044249 -0.383378087095108 1 2373.57 54.49 468.830333303952
0.00273972602739726 1.40690429607314 0.294973972011816 -0.395297552379419 1 2515.61 59.76 457.287685734399
0 1.399195980004 0.206202180016183 0.390146559969668 1 3405.17 60.73 453.771897826714
0.00273972602739726 1.44493351963581 0.330437019044249 -0.383378087095108 1 2373.57 54.49 468.830333303952
0.00273972602739726 1.44493351963581 0.330437019044249 -0.383378087095108 1 2373.57 54.49 468.830333303952
0.00273972602739726 1.34058759155465 0.192000684893669 -0.143615837498789 0.99 2690.29292929293 61.0606060606061 459.468365787705
0.00273972602739726 1.44493351963581 0.330437019044249 -0.383378087095108 1 2373.57 54.49 468.830333303952
0 1.40831911374604 0.274798493003777 -0.686977706426367 1 3221 88.48 473.119701293344
0 1.39584985444781 0.282291406831419 -0.87043216833901 0.98 2507.07142857143 72.9183673469388 457.931021863474
0.00273972602739726 1.38886917399157 0.268973407512346 -0.628720946760186 1 2813.14 74.81 471.99374594687
0.00273972602739726 1.44493351963581 0.330437019044249 -0.383378087095108 1 2373.57 54.49 468.830333303952
0.00273972602739726 1.34058759155465 0.192000684893669 -0.143615837498789 0.99 2690.29292929293 61.0606060606061 459.468365787705
0.00273972602739726 1.44493351963581 0.330437019044249 -0.383378087095108 1 2373.57 54.49 468.830333303952
0.00273972602739726 1.44493351963581 0.330437019044249 -0.383378087095108 1 2373.57 54.49 468.830333303952
0 1.399195980004 0.206202180016183 0.390146559969668 1 3405.17 60.73 453.771897826714
0.00273972602739726 1.40690429607314 0.294973972011816 -0.395297552379419 1 2515.61 59.76 457.287685734399
0.00273972602739726 1.44493351963581 0.330437019044249 -0.383378087095108 1 2373.57 54.49 468.830333303952
0 1.41099418275279 0.279785061722124 -0.577749607761934 0.99 3069.73737373737 79.4343434343434 493.538278826222
0.00273972602739726 1.44493351963581 0.330437019044249 -0.383378087095108 1 2373.57 54.49 468.830333303952
0.00273972602739726 1.44493351963581 0.330437019044249 -0.383378087095108 1 2373.57 54.49 468.830333303952
0.00273972602739726 1.44493351963581 0.330437019044249 -0.383378087095108 1 2373.57 54.49 468.830333303952
0.00273972602739726 1.44493351963581 0.330437019044249 -0.383378087095108 1 2373.57 54.49 468.830333303952
0.00273972602739726 1.44493351963581 0.330437019044249 -0.383378087095108 1 2373.57 54.49 468.830333303952
0.00273972602739726 1.44493351963581 0.330437019044249 -0.383378087095108 1 2373.57 54.49 468.830333303952
0 1.41099418275279 0.279785061722124 -0.577749607761934 0.99 3069.73737373737 79.4343434343434 493.538278826222
0.00273972602739726 1.44493351963581 0.330437019044249 -0.383378087095108 1 2373.57 54.49 468.830333303952
0 1.40831911374604 0.274798493003777 -0.686977706426367 1 3221 88.48 473.119701293344
0.00273972602739726 1.44493351963581 0.330437019044249 -0.383378087095108 1 2373.57 54.49 468.830333303952
0 1.399195980004 0.206202180016183 0.390146559969668 1 3405.17 60.73 453.771897826714
0.00273972602739726 1.44493351963581 0.330437019044249 -0.383378087095108 1 2373.57 54.49 468.830333303952
0 1.399195980004 0.206202180016183 0.390146559969668 1 3405.17 60.73 453.771897826714
0.00273972602739726 1.41068764675298 0.273439276327931 -0.335983714421614 0.99 2751.89898989899 66.2727272727273 466.048630079864
0.00273972602739726 1.44493351963581 0.330437019044249 -0.383378087095108 1 2373.57 54.49 468.830333303952
0 1.41099418275279 0.279785061722124 -0.577749607761934 0.99 3069.73737373737 79.4343434343434 493.538278826222
0 1.41099418275279 0.279785061722124 -0.577749607761934 0.99 3069.73737373737 79.4343434343434 493.538278826222
0 1.399195980004 0.206202180016183 0.390146559969668 1 3405.17 60.73 453.771897826714
0.00273972602739726 1.44493351963581 0.330437019044249 -0.383378087095108 1 2373.57 54.49 468.830333303952
0 1.41099418275279 0.279785061722124 -0.577749607761934 0.99 3069.73737373737 79.4343434343434 493.538278826222
0.00273972602739726 1.44493351963581 0.330437019044249 -0.383378087095108 1 2373.57 54.49 468.830333303952
0 1.4970015803357 0.361422594709102 0.0972681343027949 1 2903.45 53.67 482.136052844118
0.00273972602739726 1.44493351963581 0.330437019044249 -0.383378087095108 1 2373.57 54.49 468.830333303952
0.00273972602739726 1.44493351963581 0.330437019044249 -0.383378087095108 1 2373.57 54.49 468.830333303952
0.00273972602739726 1.44493351963581 0.330437019044249 -0.383378087095108 1 2373.57 54.49 468.830333303952
0.00273972602739726 1.44493351963581 0.330437019044249 -0.383378087095108 1 2373.57 54.49 468.830333303952
0.00273972602739726 1.34058759155465 0.192000684893669 -0.143615837498789 0.99 2690.29292929293 61.0606060606061 459.468365787705
0.00273972602739726 1.44493351963581 0.330437019044249 -0.383378087095108 1 2373.57 54.49 468.830333303952
0 1.399195980004 0.206202180016183 0.390146559969668 1 3405.17 60.73 453.771897826714
0.00273972602739726 1.34058759155465 0.192000684893669 -0.143615837498789 0.99 2690.29292929293 61.0606060606061 459.468365787705
0.00273972602739726 1.44493351963581 0.330437019044249 -0.383378087095108 1 2373.57 54.49 468.830333303952
0 1.4970015803357 0.361422594709102 0.0972681343027949 1 2903.45 53.67 482.136052844118
0 1.41099418275279 0.279785061722124 -0.577749607761934 0.99 3069.73737373737 79.4343434343434 493.538278826222
0 1.4970015803357 0.361422594709102 0.0972681343027949 1 2903.45 53.67 482.136052844118
0 1.40831911374604 0.274798493003777 -0.686977706426367 1 3221 88.48 473.119701293344
0.00273972602739726 1.41068764675298 0.273439276327931 -0.335983714421614 0.99 2751.89898989899 66.2727272727273 466.048630079864
0.00273972602739726 1.34058759155465 0.192000684893669 -0.143615837498789 0.99 2690.29292929293 61.0606060606061 459.468365787705
0.00273972602739726 1.34058759155465 0.192000684893669 -0.143615837498789 0.99 2690.29292929293 61.0606060606061 459.468365787705
0.00273972602739726 1.34058759155465 0.192000684893669 -0.143615837498789 0.99 2690.29292929293 61.0606060606061 459.468365787705
0 1.39584985444781 0.282291406831419 -0.87043216833901 0.98 2507.07142857143 72.9183673469388 457.931021863474
0 1.40831911374604 0.274798493003777 -0.686977706426367 1 3221 88.48 473.119701293344
0.00273972602739726 1.34058759155465 0.192000684893669 -0.143615837498789 0.99 2690.29292929293 61.0606060606061 459.468365787705
0.00273972602739726 1.34058759155465 0.192000684893669 -0.143615837498789 0.99 2690.29292929293 61.0606060606061 459.468365787705
0 1.39584985444781 0.282291406831419 -0.87043216833901 0.98 2507.07142857143 72.9183673469388 457.931021863474
0.00273972602739726 1.44493351963581 0.330437019044249 -0.383378087095108 1 2373.57 54.49 468.830333303952
0.00273972602739726 1.44493351963581 0.330437019044249 -0.383378087095108 1 2373.57 54.49 468.830333303952
0.00273972602739726 1.36978535151579 0.248143579490204 -0.744607846296595 0.99 2910.84848484848 81.4242424242424 470.906735802149
0 1.399195980004 0.206202180016183 0.390146559969668 1 3405.17 60.73 453.771897826714
0 1.399195980004 0.206202180016183 0.390146559969668 1 3405.17 60.73 453.771897826714
0.00273972602739726 1.44493351963581 0.330437019044249 -0.383378087095108 1 2373.57 54.49 468.830333303952
0.00273972602739726 1.44493351963581 0.330437019044249 -0.383378087095108 1 2373.57 54.49 468.830333303952
0.00273972602739726 1.41646694157534 0.310828209628732 -0.512487036743003 0.99 2437.38383838384 60.7979797979798 466.423167452367
0.00273972602739726 1.44493351963581 0.330437019044249 -0.383378087095108 1 2373.57 54.49 468.830333303952
0 1.40831911374604 0.274798493003777 -0.686977706426367 1 3221 88.48 473.119701293344
0.00273972602739726 1.44493351963581 0.330437019044249 -0.383378087095108 1 2373.57 54.49 468.830333303952
0.00273972602739726 1.44493351963581 0.330437019044249 -0.383378087095108 1 2373.57 54.49 468.830333303952
0.00273972602739726 1.44493351963581 0.330437019044249 -0.383378087095108 1 2373.57 54.49 468.830333303952
0.00273972602739726 1.44493351963581 0.330437019044249 -0.383378087095108 1 2373.57 54.49 468.830333303952
0.00273972602739726 1.34058759155465 0.192000684893669 -0.143615837498789 0.99 2690.29292929293 61.0606060606061 459.468365787705
0.00273972602739726 1.44493351963581 0.330437019044249 -0.383378087095108 1 2373.57 54.49 468.830333303952
0 1.43802468461533 0.305691404042886 -0.370547252576625 0.99 2904.58585858586 68.7373737373737 479.302303802264
0.00273972602739726 1.44493351963581 0.330437019044249 -0.383378087095108 1 2373.57 54.49 468.830333303952
0.00273972602739726 1.44493351963581 0.330437019044249 -0.383378087095108 1 2373.57 54.49 468.830333303952
0 1.40831911374604 0.274798493003777 -0.686977706426367 1 3221 88.48 473.119701293344
0.00273972602739726 1.34058759155465 0.192000684893669 -0.143615837498789 0.99 2690.29292929293 61.0606060606061 459.468365787705
0 1.40831911374604 0.274798493003777 -0.686977706426367 1 3221 88.48 473.119701293344
0 1.41099418275279 0.279785061722124 -0.577749607761934 0.99 3069.73737373737 79.4343434343434 493.538278826222
0.00273972602739726 1.44493351963581 0.330437019044249 -0.383378087095108 1 2373.57 54.49 468.830333303952
0 1.399195980004 0.206202180016183 0.390146559969668 1 3405.17 60.73 453.771897826714
0 1.41099418275279 0.279785061722124 -0.577749607761934 0.99 3069.73737373737 79.4343434343434 493.538278826222
0.00273972602739726 1.34058759155465 0.192000684893669 -0.143615837498789 0.99 2690.29292929293 61.0606060606061 459.468365787705
0.00273972602739726 1.44493351963581 0.330437019044249 -0.383378087095108 1 2373.57 54.49 468.830333303952
0.00273972602739726 1.44493351963581 0.330437019044249 -0.383378087095108 1 2373.57 54.49 468.830333303952
0.00273972602739726 1.44493351963581 0.330437019044249 -0.383378087095108 1 2373.57 54.49 468.830333303952
0.00273972602739726 1.44493351963581 0.330437019044249 -0.383378087095108 1 2373.57 54.49 468.830333303952
0.00273972602739726 1.44493351963581 0.330437019044249 -0.383378087095108 1 2373.57 54.49 468.830333303952
0.00273972602739726 1.41068764675298 0.273439276327931 -0.335983714421614 0.99 2751.89898989899 66.2727272727273 466.048630079864
0.00273972602739726 1.44493351963581 0.330437019044249 -0.383378087095108 1 2373.57 54.49 468.830333303952
0 1.40831911374604 0.274798493003777 -0.686977706426367 1 3221 88.48 473.119701293344
0 1.41099418275279 0.279785061722124 -0.577749607761934 0.99 3069.73737373737 79.4343434343434 493.538278826222
0.00273972602739726 1.3674433500465 0.267218858679671 -0.818924020094373 0.99 2183.80808080808 62 437.596560687027
0.00273972602739726 1.44493351963581 0.330437019044249 -0.383378087095108 1 2373.57 54.49 468.830333303952
0.00273972602739726 1.44493351963581 0.330437019044249 -0.383378087095108 1 2373.57 54.49 468.830333303952
0 1.41099418275279 0.279785061722124 -0.577749607761934 0.99 3069.73737373737 79.4343434343434 493.538278826222
0.00273972602739726 1.44493351963581 0.330437019044249 -0.383378087095108 1 2373.57 54.49 468.830333303952
0 1.40831911374604 0.274798493003777 -0.686977706426367 1 3221 88.48 473.119701293344
0.00273972602739726 1.44493351963581 0.330437019044249 -0.383378087095108 1 2373.57 54.49 468.830333303952
0.00273972602739726 1.34058759155465 0.192000684893669 -0.143615837498789 0.99 2690.29292929293 61.0606060606061 459.468365787705
0 1.40831911374604 0.274798493003777 -0.686977706426367 1 3221 88.48 473.119701293344
0.00273972602739726 1.36978535151579 0.248143579490204 -0.744607846296595 0.99 2910.84848484848 81.4242424242424 470.906735802149
0 1.399195980004 0.206202180016183 0.390146559969668 1 3405.17 60.73 453.771897826714
0 1.40831911374604 0.274798493003777 -0.686977706426367 1 3221 88.48 473.119701293344
0.00273972602739726 1.44493351963581 0.330437019044249 -0.383378087095108 1 2373.57 54.49 468.830333303952
0 1.399195980004 0.206202180016183 0.390146559969668 1 3405.17 60.73 453.771897826714
0.00273972602739726 1.44493351963581 0.330437019044249 -0.383378087095108 1 2373.57 54.49 468.830333303952
0 1.42847794188169 0.321943602271591 -0.483368152447065 0.99 2346.66666666667 56.7575757575758 451.634932977673
0.00273972602739726 1.44493351963581 0.330437019044249 -0.383378087095108 1 2373.57 54.49 468.830333303952
0 1.42875731087962 0.306123077826614 -0.712323142542767 0.99 3095.0303030303 83.5757575757576 485.706753664893
0 1.41099418275279 0.279785061722124 -0.577749607761934 0.99 3069.73737373737 79.4343434343434 493.538278826222
0.00273972602739726 1.44493351963581 0.330437019044249 -0.383378087095108 1 2373.57 54.49 468.830333303952
0 1.4970015803357 0.361422594709102 0.0972681343027949 1 2903.45 53.67 482.136052844118
0.00273972602739726 1.34058759155465 0.192000684893669 -0.143615837498789 0.99 2690.29292929293 61.0606060606061 459.468365787705
0.00273972602739726 1.34058759155465 0.192000684893669 -0.143615837498789 0.99 2690.29292929293 61.0606060606061 459.468365787705
0 1.40831911374604 0.274798493003777 -0.686977706426367 1 3221 88.48 473.119701293344
0.00273972602739726 1.34058759155465 0.192000684893669 -0.143615837498789 0.99 2690.29292929293 61.0606060606061 459.468365787705
0.00273972602739726 1.44493351963581 0.330437019044249 -0.383378087095108 1 2373.57 54.49 468.830333303952
0.00273972602739726 1.41763417595911 0.288636586520806 -0.307798556753599 1 2470.61 57.04 451.703846061639
0.00273972602739726 1.36978535151579 0.248143579490204 -0.744607846296595 0.99 2910.84848484848 81.4242424242424 470.906735802149
0 1.41099418275279 0.279785061722124 -0.577749607761934 0.99 3069.73737373737 79.4343434343434 493.538278826222
0 1.399195980004 0.206202180016183 0.390146559969668 1 3405.17 60.73 453.771897826714
0 1.40831911374604 0.274798493003777 -0.686977706426367 1 3221 88.48 473.119701293344
0.00273972602739726 1.34058759155465 0.192000684893669 -0.143615837498789 0.99 2690.29292929293 61.0606060606061 459.468365787705
0.00273972602739726 1.44493351963581 0.330437019044249 -0.383378087095108 1 2373.57 54.49 468.830333303952
0.00273972602739726 1.44493351963581 0.330437019044249 -0.383378087095108 1 2373.57 54.49 468.830333303952
0.00273972602739726 1.34058759155465 0.192000684893669 -0.143615837498789 0.99 2690.29292929293 61.0606060606061 459.468365787705
0 1.41099418275279 0.279785061722124 -0.577749607761934 0.99 3069.73737373737 79.4343434343434 493.538278826222
0 1.40831911374604 0.274798493003777 -0.686977706426367 1 3221 88.48 473.119701293344
0.00273972602739726 1.44493351963581 0.330437019044249 -0.383378087095108 1 2373.57 54.49 468.830333303952
0.00273972602739726 1.44493351963581 0.330437019044249 -0.383378087095108 1 2373.57 54.49 468.830333303952
0.00273972602739726 1.40690429607314 0.294973972011816 -0.395297552379419 1 2515.61 59.76 457.287685734399
0.00273972602739726 1.44493351963581 0.330437019044249 -0.383378087095108 1 2373.57 54.49 468.830333303952
0.00273972602739726 1.44493351963581 0.330437019044249 -0.383378087095108 1 2373.57 54.49 468.830333303952
0.00273972602739726 1.44493351963581 0.330437019044249 -0.383378087095108 1 2373.57 54.49 468.830333303952
0.00273972602739726 1.44493351963581 0.330437019044249 -0.383378087095108 1 2373.57 54.49 468.830333303952
0.00273972602739726 1.44493351963581 0.330437019044249 -0.383378087095108 1 2373.57 54.49 468.830333303952
0 1.4880861983924 0.341461354368703 -0.126932495327833 1 3174.48 65.97 465.048356771437
0.00273972602739726 1.44493351963581 0.330437019044249 -0.383378087095108 1 2373.57 54.49 468.830333303952
0.00273972602739726 1.44493351963581 0.330437019044249 -0.383378087095108 1 2373.57 54.49 468.830333303952
0 1.40831911374604 0.274798493003777 -0.686977706426367 1 3221 88.48 473.119701293344
0 1.399195980004 0.206202180016183 0.390146559969668 1 3405.17 60.73 453.771897826714
0 1.40831911374604 0.274798493003777 -0.686977706426367 1 3221 88.48 473.119701293344
0 1.399195980004 0.206202180016183 0.390146559969668 1 3405.17 60.73 453.771897826714
0 1.46889308961902 0.373779711939694 -0.516136756222459 0.99 2228.0101010101 52.0505050505051 471.517278907245
0 1.41099418275279 0.279785061722124 -0.577749607761934 0.99 3069.73737373737 79.4343434343434 493.538278826222
0.00273972602739726 1.41763417595911 0.288636586520806 -0.307798556753599 1 2470.61 57.04 451.703846061639
0 1.41099418275279 0.279785061722124 -0.577749607761934 0.99 3069.73737373737 79.4343434343434 493.538278826222
0 1.41099418275279 0.279785061722124 -0.577749607761934 0.99 3069.73737373737 79.4343434343434 493.538278826222
0 1.4970015803357 0.361422594709102 0.0972681343027949 1 2903.45 53.67 482.136052844118
0.00273972602739726 1.44493351963581 0.330437019044249 -0.383378087095108 1 2373.57 54.49 468.830333303952
0.00273972602739726 1.34058759155465 0.192000684893669 -0.143615837498789 0.99 2690.29292929293 61.0606060606061 459.468365787705
0 1.399195980004 0.206202180016183 0.390146559969668 1 3405.17 60.73 453.771897826714
0.00273972602739726 1.44493351963581 0.330437019044249 -0.383378087095108 1 2373.57 54.49 468.830333303952
0 1.399195980004 0.206202180016183 0.390146559969668 1 3405.17 60.73 453.771897826714
0 1.40831911374604 0.274798493003777 -0.686977706426367 1 3221 88.48 473.119701293344
0.00273972602739726 1.44493351963581 0.330437019044249 -0.383378087095108 1 2373.57 54.49 468.830333303952
0.00273972602739726 1.44493351963581 0.330437019044249 -0.383378087095108 1 2373.57 54.49 468.830333303952
0 1.399195980004 0.206202180016183 0.390146559969668 1 3405.17 60.73 453.771897826714
0.00273972602739726 1.44493351963581 0.330437019044249 -0.383378087095108 1 2373.57 54.49 468.830333303952
0.00273972602739726 1.44493351963581 0.330437019044249 -0.383378087095108 1 2373.57 54.49 468.830333303952
0.00273972602739726 1.44493351963581 0.330437019044249 -0.383378087095108 1 2373.57 54.49 468.830333303952
0 1.41542782864818 0.34998475235159 -0.93110695962698 1 1977.29 55.57 485.840966401742
0.00273972602739726 1.44493351963581 0.330437019044249 -0.383378087095108 1 2373.57 54.49 468.830333303952
0.00273972602739726 1.44493351963581 0.330437019044249 -0.383378087095108 1 2373.57 54.49 468.830333303952
0.00273972602739726 1.43006413112655 0.349974701762148 -0.974117481852648 1 2266.41 66.01 478.343838368293
0.00273972602739726 1.44493351963581 0.330437019044249 -0.383378087095108 1 2373.57 54.49 468.830333303952
0 1.40831911374604 0.274798493003777 -0.686977706426367 1 3221 88.48 473.119701293344
0.00273972602739726 1.44493351963581 0.330437019044249 -0.383378087095108 1 2373.57 54.49 468.830333303952
0.00273972602739726 1.44493351963581 0.330437019044249 -0.383378087095108 1 2373.57 54.49 468.830333303952
0 1.41099418275279 0.279785061722124 -0.577749607761934 0.99 3069.73737373737 79.4343434343434 493.538278826222
0.00273972602739726 1.44493351963581 0.330437019044249 -0.383378087095108 1 2373.57 54.49 468.830333303952
0 1.38977472550893 0.324366244677784 -0.891008096772898 0.99 1980.28282828283 54.0606060606061 445.421134147751
0 1.43802468461533 0.305691404042886 -0.370547252576625 0.99 2904.58585858586 68.7373737373737 479.302303802264
0 1.40831911374604 0.274798493003777 -0.686977706426367 1 3221 88.48 473.119701293344
0 1.39584985444781 0.282291406831419 -0.87043216833901 0.98 2507.07142857143 72.9183673469388 457.931021863474
0 1.40831911374604 0.274798493003777 -0.686977706426367 1 3221 88.48 473.119701293344
0 1.40831911374604 0.274798493003777 -0.686977706426367 1 3221 88.48 473.119701293344
0.00273972602739726 1.44493351963581 0.330437019044249 -0.383378087095108 1 2373.57 54.49 468.830333303952
0.00273972602739726 1.44493351963581 0.330437019044249 -0.383378087095108 1 2373.57 54.49 468.830333303952
0.00273972602739726 1.44493351963581 0.330437019044249 -0.383378087095108 1 2373.57 54.49 468.830333303952
0.00273972602739726 1.44493351963581 0.330437019044249 -0.383378087095108 1 2373.57 54.49 468.830333303952
0.00273972602739726 1.34058759155465 0.192000684893669 -0.143615837498789 0.99 2690.29292929293 61.0606060606061 459.468365787705
0.00273972602739726 1.44493351963581 0.330437019044249 -0.383378087095108 1 2373.57 54.49 468.830333303952
0 1.48839333731582 0.349579547809688 -0.0889969916594382 1 2934.73 61.33 484.179964551137
0 1.399195980004 0.206202180016183 0.390146559969668 1 3405.17 60.73 453.771897826714
0.00273972602739726 1.44493351963581 0.330437019044249 -0.383378087095108 1 2373.57 54.49 468.830333303952
0 1.41099418275279 0.279785061722124 -0.577749607761934 0.99 3069.73737373737 79.4343434343434 493.538278826222
0.00273972602739726 1.44493351963581 0.330437019044249 -0.383378087095108 1 2373.57 54.49 468.830333303952
0 1.41099418275279 0.279785061722124 -0.577749607761934 0.99 3069.73737373737 79.4343434343434 493.538278826222
0.00273972602739726 1.44493351963581 0.330437019044249 -0.383378087095108 1 2373.57 54.49 468.830333303952
0.00273972602739726 1.44493351963581 0.330437019044249 -0.383378087095108 1 2373.57 54.49 468.830333303952
0.00273972602739726 1.44493351963581 0.330437019044249 -0.383378087095108 1 2373.57 54.49 468.830333303952
0 1.399195980004 0.206202180016183 0.390146559969668 1 3405.17 60.73 453.771897826714
0.00273972602739726 1.44493351963581 0.330437019044249 -0.383378087095108 1 2373.57 54.49 468.830333303952
0.00273972602739726 1.44493351963581 0.330437019044249 -0.383378087095108 1 2373.57 54.49 468.830333303952
0.00273972602739726 1.41763417595911 0.288636586520806 -0.307798556753599 1 2470.61 57.04 451.703846061639
0.00273972602739726 1.44493351963581 0.330437019044249 -0.383378087095108 1 2373.57 54.49 468.830333303952
0.00273972602739726 1.34058759155465 0.192000684893669 -0.143615837498789 0.99 2690.29292929293 61.0606060606061 459.468365787705
0.00273972602739726 1.44493351963581 0.330437019044249 -0.383378087095108 1 2373.57 54.49 468.830333303952
0 1.40831911374604 0.274798493003777 -0.686977706426367 1 3221 88.48 473.119701293344
0 1.40831911374604 0.274798493003777 -0.686977706426367 1 3221 88.48 473.119701293344
0.00273972602739726 1.44493351963581 0.330437019044249 -0.383378087095108 1 2373.57 54.49 468.830333303952
0.00273972602739726 1.40690429607314 0.294973972011816 -0.395297552379419 1 2515.61 59.76 457.287685734399
0.00273972602739726 1.44493351963581 0.330437019044249 -0.383378087095108 1 2373.57 54.49 468.830333303952
0.00273972602739726 1.3674433500465 0.267218858679671 -0.818924020094373 0.99 2183.80808080808 62 437.596560687027
0.00273972602739726 1.44493351963581 0.330437019044249 -0.383378087095108 1 2373.57 54.49 468.830333303952
0.00273972602739726 1.34058759155465 0.192000684893669 -0.143615837498789 0.99 2690.29292929293 61.0606060606061 459.468365787705
0.00273972602739726 1.44493351963581 0.330437019044249 -0.383378087095108 1 2373.57 54.49 468.830333303952
0.00273972602739726 1.44493351963581 0.330437019044249 -0.383378087095108 1 2373.57 54.49 468.830333303952
0.00273972602739726 1.44493351963581 0.330437019044249 -0.383378087095108 1 2373.57 54.49 468.830333303952
0.00273972602739726 1.44493351963581 0.330437019044249 -0.383378087095108 1 2373.57 54.49 468.830333303952
0 1.41099418275279 0.279785061722124 -0.577749607761934 0.99 3069.73737373737 79.4343434343434 493.538278826222
0 1.48839333731582 0.349579547809688 -0.0889969916594382 1 2934.73 61.33 484.179964551137
0 1.399195980004 0.206202180016183 0.390146559969668 1 3405.17 60.73 453.771897826714
0.00273972602739726 1.38488559214558 0.253592846832105 -0.439473733775059 0.99 2786.19191919192 69.5252525252525 476.341518815476
0.00273972602739726 1.44493351963581 0.330437019044249 -0.383378087095108 1 2373.57 54.49 468.830333303952
0.00273972602739726 1.44493351963581 0.330437019044249 -0.383378087095108 1 2373.57 54.49 468.830333303952
0 1.399195980004 0.206202180016183 0.390146559969668 1 3405.17 60.73 453.771897826714
0.00273972602739726 1.34058759155465 0.192000684893669 -0.143615837498789 0.99 2690.29292929293 61.0606060606061 459.468365787705
0.00273972602739726 1.44493351963581 0.330437019044249 -0.383378087095108 1 2373.57 54.49 468.830333303952
0.00273972602739726 1.44493351963581 0.330437019044249 -0.383378087095108 1 2373.57 54.49 468.830333303952
0 1.40831911374604 0.274798493003777 -0.686977706426367 1 3221 88.48 473.119701293344
0 1.39811746464712 0.291758399396862 -0.557867863206846 0.99 2414.15151515152 61.1919191919192 485.901016461419
0.00273972602739726 1.44493351963581 0.330437019044249 -0.383378087095108 1 2373.57 54.49 468.830333303952
0.00273972602739726 1.34058759155465 0.192000684893669 -0.143615837498789 0.99 2690.29292929293 61.0606060606061 459.468365787705
0 1.40831911374604 0.274798493003777 -0.686977706426367 1 3221 88.48 473.119701293344
0.00273972602739726 1.44353087207712 0.302650596132759 -0.314396351156466 1 3066.14 71.01 466.365881429129
0 1.399195980004 0.206202180016183 0.390146559969668 1 3405.17 60.73 453.771897826714
0 1.40831911374604 0.274798493003777 -0.686977706426367 1 3221 88.48 473.119701293344
0.00273972602739726 1.44493351963581 0.330437019044249 -0.383378087095108 1 2373.57 54.49 468.830333303952
0.00273972602739726 1.34058759155465 0.192000684893669 -0.143615837498789 0.99 2690.29292929293 61.0606060606061 459.468365787705
0.00273972602739726 1.44493351963581 0.330437019044249 -0.383378087095108 1 2373.57 54.49 468.830333303952
0.00273972602739726 1.44493351963581 0.330437019044249 -0.383378087095108 1 2373.57 54.49 468.830333303952
0.00273972602739726 1.34058759155465 0.192000684893669 -0.143615837498789 0.99 2690.29292929293 61.0606060606061 459.468365787705
0.00273972602739726 1.44493351963581 0.330437019044249 -0.383378087095108 1 2373.57 54.49 468.830333303952
0.00273972602739726 1.44493351963581 0.330437019044249 -0.383378087095108 1 2373.57 54.49 468.830333303952
0.00273972602739726 1.44493351963581 0.330437019044249 -0.383378087095108 1 2373.57 54.49 468.830333303952
0.00273972602739726 1.44493351963581 0.330437019044249 -0.383378087095108 1 2373.57 54.49 468.830333303952
0 1.399195980004 0.206202180016183 0.390146559969668 1 3405.17 60.73 453.771897826714
0 1.399195980004 0.206202180016183 0.390146559969668 1 3405.17 60.73 453.771897826714
0.00273972602739726 1.44493351963581 0.330437019044249 -0.383378087095108 1 2373.57 54.49 468.830333303952
0 1.43802468461533 0.305691404042886 -0.370547252576625 0.99 2904.58585858586 68.7373737373737 479.302303802264
0 1.399195980004 0.206202180016183 0.390146559969668 1 3405.17 60.73 453.771897826714
0.00273972602739726 1.44493351963581 0.330437019044249 -0.383378087095108 1 2373.57 54.49 468.830333303952
0 1.41099418275279 0.279785061722124 -0.577749607761934 0.99 3069.73737373737 79.4343434343434 493.538278826222
0.00273972602739726 1.44493351963581 0.330437019044249 -0.383378087095108 1 2373.57 54.49 468.830333303952
0 1.41099418275279 0.279785061722124 -0.577749607761934 0.99 3069.73737373737 79.4343434343434 493.538278826222
0.00273972602739726 1.44493351963581 0.330437019044249 -0.383378087095108 1 2373.57 54.49 468.830333303952
0.00273972602739726 1.34058759155465 0.192000684893669 -0.143615837498789 0.99 2690.29292929293 61.0606060606061 459.468365787705
0.00273972602739726 1.41763417595911 0.288636586520806 -0.307798556753599 1 2470.61 57.04 451.703846061639
0.00273972602739726 1.41763417595911 0.288636586520806 -0.307798556753599 1 2470.61 57.04 451.703846061639
0.00273972602739726 1.44493351963581 0.330437019044249 -0.383378087095108 1 2373.57 54.49 468.830333303952
0 1.399195980004 0.206202180016183 0.390146559969668 1 3405.17 60.73 453.771897826714
0 1.40831911374604 0.274798493003777 -0.686977706426367 1 3221 88.48 473.119701293344
0.00273972602739726 1.44493351963581 0.330437019044249 -0.383378087095108 1 2373.57 54.49 468.830333303952
0.00273972602739726 1.44493351963581 0.330437019044249 -0.383378087095108 1 2373.57 54.49 468.830333303952
0.00273972602739726 1.44493351963581 0.330437019044249 -0.383378087095108 1 2373.57 54.49 468.830333303952
0.00273972602739726 1.44493351963581 0.330437019044249 -0.383378087095108 1 2373.57 54.49 468.830333303952
0.00273972602739726 1.40690429607314 0.294973972011816 -0.395297552379419 1 2515.61 59.76 457.287685734399
0 1.40831911374604 0.274798493003777 -0.686977706426367 1 3221 88.48 473.119701293344
0.00273972602739726 1.34058759155465 0.192000684893669 -0.143615837498789 0.99 2690.29292929293 61.0606060606061 459.468365787705
0.00273972602739726 1.44493351963581 0.330437019044249 -0.383378087095108 1 2373.57 54.49 468.830333303952
0 1.4880861983924 0.341461354368703 -0.126932495327833 1 3174.48 65.97 465.048356771437
0.00273972602739726 1.44493351963581 0.330437019044249 -0.383378087095108 1 2373.57 54.49 468.830333303952
0.00273972602739726 1.44493351963581 0.330437019044249 -0.383378087095108 1 2373.57 54.49 468.830333303952
0.00273972602739726 1.44493351963581 0.330437019044249 -0.383378087095108 1 2373.57 54.49 468.830333303952
0.00273972602739726 1.34058759155465 0.192000684893669 -0.143615837498789 0.99 2690.29292929293 61.0606060606061 459.468365787705
0.00273972602739726 1.44493351963581 0.330437019044249 -0.383378087095108 1 2373.57 54.49 468.830333303952
0.00273972602739726 1.44493351963581 0.330437019044249 -0.383378087095108 1 2373.57 54.49 468.830333303952
0 1.399195980004 0.206202180016183 0.390146559969668 1 3405.17 60.73 453.771897826714
0.00273972602739726 1.44493351963581 0.330437019044249 -0.383378087095108 1 2373.57 54.49 468.830333303952
0.00273972602739726 1.44493351963581 0.330437019044249 -0.383378087095108 1 2373.57 54.49 468.830333303952
0 1.4970015803357 0.361422594709102 0.0972681343027949 1 2903.45 53.67 482.136052844118
0.00273972602739726 1.44493351963581 0.330437019044249 -0.383378087095108 1 2373.57 54.49 468.830333303952
0.00273972602739726 1.34058759155465 0.192000684893669 -0.143615837498789 0.99 2690.29292929293 61.0606060606061 459.468365787705
0 1.40831911374604 0.274798493003777 -0.686977706426367 1 3221 88.48 473.119701293344
0.00273972602739726 1.44493351963581 0.330437019044249 -0.383378087095108 1 2373.57 54.49 468.830333303952
0.00273972602739726 1.44493351963581 0.330437019044249 -0.383378087095108 1 2373.57 54.49 468.830333303952
0 1.40831911374604 0.274798493003777 -0.686977706426367 1 3221 88.48 473.119701293344
0.00273972602739726 1.34058759155465 0.192000684893669 -0.143615837498789 0.99 2690.29292929293 61.0606060606061 459.468365787705
0.00273972602739726 1.44493351963581 0.330437019044249 -0.383378087095108 1 2373.57 54.49 468.830333303952
0.00273972602739726 1.44493351963581 0.330437019044249 -0.383378087095108 1 2373.57 54.49 468.830333303952
0.00273972602739726 1.44493351963581 0.330437019044249 -0.383378087095108 1 2373.57 54.49 468.830333303952
0.00273972602739726 1.44493351963581 0.330437019044249 -0.383378087095108 1 2373.57 54.49 468.830333303952
0.00273972602739726 1.44493351963581 0.330437019044249 -0.383378087095108 1 2373.57 54.49 468.830333303952
0 1.40831911374604 0.274798493003777 -0.686977706426367 1 3221 88.48 473.119701293344
0.00273972602739726 1.44493351963581 0.330437019044249 -0.383378087095108 1 2373.57 54.49 468.830333303952
0.00273972602739726 1.44493351963581 0.330437019044249 -0.383378087095108 1 2373.57 54.49 468.830333303952
0.00273972602739726 1.44493351963581 0.330437019044249 -0.383378087095108 1 2373.57 54.49 468.830333303952
0.00273972602739726 1.44493351963581 0.330437019044249 -0.383378087095108 1 2373.57 54.49 468.830333303952
0 1.41099418275279 0.279785061722124 -0.577749607761934 0.99 3069.73737373737 79.4343434343434 493.538278826222
0.00273972602739726 1.34058759155465 0.192000684893669 -0.143615837498789 0.99 2690.29292929293 61.0606060606061 459.468365787705
0.00273972602739726 1.38090471962996 0.275797677983446 -0.969983627830034 0.99 2277.09090909091 68.2626262626263 460.721138267345
0.00273972602739726 1.34058759155465 0.192000684893669 -0.143615837498789 0.99 2690.29292929293 61.0606060606061 459.468365787705
0.00273972602739726 1.44493351963581 0.330437019044249 -0.383378087095108 1 2373.57 54.49 468.830333303952
0.00273972602739726 1.44493351963581 0.330437019044249 -0.383378087095108 1 2373.57 54.49 468.830333303952
0 1.40831911374604 0.274798493003777 -0.686977706426367 1 3221 88.48 473.119701293344
0.00273972602739726 1.44493351963581 0.330437019044249 -0.383378087095108 1 2373.57 54.49 468.830333303952
0 1.399195980004 0.206202180016183 0.390146559969668 1 3405.17 60.73 453.771897826714
0.00273972602739726 1.44493351963581 0.330437019044249 -0.383378087095108 1 2373.57 54.49 468.830333303952
0 1.399195980004 0.206202180016183 0.390146559969668 1 3405.17 60.73 453.771897826714
0.00273972602739726 1.34058759155465 0.192000684893669 -0.143615837498789 0.99 2690.29292929293 61.0606060606061 459.468365787705
0 1.41099418275279 0.279785061722124 -0.577749607761934 0.99 3069.73737373737 79.4343434343434 493.538278826222
0 1.48284269495894 0.358890848891405 -0.120395749815243 1 2689.51 54.74 482.329183187876
0 1.40831911374604 0.274798493003777 -0.686977706426367 1 3221 88.48 473.119701293344
0.00273972602739726 1.34058759155465 0.192000684893669 -0.143615837498789 0.99 2690.29292929293 61.0606060606061 459.468365787705
0.00273972602739726 1.44493351963581 0.330437019044249 -0.383378087095108 1 2373.57 54.49 468.830333303952
0 1.40831911374604 0.274798493003777 -0.686977706426367 1 3221 88.48 473.119701293344
0.00273972602739726 1.44493351963581 0.330437019044249 -0.383378087095108 1 2373.57 54.49 468.830333303952
0.00273972602739726 1.44493351963581 0.330437019044249 -0.383378087095108 1 2373.57 54.49 468.830333303952
0.00273972602739726 1.44493351963581 0.330437019044249 -0.383378087095108 1 2373.57 54.49 468.830333303952
0.00273972602739726 1.44493351963581 0.330437019044249 -0.383378087095108 1 2373.57 54.49 468.830333303952
0 1.399195980004 0.206202180016183 0.390146559969668 1 3405.17 60.73 453.771897826714
0.00273972602739726 1.44493351963581 0.330437019044249 -0.383378087095108 1 2373.57 54.49 468.830333303952
0.00273972602739726 1.34058759155465 0.192000684893669 -0.143615837498789 0.99 2690.29292929293 61.0606060606061 459.468365787705
0.00273972602739726 1.44493351963581 0.330437019044249 -0.383378087095108 1 2373.57 54.49 468.830333303952
0 1.40831911374604 0.274798493003777 -0.686977706426367 1 3221 88.48 473.119701293344
0 1.399195980004 0.206202180016183 0.390146559969668 1 3405.17 60.73 453.771897826714
0 1.39584985444781 0.282291406831419 -0.87043216833901 0.98 2507.07142857143 72.9183673469388 457.931021863474
0.00273972602739726 1.36978535151579 0.248143579490204 -0.744607846296595 0.99 2910.84848484848 81.4242424242424 470.906735802149
0 1.399195980004 0.206202180016183 0.390146559969668 1 3405.17 60.73 453.771897826714
0.00273972602739726 1.34058759155465 0.192000684893669 -0.143615837498789 0.99 2690.29292929293 61.0606060606061 459.468365787705
0.00273972602739726 1.44493351963581 0.330437019044249 -0.383378087095108 1 2373.57 54.49 468.830333303952
0.00273972602739726 1.40690429607314 0.294973972011816 -0.395297552379419 1 2515.61 59.76 457.287685734399
0.00273972602739726 1.44493351963581 0.330437019044249 -0.383378087095108 1 2373.57 54.49 468.830333303952
0.00273972602739726 1.34058759155465 0.192000684893669 -0.143615837498789 0.99 2690.29292929293 61.0606060606061 459.468365787705
0.00273972602739726 1.41068764675298 0.273439276327931 -0.335983714421614 0.99 2751.89898989899 66.2727272727273 466.048630079864
0 1.40831911374604 0.274798493003777 -0.686977706426367 1 3221 88.48 473.119701293344
0 1.41099418275279 0.279785061722124 -0.577749607761934 0.99 3069.73737373737 79.4343434343434 493.538278826222
0.00273972602739726 1.44493351963581 0.330437019044249 -0.383378087095108 1 2373.57 54.49 468.830333303952
0 1.4970015803357 0.361422594709102 0.0972681343027949 1 2903.45 53.67 482.136052844118
0.00273972602739726 1.44493351963581 0.330437019044249 -0.383378087095108 1 2373.57 54.49 468.830333303952
0.00273972602739726 1.44493351963581 0.330437019044249 -0.383378087095108 1 2373.57 54.49 468.830333303952
0.00273972602739726 1.44493351963581 0.330437019044249 -0.383378087095108 1 2373.57 54.49 468.830333303952
0.00273972602739726 1.44353087207712 0.302650596132759 -0.314396351156466 1 3066.14 71.01 466.365881429129
0.00273972602739726 1.44493351963581 0.330437019044249 -0.383378087095108 1 2373.57 54.49 468.830333303952
0.00273972602739726 1.44493351963581 0.330437019044249 -0.383378087095108 1 2373.57 54.49 468.830333303952
0 1.41099418275279 0.279785061722124 -0.577749607761934 0.99 3069.73737373737 79.4343434343434 493.538278826222
0 1.40831911374604 0.274798493003777 -0.686977706426367 1 3221 88.48 473.119701293344
0.00273972602739726 1.44493351963581 0.330437019044249 -0.383378087095108 1 2373.57 54.49 468.830333303952
0.00273972602739726 1.44493351963581 0.330437019044249 -0.383378087095108 1 2373.57 54.49 468.830333303952
0.00273972602739726 1.44493351963581 0.330437019044249 -0.383378087095108 1 2373.57 54.49 468.830333303952
0.00273972602739726 1.44493351963581 0.330437019044249 -0.383378087095108 1 2373.57 54.49 468.830333303952
0 1.40831911374604 0.274798493003777 -0.686977706426367 1 3221 88.48 473.119701293344
0.00273972602739726 1.34058759155465 0.192000684893669 -0.143615837498789 0.99 2690.29292929293 61.0606060606061 459.468365787705
0.00273972602739726 1.44493351963581 0.330437019044249 -0.383378087095108 1 2373.57 54.49 468.830333303952
0 1.399195980004 0.206202180016183 0.390146559969668 1 3405.17 60.73 453.771897826714
0 1.41099418275279 0.279785061722124 -0.577749607761934 0.99 3069.73737373737 79.4343434343434 493.538278826222
0.00273972602739726 1.44493351963581 0.330437019044249 -0.383378087095108 1 2373.57 54.49 468.830333303952
0.00273972602739726 1.44493351963581 0.330437019044249 -0.383378087095108 1 2373.57 54.49 468.830333303952
0 1.40831911374604 0.274798493003777 -0.686977706426367 1 3221 88.48 473.119701293344
0 1.41099418275279 0.279785061722124 -0.577749607761934 0.99 3069.73737373737 79.4343434343434 493.538278826222
0.00273972602739726 1.44493351963581 0.330437019044249 -0.383378087095108 1 2373.57 54.49 468.830333303952
0.00273972602739726 1.44493351963581 0.330437019044249 -0.383378087095108 1 2373.57 54.49 468.830333303952
0 1.399195980004 0.206202180016183 0.390146559969668 1 3405.17 60.73 453.771897826714
0 1.40831911374604 0.274798493003777 -0.686977706426367 1 3221 88.48 473.119701293344
0.00273972602739726 1.44493351963581 0.330437019044249 -0.383378087095108 1 2373.57 54.49 468.830333303952
0 1.40831911374604 0.274798493003777 -0.686977706426367 1 3221 88.48 473.119701293344
0 1.41099418275279 0.279785061722124 -0.577749607761934 0.99 3069.73737373737 79.4343434343434 493.538278826222
0.00273972602739726 1.41763417595911 0.288636586520806 -0.307798556753599 1 2470.61 57.04 451.703846061639
0.00273972602739726 1.44493351963581 0.330437019044249 -0.383378087095108 1 2373.57 54.49 468.830333303952
0.00273972602739726 1.41068764675298 0.273439276327931 -0.335983714421614 0.99 2751.89898989899 66.2727272727273 466.048630079864
0.00273972602739726 1.44493351963581 0.330437019044249 -0.383378087095108 1 2373.57 54.49 468.830333303952
0 1.40831911374604 0.274798493003777 -0.686977706426367 1 3221 88.48 473.119701293344
0.00273972602739726 1.34058759155465 0.192000684893669 -0.143615837498789 0.99 2690.29292929293 61.0606060606061 459.468365787705
0.00273972602739726 1.44493351963581 0.330437019044249 -0.383378087095108 1 2373.57 54.49 468.830333303952
0.00273972602739726 1.44493351963581 0.330437019044249 -0.383378087095108 1 2373.57 54.49 468.830333303952
0.00273972602739726 1.44493351963581 0.330437019044249 -0.383378087095108 1 2373.57 54.49 468.830333303952
0.00273972602739726 1.44493351963581 0.330437019044249 -0.383378087095108 1 2373.57 54.49 468.830333303952
0.00273972602739726 1.34058759155465 0.192000684893669 -0.143615837498789 0.99 2690.29292929293 61.0606060606061 459.468365787705
0 1.4880861983924 0.341461354368703 -0.126932495327833 1 3174.48 65.97 465.048356771437
0.00273972602739726 1.34058759155465 0.192000684893669 -0.143615837498789 0.99 2690.29292929293 61.0606060606061 459.468365787705
0 1.41099418275279 0.279785061722124 -0.577749607761934 0.99 3069.73737373737 79.4343434343434 493.538278826222
0.00273972602739726 1.44493351963581 0.330437019044249 -0.383378087095108 1 2373.57 54.49 468.830333303952
0.00273972602739726 1.44493351963581 0.330437019044249 -0.383378087095108 1 2373.57 54.49 468.830333303952
0.00273972602739726 1.34058759155465 0.192000684893669 -0.143615837498789 0.99 2690.29292929293 61.0606060606061 459.468365787705
0.00273972602739726 1.44493351963581 0.330437019044249 -0.383378087095108 1 2373.57 54.49 468.830333303952
0.00273972602739726 1.44493351963581 0.330437019044249 -0.383378087095108 1 2373.57 54.49 468.830333303952
0.00273972602739726 1.44493351963581 0.330437019044249 -0.383378087095108 1 2373.57 54.49 468.830333303952
0 1.40831911374604 0.274798493003777 -0.686977706426367 1 3221 88.48 473.119701293344
0.00273972602739726 1.44493351963581 0.330437019044249 -0.383378087095108 1 2373.57 54.49 468.830333303952
0 1.43802468461533 0.305691404042886 -0.370547252576625 0.99 2904.58585858586 68.7373737373737 479.302303802264
0.00273972602739726 1.44493351963581 0.330437019044249 -0.383378087095108 1 2373.57 54.49 468.830333303952
0 1.399195980004 0.206202180016183 0.390146559969668 1 3405.17 60.73 453.771897826714
0.00273972602739726 1.44493351963581 0.330437019044249 -0.383378087095108 1 2373.57 54.49 468.830333303952
0.00273972602739726 1.34058759155465 0.192000684893669 -0.143615837498789 0.99 2690.29292929293 61.0606060606061 459.468365787705
0 1.40831911374604 0.274798493003777 -0.686977706426367 1 3221 88.48 473.119701293344
0 1.39584985444781 0.282291406831419 -0.87043216833901 0.98 2507.07142857143 72.9183673469388 457.931021863474
0.00273972602739726 1.44493351963581 0.330437019044249 -0.383378087095108 1 2373.57 54.49 468.830333303952
0.00273972602739726 1.44493351963581 0.330437019044249 -0.383378087095108 1 2373.57 54.49 468.830333303952
0.00273972602739726 1.44493351963581 0.330437019044249 -0.383378087095108 1 2373.57 54.49 468.830333303952
0 1.399195980004 0.206202180016183 0.390146559969668 1 3405.17 60.73 453.771897826714
0 1.40831911374604 0.274798493003777 -0.686977706426367 1 3221 88.48 473.119701293344
0.00273972602739726 1.44493351963581 0.330437019044249 -0.383378087095108 1 2373.57 54.49 468.830333303952
0.00273972602739726 1.44493351963581 0.330437019044249 -0.383378087095108 1 2373.57 54.49 468.830333303952
0.00273972602739726 1.41763417595911 0.288636586520806 -0.307798556753599 1 2470.61 57.04 451.703846061639
0.00273972602739726 1.34058759155465 0.192000684893669 -0.143615837498789 0.99 2690.29292929293 61.0606060606061 459.468365787705
0.00273972602739726 1.44493351963581 0.330437019044249 -0.383378087095108 1 2373.57 54.49 468.830333303952
0 1.40831911374604 0.274798493003777 -0.686977706426367 1 3221 88.48 473.119701293344
0.00273972602739726 1.34058759155465 0.192000684893669 -0.143615837498789 0.99 2690.29292929293 61.0606060606061 459.468365787705
0.00273972602739726 1.44493351963581 0.330437019044249 -0.383378087095108 1 2373.57 54.49 468.830333303952
0 1.41099418275279 0.279785061722124 -0.577749607761934 0.99 3069.73737373737 79.4343434343434 493.538278826222
0 1.40831911374604 0.274798493003777 -0.686977706426367 1 3221 88.48 473.119701293344
0 1.399195980004 0.206202180016183 0.390146559969668 1 3405.17 60.73 453.771897826714
0.00273972602739726 1.34058759155465 0.192000684893669 -0.143615837498789 0.99 2690.29292929293 61.0606060606061 459.468365787705
0 1.40831911374604 0.274798493003777 -0.686977706426367 1 3221 88.48 473.119701293344
0.00273972602739726 1.42118010151552 0.313068795604748 -0.391919766800316 1 2742.83 64.1 482.928895513553
0 1.40831911374604 0.274798493003777 -0.686977706426367 1 3221 88.48 473.119701293344
0 1.399195980004 0.206202180016183 0.390146559969668 1 3405.17 60.73 453.771897826714
0.00273972602739726 1.34058759155465 0.192000684893669 -0.143615837498789 0.99 2690.29292929293 61.0606060606061 459.468365787705
0 1.40831911374604 0.274798493003777 -0.686977706426367 1 3221 88.48 473.119701293344
0.00273972602739726 1.34058759155465 0.192000684893669 -0.143615837498789 0.99 2690.29292929293 61.0606060606061 459.468365787705
0.00273972602739726 1.44493351963581 0.330437019044249 -0.383378087095108 1 2373.57 54.49 468.830333303952
0.00273972602739726 1.44493351963581 0.330437019044249 -0.383378087095108 1 2373.57 54.49 468.830333303952
0.00273972602739726 1.34058759155465 0.192000684893669 -0.143615837498789 0.99 2690.29292929293 61.0606060606061 459.468365787705
0 1.40831911374604 0.274798493003777 -0.686977706426367 1 3221 88.48 473.119701293344
0.00273972602739726 1.44493351963581 0.330437019044249 -0.383378087095108 1 2373.57 54.49 468.830333303952
0.00273972602739726 1.44493351963581 0.330437019044249 -0.383378087095108 1 2373.57 54.49 468.830333303952
0.00273972602739726 1.44493351963581 0.330437019044249 -0.383378087095108 1 2373.57 54.49 468.830333303952
0.00273972602739726 1.44493351963581 0.330437019044249 -0.383378087095108 1 2373.57 54.49 468.830333303952
0 1.41099418275279 0.279785061722124 -0.577749607761934 0.99 3069.73737373737 79.4343434343434 493.538278826222
0.00273972602739726 1.44493351963581 0.330437019044249 -0.383378087095108 1 2373.57 54.49 468.830333303952
0.00273972602739726 1.36978535151579 0.248143579490204 -0.744607846296595 0.99 2910.84848484848 81.4242424242424 470.906735802149
0 1.40831911374604 0.274798493003777 -0.686977706426367 1 3221 88.48 473.119701293344
0 1.399195980004 0.206202180016183 0.390146559969668 1 3405.17 60.73 453.771897826714
0.00273972602739726 1.40690429607314 0.294973972011816 -0.395297552379419 1 2515.61 59.76 457.287685734399
0.00273972602739726 1.44493351963581 0.330437019044249 -0.383378087095108 1 2373.57 54.49 468.830333303952
0.00273972602739726 1.44493351963581 0.330437019044249 -0.383378087095108 1 2373.57 54.49 468.830333303952
0.00273972602739726 1.44493351963581 0.330437019044249 -0.383378087095108 1 2373.57 54.49 468.830333303952
0 1.40831911374604 0.274798493003777 -0.686977706426367 1 3221 88.48 473.119701293344
0.00273972602739726 1.40100945694356 0.288607114262993 -0.498688546895339 1 2270.37 56.19 455.057958065674
0.00273972602739726 1.44493351963581 0.330437019044249 -0.383378087095108 1 2373.57 54.49 468.830333303952
0 1.40831911374604 0.274798493003777 -0.686977706426367 1 3221 88.48 473.119701293344
0 1.43802468461533 0.305691404042886 -0.370547252576625 0.99 2904.58585858586 68.7373737373737 479.302303802264
0.00273972602739726 1.34058759155465 0.192000684893669 -0.143615837498789 0.99 2690.29292929293 61.0606060606061 459.468365787705
0.00273972602739726 1.34058759155465 0.192000684893669 -0.143615837498789 0.99 2690.29292929293 61.0606060606061 459.468365787705
0.00273972602739726 1.44493351963581 0.330437019044249 -0.383378087095108 1 2373.57 54.49 468.830333303952
0.00273972602739726 1.34058759155465 0.192000684893669 -0.143615837498789 0.99 2690.29292929293 61.0606060606061 459.468365787705
0.00273972602739726 1.34058759155465 0.192000684893669 -0.143615837498789 0.99 2690.29292929293 61.0606060606061 459.468365787705
0.00273972602739726 1.34058759155465 0.192000684893669 -0.143615837498789 0.99 2690.29292929293 61.0606060606061 459.468365787705
0.00273972602739726 1.44493351963581 0.330437019044249 -0.383378087095108 1 2373.57 54.49 468.830333303952
0.00273972602739726 1.34058759155465 0.192000684893669 -0.143615837498789 0.99 2690.29292929293 61.0606060606061 459.468365787705
0 1.399195980004 0.206202180016183 0.390146559969668 1 3405.17 60.73 453.771897826714
0.00273972602739726 1.44493351963581 0.330437019044249 -0.383378087095108 1 2373.57 54.49 468.830333303952
0.00273972602739726 1.44493351963581 0.330437019044249 -0.383378087095108 1 2373.57 54.49 468.830333303952
0 1.399195980004 0.206202180016183 0.390146559969668 1 3405.17 60.73 453.771897826714
0 1.40831911374604 0.274798493003777 -0.686977706426367 1 3221 88.48 473.119701293344
0.00273972602739726 1.44493351963581 0.330437019044249 -0.383378087095108 1 2373.57 54.49 468.830333303952
0 1.4970015803357 0.361422594709102 0.0972681343027949 1 2903.45 53.67 482.136052844118
0.00273972602739726 1.34058759155465 0.192000684893669 -0.143615837498789 0.99 2690.29292929293 61.0606060606061 459.468365787705
0 1.399195980004 0.206202180016183 0.390146559969668 1 3405.17 60.73 453.771897826714
0.00273972602739726 1.44493351963581 0.330437019044249 -0.383378087095108 1 2373.57 54.49 468.830333303952
0.00273972602739726 1.44493351963581 0.330437019044249 -0.383378087095108 1 2373.57 54.49 468.830333303952
0.00273972602739726 1.44493351963581 0.330437019044249 -0.383378087095108 1 2373.57 54.49 468.830333303952
0.00273972602739726 1.41763417595911 0.288636586520806 -0.307798556753599 1 2470.61 57.04 451.703846061639
0.00273972602739726 1.44493351963581 0.330437019044249 -0.383378087095108 1 2373.57 54.49 468.830333303952
0.00273972602739726 1.44493351963581 0.330437019044249 -0.383378087095108 1 2373.57 54.49 468.830333303952
0.00273972602739726 1.34058759155465 0.192000684893669 -0.143615837498789 0.99 2690.29292929293 61.0606060606061 459.468365787705
0.00273972602739726 1.44493351963581 0.330437019044249 -0.383378087095108 1 2373.57 54.49 468.830333303952
0.00273972602739726 1.44493351963581 0.330437019044249 -0.383378087095108 1 2373.57 54.49 468.830333303952
0 1.48839333731582 0.349579547809688 -0.0889969916594382 1 2934.73 61.33 484.179964551137
0 1.40831911374604 0.274798493003777 -0.686977706426367 1 3221 88.48 473.119701293344
0.00273972602739726 1.34058759155465 0.192000684893669 -0.143615837498789 0.99 2690.29292929293 61.0606060606061 459.468365787705
0 1.40831911374604 0.274798493003777 -0.686977706426367 1 3221 88.48 473.119701293344
0.00273972602739726 1.44493351963581 0.330437019044249 -0.383378087095108 1 2373.57 54.49 468.830333303952
0.00273972602739726 1.44493351963581 0.330437019044249 -0.383378087095108 1 2373.57 54.49 468.830333303952
0.00273972602739726 1.44493351963581 0.330437019044249 -0.383378087095108 1 2373.57 54.49 468.830333303952
0 1.40831911374604 0.274798493003777 -0.686977706426367 1 3221 88.48 473.119701293344
0.00273972602739726 1.44493351963581 0.330437019044249 -0.383378087095108 1 2373.57 54.49 468.830333303952
0.00273972602739726 1.44493351963581 0.330437019044249 -0.383378087095108 1 2373.57 54.49 468.830333303952
0 1.399195980004 0.206202180016183 0.390146559969668 1 3405.17 60.73 453.771897826714
0 1.40831911374604 0.274798493003777 -0.686977706426367 1 3221 88.48 473.119701293344
0.00273972602739726 1.34058759155465 0.192000684893669 -0.143615837498789 0.99 2690.29292929293 61.0606060606061 459.468365787705
0.00273972602739726 1.45928492614924 0.377911038153019 -0.701933939610112 1 2088.96 55.02 469.129723845638
0.00273972602739726 1.44493351963581 0.330437019044249 -0.383378087095108 1 2373.57 54.49 468.830333303952
0 1.39584985444781 0.282291406831419 -0.87043216833901 0.98 2507.07142857143 72.9183673469388 457.931021863474
0 1.4880861983924 0.341461354368703 -0.126932495327833 1 3174.48 65.97 465.048356771437
0.00273972602739726 1.44493351963581 0.330437019044249 -0.383378087095108 1 2373.57 54.49 468.830333303952
0.00273972602739726 1.44493351963581 0.330437019044249 -0.383378087095108 1 2373.57 54.49 468.830333303952
0.00273972602739726 1.44493351963581 0.330437019044249 -0.383378087095108 1 2373.57 54.49 468.830333303952
0.00273972602739726 1.44493351963581 0.330437019044249 -0.383378087095108 1 2373.57 54.49 468.830333303952
0.00273972602739726 1.44493351963581 0.330437019044249 -0.383378087095108 1 2373.57 54.49 468.830333303952
0.00273972602739726 1.41763417595911 0.288636586520806 -0.307798556753599 1 2470.61 57.04 451.703846061639
0.00273972602739726 1.34058759155465 0.192000684893669 -0.143615837498789 0.99 2690.29292929293 61.0606060606061 459.468365787705
0 1.39584985444781 0.282291406831419 -0.87043216833901 0.98 2507.07142857143 72.9183673469388 457.931021863474
0.00273972602739726 1.44493351963581 0.330437019044249 -0.383378087095108 1 2373.57 54.49 468.830333303952
0 1.39584985444781 0.282291406831419 -0.87043216833901 0.98 2507.07142857143 72.9183673469388 457.931021863474
0.00273972602739726 1.44353087207712 0.302650596132759 -0.314396351156466 1 3066.14 71.01 466.365881429129
0.00273972602739726 1.44493351963581 0.330437019044249 -0.383378087095108 1 2373.57 54.49 468.830333303952
0 1.399195980004 0.206202180016183 0.390146559969668 1 3405.17 60.73 453.771897826714
0.00273972602739726 1.40690429607314 0.294973972011816 -0.395297552379419 1 2515.61 59.76 457.287685734399
0 1.41099418275279 0.279785061722124 -0.577749607761934 0.99 3069.73737373737 79.4343434343434 493.538278826222
0.00273972602739726 1.34058759155465 0.192000684893669 -0.143615837498789 0.99 2690.29292929293 61.0606060606061 459.468365787705
0.00273972602739726 1.41763417595911 0.288636586520806 -0.307798556753599 1 2470.61 57.04 451.703846061639
0.00273972602739726 1.34058759155465 0.192000684893669 -0.143615837498789 0.99 2690.29292929293 61.0606060606061 459.468365787705
0 1.399195980004 0.206202180016183 0.390146559969668 1 3405.17 60.73 453.771897826714
0 1.399195980004 0.206202180016183 0.390146559969668 1 3405.17 60.73 453.771897826714
0.00273972602739726 1.41763417595911 0.288636586520806 -0.307798556753599 1 2470.61 57.04 451.703846061639
0 1.40831911374604 0.274798493003777 -0.686977706426367 1 3221 88.48 473.119701293344
0.00273972602739726 1.34058759155465 0.192000684893669 -0.143615837498789 0.99 2690.29292929293 61.0606060606061 459.468365787705
0.00273972602739726 1.44493351963581 0.330437019044249 -0.383378087095108 1 2373.57 54.49 468.830333303952
0.00273972602739726 1.44493351963581 0.330437019044249 -0.383378087095108 1 2373.57 54.49 468.830333303952
0 1.399195980004 0.206202180016183 0.390146559969668 1 3405.17 60.73 453.771897826714
0.00273972602739726 1.3674433500465 0.267218858679671 -0.818924020094373 0.99 2183.80808080808 62 437.596560687027
0 1.399195980004 0.206202180016183 0.390146559969668 1 3405.17 60.73 453.771897826714
0.00273972602739726 1.44493351963581 0.330437019044249 -0.383378087095108 1 2373.57 54.49 468.830333303952
0.00273972602739726 1.44493351963581 0.330437019044249 -0.383378087095108 1 2373.57 54.49 468.830333303952
0.00273972602739726 1.44493351963581 0.330437019044249 -0.383378087095108 1 2373.57 54.49 468.830333303952
0.00273972602739726 1.38090471962996 0.275797677983446 -0.969983627830034 0.99 2277.09090909091 68.2626262626263 460.721138267345
0.00273972602739726 1.44493351963581 0.330437019044249 -0.383378087095108 1 2373.57 54.49 468.830333303952
0.00273972602739726 1.34058759155465 0.192000684893669 -0.143615837498789 0.99 2690.29292929293 61.0606060606061 459.468365787705
0 1.38977472550893 0.324366244677784 -0.891008096772898 0.99 1980.28282828283 54.0606060606061 445.421134147751
0.00273972602739726 1.44493351963581 0.330437019044249 -0.383378087095108 1 2373.57 54.49 468.830333303952
0.00273972602739726 1.44493351963581 0.330437019044249 -0.383378087095108 1 2373.57 54.49 468.830333303952
0.00273972602739726 1.3674433500465 0.267218858679671 -0.818924020094373 0.99 2183.80808080808 62 437.596560687027
0.00273972602739726 1.44493351963581 0.330437019044249 -0.383378087095108 1 2373.57 54.49 468.830333303952
0.00273972602739726 1.34058759155465 0.192000684893669 -0.143615837498789 0.99 2690.29292929293 61.0606060606061 459.468365787705
0.00273972602739726 1.40690429607314 0.294973972011816 -0.395297552379419 1 2515.61 59.76 457.287685734399
0.00273972602739726 1.44493351963581 0.330437019044249 -0.383378087095108 1 2373.57 54.49 468.830333303952
0.00273972602739726 1.44493351963581 0.330437019044249 -0.383378087095108 1 2373.57 54.49 468.830333303952
0.00273972602739726 1.44493351963581 0.330437019044249 -0.383378087095108 1 2373.57 54.49 468.830333303952
0.00273972602739726 1.44493351963581 0.330437019044249 -0.383378087095108 1 2373.57 54.49 468.830333303952
0.00273972602739726 1.44493351963581 0.330437019044249 -0.383378087095108 1 2373.57 54.49 468.830333303952
0 1.39584985444781 0.282291406831419 -0.87043216833901 0.98 2507.07142857143 72.9183673469388 457.931021863474
0 1.399195980004 0.206202180016183 0.390146559969668 1 3405.17 60.73 453.771897826714
0 1.399195980004 0.206202180016183 0.390146559969668 1 3405.17 60.73 453.771897826714
0.00273972602739726 1.44493351963581 0.330437019044249 -0.383378087095108 1 2373.57 54.49 468.830333303952
0.00273972602739726 1.44493351963581 0.330437019044249 -0.383378087095108 1 2373.57 54.49 468.830333303952
0.00273972602739726 1.44493351963581 0.330437019044249 -0.383378087095108 1 2373.57 54.49 468.830333303952
0.00273972602739726 1.44493351963581 0.330437019044249 -0.383378087095108 1 2373.57 54.49 468.830333303952
0.00273972602739726 1.41763417595911 0.288636586520806 -0.307798556753599 1 2470.61 57.04 451.703846061639
