0.00181818181818182 1.44493351963581 0.330437019044249 -0.383378087095108 1 2373.57 54.49 468.830333303952
0.00181818181818182 1.46043241114735 0.311603133789602 0.00110251957786958 0.99 3337.93939393939 66.7373737373737 476.494340878499
0.00181818181818182 1.43841398888923 0.278017975838763 0.346759334642428 0.98 3027.29591836735 53.1530612244898 469.505146489742
0.00181818181818182 1.41099418275279 0.279785061722124 -0.577749607761934 0.99 3069.73737373737 79.4343434343434 493.538278826222
0.00181818181818182 1.45889328778956 0.329870363053689 -0.136185883034302 0.98 2915.82653061224 61.4285714285714 487.732895608501
0.00181818181818182 1.47034183655146 0.309986290832402 0.307245847115404 0.98 2780.82653061224 48.0918367346939 470.885974096103
0.00181818181818182 1.49180358234218 0.372766368400922 -0.26120124994116 1 2732.94 58.33 523.696439691524
0.00181818181818182 1.40686052794966 0.325588052336847 -0.933986701105442 0.98 2173.0306122449 61.4285714285714 484.679140511175
0.00181818181818182 1.48896421097328 0.326191730973187 0.288360769305638 0.98 3171.72448979592 55.2755102040816 474.11394189468
0.00181818181818182 1.39064106517194 0.313015640459383 -0.244397294718917 1 1767.83 39.36 435.728417981963
0.00181818181818182 1.400950704362 0.334132866309638 -0.906851664708071 0.98 1845 50.1530612244898 451.531735908594
0.00181818181818182 1.40182086393282 0.229550206660327 -0.195835091048866 0.98 3120.35714285714 72.4897959183673 430.584154934978
0.00181818181818182 1.37839489458129 0.190552073367871 -0.0226332624442875 0.99 3657.60606060606 80.6969696969697 444.65922068921
0.00181818181818182 1.48839333731582 0.349579547809688 -0.0889969916594382 1 2934.73 61.33 484.179964551137
0.00181818181818182 1.37835919089946 0.219877200699758 -0.760215920392349 1 3617.26 107.61 467.350911789988
0.00181818181818182 1.34058759155465 0.192000684893669 -0.143615837498789 0.99 2690.29292929293 61.0606060606061 459.468365787705
0.00181818181818182 1.399195980004 0.206202180016183 0.390146559969668 1 3405.17 60.73 453.771897826714
0.00181818181818182 1.44493351963581 0.330437019044249 -0.383378087095108 1 2373.57 54.49 468.830333303952
0.00181818181818182 1.44493351963581 0.330437019044249 -0.383378087095108 1 2373.57 54.49 468.830333303952
0.00181818181818182 1.40831911374604 0.274798493003777 -0.686977706426367 1 3221 88.48 473.119701293344
0.00181818181818182 1.40986977183524 0.293809189993296 -0.348375277889663 0.99 2818.52525252525 65.7373737373737 513.593352242645
0.00181818181818182 1.41901914130952 0.328161886017554 -0.329099206309789 0.99 1974.27272727273 44.5252525252525 466.586307621065
0.00181818181818182 1.38101562107037 0.29197635744167 -0.596976807427766 0.98 1988 50.4081632653061 442.036766504461
0.00181818181818182 1.43841398888923 0.278017975838763 0.346759334642428 0.98 3027.29591836735 53.1530612244898 469.505146489742
0.00181818181818182 1.44328325388648 0.33535608073651 0.155770414869973 0.99 1938.40404040404 35.7070707070707 449.060229074264
0.00181818181818182 1.48730683338804 0.386607056836173 -0.701642855544991 1 2669.91 68.23 527.527397810851
0.00181818181818182 1.44501453352926 0.324419725282477 0.126906633861094 0.99 2226.78787878788 41.5454545454545 428.266952980678
0.00181818181818182 1.40911670919294 0.286534190891012 -0.381852344177343 0.98 2739.39795918367 64.6632653061225 490.957957793413
0.00181818181818182 1.51069698389221 0.393554359662704 0.0843638574779305 1 2184.86 38.96 487.737638733315
0.00181818181818182 1.45889328778956 0.329870363053689 -0.136185883034302 0.98 2915.82653061224 61.4285714285714 487.732895608501
0.00181818181818182 1.44493351963581 0.330437019044249 -0.383378087095108 1 2373.57 54.49 468.830333303952
0.00181818181818182 1.44493351963581 0.330437019044249 -0.383378087095108 1 2373.57 54.49 468.830333303952
0.00181818181818182 1.34058759155465 0.192000684893669 -0.143615837498789 0.99 2690.29292929293 61.0606060606061 459.468365787705
0.00181818181818182 1.46043241114735 0.311603133789602 0.00110251957786958 0.99 3337.93939393939 66.7373737373737 476.494340878499
0.00181818181818182 1.47034183655146 0.309986290832402 0.307245847115404 0.98 2780.82653061224 48.0918367346939 470.885974096103
0.00181818181818182 1.40182086393282 0.229550206660327 -0.195835091048866 0.98 3120.35714285714 72.4897959183673 430.584154934978
0.00181818181818182 1.40831911374604 0.274798493003777 -0.686977706426367 1 3221 88.48 473.119701293344
0.00181818181818182 1.4629049108277 0.397783617961637 -0.61772515385383 1 1699.88 39.15 438.305908618892
0.00181818181818182 1.39834562689425 0.210208530227533 0.191024009816874 0.99 3247.40404040404 63.4949494949495 426.670202699843
0.00181818181818182 1.33268608833931 0.224083583641246 -0.746614782771947 0.98 2450.95918367347 69.5816326530612 480.036212573352
0.00181818181818182 1.40831911374604 0.274798493003777 -0.686977706426367 1 3221 88.48 473.119701293344
0.00181818181818182 1.44493351963581 0.330437019044249 -0.383378087095108 1 2373.57 54.49 468.830333303952
0.00181818181818182 1.44493351963581 0.330437019044249 -0.383378087095108 1 2373.57 54.49 468.830333303952
0.00181818181818182 1.38463150863105 0.252692816131992 -0.72271189695339 0.98 3042.40816326531 84.3061224489796 484.752011909148
0.00181818181818182 1.44493351963581 0.330437019044249 -0.383378087095108 1 2373.57 54.49 468.830333303952
0.00181818181818182 1.40986977183524 0.293809189993296 -0.348375277889663 0.99 2818.52525252525 65.7373737373737 513.593352242645
0.00181818181818182 1.47644657717187 0.338683268396003 0.241806025746023 1 2901.34 50.24 491.88591785174
0.00181818181818182 1.45889328778956 0.329870363053689 -0.136185883034302 0.98 2915.82653061224 61.4285714285714 487.732895608501
0.00181818181818182 1.48730683338804 0.386607056836173 -0.701642855544991 1 2669.91 68.23 527.527397810851
0.00181818181818182 1.49901155734111 0.341062783975852 -0.0966231961763128 0.99 3477.52525252525 72.0909090909091 485.240292656618
0.00181818181818182 1.40986977183524 0.293809189993296 -0.348375277889663 0.99 2818.52525252525 65.7373737373737 513.593352242645
0.00181818181818182 1.38463150863105 0.252692816131992 -0.72271189695339 0.98 3042.40816326531 84.3061224489796 484.752011909148
0.00181818181818182 1.44493351963581 0.330437019044249 -0.383378087095108 1 2373.57 54.49 468.830333303952
0.00181818181818182 1.47034183655146 0.309986290832402 0.307245847115404 0.98 2780.82653061224 48.0918367346939 470.885974096103
0.00181818181818182 1.38939581679961 0.303045297105092 -0.506422079471451 0.98 2050.5 50.1020408163265 451.78508630015
0.00181818181818182 1.37839489458129 0.190552073367871 -0.0226332624442875 0.99 3657.60606060606 80.6969696969697 444.65922068921
0.00181818181818182 1.44353087207712 0.302650596132759 -0.314396351156466 1 3066.14 71.01 466.365881429129
0.00181818181818182 1.34304925141797 0.15623608543425 -0.0818614873105893 0.99 3688.11111111111 84.1414141414141 469.674657127618
0.00181818181818182 1.39834562689425 0.210208530227533 0.191024009816874 0.99 3247.40404040404 63.4949494949495 426.670202699843
0.00181818181818182 1.40911670919294 0.286534190891012 -0.381852344177343 0.98 2739.39795918367 64.6632653061225 490.957957793413
0.00181818181818182 1.40986977183524 0.293809189993296 -0.348375277889663 0.99 2818.52525252525 65.7373737373737 513.593352242645
0.00181818181818182 1.39834562689425 0.210208530227533 0.191024009816874 0.99 3247.40404040404 63.4949494949495 426.670202699843
0.00181818181818182 1.47034183655146 0.309986290832402 0.307245847115404 0.98 2780.82653061224 48.0918367346939 470.885974096103
0.00181818181818182 1.44493351963581 0.330437019044249 -0.383378087095108 1 2373.57 54.49 468.830333303952
0.00181818181818182 1.44493351963581 0.330437019044249 -0.383378087095108 1 2373.57 54.49 468.830333303952
0.00181818181818182 1.38463150863105 0.252692816131992 -0.72271189695339 0.98 3042.40816326531 84.3061224489796 484.752011909148
0.00181818181818182 1.40911670919294 0.286534190891012 -0.381852344177343 0.98 2739.39795918367 64.6632653061225 490.957957793413
0.00181818181818182 1.48274009716873 0.375125297786264 0.13033586850145 0.99 2064.59595959596 37.4141414141414 475.643881179258
0.00181818181818182 1.48896421097328 0.326191730973187 0.288360769305638 0.98 3171.72448979592 55.2755102040816 474.11394189468
0.00181818181818182 1.44493351963581 0.330437019044249 -0.383378087095108 1 2373.57 54.49 468.830333303952
0.00181818181818182 1.37839489458129 0.190552073367871 -0.0226332624442875 0.99 3657.60606060606 80.6969696969697 444.65922068921
0.00181818181818182 1.41901914130952 0.328161886017554 -0.329099206309789 0.99 1974.27272727273 44.5252525252525 466.586307621065
0.00181818181818182 1.40831911374604 0.274798493003777 -0.686977706426367 1 3221 88.48 473.119701293344
0.00181818181818182 1.4968762771051 0.399843190319749 -0.589221617794091 0.99 2107.82828282828 49.3434343434343 468.354363150097
0.00181818181818182 1.45244334002554 0.35673668413207 -0.572787298363185 1 2368.86 58.12 505.057152729016
0.00181818181818182 1.37839489458129 0.190552073367871 -0.0226332624442875 0.99 3657.60606060606 80.6969696969697 444.65922068921
0.00181818181818182 1.44834318121002 0.250277054703043 0.428950642709868 0.99 3802.90909090909 66.989898989899 472.045987604716
0.00181818181818182 1.40831911374604 0.274798493003777 -0.686977706426367 1 3221 88.48 473.119701293344
0.00181818181818182 1.34058759155465 0.192000684893669 -0.143615837498789 0.99 2690.29292929293 61.0606060606061 459.468365787705
0.00181818181818182 1.43214014234621 0.301836037393932 -0.252067327154829 0.99 2830.69696969697 64.0909090909091 501.06325893473
0.00181818181818182 1.39323865267618 0.295471288432447 0.131558994787492 1 1814.51 34.47 444.206134418558
0.00181818181818182 1.3627955669777 0.224935488104681 -0.104353872087827 0.98 2241.82653061224 49.2857142857143 441.694553307563
0.00181818181818182 1.40831911374604 0.274798493003777 -0.686977706426367 1 3221 88.48 473.119701293344
0.00181818181818182 1.47034183655146 0.309986290832402 0.307245847115404 0.98 2780.82653061224 48.0918367346939 470.885974096103
0.00181818181818182 1.44493351963581 0.330437019044249 -0.383378087095108 1 2373.57 54.49 468.830333303952
0.00181818181818182 1.34058759155465 0.192000684893669 -0.143615837498789 0.99 2690.29292929293 61.0606060606061 459.468365787705
0.00181818181818182 1.4563794254563 0.3420233516351 0.307933374495697 0.99 2178.93939393939 36.4848484848485 462.129456174528
0.00181818181818182 1.36978535151579 0.248143579490204 -0.744607846296595 0.99 2910.84848484848 81.4242424242424 470.906735802149
0.00181818181818182 1.40986977183524 0.293809189993296 -0.348375277889663 0.99 2818.52525252525 65.7373737373737 513.593352242645
0.00181818181818182 1.399195980004 0.206202180016183 0.390146559969668 1 3405.17 60.73 453.771897826714
0.00181818181818182 1.46742118519083 0.330317190396349 0.473517663879705 1 2343.92 37.35 479.831731842198
0.00181818181818182 1.40911670919294 0.286534190891012 -0.381852344177343 0.98 2739.39795918367 64.6632653061225 490.957957793413
0.00181818181818182 1.40911670919294 0.286534190891012 -0.381852344177343 0.98 2739.39795918367 64.6632653061225 490.957957793413
0.00181818181818182 1.44245648013469 0.323725391156519 -0.492335839987706 1 2901.06 70.98 522.745236923088
0.00181818181818182 1.40686052794966 0.325588052336847 -0.933986701105442 0.98 2173.0306122449 61.4285714285714 484.679140511175
0.00181818181818182 1.44493351963581 0.330437019044249 -0.383378087095108 1 2373.57 54.49 468.830333303952
0.00181818181818182 1.41763417595911 0.288636586520806 -0.307798556753599 1 2470.61 57.04 451.703846061639
0.00181818181818182 1.46043241114735 0.311603133789602 0.00110251957786958 0.99 3337.93939393939 66.7373737373737 476.494340878499
0.00181818181818182 1.47034183655146 0.309986290832402 0.307245847115404 0.98 2780.82653061224 48.0918367346939 470.885974096103
0.00181818181818182 1.43841398888923 0.278017975838763 0.346759334642428 0.98 3027.29591836735 53.1530612244898 469.505146489742
0.00181818181818182 1.46043241114735 0.311603133789602 0.00110251957786958 0.99 3337.93939393939 66.7373737373737 476.494340878499
0.00181818181818182 1.40690429607314 0.294973972011816 -0.395297552379419 1 2515.61 59.76 457.287685734399
0.00181818181818182 1.38939581679961 0.303045297105092 -0.506422079471451 0.98 2050.5 50.1020408163265 451.78508630015
0.00181818181818182 1.37839489458129 0.190552073367871 -0.0226332624442875 0.99 3657.60606060606 80.6969696969697 444.65922068921
0.00181818181818182 1.43841398888923 0.278017975838763 0.346759334642428 0.98 3027.29591836735 53.1530612244898 469.505146489742
0.00181818181818182 1.44834318121002 0.250277054703043 0.428950642709868 0.99 3802.90909090909 66.989898989899 472.045987604716
0.00181818181818182 1.40986977183524 0.293809189993296 -0.348375277889663 0.99 2818.52525252525 65.7373737373737 513.593352242645
0.00181818181818182 1.38463150863105 0.252692816131992 -0.72271189695339 0.98 3042.40816326531 84.3061224489796 484.752011909148
0.00181818181818182 1.44144105924485 0.316219544272856 -0.974450849188542 0.99 3363.83838383838 101.353535353535 493.843913229062
0.00181818181818182 1.40986977183524 0.293809189993296 -0.348375277889663 0.99 2818.52525252525 65.7373737373737 513.593352242645
0.00181818181818182 1.40911670919294 0.286534190891012 -0.381852344177343 0.98 2739.39795918367 64.6632653061225 490.957957793413
0.00181818181818182 1.37839489458129 0.190552073367871 -0.0226332624442875 0.99 3657.60606060606 80.6969696969697 444.65922068921
0.00181818181818182 1.46178900555143 0.38060812939653 -0.495939791915082 0.99 1787.72727272727 41.0707070707071 458.409771026078
0.00181818181818182 1.37839489458129 0.190552073367871 -0.0226332624442875 0.99 3657.60606060606 80.6969696969697 444.65922068921
0.00181818181818182 1.44493351963581 0.330437019044249 -0.383378087095108 1 2373.57 54.49 468.830333303952
0.00181818181818182 1.37839489458129 0.190552073367871 -0.0226332624442875 0.99 3657.60606060606 80.6969696969697 444.65922068921
0.00181818181818182 1.47644657717187 0.338683268396003 0.241806025746023 1 2901.34 50.24 491.88591785174
0.00181818181818182 1.38939581679961 0.303045297105092 -0.506422079471451 0.98 2050.5 50.1020408163265 451.78508630015
0.00181818181818182 1.38939581679961 0.303045297105092 -0.506422079471451 0.98 2050.5 50.1020408163265 451.78508630015
0.00181818181818182 1.37839489458129 0.190552073367871 -0.0226332624442875 0.99 3657.60606060606 80.6969696969697 444.65922068921
0.00181818181818182 1.44493351963581 0.330437019044249 -0.383378087095108 1 2373.57 54.49 468.830333303952
0.00181818181818182 1.39834562689425 0.210208530227533 0.191024009816874 0.99 3247.40404040404 63.4949494949495 426.670202699843
0.00181818181818182 1.44493351963581 0.330437019044249 -0.383378087095108 1 2373.57 54.49 468.830333303952
0.00181818181818182 1.44493351963581 0.330437019044249 -0.383378087095108 1 2373.57 54.49 468.830333303952
0.00181818181818182 1.38463150863105 0.252692816131992 -0.72271189695339 0.98 3042.40816326531 84.3061224489796 484.752011909148
0.00181818181818182 1.4968762771051 0.399843190319749 -0.589221617794091 0.99 2107.82828282828 49.3434343434343 468.354363150097
0.00181818181818182 1.47441778771932 0.370576277824871 -0.767741597565591 0.98 2743.35714285714 73.530612244898 506.037468351816
0.00181818181818182 1.40986977183524 0.293809189993296 -0.348375277889663 0.99 2818.52525252525 65.7373737373737 513.593352242645
0.00181818181818182 1.44834318121002 0.250277054703043 0.428950642709868 0.99 3802.90909090909 66.989898989899 472.045987604716
0.00181818181818182 1.40686052794966 0.325588052336847 -0.933986701105442 0.98 2173.0306122449 61.4285714285714 484.679140511175
0.00181818181818182 1.47538760832829 0.280348139181392 0.408965667969008 1 3770.85 63.44 483.041027797448
0.00181818181818182 1.48274009716873 0.375125297786264 0.13033586850145 0.99 2064.59595959596 37.4141414141414 475.643881179258
0.00181818181818182 1.47034183655146 0.309986290832402 0.307245847115404 0.98 2780.82653061224 48.0918367346939 470.885974096103
0.00181818181818182 1.47034183655146 0.309986290832402 0.307245847115404 0.98 2780.82653061224 48.0918367346939 470.885974096103
0.00181818181818182 1.40182086393282 0.229550206660327 -0.195835091048866 0.98 3120.35714285714 72.4897959183673 430.584154934978
0.00181818181818182 1.44992057841949 0.359802101189555 -0.551073898071704 0.98 2447.40816326531 58.6326530612245 493.896116443708
0.00181818181818182 1.40182086393282 0.229550206660327 -0.195835091048866 0.98 3120.35714285714 72.4897959183673 430.584154934978
0.00181818181818182 1.38101562107037 0.29197635744167 -0.596976807427766 0.98 1988 50.4081632653061 442.036766504461
0.00181818181818182 1.37839489458129 0.190552073367871 -0.0226332624442875 0.99 3657.60606060606 80.6969696969697 444.65922068921
0.00181818181818182 1.5016760446336 0.373993777114946 -0.336016354891485 0.99 2902.41414141414 63.8989898989899 505.464148841653
0.00181818181818182 1.44493351963581 0.330437019044249 -0.383378087095108 1 2373.57 54.49 468.830333303952
0.00181818181818182 1.40182086393282 0.229550206660327 -0.195835091048866 0.98 3120.35714285714 72.4897959183673 430.584154934978
0.00181818181818182 1.44834318121002 0.250277054703043 0.428950642709868 0.99 3802.90909090909 66.989898989899 472.045987604716
0.00181818181818182 1.47034183655146 0.309986290832402 0.307245847115404 0.98 2780.82653061224 48.0918367346939 470.885974096103
0.00181818181818182 1.40831911374604 0.274798493003777 -0.686977706426367 1 3221 88.48 473.119701293344
0.00181818181818182 1.46043241114735 0.311603133789602 0.00110251957786958 0.99 3337.93939393939 66.7373737373737 476.494340878499
0.00181818181818182 1.399195980004 0.206202180016183 0.390146559969668 1 3405.17 60.73 453.771897826714
0.00181818181818182 1.43214014234621 0.301836037393932 -0.252067327154829 0.99 2830.69696969697 64.0909090909091 501.06325893473
0.00181818181818182 1.46043241114735 0.311603133789602 0.00110251957786958 0.99 3337.93939393939 66.7373737373737 476.494340878499
0.00181818181818182 1.44493351963581 0.330437019044249 -0.383378087095108 1 2373.57 54.49 468.830333303952
0.00181818181818182 1.44493351963581 0.330437019044249 -0.383378087095108 1 2373.57 54.49 468.830333303952
0.00181818181818182 1.41901914130952 0.328161886017554 -0.329099206309789 0.99 1974.27272727273 44.5252525252525 466.586307621065
0.00181818181818182 1.47869049992727 0.377128054523239 -0.0455951657007132 0.99 2342.23232323232 45.7171717171717 496.490524605465
0.00181818181818182 1.41901914130952 0.328161886017554 -0.329099206309789 0.99 1974.27272727273 44.5252525252525 466.586307621065
0.00181818181818182 1.47869049992727 0.377128054523239 -0.0455951657007132 0.99 2342.23232323232 45.7171717171717 496.490524605465
0.00181818181818182 1.42777998180174 0.321346180753854 0.144149137778431 1 2044.7 36.53 434.122006157018
0.00181818181818182 1.51069698389221 0.393554359662704 0.0843638574779305 1 2184.86 38.96 487.737638733315
0.00181818181818182 1.40986977183524 0.293809189993296 -0.348375277889663 0.99 2818.52525252525 65.7373737373737 513.593352242645
0.00181818181818182 1.41763417595911 0.288636586520806 -0.307798556753599 1 2470.61 57.04 451.703846061639
0.00181818181818182 1.40831911374604 0.274798493003777 -0.686977706426367 1 3221 88.48 473.119701293344
0.00181818181818182 1.47869049992727 0.377128054523239 -0.0455951657007132 0.99 2342.23232323232 45.7171717171717 496.490524605465
0.00181818181818182 1.44493351963581 0.330437019044249 -0.383378087095108 1 2373.57 54.49 468.830333303952
0.00181818181818182 1.399195980004 0.206202180016183 0.390146559969668 1 3405.17 60.73 453.771897826714
0.00181818181818182 1.43841398888923 0.278017975838763 0.346759334642428 0.98 3027.29591836735 53.1530612244898 469.505146489742
0.00181818181818182 1.44245648013469 0.323725391156519 -0.492335839987706 1 2901.06 70.98 522.745236923088
0.00181818181818182 1.47869049992727 0.377128054523239 -0.0455951657007132 0.99 2342.23232323232 45.7171717171717 496.490524605465
0.00181818181818182 1.45889328778956 0.329870363053689 -0.136185883034302 0.98 2915.82653061224 61.4285714285714 487.732895608501
0.00181818181818182 1.47441778771932 0.370576277824871 -0.767741597565591 0.98 2743.35714285714 73.530612244898 506.037468351816
0.00181818181818182 1.45889328778956 0.329870363053689 -0.136185883034302 0.98 2915.82653061224 61.4285714285714 487.732895608501
0.00181818181818182 1.40986977183524 0.293809189993296 -0.348375277889663 0.99 2818.52525252525 65.7373737373737 513.593352242645
0.00181818181818182 1.399195980004 0.206202180016183 0.390146559969668 1 3405.17 60.73 453.771897826714
0.00181818181818182 1.34304925141797 0.15623608543425 -0.0818614873105893 0.99 3688.11111111111 84.1414141414141 469.674657127618
0.00181818181818182 1.34058759155465 0.192000684893669 -0.143615837498789 0.99 2690.29292929293 61.0606060606061 459.468365787705
0.00181818181818182 1.41099418275279 0.279785061722124 -0.577749607761934 0.99 3069.73737373737 79.4343434343434 493.538278826222
0.00181818181818182 1.4970015803357 0.361422594709102 0.0972681343027949 1 2903.45 53.67 482.136052844118
0.00181818181818182 1.39584985444781 0.282291406831419 -0.87043216833901 0.98 2507.07142857143 72.9183673469388 457.931021863474
0.00181818181818182 1.40986977183524 0.293809189993296 -0.348375277889663 0.99 2818.52525252525 65.7373737373737 513.593352242645
0.00181818181818182 1.47034183655146 0.309986290832402 0.307245847115404 0.98 2780.82653061224 48.0918367346939 470.885974096103
0.00181818181818182 1.43841398888923 0.278017975838763 0.346759334642428 0.98 3027.29591836735 53.1530612244898 469.505146489742
0.00181818181818182 1.46845687549422 0.346932917923258 -0.2188155384854 0.99 2976.74747474747 64.6060606060606 510.611902481916
0.00181818181818182 1.44493351963581 0.330437019044249 -0.383378087095108 1 2373.57 54.49 468.830333303952
0.00181818181818182 1.40686052794966 0.325588052336847 -0.933986701105442 0.98 2173.0306122449 61.4285714285714 484.679140511175
0.00181818181818182 1.43841398888923 0.278017975838763 0.346759334642428 0.98 3027.29591836735 53.1530612244898 469.505146489742
0.00181818181818182 1.44493351963581 0.330437019044249 -0.383378087095108 1 2373.57 54.49 468.830333303952
0.00181818181818182 1.37839489458129 0.190552073367871 -0.0226332624442875 0.99 3657.60606060606 80.6969696969697 444.65922068921
0.00181818181818182 1.39584985444781 0.282291406831419 -0.87043216833901 0.98 2507.07142857143 72.9183673469388 457.931021863474
0.00181818181818182 1.48896421097328 0.326191730973187 0.288360769305638 0.98 3171.72448979592 55.2755102040816 474.11394189468
0.00181818181818182 1.34058759155465 0.192000684893669 -0.143615837498789 0.99 2690.29292929293 61.0606060606061 459.468365787705
0.00181818181818182 1.44493351963581 0.330437019044249 -0.383378087095108 1 2373.57 54.49 468.830333303952
0.00181818181818182 1.40686052794966 0.325588052336847 -0.933986701105442 0.98 2173.0306122449 61.4285714285714 484.679140511175
0.00181818181818182 1.44493351963581 0.330437019044249 -0.383378087095108 1 2373.57 54.49 468.830333303952
0.00181818181818182 1.38463150863105 0.252692816131992 -0.72271189695339 0.98 3042.40816326531 84.3061224489796 484.752011909148
0.00181818181818182 1.44493351963581 0.330437019044249 -0.383378087095108 1 2373.57 54.49 468.830333303952
0.00181818181818182 1.41099418275279 0.279785061722124 -0.577749607761934 0.99 3069.73737373737 79.4343434343434 493.538278826222
0.00181818181818182 1.44834318121002 0.250277054703043 0.428950642709868 0.99 3802.90909090909 66.989898989899 472.045987604716
0.00181818181818182 1.47769928840267 0.378096943701645 -0.0619638544190752 0.99 2180.29292929293 42.3737373737374 478.324643516365
0.00181818181818182 1.43841398888923 0.278017975838763 0.346759334642428 0.98 3027.29591836735 53.1530612244898 469.505146489742
0.00181818181818182 1.43841398888923 0.278017975838763 0.346759334642428 0.98 3027.29591836735 53.1530612244898 469.505146489742
0.00181818181818182 1.47869049992727 0.377128054523239 -0.0455951657007132 0.99 2342.23232323232 45.7171717171717 496.490524605465
0.00181818181818182 1.44155429301533 0.266566164103494 -0.0894484752699921 0.99 3836.77777777778 82.2222222222222 472.250202032921
0.00181818181818182 1.34058759155465 0.192000684893669 -0.143615837498789 0.99 2690.29292929293 61.0606060606061 459.468365787705
0.00181818181818182 1.44493351963581 0.330437019044249 -0.383378087095108 1 2373.57 54.49 468.830333303952
0.00181818181818182 1.43841398888923 0.278017975838763 0.346759334642428 0.98 3027.29591836735 53.1530612244898 469.505146489742
0.00181818181818182 1.44353087207712 0.302650596132759 -0.314396351156466 1 3066.14 71.01 466.365881429129
0.00181818181818182 1.41901914130952 0.328161886017554 -0.329099206309789 0.99 1974.27272727273 44.5252525252525 466.586307621065
0.00181818181818182 1.40686052794966 0.325588052336847 -0.933986701105442 0.98 2173.0306122449 61.4285714285714 484.679140511175
0.00181818181818182 1.40177257162257 0.272364361297103 -0.127348682944027 0.98 2603.41836734694 56.0510204081633 489.417296185323
0.00181818181818182 1.44245648013469 0.323725391156519 -0.492335839987706 1 2901.06 70.98 522.745236923088
0.00181818181818182 1.41242158292435 0.303042821948967 -0.439699703880867 0.99 2313.29292929293 55.9292929292929 489.938159033139
0.00181818181818182 1.44493351963581 0.330437019044249 -0.383378087095108 1 2373.57 54.49 468.830333303952
0.00181818181818182 1.40686052794966 0.325588052336847 -0.933986701105442 0.98 2173.0306122449 61.4285714285714 484.679140511175
0.00181818181818182 1.40182086393282 0.229550206660327 -0.195835091048866 0.98 3120.35714285714 72.4897959183673 430.584154934978
0.00181818181818182 1.47869049992727 0.377128054523239 -0.0455951657007132 0.99 2342.23232323232 45.7171717171717 496.490524605465
0.00181818181818182 1.34058759155465 0.192000684893669 -0.143615837498789 0.99 2690.29292929293 61.0606060606061 459.468365787705
0.00181818181818182 1.44992057841949 0.359802101189555 -0.551073898071704 0.98 2447.40816326531 58.6326530612245 493.896116443708
0.00181818181818182 1.34058759155465 0.192000684893669 -0.143615837498789 0.99 2690.29292929293 61.0606060606061 459.468365787705
0.00181818181818182 1.39064106517194 0.313015640459383 -0.244397294718917 1 1767.83 39.36 435.728417981963
0.00181818181818182 1.40911670919294 0.286534190891012 -0.381852344177343 0.98 2739.39795918367 64.6632653061225 490.957957793413
0.00181818181818182 1.38463150863105 0.252692816131992 -0.72271189695339 0.98 3042.40816326531 84.3061224489796 484.752011909148
0.00181818181818182 1.43841398888923 0.278017975838763 0.346759334642428 0.98 3027.29591836735 53.1530612244898 469.505146489742
0.00181818181818182 1.38939581679961 0.303045297105092 -0.506422079471451 0.98 2050.5 50.1020408163265 451.78508630015
0.00181818181818182 1.47769928840267 0.378096943701645 -0.0619638544190752 0.99 2180.29292929293 42.3737373737374 478.324643516365
0.00181818181818182 1.47869049992727 0.377128054523239 -0.0455951657007132 0.99 2342.23232323232 45.7171717171717 496.490524605465
0.00181818181818182 1.4880861983924 0.341461354368703 -0.126932495327833 1 3174.48 65.97 465.048356771437
0.00181818181818182 1.49817756173782 0.396233292312855 0.104154886002268 0.99 1991.88888888889 35.2828282828283 452.160033777744
0.00181818181818182 1.40686052794966 0.325588052336847 -0.933986701105442 0.98 2173.0306122449 61.4285714285714 484.679140511175
0.00181818181818182 1.47869049992727 0.377128054523239 -0.0455951657007132 0.99 2342.23232323232 45.7171717171717 496.490524605465
0.00181818181818182 1.41099418275279 0.279785061722124 -0.577749607761934 0.99 3069.73737373737 79.4343434343434 493.538278826222
0.00181818181818182 1.40182086393282 0.229550206660327 -0.195835091048866 0.98 3120.35714285714 72.4897959183673 430.584154934978
0.00181818181818182 1.39323865267618 0.295471288432447 0.131558994787492 1 1814.51 34.47 444.206134418558
0.00181818181818182 1.40911670919294 0.286534190891012 -0.381852344177343 0.98 2739.39795918367 64.6632653061225 490.957957793413
0.00181818181818182 1.43841398888923 0.278017975838763 0.346759334642428 0.98 3027.29591836735 53.1530612244898 469.505146489742
0.00181818181818182 1.46043241114735 0.311603133789602 0.00110251957786958 0.99 3337.93939393939 66.7373737373737 476.494340878499
0.00181818181818182 1.39834562689425 0.210208530227533 0.191024009816874 0.99 3247.40404040404 63.4949494949495 426.670202699843
0.00181818181818182 1.37692923889041 0.274541278202366 -0.563004135563087 0.98 2075.9387755102 52.8163265306122 453.436596208731
0.00181818181818182 1.51069698389221 0.393554359662704 0.0843638574779305 1 2184.86 38.96 487.737638733315
0.00181818181818182 1.40986977183524 0.293809189993296 -0.348375277889663 0.99 2818.52525252525 65.7373737373737 513.593352242645
0.00181818181818182 1.40986977183524 0.293809189993296 -0.348375277889663 0.99 2818.52525252525 65.7373737373737 513.593352242645
0.00181818181818182 1.4968762771051 0.399843190319749 -0.589221617794091 0.99 2107.82828282828 49.3434343434343 468.354363150097
0.00181818181818182 1.38939581679961 0.303045297105092 -0.506422079471451 0.98 2050.5 50.1020408163265 451.78508630015
0.00181818181818182 1.4633706392811 0.31440234092242 -0.403367534500654 0.99 3679.20202020202 88.0606060606061 495.126457849008
0.00181818181818182 1.37839489458129 0.190552073367871 -0.0226332624442875 0.99 3657.60606060606 80.6969696969697 444.65922068921
0.00181818181818182 1.46043241114735 0.311603133789602 0.00110251957786958 0.99 3337.93939393939 66.7373737373737 476.494340878499
0.00181818181818182 1.40182086393282 0.229550206660327 -0.195835091048866 0.98 3120.35714285714 72.4897959183673 430.584154934978
0.00181818181818182 1.44493351963581 0.330437019044249 -0.383378087095108 1 2373.57 54.49 468.830333303952
0.00181818181818182 1.38939581679961 0.303045297105092 -0.506422079471451 0.98 2050.5 50.1020408163265 451.78508630015
0.00181818181818182 1.44493351963581 0.330437019044249 -0.383378087095108 1 2373.57 54.49 468.830333303952
0.00181818181818182 1.38463150863105 0.252692816131992 -0.72271189695339 0.98 3042.40816326531 84.3061224489796 484.752011909148
0.00181818181818182 1.34304925141797 0.15623608543425 -0.0818614873105893 0.99 3688.11111111111 84.1414141414141 469.674657127618
0.00181818181818182 1.399195980004 0.206202180016183 0.390146559969668 1 3405.17 60.73 453.771897826714
0.00181818181818182 1.44750019039015 0.344505914168052 -0.86110952583038 0.99 2568.81818181818 71.5757575757576 505.998837827693
0.00181818181818182 1.41099418275279 0.279785061722124 -0.577749607761934 0.99 3069.73737373737 79.4343434343434 493.538278826222
0.00181818181818182 1.40911670919294 0.286534190891012 -0.381852344177343 0.98 2739.39795918367 64.6632653061225 490.957957793413
0.00181818181818182 1.44144105924485 0.316219544272856 -0.974450849188542 0.99 3363.83838383838 101.353535353535 493.843913229062
0.00181818181818182 1.44493351963581 0.330437019044249 -0.383378087095108 1 2373.57 54.49 468.830333303952
0.00181818181818182 1.43782646698864 0.368350919897602 -0.646522786400294 0.99 1836.35353535354 44.4444444444444 441.502363004411
0.00181818181818182 1.38939581679961 0.303045297105092 -0.506422079471451 0.98 2050.5 50.1020408163265 451.78508630015
0.00181818181818182 1.38101562107037 0.29197635744167 -0.596976807427766 0.98 1988 50.4081632653061 442.036766504461
0.00181818181818182 1.40831911374604 0.274798493003777 -0.686977706426367 1 3221 88.48 473.119701293344
0.00181818181818182 1.41099418275279 0.279785061722124 -0.577749607761934 0.99 3069.73737373737 79.4343434343434 493.538278826222
0.00181818181818182 1.44750019039015 0.344505914168052 -0.86110952583038 0.99 2568.81818181818 71.5757575757576 505.998837827693
0.00181818181818182 1.40182086393282 0.229550206660327 -0.195835091048866 0.98 3120.35714285714 72.4897959183673 430.584154934978
0.00181818181818182 1.51069698389221 0.393554359662704 0.0843638574779305 1 2184.86 38.96 487.737638733315
0.00181818181818182 1.40686052794966 0.325588052336847 -0.933986701105442 0.98 2173.0306122449 61.4285714285714 484.679140511175
0.00181818181818182 1.40182086393282 0.229550206660327 -0.195835091048866 0.98 3120.35714285714 72.4897959183673 430.584154934978
0.00181818181818182 1.44493351963581 0.330437019044249 -0.383378087095108 1 2373.57 54.49 468.830333303952
0.00181818181818182 1.40182086393282 0.229550206660327 -0.195835091048866 0.98 3120.35714285714 72.4897959183673 430.584154934978
0.00181818181818182 1.44758016643924 0.31948082659397 -0.479570228381384 0.98 3041.44897959184 75.8265306122449 456.895371773467
0.00181818181818182 1.37839489458129 0.190552073367871 -0.0226332624442875 0.99 3657.60606060606 80.6969696969697 444.65922068921
0.00181818181818182 1.47034183655146 0.309986290832402 0.307245847115404 0.98 2780.82653061224 48.0918367346939 470.885974096103
0.00181818181818182 1.41901914130952 0.328161886017554 -0.329099206309789 0.99 1974.27272727273 44.5252525252525 466.586307621065
0.00181818181818182 1.44750019039015 0.344505914168052 -0.86110952583038 0.99 2568.81818181818 71.5757575757576 505.998837827693
0.00181818181818182 1.39253939215198 0.275601445419802 -0.359509100573017 0.99 2138.40404040404 49.6767676767677 421.198606174457
0.00181818181818182 1.48896421097328 0.326191730973187 0.288360769305638 0.98 3171.72448979592 55.2755102040816 474.11394189468
0.00181818181818182 1.45448597886087 0.371621417330604 -0.218008142623311 0.99 1909.38383838384 40.2222222222222 445.092653584647
0.00181818181818182 1.47769928840267 0.378096943701645 -0.0619638544190752 0.99 2180.29292929293 42.3737373737374 478.324643516365
0.00181818181818182 1.47865508874213 0.359787308120855 0.0523446357643252 0.99 2571.70707070707 48.6969696969697 492.553178598399
0.00181818181818182 1.43841398888923 0.278017975838763 0.346759334642428 0.98 3027.29591836735 53.1530612244898 469.505146489742
0.00181818181818182 1.399195980004 0.206202180016183 0.390146559969668 1 3405.17 60.73 453.771897826714
0.00181818181818182 1.47825067372276 0.301895856243849 -0.0278964302082125 0.99 3857.08080808081 79.989898989899 451.200663915497
0.00181818181818182 1.49455940960948 0.392531386237218 -0.771631079893025 0.98 2831.07142857143 74.7142857142857 507.632868372747
0.00181818181818182 1.44493351963581 0.330437019044249 -0.383378087095108 1 2373.57 54.49 468.830333303952
0.00181818181818182 1.49180358234218 0.372766368400922 -0.26120124994116 1 2732.94 58.33 523.696439691524
0.00181818181818182 1.38463150863105 0.252692816131992 -0.72271189695339 0.98 3042.40816326531 84.3061224489796 484.752011909148
0.00181818181818182 1.40182086393282 0.229550206660327 -0.195835091048866 0.98 3120.35714285714 72.4897959183673 430.584154934978
0.00181818181818182 1.40831911374604 0.274798493003777 -0.686977706426367 1 3221 88.48 473.119701293344
0.00181818181818182 1.34058759155465 0.192000684893669 -0.143615837498789 0.99 2690.29292929293 61.0606060606061 459.468365787705
0.00181818181818182 1.40182086393282 0.229550206660327 -0.195835091048866 0.98 3120.35714285714 72.4897959183673 430.584154934978
0.00181818181818182 1.38463150863105 0.252692816131992 -0.72271189695339 0.98 3042.40816326531 84.3061224489796 484.752011909148
0.00181818181818182 1.44468714376864 0.379739666672942 -0.590558336331245 0.99 1710.83838383838 41.3131313131313 444.681902425239
0.00181818181818182 1.39253939215198 0.275601445419802 -0.359509100573017 0.99 2138.40404040404 49.6767676767677 421.198606174457
0.00181818181818182 1.38463150863105 0.252692816131992 -0.72271189695339 0.98 3042.40816326531 84.3061224489796 484.752011909148
0.00181818181818182 1.44493351963581 0.330437019044249 -0.383378087095108 1 2373.57 54.49 468.830333303952
0.00181818181818182 1.44493351963581 0.330437019044249 -0.383378087095108 1 2373.57 54.49 468.830333303952
0.00181818181818182 1.38463150863105 0.252692816131992 -0.72271189695339 0.98 3042.40816326531 84.3061224489796 484.752011909148
0.00181818181818182 1.38939581679961 0.303045297105092 -0.506422079471451 0.98 2050.5 50.1020408163265 451.78508630015
0.00181818181818182 1.34058759155465 0.192000684893669 -0.143615837498789 0.99 2690.29292929293 61.0606060606061 459.468365787705
0.00181818181818182 1.41901914130952 0.328161886017554 -0.329099206309789 0.99 1974.27272727273 44.5252525252525 466.586307621065
0.00181818181818182 1.40182086393282 0.229550206660327 -0.195835091048866 0.98 3120.35714285714 72.4897959183673 430.584154934978
0.00181818181818182 1.44493351963581 0.330437019044249 -0.383378087095108 1 2373.57 54.49 468.830333303952
0.00181818181818182 1.34304925141797 0.15623608543425 -0.0818614873105893 0.99 3688.11111111111 84.1414141414141 469.674657127618
0.00181818181818182 1.44493351963581 0.330437019044249 -0.383378087095108 1 2373.57 54.49 468.830333303952
0.00181818181818182 1.38463150863105 0.252692816131992 -0.72271189695339 0.98 3042.40816326531 84.3061224489796 484.752011909148
0.00181818181818182 1.40911670919294 0.286534190891012 -0.381852344177343 0.98 2739.39795918367 64.6632653061225 490.957957793413
0.00181818181818182 1.44493351963581 0.330437019044249 -0.383378087095108 1 2373.57 54.49 468.830333303952
0.00181818181818182 1.38463150863105 0.252692816131992 -0.72271189695339 0.98 3042.40816326531 84.3061224489796 484.752011909148
0.00181818181818182 1.39253939215198 0.275601445419802 -0.359509100573017 0.99 2138.40404040404 49.6767676767677 421.198606174457
0.00181818181818182 1.37839489458129 0.190552073367871 -0.0226332624442875 0.99 3657.60606060606 80.6969696969697 444.65922068921
0.00181818181818182 1.44493351963581 0.330437019044249 -0.383378087095108 1 2373.57 54.49 468.830333303952
0.00181818181818182 1.40686052794966 0.325588052336847 -0.933986701105442 0.98 2173.0306122449 61.4285714285714 484.679140511175
0.00181818181818182 1.34058759155465 0.192000684893669 -0.143615837498789 0.99 2690.29292929293 61.0606060606061 459.468365787705
0.00181818181818182 1.399195980004 0.206202180016183 0.390146559969668 1 3405.17 60.73 453.771897826714
0.00181818181818182 1.4633706392811 0.31440234092242 -0.403367534500654 0.99 3679.20202020202 88.0606060606061 495.126457849008
0.00181818181818182 1.4563794254563 0.3420233516351 0.307933374495697 0.99 2178.93939393939 36.4848484848485 462.129456174528
0.00181818181818182 1.44493351963581 0.330437019044249 -0.383378087095108 1 2373.57 54.49 468.830333303952
0.00181818181818182 1.44493351963581 0.330437019044249 -0.383378087095108 1 2373.57 54.49 468.830333303952
0.00181818181818182 1.44493351963581 0.330437019044249 -0.383378087095108 1 2373.57 54.49 468.830333303952
0.00181818181818182 1.47034183655146 0.309986290832402 0.307245847115404 0.98 2780.82653061224 48.0918367346939 470.885974096103
0.00181818181818182 1.47869049992727 0.377128054523239 -0.0455951657007132 0.99 2342.23232323232 45.7171717171717 496.490524605465
0.00181818181818182 1.44493351963581 0.330437019044249 -0.383378087095108 1 2373.57 54.49 468.830333303952
0.00181818181818182 1.44493351963581 0.330437019044249 -0.383378087095108 1 2373.57 54.49 468.830333303952
0.00181818181818182 1.49817756173782 0.396233292312855 0.104154886002268 0.99 1991.88888888889 35.2828282828283 452.160033777744
0.00181818181818182 1.34058759155465 0.192000684893669 -0.143615837498789 0.99 2690.29292929293 61.0606060606061 459.468365787705
0.00181818181818182 1.40911670919294 0.286534190891012 -0.381852344177343 0.98 2739.39795918367 64.6632653061225 490.957957793413
0.00181818181818182 1.44493351963581 0.330437019044249 -0.383378087095108 1 2373.57 54.49 468.830333303952
0.00181818181818182 1.43841398888923 0.278017975838763 0.346759334642428 0.98 3027.29591836735 53.1530612244898 469.505146489742
0.00181818181818182 1.40182086393282 0.229550206660327 -0.195835091048866 0.98 3120.35714285714 72.4897959183673 430.584154934978
0.00181818181818182 1.40182086393282 0.229550206660327 -0.195835091048866 0.98 3120.35714285714 72.4897959183673 430.584154934978
0.00181818181818182 1.45889328778956 0.329870363053689 -0.136185883034302 0.98 2915.82653061224 61.4285714285714 487.732895608501
0.00181818181818182 1.47825067372276 0.301895856243849 -0.0278964302082125 0.99 3857.08080808081 79.989898989899 451.200663915497
0.00181818181818182 1.399195980004 0.206202180016183 0.390146559969668 1 3405.17 60.73 453.771897826714
0.00181818181818182 1.43841398888923 0.278017975838763 0.346759334642428 0.98 3027.29591836735 53.1530612244898 469.505146489742
0.00181818181818182 1.44493351963581 0.330437019044249 -0.383378087095108 1 2373.57 54.49 468.830333303952
0.00181818181818182 1.49180358234218 0.372766368400922 -0.26120124994116 1 2732.94 58.33 523.696439691524
0.00181818181818182 1.48896421097328 0.326191730973187 0.288360769305638 0.98 3171.72448979592 55.2755102040816 474.11394189468
0.00181818181818182 1.39584985444781 0.282291406831419 -0.87043216833901 0.98 2507.07142857143 72.9183673469388 457.931021863474
0.00181818181818182 1.40911670919294 0.286534190891012 -0.381852344177343 0.98 2739.39795918367 64.6632653061225 490.957957793413
0.00181818181818182 1.44493351963581 0.330437019044249 -0.383378087095108 1 2373.57 54.49 468.830333303952
0.00181818181818182 1.43841398888923 0.278017975838763 0.346759334642428 0.98 3027.29591836735 53.1530612244898 469.505146489742
0.00181818181818182 1.40182086393282 0.229550206660327 -0.195835091048866 0.98 3120.35714285714 72.4897959183673 430.584154934978
0.00181818181818182 1.44493351963581 0.330437019044249 -0.383378087095108 1 2373.57 54.49 468.830333303952
0.00181818181818182 1.40911670919294 0.286534190891012 -0.381852344177343 0.98 2739.39795918367 64.6632653061225 490.957957793413
0.00181818181818182 1.39064106517194 0.313015640459383 -0.244397294718917 1 1767.83 39.36 435.728417981963
0.00181818181818182 1.38939581679961 0.303045297105092 -0.506422079471451 0.98 2050.5 50.1020408163265 451.78508630015
0.00181818181818182 1.38463150863105 0.252692816131992 -0.72271189695339 0.98 3042.40816326531 84.3061224489796 484.752011909148
0.00181818181818182 1.44493351963581 0.330437019044249 -0.383378087095108 1 2373.57 54.49 468.830333303952
0.00181818181818182 1.42069638063414 0.287075002338058 -0.109542213492792 0.99 2515.90909090909 53.8888888888889 502.139561932513
0.00181818181818182 1.34058759155465 0.192000684893669 -0.143615837498789 0.99 2690.29292929293 61.0606060606061 459.468365787705
0.00181818181818182 1.44493351963581 0.330437019044249 -0.383378087095108 1 2373.57 54.49 468.830333303952
0.00181818181818182 1.40831911374604 0.274798493003777 -0.686977706426367 1 3221 88.48 473.119701293344
0.00181818181818182 1.44493351963581 0.330437019044249 -0.383378087095108 1 2373.57 54.49 468.830333303952
0.00181818181818182 1.43841398888923 0.278017975838763 0.346759334642428 0.98 3027.29591836735 53.1530612244898 469.505146489742
0.00181818181818182 1.43841398888923 0.278017975838763 0.346759334642428 0.98 3027.29591836735 53.1530612244898 469.505146489742
0.00181818181818182 1.43841398888923 0.278017975838763 0.346759334642428 0.98 3027.29591836735 53.1530612244898 469.505146489742
0.00181818181818182 1.399195980004 0.206202180016183 0.390146559969668 1 3405.17 60.73 453.771897826714
0.00181818181818182 1.43841398888923 0.278017975838763 0.346759334642428 0.98 3027.29591836735 53.1530612244898 469.505146489742
0.00181818181818182 1.44493351963581 0.330437019044249 -0.383378087095108 1 2373.57 54.49 468.830333303952
0.00181818181818182 1.37839489458129 0.190552073367871 -0.0226332624442875 0.99 3657.60606060606 80.6969696969697 444.65922068921
0.00181818181818182 1.44493351963581 0.330437019044249 -0.383378087095108 1 2373.57 54.49 468.830333303952
0.00181818181818182 1.40986977183524 0.293809189993296 -0.348375277889663 0.99 2818.52525252525 65.7373737373737 513.593352242645
0.00181818181818182 1.43841398888923 0.278017975838763 0.346759334642428 0.98 3027.29591836735 53.1530612244898 469.505146489742
0.00181818181818182 1.3815905031002 0.216866139648043 0.00485917937248248 0.98 2960.80612244898 62.1632653061224 465.589450907872
0.00181818181818182 1.44750019039015 0.344505914168052 -0.86110952583038 0.99 2568.81818181818 71.5757575757576 505.998837827693
0.00181818181818182 1.47034183655146 0.309986290832402 0.307245847115404 0.98 2780.82653061224 48.0918367346939 470.885974096103
0.00181818181818182 1.46528039864532 0.275290016204904 0.808547697035633 0.99 3483.36363636364 49.7474747474747 460.716128723808
0.00181818181818182 1.399195980004 0.206202180016183 0.390146559969668 1 3405.17 60.73 453.771897826714
0.00181818181818182 1.41901914130952 0.328161886017554 -0.329099206309789 0.99 1974.27272727273 44.5252525252525 466.586307621065
0.00181818181818182 1.42621851574821 0.320439464371937 -0.307022706007453 0.98 2457.25510204082 56.5918367346939 495.772159525664
0.00181818181818182 1.41901914130952 0.328161886017554 -0.329099206309789 0.99 1974.27272727273 44.5252525252525 466.586307621065
0.00181818181818182 1.42777998180174 0.321346180753854 0.144149137778431 1 2044.7 36.53 434.122006157018
0.00181818181818182 1.39253939215198 0.275601445419802 -0.359509100573017 0.99 2138.40404040404 49.6767676767677 421.198606174457
0.00181818181818182 1.47869049992727 0.377128054523239 -0.0455951657007132 0.99 2342.23232323232 45.7171717171717 496.490524605465
0.00181818181818182 1.45651814338587 0.393061131868007 -0.703752083161379 1 1734.13 41.76 452.445933940084
0.00181818181818182 1.40182086393282 0.229550206660327 -0.195835091048866 0.98 3120.35714285714 72.4897959183673 430.584154934978
0.00181818181818182 1.40182086393282 0.229550206660327 -0.195835091048866 0.98 3120.35714285714 72.4897959183673 430.584154934978
0.00181818181818182 1.37839489458129 0.190552073367871 -0.0226332624442875 0.99 3657.60606060606 80.6969696969697 444.65922068921
0.00181818181818182 1.39323865267618 0.295471288432447 0.131558994787492 1 1814.51 34.47 444.206134418558
0.00181818181818182 1.44493351963581 0.330437019044249 -0.383378087095108 1 2373.57 54.49 468.830333303952
0.00181818181818182 1.48274009716873 0.375125297786264 0.13033586850145 0.99 2064.59595959596 37.4141414141414 475.643881179258
0.00181818181818182 1.40690429607314 0.294973972011816 -0.395297552379419 1 2515.61 59.76 457.287685734399
0.00181818181818182 1.47644657717187 0.338683268396003 0.241806025746023 1 2901.34 50.24 491.88591785174
0.00181818181818182 1.34058759155465 0.192000684893669 -0.143615837498789 0.99 2690.29292929293 61.0606060606061 459.468365787705
0.00181818181818182 1.40986977183524 0.293809189993296 -0.348375277889663 0.99 2818.52525252525 65.7373737373737 513.593352242645
0.00181818181818182 1.40758885108256 0.305466642176065 -0.414220161708539 0.99 2043.75757575758 47.1313131313131 430.498654380388
0.00181818181818182 1.44245648013469 0.323725391156519 -0.492335839987706 1 2901.06 70.98 522.745236923088
0.00181818181818182 1.47769928840267 0.378096943701645 -0.0619638544190752 0.99 2180.29292929293 42.3737373737374 478.324643516365
0.00181818181818182 1.39834562689425 0.210208530227533 0.191024009816874 0.99 3247.40404040404 63.4949494949495 426.670202699843
0.00181818181818182 1.41099418275279 0.279785061722124 -0.577749607761934 0.99 3069.73737373737 79.4343434343434 493.538278826222
0.00181818181818182 1.45448597886087 0.371621417330604 -0.218008142623311 0.99 1909.38383838384 40.2222222222222 445.092653584647
0.00181818181818182 1.44493351963581 0.330437019044249 -0.383378087095108 1 2373.57 54.49 468.830333303952
0.00181818181818182 1.39834562689425 0.210208530227533 0.191024009816874 0.99 3247.40404040404 63.4949494949495 426.670202699843
0.00181818181818182 1.40182086393282 0.229550206660327 -0.195835091048866 0.98 3120.35714285714 72.4897959183673 430.584154934978
0.00181818181818182 1.43841398888923 0.278017975838763 0.346759334642428 0.98 3027.29591836735 53.1530612244898 469.505146489742
0.00181818181818182 1.39834562689425 0.210208530227533 0.191024009816874 0.99 3247.40404040404 63.4949494949495 426.670202699843
0.00181818181818182 1.44493351963581 0.330437019044249 -0.383378087095108 1 2373.57 54.49 468.830333303952
0.00181818181818182 1.45889328778956 0.329870363053689 -0.136185883034302 0.98 2915.82653061224 61.4285714285714 487.732895608501
0.00181818181818182 1.49817756173782 0.396233292312855 0.104154886002268 0.99 1991.88888888889 35.2828282828283 452.160033777744
0.00181818181818182 1.41099418275279 0.279785061722124 -0.577749607761934 0.99 3069.73737373737 79.4343434343434 493.538278826222
0.00181818181818182 1.44493351963581 0.330437019044249 -0.383378087095108 1 2373.57 54.49 468.830333303952
0.00181818181818182 1.44750019039015 0.344505914168052 -0.86110952583038 0.99 2568.81818181818 71.5757575757576 505.998837827693
0.00181818181818182 1.47869049992727 0.377128054523239 -0.0455951657007132 0.99 2342.23232323232 45.7171717171717 496.490524605465
0.00181818181818182 1.47869049992727 0.377128054523239 -0.0455951657007132 0.99 2342.23232323232 45.7171717171717 496.490524605465
0.00181818181818182 1.40182086393282 0.229550206660327 -0.195835091048866 0.98 3120.35714285714 72.4897959183673 430.584154934978
0.00181818181818182 1.38463150863105 0.252692816131992 -0.72271189695339 0.98 3042.40816326531 84.3061224489796 484.752011909148
0.00181818181818182 1.32366037629897 0.211776377280301 -0.637284631830777 0.98 2321.36734693878 63.8775510204082 446.973908746568
0.00181818181818182 1.39834562689425 0.210208530227533 0.191024009816874 0.99 3247.40404040404 63.4949494949495 426.670202699843
0.00181818181818182 1.44468714376864 0.379739666672942 -0.590558336331245 0.99 1710.83838383838 41.3131313131313 444.681902425239
0.00181818181818182 1.44493351963581 0.330437019044249 -0.383378087095108 1 2373.57 54.49 468.830333303952
0.00181818181818182 1.34058759155465 0.192000684893669 -0.143615837498789 0.99 2690.29292929293 61.0606060606061 459.468365787705
0.00181818181818182 1.43841398888923 0.278017975838763 0.346759334642428 0.98 3027.29591836735 53.1530612244898 469.505146489742
0.00181818181818182 1.4563794254563 0.3420233516351 0.307933374495697 0.99 2178.93939393939 36.4848484848485 462.129456174528
0.00181818181818182 1.40686052794966 0.325588052336847 -0.933986701105442 0.98 2173.0306122449 61.4285714285714 484.679140511175
0.00181818181818182 1.44493351963581 0.330437019044249 -0.383378087095108 1 2373.57 54.49 468.830333303952
0.00181818181818182 1.48896421097328 0.326191730973187 0.288360769305638 0.98 3171.72448979592 55.2755102040816 474.11394189468
0.00181818181818182 1.40831911374604 0.274798493003777 -0.686977706426367 1 3221 88.48 473.119701293344
0.00181818181818182 1.47034183655146 0.309986290832402 0.307245847115404 0.98 2780.82653061224 48.0918367346939 470.885974096103
0.00181818181818182 1.43841398888923 0.278017975838763 0.346759334642428 0.98 3027.29591836735 53.1530612244898 469.505146489742
0.00181818181818182 1.37835919089946 0.219877200699758 -0.760215920392349 1 3617.26 107.61 467.350911789988
0.00181818181818182 1.45448597886087 0.371621417330604 -0.218008142623311 0.99 1909.38383838384 40.2222222222222 445.092653584647
0.00181818181818182 1.47717955031225 0.355941011699995 -0.681236137868402 0.99 3161.54545454545 84.0707070707071 519.062584740189
0.00181818181818182 1.48896421097328 0.326191730973187 0.288360769305638 0.98 3171.72448979592 55.2755102040816 474.11394189468
0.00181818181818182 1.4968762771051 0.399843190319749 -0.589221617794091 0.99 2107.82828282828 49.3434343434343 468.354363150097
0.00181818181818182 1.46031102442691 0.27440155681449 0.555185209849811 0.99 3655.62626262626 59.5555555555556 483.595786322999
0.00181818181818182 1.34058759155465 0.192000684893669 -0.143615837498789 0.99 2690.29292929293 61.0606060606061 459.468365787705
0.00181818181818182 1.43841398888923 0.278017975838763 0.346759334642428 0.98 3027.29591836735 53.1530612244898 469.505146489742
0.00181818181818182 1.38939581679961 0.303045297105092 -0.506422079471451 0.98 2050.5 50.1020408163265 451.78508630015
0.00181818181818182 1.44493351963581 0.330437019044249 -0.383378087095108 1 2373.57 54.49 468.830333303952
0.00181818181818182 1.44468714376864 0.379739666672942 -0.590558336331245 0.99 1710.83838383838 41.3131313131313 444.681902425239
0.00181818181818182 1.40182086393282 0.229550206660327 -0.195835091048866 0.98 3120.35714285714 72.4897959183673 430.584154934978
0.00181818181818182 1.48896421097328 0.326191730973187 0.288360769305638 0.98 3171.72448979592 55.2755102040816 474.11394189468
0.00181818181818182 1.45074571524929 0.335870493394932 -0.756354580725979 0.99 3099.47474747475 84.9393939393939 514.845379240071
0.00181818181818182 1.41901914130952 0.328161886017554 -0.329099206309789 0.99 1974.27272727273 44.5252525252525 466.586307621065
0.00181818181818182 1.38463150863105 0.252692816131992 -0.72271189695339 0.98 3042.40816326531 84.3061224489796 484.752011909148
0.00181818181818182 1.39584985444781 0.282291406831419 -0.87043216833901 0.98 2507.07142857143 72.9183673469388 457.931021863474
0.00181818181818182 1.37839489458129 0.190552073367871 -0.0226332624442875 0.99 3657.60606060606 80.6969696969697 444.65922068921
0.00181818181818182 1.41021738665142 0.316934369895554 -0.334240128871533 0.98 2098.5612244898 47.5612244897959 469.607403605912
0.00181818181818182 1.36965736050413 0.312118583430339 -0.977695082634619 0.99 1681.38383838384 48.3131313131313 449.386187142476
0.00181818181818182 1.47644657717187 0.338683268396003 0.241806025746023 1 2901.34 50.24 491.88591785174
0.00181818181818182 1.43841398888923 0.278017975838763 0.346759334642428 0.98 3027.29591836735 53.1530612244898 469.505146489742
0.00181818181818182 1.47769928840267 0.378096943701645 -0.0619638544190752 0.99 2180.29292929293 42.3737373737374 478.324643516365
0.00181818181818182 1.39064106517194 0.313015640459383 -0.244397294718917 1 1767.83 39.36 435.728417981963
0.00181818181818182 1.44468714376864 0.379739666672942 -0.590558336331245 0.99 1710.83838383838 41.3131313131313 444.681902425239
0.00181818181818182 1.40911670919294 0.286534190891012 -0.381852344177343 0.98 2739.39795918367 64.6632653061225 490.957957793413
0.00181818181818182 1.38463150863105 0.252692816131992 -0.72271189695339 0.98 3042.40816326531 84.3061224489796 484.752011909148
0.00181818181818182 1.43841398888923 0.278017975838763 0.346759334642428 0.98 3027.29591836735 53.1530612244898 469.505146489742
0.00181818181818182 1.49180358234218 0.372766368400922 -0.26120124994116 1 2732.94 58.33 523.696439691524
0.00181818181818182 1.47869049992727 0.377128054523239 -0.0455951657007132 0.99 2342.23232323232 45.7171717171717 496.490524605465
0.00181818181818182 1.34058759155465 0.192000684893669 -0.143615837498789 0.99 2690.29292929293 61.0606060606061 459.468365787705
0.00181818181818182 1.44493351963581 0.330437019044249 -0.383378087095108 1 2373.57 54.49 468.830333303952
0.00181818181818182 1.4563794254563 0.3420233516351 0.307933374495697 0.99 2178.93939393939 36.4848484848485 462.129456174528
0.00181818181818182 1.38463150863105 0.252692816131992 -0.72271189695339 0.98 3042.40816326531 84.3061224489796 484.752011909148
0.00181818181818182 1.41242158292435 0.303042821948967 -0.439699703880867 0.99 2313.29292929293 55.9292929292929 489.938159033139
0.00181818181818182 1.47769928840267 0.378096943701645 -0.0619638544190752 0.99 2180.29292929293 42.3737373737374 478.324643516365
0.00181818181818182 1.4968762771051 0.399843190319749 -0.589221617794091 0.99 2107.82828282828 49.3434343434343 468.354363150097
0.00181818181818182 1.40986977183524 0.293809189993296 -0.348375277889663 0.99 2818.52525252525 65.7373737373737 513.593352242645
0.00181818181818182 1.44992057841949 0.359802101189555 -0.551073898071704 0.98 2447.40816326531 58.6326530612245 493.896116443708
0.00181818181818182 1.37839489458129 0.190552073367871 -0.0226332624442875 0.99 3657.60606060606 80.6969696969697 444.65922068921
0.00181818181818182 1.37835919089946 0.219877200699758 -0.760215920392349 1 3617.26 107.61 467.350911789988
0.00181818181818182 1.40911670919294 0.286534190891012 -0.381852344177343 0.98 2739.39795918367 64.6632653061225 490.957957793413
0.00181818181818182 1.40986977183524 0.293809189993296 -0.348375277889663 0.99 2818.52525252525 65.7373737373737 513.593352242645
0.00181818181818182 1.48730683338804 0.386607056836173 -0.701642855544991 1 2669.91 68.23 527.527397810851
0.00181818181818182 1.45981675838484 0.335206486217503 -0.102997749482817 1 2483.07 51.52 492.809747869154
0.00181818181818182 1.43841398888923 0.278017975838763 0.346759334642428 0.98 3027.29591836735 53.1530612244898 469.505146489742
0.00181818181818182 1.45448597886087 0.371621417330604 -0.218008142623311 0.99 1909.38383838384 40.2222222222222 445.092653584647
0.00181818181818182 1.47769928840267 0.378096943701645 -0.0619638544190752 0.99 2180.29292929293 42.3737373737374 478.324643516365
0.00181818181818182 1.45448597886087 0.371621417330604 -0.218008142623311 0.99 1909.38383838384 40.2222222222222 445.092653584647
0.00181818181818182 1.48730683338804 0.386607056836173 -0.701642855544991 1 2669.91 68.23 527.527397810851
0.00181818181818182 1.44493351963581 0.330437019044249 -0.383378087095108 1 2373.57 54.49 468.830333303952
0.00181818181818182 1.40831911374604 0.274798493003777 -0.686977706426367 1 3221 88.48 473.119701293344
0.00181818181818182 1.40911670919294 0.286534190891012 -0.381852344177343 0.98 2739.39795918367 64.6632653061225 490.957957793413
0.00181818181818182 1.45889328778956 0.329870363053689 -0.136185883034302 0.98 2915.82653061224 61.4285714285714 487.732895608501
0.00181818181818182 1.399195980004 0.206202180016183 0.390146559969668 1 3405.17 60.73 453.771897826714
0.00181818181818182 1.40911670919294 0.286534190891012 -0.381852344177343 0.98 2739.39795918367 64.6632653061225 490.957957793413
0.00181818181818182 1.44493351963581 0.330437019044249 -0.383378087095108 1 2373.57 54.49 468.830333303952
0.00181818181818182 1.39834562689425 0.210208530227533 0.191024009816874 0.99 3247.40404040404 63.4949494949495 426.670202699843
0.00181818181818182 1.34058759155465 0.192000684893669 -0.143615837498789 0.99 2690.29292929293 61.0606060606061 459.468365787705
0.00181818181818182 1.40182086393282 0.229550206660327 -0.195835091048866 0.98 3120.35714285714 72.4897959183673 430.584154934978
0.00181818181818182 1.399195980004 0.206202180016183 0.390146559969668 1 3405.17 60.73 453.771897826714
0.00181818181818182 1.44493351963581 0.330437019044249 -0.383378087095108 1 2373.57 54.49 468.830333303952
0.00181818181818182 1.47034183655146 0.309986290832402 0.307245847115404 0.98 2780.82653061224 48.0918367346939 470.885974096103
0.00181818181818182 1.44493351963581 0.330437019044249 -0.383378087095108 1 2373.57 54.49 468.830333303952
0.00181818181818182 1.42777998180174 0.321346180753854 0.144149137778431 1 2044.7 36.53 434.122006157018
0.00181818181818182 1.47505888488913 0.395424522014636 -0.820335950473851 1 2243.66 58.65 513.312924213387
0.00181818181818182 1.44493351963581 0.330437019044249 -0.383378087095108 1 2373.57 54.49 468.830333303952
0.00181818181818182 1.40986977183524 0.293809189993296 -0.348375277889663 0.99 2818.52525252525 65.7373737373737 513.593352242645
0.00181818181818182 1.45889328778956 0.329870363053689 -0.136185883034302 0.98 2915.82653061224 61.4285714285714 487.732895608501
0.00181818181818182 1.41901914130952 0.328161886017554 -0.329099206309789 0.99 1974.27272727273 44.5252525252525 466.586307621065
0.00181818181818182 1.45647800978798 0.346355117457569 -0.0158126872995227 0.99 2551.45454545455 50.2424242424242 489.296109235945
0.00181818181818182 1.40182086393282 0.229550206660327 -0.195835091048866 0.98 3120.35714285714 72.4897959183673 430.584154934978
0.00181818181818182 1.44493351963581 0.330437019044249 -0.383378087095108 1 2373.57 54.49 468.830333303952
0.00181818181818182 1.46262595022796 0.345110268956275 -0.178642097660838 0.99 2747.75757575758 58.0606060606061 518.778281482987
0.00181818181818182 1.44493351963581 0.330437019044249 -0.383378087095108 1 2373.57 54.49 468.830333303952
0.00181818181818182 1.44468714376864 0.379739666672942 -0.590558336331245 0.99 1710.83838383838 41.3131313131313 444.681902425239
0.00181818181818182 1.47034183655146 0.309986290832402 0.307245847115404 0.98 2780.82653061224 48.0918367346939 470.885974096103
0.00181818181818182 1.40831911374604 0.274798493003777 -0.686977706426367 1 3221 88.48 473.119701293344
0.00181818181818182 1.47034183655146 0.309986290832402 0.307245847115404 0.98 2780.82653061224 48.0918367346939 470.885974096103
0.00181818181818182 1.44493351963581 0.330437019044249 -0.383378087095108 1 2373.57 54.49 468.830333303952
0.00181818181818182 1.37839489458129 0.190552073367871 -0.0226332624442875 0.99 3657.60606060606 80.6969696969697 444.65922068921
0.00181818181818182 1.44493351963581 0.330437019044249 -0.383378087095108 1 2373.57 54.49 468.830333303952
0.00181818181818182 1.51069698389221 0.393554359662704 0.0843638574779305 1 2184.86 38.96 487.737638733315
0.00181818181818182 1.47644657717187 0.338683268396003 0.241806025746023 1 2901.34 50.24 491.88591785174
0.00181818181818182 1.37839489458129 0.190552073367871 -0.0226332624442875 0.99 3657.60606060606 80.6969696969697 444.65922068921
0.00181818181818182 1.40686052794966 0.325588052336847 -0.933986701105442 0.98 2173.0306122449 61.4285714285714 484.679140511175
0.00181818181818182 1.48274009716873 0.375125297786264 0.13033586850145 0.99 2064.59595959596 37.4141414141414 475.643881179258
0.00181818181818182 1.47034183655146 0.309986290832402 0.307245847115404 0.98 2780.82653061224 48.0918367346939 470.885974096103
0.00181818181818182 1.38939581679961 0.303045297105092 -0.506422079471451 0.98 2050.5 50.1020408163265 451.78508630015
0.00181818181818182 1.38311423978407 0.259200740917841 -0.118532509785403 0.98 2347.58163265306 48.9489795918367 481.963116840915
0.00181818181818182 1.40686052794966 0.325588052336847 -0.933986701105442 0.98 2173.0306122449 61.4285714285714 484.679140511175
0.00181818181818182 1.47441778771932 0.370576277824871 -0.767741597565591 0.98 2743.35714285714 73.530612244898 506.037468351816
0.00181818181818182 1.40686052794966 0.325588052336847 -0.933986701105442 0.98 2173.0306122449 61.4285714285714 484.679140511175
0.00181818181818182 1.42777998180174 0.321346180753854 0.144149137778431 1 2044.7 36.53 434.122006157018
0.00181818181818182 1.44750019039015 0.344505914168052 -0.86110952583038 0.99 2568.81818181818 71.5757575757576 505.998837827693
0.00181818181818182 1.38939581679961 0.303045297105092 -0.506422079471451 0.98 2050.5 50.1020408163265 451.78508630015
0.00181818181818182 1.44493351963581 0.330437019044249 -0.383378087095108 1 2373.57 54.49 468.830333303952
0.00181818181818182 1.51069698389221 0.393554359662704 0.0843638574779305 1 2184.86 38.96 487.737638733315
0.00181818181818182 1.40686052794966 0.325588052336847 -0.933986701105442 0.98 2173.0306122449 61.4285714285714 484.679140511175
0.00181818181818182 1.4563794254563 0.3420233516351 0.307933374495697 0.99 2178.93939393939 36.4848484848485 462.129456174528
0.00181818181818182 1.40686052794966 0.325588052336847 -0.933986701105442 0.98 2173.0306122449 61.4285714285714 484.679140511175
0.00181818181818182 1.49204455194469 0.388715895034243 -0.434970102108517 0.98 2486.47959183673 57.1836734693878 469.25057573903
0.00181818181818182 1.41763417595911 0.288636586520806 -0.307798556753599 1 2470.61 57.04 451.703846061639
0.00181818181818182 1.38463150863105 0.252692816131992 -0.72271189695339 0.98 3042.40816326531 84.3061224489796 484.752011909148
0.00181818181818182 1.39834562689425 0.210208530227533 0.191024009816874 0.99 3247.40404040404 63.4949494949495 426.670202699843
0.00181818181818182 1.47034183655146 0.309986290832402 0.307245847115404 0.98 2780.82653061224 48.0918367346939 470.885974096103
0.00181818181818182 1.43841398888923 0.278017975838763 0.346759334642428 0.98 3027.29591836735 53.1530612244898 469.505146489742
0.00181818181818182 1.47034183655146 0.309986290832402 0.307245847115404 0.98 2780.82653061224 48.0918367346939 470.885974096103
0.00181818181818182 1.40182086393282 0.229550206660327 -0.195835091048866 0.98 3120.35714285714 72.4897959183673 430.584154934978
0.00181818181818182 1.40911670919294 0.286534190891012 -0.381852344177343 0.98 2739.39795918367 64.6632653061225 490.957957793413
0.00181818181818182 1.40686052794966 0.325588052336847 -0.933986701105442 0.98 2173.0306122449 61.4285714285714 484.679140511175
0.00181818181818182 1.40986977183524 0.293809189993296 -0.348375277889663 0.99 2818.52525252525 65.7373737373737 513.593352242645
0.00181818181818182 1.44493351963581 0.330437019044249 -0.383378087095108 1 2373.57 54.49 468.830333303952
0.00181818181818182 1.40831911374604 0.274798493003777 -0.686977706426367 1 3221 88.48 473.119701293344
0.00181818181818182 1.38463150863105 0.252692816131992 -0.72271189695339 0.98 3042.40816326531 84.3061224489796 484.752011909148
0.00181818181818182 1.47825067372276 0.301895856243849 -0.0278964302082125 0.99 3857.08080808081 79.989898989899 451.200663915497
0.00181818181818182 1.40182086393282 0.229550206660327 -0.195835091048866 0.98 3120.35714285714 72.4897959183673 430.584154934978
0.00181818181818182 1.43841398888923 0.278017975838763 0.346759334642428 0.98 3027.29591836735 53.1530612244898 469.505146489742
0.00181818181818182 1.40831911374604 0.274798493003777 -0.686977706426367 1 3221 88.48 473.119701293344
0.00181818181818182 1.4563794254563 0.3420233516351 0.307933374495697 0.99 2178.93939393939 36.4848484848485 462.129456174528
0.00181818181818182 1.41099418275279 0.279785061722124 -0.577749607761934 0.99 3069.73737373737 79.4343434343434 493.538278826222
0.00181818181818182 1.47869049992727 0.377128054523239 -0.0455951657007132 0.99 2342.23232323232 45.7171717171717 496.490524605465
0.00181818181818182 1.448676052487 0.285911371241423 0.0618210451517692 0.99 3181.79797979798 63.1313131313131 486.109394210338
0.00181818181818182 1.41901914130952 0.328161886017554 -0.329099206309789 0.99 1974.27272727273 44.5252525252525 466.586307621065
0.00181818181818182 1.46043241114735 0.311603133789602 0.00110251957786958 0.99 3337.93939393939 66.7373737373737 476.494340878499
0.00181818181818182 1.40686052794966 0.325588052336847 -0.933986701105442 0.98 2173.0306122449 61.4285714285714 484.679140511175
0.00181818181818182 1.37835919089946 0.219877200699758 -0.760215920392349 1 3617.26 107.61 467.350911789988
0.00181818181818182 1.43620467231213 0.281012317234644 -0.592499239238159 0.99 3791.75757575758 100.030303030303 449.23004333715
0.00181818181818182 1.43802468461533 0.305691404042886 -0.370547252576625 0.99 2904.58585858586 68.7373737373737 479.302303802264
0.00181818181818182 1.38820712170532 0.222358690192164 -0.23569639552666 0.98 3246.0612244898 75.6632653061225 451.438475271174
0.00181818181818182 1.38939581679961 0.303045297105092 -0.506422079471451 0.98 2050.5 50.1020408163265 451.78508630015
0.00181818181818182 1.34058759155465 0.192000684893669 -0.143615837498789 0.99 2690.29292929293 61.0606060606061 459.468365787705
0.00181818181818182 1.40686052794966 0.325588052336847 -0.933986701105442 0.98 2173.0306122449 61.4285714285714 484.679140511175
