0.00181818181818182 1.40686052794966 0.325588052336847 -0.933986701105442 0.98 2173.0306122449 61.4285714285714 484.679140511175
0.00181818181818182 1.55986637625921 0.375243568651214 0.184678187171533 1 4312.53 75.93 478.054210954167
0.00181818181818182 1.50848130459635 0.367195312031261 -0.0253701733963136 0.99 2936.93939393939 58 530.859430464231
0.00181818181818182 1.44493351963581 0.330437019044249 -0.383378087095108 1 2373.57 54.49 468.830333303952
0.00181818181818182 1.43841398888923 0.278017975838763 0.346759334642428 0.98 3027.29591836735 53.1530612244898 469.505146489742
0.00181818181818182 1.40490487264115 0.310010248911746 -0.124381310491157 0.99 1635.79797979798 32.959595959596 428.360380997987
0.00181818181818182 1.48778473600209 0.366477662391858 -0.228832938085042 0.98 3029.90816326531 65.1530612244898 511.136936056533
0.00181818181818182 1.34926886523112 0.238498125993486 0.0992924754895599 0.98 1741.24489795918 34.5102040816327 419.432542818988
0.00181818181818182 1.48274009716873 0.375125297786264 0.13033586850145 0.99 2064.59595959596 37.4141414141414 475.643881179258
0.00181818181818182 1.38939581679961 0.303045297105092 -0.506422079471451 0.98 2050.5 50.1020408163265 451.78508630015
0.00181818181818182 1.44493351963581 0.330437019044249 -0.383378087095108 1 2373.57 54.49 468.830333303952
0.00181818181818182 1.4678448665551 0.327099144182659 0.69185126732648 0.98 2343.9693877551 34.8163265306122 469.190767052658
0.00181818181818182 1.54997766697551 0.387266109012133 -0.149820356597337 0.99 4139.9595959596 85.030303030303 497.222008329676
0.00181818181818182 1.36793805075759 0.175388639196248 -0.386149445204761 0.99 4035.85858585859 105.474747474747 418.854490085453
0.00181818181818182 1.44493351963581 0.330437019044249 -0.383378087095108 1 2373.57 54.49 468.830333303952
0.00181818181818182 1.49121842593788 0.354538541669719 -0.671435076933693 0.99 3715.43434343434 97.1111111111111 523.297117598436
0.00181818181818182 1.49925240014607 0.365884658502388 -0.0842634799585166 1 2893.75 57.97 523.800413839838
0.00181818181818182 1.37839489458129 0.190552073367871 -0.0226332624442875 0.99 3657.60606060606 80.6969696969697 444.65922068921
0.00181818181818182 1.48778473600209 0.366477662391858 -0.228832938085042 0.98 3029.90816326531 65.1530612244898 511.136936056533
0.00181818181818182 1.53701475332495 0.337995532593751 0.575246697310855 1 4333.67 66.46 491.889685733781
0.00181818181818182 1.44493351963581 0.330437019044249 -0.383378087095108 1 2373.57 54.49 468.830333303952
0.00181818181818182 1.40045090337239 0.256805605593553 0.930829344819289 1 1945.05 26.2 417.676915786061
0.00181818181818182 1.32355268783867 0.162477880483493 -0.0121312071569264 0.97 2329.39175257732 50.6185567010309 425.451598568002
0.00181818181818182 1.47869049992727 0.377128054523239 -0.0455951657007132 0.99 2342.23232323232 45.7171717171717 496.490524605465
0.00181818181818182 1.51269837572637 0.352294329191835 0.855990083197151 0.99 2815.57575757576 37.040404040404 492.73340257585
0.00181818181818182 1.41895403249602 0.267755977483661 -0.878005059748822 1 3932.98 117.87 478.033676084831
0.00181818181818182 1.50039006581138 0.367417275844948 -0.430065696883896 0.97 3293.0824742268 76.0309278350515 483.502924806445
0.00181818181818182 1.47869049992727 0.377128054523239 -0.0455951657007132 0.99 2342.23232323232 45.7171717171717 496.490524605465
0.00181818181818182 1.49925240014607 0.365884658502388 -0.0842634799585166 1 2893.75 57.97 523.800413839838
0.00181818181818182 1.5297917266766 0.366562032989949 0.448674498858848 1 3732.66 58.54 529.558846372808
0.00181818181818182 1.56495109669655 0.395105653990391 0.775122676382234 0.99 3399.48484848485 45.8484848484849 521.512664381593
0.00181818181818182 1.4751663713716 0.332668768754229 -0.272028203122318 0.98 3241.17346938776 72.9591836734694 532.829351706099
0.00181818181818182 1.46057847311884 0.347958687302872 0.513496208183972 1 1888.99 28.95 446.311837139438
0.00181818181818182 1.36323722496745 0.281277311503858 -0.889730756872116 0.97 2060.92783505155 58.4123711340206 428.648390171079
0.00181818181818182 1.48778473600209 0.366477662391858 -0.228832938085042 0.98 3029.90816326531 65.1530612244898 511.136936056533
0.00181818181818182 1.41901914130952 0.328161886017554 -0.329099206309789 0.99 1974.27272727273 44.5252525252525 466.586307621065
0.00181818181818182 1.45448597886087 0.371621417330604 -0.218008142623311 0.99 1909.38383838384 40.2222222222222 445.092653584647
0.00181818181818182 1.35702960649505 0.190142726222985 0.268454075790942 0.97 3198.36082474227 60.5876288659794 474.696364045848
0.00181818181818182 1.4677220556315 0.288498615614848 0.934848025598721 1 2921.92 37.44 506.310036165911
0.00181818181818182 1.34926886523112 0.238498125993486 0.0992924754895599 0.98 1741.24489795918 34.5102040816327 419.432542818988
0.00181818181818182 1.40490487264115 0.310010248911746 -0.124381310491157 0.99 1635.79797979798 32.959595959596 428.360380997987
0.00181818181818182 1.52258934261061 0.379925496894327 0.00942201197299797 0.97 2905.51546391753 56.298969072165 494.029835522755
0.00181818181818182 1.49653425182715 0.352580371983967 0.0894911696778404 0.98 2987.4387755102 55.9795918367347 501.786537171139
0.00181818181818182 1.38371451414517 0.195463970589082 -0.172439408557612 0.98 3782.27551020408 88.9387755102041 452.612757348265
0.00181818181818182 1.41099418275279 0.279785061722124 -0.577749607761934 0.99 3069.73737373737 79.4343434343434 493.538278826222
0.00181818181818182 1.40986977183524 0.293809189993296 -0.348375277889663 0.99 2818.52525252525 65.7373737373737 513.593352242645
0.00181818181818182 1.4970015803357 0.361422594709102 0.0972681343027949 1 2903.45 53.67 482.136052844118
0.00181818181818182 1.48957012372664 0.391267531209603 0.0251892874792639 0.98 2132.89795918367 39.265306122449 466.101170627081
0.00181818181818182 1.44595702607585 0.38615584581146 -0.808935654925753 0.98 1601.64285714286 41.3979591836735 416.717823431488
0.00181818181818182 1.46057847311884 0.347958687302872 0.513496208183972 1 1888.99 28.95 446.311837139438
0.00181818181818182 1.38371451414517 0.195463970589082 -0.172439408557612 0.98 3782.27551020408 88.9387755102041 452.612757348265
0.00181818181818182 1.44074187137446 0.383506126036592 -0.785178884997489 0.97 1801.98969072165 46.0618556701031 460.448361262047
0.00181818181818182 1.32355268783867 0.162477880483493 -0.0121312071569264 0.97 2329.39175257732 50.6185567010309 425.451598568002
0.00181818181818182 1.34926886523112 0.238498125993486 0.0992924754895599 0.98 1741.24489795918 34.5102040816327 419.432542818988
0.00181818181818182 1.44493351963581 0.330437019044249 -0.383378087095108 1 2373.57 54.49 468.830333303952
0.00181818181818182 1.46082464531294 0.31343511540344 0.751373345021989 0.99 2525.31313131313 35.6161616161616 485.652990545982
0.00181818181818182 1.49925240014607 0.365884658502388 -0.0842634799585166 1 2893.75 57.97 523.800413839838
0.00181818181818182 1.4936192993253 0.333989109839402 0.934299113363254 0.99 2384.40404040404 30.5757575757576 464.354281472617
0.00181818181818182 1.35635989708826 0.210430103121325 -0.786332701332867 0.97 2967.77319587629 87.1340206185567 443.14696101802
0.00181818181818182 1.38371451414517 0.195463970589082 -0.172439408557612 0.98 3782.27551020408 88.9387755102041 452.612757348265
0.00181818181818182 1.44323347154226 0.374273373748582 -0.420216579094371 0.97 1874.05154639175 41.8659793814433 467.391885112306
0.00181818181818182 1.32355268783867 0.162477880483493 -0.0121312071569264 0.97 2329.39175257732 50.6185567010309 425.451598568002
0.00181818181818182 1.45531770022043 0.314835250217784 -0.496345144941342 1 3500.45 87.94 528.002357100113
0.00181818181818182 1.4794757796745 0.393303568120995 -0.295169901690804 0.98 1977 41.1122448979592 456.229597285181
0.00181818181818182 1.49925240014607 0.365884658502388 -0.0842634799585166 1 2893.75 57.97 523.800413839838
0.00181818181818182 1.40911670919294 0.286534190891012 -0.381852344177343 0.98 2739.39795918367 64.6632653061225 490.957957793413
0.00181818181818182 1.52258934261061 0.379925496894327 0.00942201197299797 0.97 2905.51546391753 56.298969072165 494.029835522755
0.00181818181818182 1.37839489458129 0.190552073367871 -0.0226332624442875 0.99 3657.60606060606 80.6969696969697 444.65922068921
0.00181818181818182 1.5052155120977 0.313088884552464 0.117326033204351 0.99 4315.79797979798 82.2424242424242 479.301501275064
0.00181818181818182 1.4678448665551 0.327099144182659 0.69185126732648 0.98 2343.9693877551 34.8163265306122 469.190767052658
0.00181818181818182 1.41099418275279 0.279785061722124 -0.577749607761934 0.99 3069.73737373737 79.4343434343434 493.538278826222
0.00181818181818182 1.40490487264115 0.310010248911746 -0.124381310491157 0.99 1635.79797979798 32.959595959596 428.360380997987
0.00181818181818182 1.48971100701019 0.275476785609499 0.851992513984442 1 4106.39 55.93 454.512675675248
0.00181818181818182 1.47989477833921 0.30983323209152 0.42954302954922 0.98 3582.65306122449 59.234693877551 508.564917224938
0.00181818181818182 1.35702960649505 0.190142726222985 0.268454075790942 0.97 3198.36082474227 60.5876288659794 474.696364045848
0.00181818181818182 1.51034484216497 0.396702854941421 0.552845708042619 0.99 2207.9494949495 31.5656565656566 444.182323769489
0.00181818181818182 1.51001662331231 0.383378408778727 0.595599432541075 0.99 1794.45454545455 25.6464646464646 414.809481075997
0.00181818181818182 1.40371958784573 0.284154033720673 -0.415715198773371 0.97 2983.0824742268 72.979381443299 511.141977948042
0.00181818181818182 1.45531770022043 0.314835250217784 -0.496345144941342 1 3500.45 87.94 528.002357100113
0.00181818181818182 1.44493351963581 0.330437019044249 -0.383378087095108 1 2373.57 54.49 468.830333303952
0.00181818181818182 1.41504838360772 0.345878398214988 -0.617641784283867 0.98 1774.87755102041 43.1734693877551 449.455853368895
0.00181818181818182 1.52183768926537 0.340359232950411 0.0489143561751379 1 4177.87 81.05 485.875905885356
0.00181818181818182 1.49925240014607 0.365884658502388 -0.0842634799585166 1 2893.75 57.97 523.800413839838
0.00181818181818182 1.4140563965009 0.304235543588118 -0.122312010280726 0.97 2401.07216494845 51.3505154639175 464.834710760438
0.00181818181818182 1.4794757796745 0.393303568120995 -0.295169901690804 0.98 1977 41.1122448979592 456.229597285181
0.00181818181818182 1.51684299404172 0.329271452021421 0.306292132852231 1 4274.91 74.89 487.182465400778
0.00181818181818182 1.49180358234218 0.372766368400922 -0.26120124994116 1 2732.94 58.33 523.696439691524
0.00181818181818182 1.37531837048554 0.240127492084094 0.110318684154504 0.97 2127.22680412371 41.5051546391753 465.549121751494
0.00181818181818182 1.40986977183524 0.293809189993296 -0.348375277889663 0.99 2818.52525252525 65.7373737373737 513.593352242645
0.00181818181818182 1.44648331272727 0.358817017322448 -0.0097026790039996 0.98 1791.58163265306 33.4897959183673 453.536246288964
0.00181818181818182 1.35635989708826 0.210430103121325 -0.786332701332867 0.97 2967.77319587629 87.1340206185567 443.14696101802
0.00181818181818182 1.45240413135625 0.294111328447202 0.228818204506196 0.98 2891.55102040816 53.6836734693878 502.359848773962
0.00181818181818182 1.38354713209832 0.192484162812903 0.406251371578923 0.98 3463.28571428571 62.1428571428571 475.789565197009
0.00181818181818182 1.36386060670433 0.22513903964528 -0.144651121749475 0.97 2549.57731958763 57.5154639175258 439.532429124109
0.00181818181818182 1.4672921476281 0.278845789010366 0.569640665105194 0.99 3990.69696969697 64 493.176944346784
0.00181818181818182 1.47644657717187 0.338683268396003 0.241806025746023 1 2901.34 50.24 491.88591785174
0.00181818181818182 1.41494851553342 0.319889655463145 -0.140926009995671 0.98 1852.0612244898 38.2857142857143 446.793648070305
0.00181818181818182 1.51684299404172 0.329271452021421 0.306292132852231 1 4274.91 74.89 487.182465400778
0.00181818181818182 1.39834562689425 0.210208530227533 0.191024009816874 0.99 3247.40404040404 63.4949494949495 426.670202699843
0.00181818181818182 1.49925240014607 0.365884658502388 -0.0842634799585166 1 2893.75 57.97 523.800413839838
0.00181818181818182 1.43935276530776 0.315833952001867 0.639467943102343 0.99 2010.31313131313 29.2727272727273 461.827692686395
0.00181818181818182 1.35702960649505 0.190142726222985 0.268454075790942 0.97 3198.36082474227 60.5876288659794 474.696364045848
0.00181818181818182 1.4279570114991 0.339371512481786 -0.0244037225338119 0.99 1601.0303030303 31.5454545454545 411.193173325042
0.00181818181818182 1.45531770022043 0.314835250217784 -0.496345144941342 1 3500.45 87.94 528.002357100113
0.00181818181818182 1.37000149904329 0.291173174997366 -0.208080065927189 0.99 1625.38383838384 35.0606060606061 436.452580777687
0.00181818181818182 1.40686052794966 0.325588052336847 -0.933986701105442 0.98 2173.0306122449 61.4285714285714 484.679140511175
0.00181818181818182 1.40911670919294 0.286534190891012 -0.381852344177343 0.98 2739.39795918367 64.6632653061225 490.957957793413
0.00181818181818182 1.45531770022043 0.314835250217784 -0.496345144941342 1 3500.45 87.94 528.002357100113
0.00181818181818182 1.51684299404172 0.329271452021421 0.306292132852231 1 4274.91 74.89 487.182465400778
0.00181818181818182 1.44493351963581 0.330437019044249 -0.383378087095108 1 2373.57 54.49 468.830333303952
0.00181818181818182 1.48673417159627 0.339831371283264 0.146163603422034 0.99 3391.84848484848 63.3030303030303 516.911448536415
0.00181818181818182 1.49774453244743 0.366905885370937 0.237924857086411 0.99 2634.06060606061 47.5959595959596 521.288219995996
0.00181818181818182 1.48778473600209 0.366477662391858 -0.228832938085042 0.98 3029.90816326531 65.1530612244898 511.136936056533
0.00181818181818182 1.40911670919294 0.286534190891012 -0.381852344177343 0.98 2739.39795918367 64.6632653061225 490.957957793413
0.00181818181818182 1.55986637625921 0.375243568651214 0.184678187171533 1 4312.53 75.93 478.054210954167
0.00181818181818182 1.41895403249602 0.267755977483661 -0.878005059748822 1 3932.98 117.87 478.033676084831
0.00181818181818182 1.53701475332495 0.337995532593751 0.575246697310855 1 4333.67 66.46 491.889685733781
0.00181818181818182 1.53701475332495 0.337995532593751 0.575246697310855 1 4333.67 66.46 491.889685733781
0.00181818181818182 1.48896421097328 0.326191730973187 0.288360769305638 0.98 3171.72448979592 55.2755102040816 474.11394189468
0.00181818181818182 1.37839489458129 0.190552073367871 -0.0226332624442875 0.99 3657.60606060606 80.6969696969697 444.65922068921
0.00181818181818182 1.47034183655146 0.309986290832402 0.307245847115404 0.98 2780.82653061224 48.0918367346939 470.885974096103
0.00181818181818182 1.44917022643405 0.328162510715345 0.279346080432334 0.98 2275.13265306122 38.7857142857143 461.414933309366
0.00181818181818182 1.51055781527868 0.337468586501015 0.48223779833129 1 3353.72 55.26 524.322076238071
0.00181818181818182 1.41181436311454 0.24140928867273 -0.467691950500011 0.98 3857.54081632653 99.9387755102041 484.012669812444
0.00181818181818182 1.39674142284639 0.235594716074534 -0.428587079583019 0.97 3085.82474226804 79 456.102056578
0.00181818181818182 1.40690429607314 0.294973972011816 -0.395297552379419 1 2515.61 59.76 457.287685734399
0.00181818181818182 1.49121842593788 0.354538541669719 -0.671435076933693 0.99 3715.43434343434 97.1111111111111 523.297117598436
0.00181818181818182 1.43841398888923 0.278017975838763 0.346759334642428 0.98 3027.29591836735 53.1530612244898 469.505146489742
0.00181818181818182 1.47352689690724 0.273236692209594 0.225626267296678 0.98 4206.13265306122 80.0816326530612 453.621442516628
0.00181818181818182 1.48778473600209 0.366477662391858 -0.228832938085042 0.98 3029.90816326531 65.1530612244898 511.136936056533
0.00181818181818182 1.34926886523112 0.238498125993486 0.0992924754895599 0.98 1741.24489795918 34.5102040816327 419.432542818988
0.00181818181818182 1.40371958784573 0.284154033720673 -0.415715198773371 0.97 2983.0824742268 72.979381443299 511.141977948042
0.00181818181818182 1.41099418275279 0.279785061722124 -0.577749607761934 0.99 3069.73737373737 79.4343434343434 493.538278826222
0.00181818181818182 1.44186157014669 0.293830783457186 -0.293985189018583 0.98 3239.28571428571 73.8979591836735 501.220708381277
0.00181818181818182 1.48957012372664 0.391267531209603 0.0251892874792639 0.98 2132.89795918367 39.265306122449 466.101170627081
0.00181818181818182 1.41901914130952 0.328161886017554 -0.329099206309789 0.99 1974.27272727273 44.5252525252525 466.586307621065
0.00181818181818182 1.47034183655146 0.309986290832402 0.307245847115404 0.98 2780.82653061224 48.0918367346939 470.885974096103
0.00181818181818182 1.38354713209832 0.192484162812903 0.406251371578923 0.98 3463.28571428571 62.1428571428571 475.789565197009
0.00181818181818182 1.43913054047374 0.211556352584961 0.818571405470619 0.98 3473.63265306122 48.9183673469388 443.753601906145
0.00181818181818182 1.41442472734759 0.29639647642827 -0.898661668313286 0.98 3289.16326530612 96.8673469387755 505.759441268756
0.00181818181818182 1.38354713209832 0.192484162812903 0.406251371578923 0.98 3463.28571428571 62.1428571428571 475.789565197009
0.00181818181818182 1.41181436311454 0.24140928867273 -0.467691950500011 0.98 3857.54081632653 99.9387755102041 484.012669812444
0.00181818181818182 1.44493351963581 0.330437019044249 -0.383378087095108 1 2373.57 54.49 468.830333303952
0.00181818181818182 1.44144105924485 0.316219544272856 -0.974450849188542 0.99 3363.83838383838 101.353535353535 493.843913229062
0.00181818181818182 1.38782347105175 0.213117658709912 -0.152954876630816 0.98 3847.0306122449 89.030612244898 452.599721362251
0.00181818181818182 1.39064106517194 0.313015640459383 -0.244397294718917 1 1767.83 39.36 435.728417981963
0.00181818181818182 1.34274963359629 0.180770943374611 -0.19458828148958 0.97 3083.84536082474 72.2061855670103 438.849146293829
0.00181818181818182 1.48619214008334 0.329246363671163 0.318721850626691 1 3485.05 59.84 541.685615834563
0.00181818181818182 1.54997766697551 0.387266109012133 -0.149820356597337 0.99 4139.9595959596 85.030303030303 497.222008329676
0.00181818181818182 1.38552981639393 0.240300894289065 0.337096337324677 0.97 2256.92783505155 40.7731958762887 440.030166897585
0.00181818181818182 1.35702960649505 0.190142726222985 0.268454075790942 0.97 3198.36082474227 60.5876288659794 474.696364045848
0.00181818181818182 1.38371451414517 0.195463970589082 -0.172439408557612 0.98 3782.27551020408 88.9387755102041 452.612757348265
0.00181818181818182 1.4794757796745 0.393303568120995 -0.295169901690804 0.98 1977 41.1122448979592 456.229597285181
0.00181818181818182 1.48971100701019 0.275476785609499 0.851992513984442 1 4106.39 55.93 454.512675675248
0.00181818181818182 1.47869049992727 0.377128054523239 -0.0455951657007132 0.99 2342.23232323232 45.7171717171717 496.490524605465
0.00181818181818182 1.39584985444781 0.282291406831419 -0.87043216833901 0.98 2507.07142857143 72.9183673469388 457.931021863474
0.00181818181818182 1.39674142284639 0.235594716074534 -0.428587079583019 0.97 3085.82474226804 79 456.102056578
0.00181818181818182 1.40831911374604 0.274798493003777 -0.686977706426367 1 3221 88.48 473.119701293344
0.00181818181818182 1.44917022643405 0.328162510715345 0.279346080432334 0.98 2275.13265306122 38.7857142857143 461.414933309366
0.00181818181818182 1.40182086393282 0.229550206660327 -0.195835091048866 0.98 3120.35714285714 72.4897959183673 430.584154934978
0.00181818181818182 1.44648331272727 0.358817017322448 -0.0097026790039996 0.98 1791.58163265306 33.4897959183673 453.536246288964
0.00181818181818182 1.44910186994442 0.367796581283074 0.0514317289152504 0.98 1649.19387755102 31.0816326530612 438.793433467292
0.00181818181818182 1.47641850256419 0.300971519200805 0.139192237584776 0.98 3923.88775510204 75.8061224489796 484.696707003656
0.00181818181818182 1.38939581679961 0.303045297105092 -0.506422079471451 0.98 2050.5 50.1020408163265 451.78508630015
0.00181818181818182 1.48630067176742 0.355323688656303 0.837272009647282 0.99 2122.59595959596 27.7272727272727 467.946415563337
0.00181818181818182 1.35635989708826 0.210430103121325 -0.786332701332867 0.97 2967.77319587629 87.1340206185567 443.14696101802
0.00181818181818182 1.51684299404172 0.329271452021421 0.306292132852231 1 4274.91 74.89 487.182465400778
0.00181818181818182 1.48778473600209 0.366477662391858 -0.228832938085042 0.98 3029.90816326531 65.1530612244898 511.136936056533
0.00181818181818182 1.38371451414517 0.195463970589082 -0.172439408557612 0.98 3782.27551020408 88.9387755102041 452.612757348265
0.00181818181818182 1.40182086393282 0.229550206660327 -0.195835091048866 0.98 3120.35714285714 72.4897959183673 430.584154934978
0.00181818181818182 1.4751663713716 0.332668768754229 -0.272028203122318 0.98 3241.17346938776 72.9591836734694 532.829351706099
0.00181818181818182 1.47034183655146 0.309986290832402 0.307245847115404 0.98 2780.82653061224 48.0918367346939 470.885974096103
0.00181818181818182 1.4936192993253 0.333989109839402 0.934299113363254 0.99 2384.40404040404 30.5757575757576 464.354281472617
0.00181818181818182 1.44144105924485 0.316219544272856 -0.974450849188542 0.99 3363.83838383838 101.353535353535 493.843913229062
0.00181818181818182 1.48971100701019 0.275476785609499 0.851992513984442 1 4106.39 55.93 454.512675675248
0.00181818181818182 1.38371451414517 0.195463970589082 -0.172439408557612 0.98 3782.27551020408 88.9387755102041 452.612757348265
0.00181818181818182 1.39328703647479 0.266027530818246 -0.584201083984226 0.97 3042.72164948454 81.6185567010309 500.627165641481
0.00181818181818182 1.48778473600209 0.366477662391858 -0.228832938085042 0.98 3029.90816326531 65.1530612244898 511.136936056533
0.00181818181818182 1.40417606807534 0.325128070098079 -0.780343300224706 0.97 1966.82474226804 51.7525773195876 456.868105946587
0.00181818181818182 1.4751663713716 0.332668768754229 -0.272028203122318 0.98 3241.17346938776 72.9591836734694 532.829351706099
0.00181818181818182 1.51684299404172 0.329271452021421 0.306292132852231 1 4274.91 74.89 487.182465400778
0.00181818181818182 1.40182086393282 0.229550206660327 -0.195835091048866 0.98 3120.35714285714 72.4897959183673 430.584154934978
0.00181818181818182 1.43158215783251 0.283221959050683 0.230022274332586 0.98 2795.60204081633 50.6428571428571 486.376076275797
0.00181818181818182 1.46057847311884 0.347958687302872 0.513496208183972 1 1888.99 28.95 446.311837139438
0.00181818181818182 1.39067672148281 0.314112213600389 -0.613476901429406 0.98 1779.28571428571 44.4795918367347 445.178070665525
0.00181818181818182 1.41442472734759 0.29639647642827 -0.898661668313286 0.98 3289.16326530612 96.8673469387755 505.759441268756
0.00181818181818182 1.37835919089946 0.219877200699758 -0.760215920392349 1 3617.26 107.61 467.350911789988
0.00181818181818182 1.55986637625921 0.375243568651214 0.184678187171533 1 4312.53 75.93 478.054210954167
0.00181818181818182 1.52042756321633 0.322642513699694 0.300631543306576 0.99 4428.36363636364 78.2222222222222 486.557690996597
0.00181818181818182 1.44493351963581 0.330437019044249 -0.383378087095108 1 2373.57 54.49 468.830333303952
0.00181818181818182 1.38782347105175 0.213117658709912 -0.152954876630816 0.98 3847.0306122449 89.030612244898 452.599721362251
0.00181818181818182 1.46066577723949 0.286347466673141 0.822346247240894 0.98 2853.84693877551 38.030612244898 469.999276056582
0.00181818181818182 1.32355268783867 0.162477880483493 -0.0121312071569264 0.97 2329.39175257732 50.6185567010309 425.451598568002
0.00181818181818182 1.5440541391465 0.352986046179823 0.774567413579885 0.99 3751.55555555556 50.9393939393939 497.061032675652
0.00181818181818182 1.35702960649505 0.190142726222985 0.268454075790942 0.97 3198.36082474227 60.5876288659794 474.696364045848
0.00181818181818182 1.49121842593788 0.354538541669719 -0.671435076933693 0.99 3715.43434343434 97.1111111111111 523.297117598436
0.00181818181818182 1.50848130459635 0.367195312031261 -0.0253701733963136 0.99 2936.93939393939 58 530.859430464231
0.00181818181818182 1.35635989708826 0.210430103121325 -0.786332701332867 0.97 2967.77319587629 87.1340206185567 443.14696101802
0.00181818181818182 1.40986977183524 0.293809189993296 -0.348375277889663 0.99 2818.52525252525 65.7373737373737 513.593352242645
0.00181818181818182 1.56495109669655 0.395105653990391 0.775122676382234 0.99 3399.48484848485 45.8484848484849 521.512664381593
0.00181818181818182 1.44834318121002 0.250277054703043 0.428950642709868 0.99 3802.90909090909 66.989898989899 472.045987604716
0.00181818181818182 1.34926886523112 0.238498125993486 0.0992924754895599 0.98 1741.24489795918 34.5102040816327 419.432542818988
0.00181818181818182 1.32355268783867 0.162477880483493 -0.0121312071569264 0.97 2329.39175257732 50.6185567010309 425.451598568002
0.00181818181818182 1.40417606807534 0.325128070098079 -0.780343300224706 0.97 1966.82474226804 51.7525773195876 456.868105946587
0.00181818181818182 1.56495109669655 0.395105653990391 0.775122676382234 0.99 3399.48484848485 45.8484848484849 521.512664381593
0.00181818181818182 1.48971100701019 0.275476785609499 0.851992513984442 1 4106.39 55.93 454.512675675248
0.00181818181818182 1.34926886523112 0.238498125993486 0.0992924754895599 0.98 1741.24489795918 34.5102040816327 419.432542818988
0.00181818181818182 1.35702960649505 0.190142726222985 0.268454075790942 0.97 3198.36082474227 60.5876288659794 474.696364045848
0.00181818181818182 1.38552981639393 0.240300894289065 0.337096337324677 0.97 2256.92783505155 40.7731958762887 440.030166897585
0.00181818181818182 1.44245648013469 0.323725391156519 -0.492335839987706 1 2901.06 70.98 522.745236923088
0.00181818181818182 1.43841398888923 0.278017975838763 0.346759334642428 0.98 3027.29591836735 53.1530612244898 469.505146489742
0.00181818181818182 1.40986977183524 0.293809189993296 -0.348375277889663 0.99 2818.52525252525 65.7373737373737 513.593352242645
0.00181818181818182 1.48971100701019 0.275476785609499 0.851992513984442 1 4106.39 55.93 454.512675675248
0.00181818181818182 1.44493351963581 0.330437019044249 -0.383378087095108 1 2373.57 54.49 468.830333303952
0.00181818181818182 1.41442472734759 0.29639647642827 -0.898661668313286 0.98 3289.16326530612 96.8673469387755 505.759441268756
0.00181818181818182 1.35702960649505 0.190142726222985 0.268454075790942 0.97 3198.36082474227 60.5876288659794 474.696364045848
0.00181818181818182 1.5297917266766 0.366562032989949 0.448674498858848 1 3732.66 58.54 529.558846372808
0.00181818181818182 1.48619214008334 0.329246363671163 0.318721850626691 1 3485.05 59.84 541.685615834563
0.00181818181818182 1.37839489458129 0.190552073367871 -0.0226332624442875 0.99 3657.60606060606 80.6969696969697 444.65922068921
0.00181818181818182 1.4751663713716 0.332668768754229 -0.272028203122318 0.98 3241.17346938776 72.9591836734694 532.829351706099
0.00181818181818182 1.40371958784573 0.284154033720673 -0.415715198773371 0.97 2983.0824742268 72.979381443299 511.141977948042
0.00181818181818182 1.38463150863105 0.252692816131992 -0.72271189695339 0.98 3042.40816326531 84.3061224489796 484.752011909148
0.00181818181818182 1.40182086393282 0.229550206660327 -0.195835091048866 0.98 3120.35714285714 72.4897959183673 430.584154934978
0.00181818181818182 1.40182086393282 0.229550206660327 -0.195835091048866 0.98 3120.35714285714 72.4897959183673 430.584154934978
0.00181818181818182 1.40831911374604 0.274798493003777 -0.686977706426367 1 3221 88.48 473.119701293344
0.00181818181818182 1.34926886523112 0.238498125993486 0.0992924754895599 0.98 1741.24489795918 34.5102040816327 419.432542818988
0.00181818181818182 1.43841398888923 0.278017975838763 0.346759334642428 0.98 3027.29591836735 53.1530612244898 469.505146489742
0.00181818181818182 1.39674142284639 0.235594716074534 -0.428587079583019 0.97 3085.82474226804 79 456.102056578
0.00181818181818182 1.48778473600209 0.366477662391858 -0.228832938085042 0.98 3029.90816326531 65.1530612244898 511.136936056533
0.00181818181818182 1.48673417159627 0.339831371283264 0.146163603422034 0.99 3391.84848484848 63.3030303030303 516.911448536415
0.00181818181818182 1.48673417159627 0.339831371283264 0.146163603422034 0.99 3391.84848484848 63.3030303030303 516.911448536415
0.00181818181818182 1.37924970718768 0.240543254967271 -0.0884410755382526 0.97 2352.30927835052 50.1752577319588 475.514209315172
0.00181818181818182 1.47127147847073 0.309685980782077 -0.126911999737387 0.99 3763.0202020202 81.6666666666667 513.682444171589
0.00181818181818182 1.40182086393282 0.229550206660327 -0.195835091048866 0.98 3120.35714285714 72.4897959183673 430.584154934978
0.00181818181818182 1.41156803153825 0.290827288485843 -0.312897034693434 0.97 2589.55670103093 60.4020618556701 483.268503412346
0.00181818181818182 1.41156803153825 0.290827288485843 -0.312897034693434 0.97 2589.55670103093 60.4020618556701 483.268503412346
0.00181818181818182 1.51034484216497 0.396702854941421 0.552845708042619 0.99 2207.9494949495 31.5656565656566 444.182323769489
0.00181818181818182 1.4647501597181 0.252038480946794 0.297506219241768 0.98 4227.35714285714 78.9285714285714 452.754525777276
0.00181818181818182 1.59163119619816 0.398922366766434 0.0150389326869329 1 4524.6 87.3 477.288852856253
0.00181818181818182 1.41895403249602 0.267755977483661 -0.878005059748822 1 3932.98 117.87 478.033676084831
0.00181818181818182 1.35702960649505 0.190142726222985 0.268454075790942 0.97 3198.36082474227 60.5876288659794 474.696364045848
0.00181818181818182 1.35702960649505 0.190142726222985 0.268454075790942 0.97 3198.36082474227 60.5876288659794 474.696364045848
0.00181818181818182 1.47034183655146 0.309986290832402 0.307245847115404 0.98 2780.82653061224 48.0918367346939 470.885974096103
0.00181818181818182 1.4275290055606 0.206398402319204 0.598618685886706 0.98 3714.9693877551 59.2959183673469 419.639720979412
0.00181818181818182 1.41156803153825 0.290827288485843 -0.312897034693434 0.97 2589.55670103093 60.4020618556701 483.268503412346
0.00181818181818182 1.49121842593788 0.354538541669719 -0.671435076933693 0.99 3715.43434343434 97.1111111111111 523.297117598436
0.00181818181818182 1.38463150863105 0.252692816131992 -0.72271189695339 0.98 3042.40816326531 84.3061224489796 484.752011909148
0.00181818181818182 1.40371958784573 0.284154033720673 -0.415715198773371 0.97 2983.0824742268 72.979381443299 511.141977948042
0.00181818181818182 1.44917022643405 0.328162510715345 0.279346080432334 0.98 2275.13265306122 38.7857142857143 461.414933309366
0.00181818181818182 1.32355268783867 0.162477880483493 -0.0121312071569264 0.97 2329.39175257732 50.6185567010309 425.451598568002
0.00181818181818182 1.40880867857561 0.149401689769188 0.970074767683401 0.99 4036.83838383838 55.7979797979798 420.921688570943
0.00181818181818182 1.38782347105175 0.213117658709912 -0.152954876630816 0.98 3847.0306122449 89.030612244898 452.599721362251
0.00181818181818182 1.47352689690724 0.273236692209594 0.225626267296678 0.98 4206.13265306122 80.0816326530612 453.621442516628
0.00181818181818182 1.46036295365697 0.344672843780582 0.62080237857402 0.99 1811.10101010101 25.0909090909091 419.851190076119
0.00181818181818182 1.44910186994442 0.367796581283074 0.0514317289152504 0.98 1649.19387755102 31.0816326530612 438.793433467292
0.00181818181818182 1.37839489458129 0.190552073367871 -0.0226332624442875 0.99 3657.60606060606 80.6969696969697 444.65922068921
0.00181818181818182 1.51001662331231 0.383378408778727 0.595599432541075 0.99 1794.45454545455 25.6464646464646 414.809481075997
0.00181818181818182 1.51467361002618 0.311158782584133 0.896257693916813 0.98 3887.17346938776 51.5102040816327 457.432685982042
0.00181818181818182 1.39328703647479 0.266027530818246 -0.584201083984226 0.97 3042.72164948454 81.6185567010309 500.627165641481
0.00181818181818182 1.38371451414517 0.195463970589082 -0.172439408557612 0.98 3782.27551020408 88.9387755102041 452.612757348265
0.00181818181818182 1.36304580392313 0.292066006448281 -0.54667340903457 0.98 1684.52040816327 40.6530612244898 422.080256571175
0.00181818181818182 1.48971100701019 0.275476785609499 0.851992513984442 1 4106.39 55.93 454.512675675248
0.00181818181818182 1.48619214008334 0.329246363671163 0.318721850626691 1 3485.05 59.84 541.685615834563
0.00181818181818182 1.4752908500896 0.260546085095984 0.411350636243496 1 4125.05 71.01 414.704783657896
0.00181818181818182 1.38782347105175 0.213117658709912 -0.152954876630816 0.98 3847.0306122449 89.030612244898 452.599721362251
0.00181818181818182 1.56495109669655 0.395105653990391 0.775122676382234 0.99 3399.48484848485 45.8484848484849 521.512664381593
0.00181818181818182 1.32355268783867 0.162477880483493 -0.0121312071569264 0.97 2329.39175257732 50.6185567010309 425.451598568002
0.00181818181818182 1.46082464531294 0.31343511540344 0.751373345021989 0.99 2525.31313131313 35.6161616161616 485.652990545982
0.00181818181818182 1.4140563965009 0.304235543588118 -0.122312010280726 0.97 2401.07216494845 51.3505154639175 464.834710760438
0.00181818181818182 1.3677392900636 0.278000980482586 -0.820618637711682 0.97 1929.0824742268 53.8247422680412 433.169436725115
0.00181818181818182 1.39674142284639 0.235594716074534 -0.428587079583019 0.97 3085.82474226804 79 456.102056578
0.00181818181818182 1.34058759155465 0.192000684893669 -0.143615837498789 0.99 2690.29292929293 61.0606060606061 459.468365787705
0.00181818181818182 1.52579113495947 0.379152611633514 -0.488462611730958 0.99 3620.76767676768 86.9191919191919 525.858381139735
0.00181818181818182 1.40831911374604 0.274798493003777 -0.686977706426367 1 3221 88.48 473.119701293344
0.00181818181818182 1.40686052794966 0.325588052336847 -0.933986701105442 0.98 2173.0306122449 61.4285714285714 484.679140511175
0.00181818181818182 1.45538680356411 0.245221665386238 0.769288024319357 0.99 4290.73737373737 62.8282828282828 471.643406672866
0.00181818181818182 1.34926886523112 0.238498125993486 0.0992924754895599 0.98 1741.24489795918 34.5102040816327 419.432542818988
0.00181818181818182 1.44493351963581 0.330437019044249 -0.383378087095108 1 2373.57 54.49 468.830333303952
0.00181818181818182 1.43634903827572 0.370381600357108 -0.299410464667531 1 1718.76 36.33 446.286859338214
0.00181818181818182 1.35702960649505 0.190142726222985 0.268454075790942 0.97 3198.36082474227 60.5876288659794 474.696364045848
0.00181818181818182 1.40417606807534 0.325128070098079 -0.780343300224706 0.97 1966.82474226804 51.7525773195876 456.868105946587
0.00181818181818182 1.46094521111588 0.352841730471651 0.219532544477408 0.98 2012.32653061224 35.6224489795918 437.460054086039
0.00181818181818182 1.37390021958384 0.238132434139223 0.339768912566918 0.98 2149.05102040816 38.7755102040816 424.61995775782
0.00181818181818182 1.40911670919294 0.286534190891012 -0.381852344177343 0.98 2739.39795918367 64.6632653061225 490.957957793413
0.00181818181818182 1.41504838360772 0.345878398214988 -0.617641784283867 0.98 1774.87755102041 43.1734693877551 449.455853368895
0.00181818181818182 1.45538680356411 0.245221665386238 0.769288024319357 0.99 4290.73737373737 62.8282828282828 471.643406672866
0.00181818181818182 1.43841398888923 0.278017975838763 0.346759334642428 0.98 3027.29591836735 53.1530612244898 469.505146489742
0.00181818181818182 1.51044009272161 0.385448181416406 0.116974353647546 1 2679.51 49.17 518.497064973305
0.00181818181818182 1.44061990892486 0.251867227002074 0.636707404101673 0.98 3447.01020408163 53.1734693877551 480.667202044395
0.00181818181818182 1.38552981639393 0.240300894289065 0.337096337324677 0.97 2256.92783505155 40.7731958762887 440.030166897585
0.00181818181818182 1.4677220556315 0.288498615614848 0.934848025598721 1 2921.92 37.44 506.310036165911
0.00181818181818182 1.44648331272727 0.358817017322448 -0.0097026790039996 0.98 1791.58163265306 33.4897959183673 453.536246288964
0.00181818181818182 1.5297917266766 0.366562032989949 0.448674498858848 1 3732.66 58.54 529.558846372808
0.00181818181818182 1.4140563965009 0.304235543588118 -0.122312010280726 0.97 2401.07216494845 51.3505154639175 464.834710760438
0.00181818181818182 1.46057847311884 0.347958687302872 0.513496208183972 1 1888.99 28.95 446.311837139438
0.00181818181818182 1.4794757796745 0.393303568120995 -0.295169901690804 0.98 1977 41.1122448979592 456.229597285181
0.00181818181818182 1.41181436311454 0.24140928867273 -0.467691950500011 0.98 3857.54081632653 99.9387755102041 484.012669812444
0.00181818181818182 1.53701475332495 0.337995532593751 0.575246697310855 1 4333.67 66.46 491.889685733781
0.00181818181818182 1.38505484981299 0.266487829662129 0.338499572405109 0.99 1685.93939393939 29.6161616161616 407.791003776469
0.00181818181818182 1.31141942268881 0.18389118927301 -0.0970354921740663 0.99 1980.81818181818 43.5656565656566 401.958319998791
0.00181818181818182 1.41895403249602 0.267755977483661 -0.878005059748822 1 3932.98 117.87 478.033676084831
0.00181818181818182 1.49925240014607 0.365884658502388 -0.0842634799585166 1 2893.75 57.97 523.800413839838
0.00181818181818182 1.34926886523112 0.238498125993486 0.0992924754895599 0.98 1741.24489795918 34.5102040816327 419.432542818988
0.00181818181818182 1.44570141661435 0.292231604363447 -0.153258263560971 0.98 3254.24489795918 70.469387755102 516.896093598888
0.00181818181818182 1.40490487264115 0.310010248911746 -0.124381310491157 0.99 1635.79797979798 32.959595959596 428.360380997987
0.00181818181818182 1.43214014234621 0.301836037393932 -0.252067327154829 0.99 2830.69696969697 64.0909090909091 501.06325893473
0.00181818181818182 1.38371451414517 0.195463970589082 -0.172439408557612 0.98 3782.27551020408 88.9387755102041 452.612757348265
0.00181818181818182 1.44144105924485 0.316219544272856 -0.974450849188542 0.99 3363.83838383838 101.353535353535 493.843913229062
0.00181818181818182 1.54997766697551 0.387266109012133 -0.149820356597337 0.99 4139.9595959596 85.030303030303 497.222008329676
0.00181818181818182 1.47034183655146 0.309986290832402 0.307245847115404 0.98 2780.82653061224 48.0918367346939 470.885974096103
0.00181818181818182 1.44961626905994 0.35794234415584 -0.126076750471594 0.98 1818.5306122449 35.8571428571429 462.729247895022
0.00181818181818182 1.43312856429062 0.340030984099923 -0.201163727218518 0.98 2041.39795918367 42.2959183673469 445.187541213548
0.00181818181818182 1.40986977183524 0.293809189993296 -0.348375277889663 0.99 2818.52525252525 65.7373737373737 513.593352242645
0.00181818181818182 1.34058759155465 0.192000684893669 -0.143615837498789 0.99 2690.29292929293 61.0606060606061 459.468365787705
0.00181818181818182 1.51069698389221 0.393554359662704 0.0843638574779305 1 2184.86 38.96 487.737638733315
0.00181818181818182 1.39674142284639 0.235594716074534 -0.428587079583019 0.97 3085.82474226804 79 456.102056578
0.00181818181818182 1.49925240014607 0.365884658502388 -0.0842634799585166 1 2893.75 57.97 523.800413839838
0.00181818181818182 1.53701475332495 0.337995532593751 0.575246697310855 1 4333.67 66.46 491.889685733781
0.00181818181818182 1.45359617227423 0.369501146448233 -0.389181510172592 0.98 1933.84693877551 43.3571428571429 435.005724263055
0.00181818181818182 1.36304580392313 0.292066006448281 -0.54667340903457 0.98 1684.52040816327 40.6530612244898 422.080256571175
0.00181818181818182 1.45889328778956 0.329870363053689 -0.136185883034302 0.98 2915.82653061224 61.4285714285714 487.732895608501
0.00181818181818182 1.31141942268881 0.18389118927301 -0.0970354921740663 0.99 1980.81818181818 43.5656565656566 401.958319998791
0.00181818181818182 1.40986977183524 0.293809189993296 -0.348375277889663 0.99 2818.52525252525 65.7373737373737 513.593352242645
0.00181818181818182 1.41786984551739 0.317300670549437 0.227402155579378 0.98 1841.13265306122 32.2551020408163 430.496269148657
0.00181818181818182 1.42777998180174 0.321346180753854 0.144149137778431 1 2044.7 36.53 434.122006157018
0.00181818181818182 1.40371958784573 0.284154033720673 -0.415715198773371 0.97 2983.0824742268 72.979381443299 511.141977948042
0.00181818181818182 1.35702960649505 0.190142726222985 0.268454075790942 0.97 3198.36082474227 60.5876288659794 474.696364045848
0.00181818181818182 1.34926886523112 0.238498125993486 0.0992924754895599 0.98 1741.24489795918 34.5102040816327 419.432542818988
0.00181818181818182 1.40686052794966 0.325588052336847 -0.933986701105442 0.98 2173.0306122449 61.4285714285714 484.679140511175
0.00181818181818182 1.40417606807534 0.325128070098079 -0.780343300224706 0.97 1966.82474226804 51.7525773195876 456.868105946587
0.00181818181818182 1.37390021958384 0.238132434139223 0.339768912566918 0.98 2149.05102040816 38.7755102040816 424.61995775782
0.00181818181818182 1.38782347105175 0.213117658709912 -0.152954876630816 0.98 3847.0306122449 89.030612244898 452.599721362251
0.00181818181818182 1.44493351963581 0.330437019044249 -0.383378087095108 1 2373.57 54.49 468.830333303952
0.00181818181818182 1.51034484216497 0.396702854941421 0.552845708042619 0.99 2207.9494949495 31.5656565656566 444.182323769489
0.00181818181818182 1.38354713209832 0.192484162812903 0.406251371578923 0.98 3463.28571428571 62.1428571428571 475.789565197009
0.00181818181818182 1.50180281958939 0.295673976010799 0.862331342313349 0.99 4088.75757575758 55.8585858585859 469.128394493233
0.00181818181818182 1.44144105924485 0.316219544272856 -0.974450849188542 0.99 3363.83838383838 101.353535353535 493.843913229062
0.00181818181818182 1.35702960649505 0.190142726222985 0.268454075790942 0.97 3198.36082474227 60.5876288659794 474.696364045848
0.00181818181818182 1.44210001470176 0.34703307416624 -0.687229482811135 0.97 2355.79381443299 58.5567010309278 497.909911389888
0.00181818181818182 1.38371451414517 0.195463970589082 -0.172439408557612 0.98 3782.27551020408 88.9387755102041 452.612757348265
0.00181818181818182 1.39248152278878 0.232916025360827 0.97083294755544 0.99 2145.93939393939 27.7373737373737 440.637188584755
0.00181818181818182 1.34926886523112 0.238498125993486 0.0992924754895599 0.98 1741.24489795918 34.5102040816327 419.432542818988
0.00181818181818182 1.48522758743702 0.385669092706333 0.371214809791447 1 1506.69 23.59 427.628101635201
0.00181818181818182 1.50681505053478 0.379035167398027 0.548787048792127 1 2343.88 34.16 485.163774258036
0.00181818181818182 1.519046952281 0.300282104497272 0.887086709115219 0.99 4259.06060606061 58.4545454545455 467.805855977458
0.00181818181818182 1.38371451414517 0.195463970589082 -0.172439408557612 0.98 3782.27551020408 88.9387755102041 452.612757348265
0.00181818181818182 1.48971100701019 0.275476785609499 0.851992513984442 1 4106.39 55.93 454.512675675248
0.00181818181818182 1.32355268783867 0.162477880483493 -0.0121312071569264 0.97 2329.39175257732 50.6185567010309 425.451598568002
0.00181818181818182 1.46518129643724 0.271289962562675 0.542029213533228 0.99 3790.12121212121 61.5050505050505 481.931231569608
0.00181818181818182 1.52179425275843 0.370464161023534 0.512984377209946 1 3091.77 46.93 526.414580383803
0.00181818181818182 1.4751663713716 0.332668768754229 -0.272028203122318 0.98 3241.17346938776 72.9591836734694 532.829351706099
0.00181818181818182 1.51684299404172 0.329271452021421 0.306292132852231 1 4274.91 74.89 487.182465400778
0.00181818181818182 1.51550551113115 0.332408302908397 0.785021157728722 0.99 3601.85858585859 49.6565656565657 485.977485443976
0.00181818181818182 1.4936192993253 0.333989109839402 0.934299113363254 0.99 2384.40404040404 30.5757575757576 464.354281472617
0.00181818181818182 1.39939999828277 0.169704818307617 0.44152894942057 0.98 4117.33673469388 73.9897959183673 445.599909999547
0.00181818181818182 1.38463150863105 0.252692816131992 -0.72271189695339 0.98 3042.40816326531 84.3061224489796 484.752011909148
0.00181818181818182 1.38463150863105 0.252692816131992 -0.72271189695339 0.98 3042.40816326531 84.3061224489796 484.752011909148
0.00181818181818182 1.59163119619816 0.398922366766434 0.0150389326869329 1 4524.6 87.3 477.288852856253
0.00181818181818182 1.45889328778956 0.329870363053689 -0.136185883034302 0.98 2915.82653061224 61.4285714285714 487.732895608501
0.00181818181818182 1.39454456454727 0.21756000672996 0.0877171981958359 0.97 3284.50515463918 66.2783505154639 450.686552752969
0.00181818181818182 1.48957012372664 0.391267531209603 0.0251892874792639 0.98 2132.89795918367 39.265306122449 466.101170627081
0.00181818181818182 1.44493351963581 0.330437019044249 -0.383378087095108 1 2373.57 54.49 468.830333303952
0.00181818181818182 1.40490487264115 0.310010248911746 -0.124381310491157 0.99 1635.79797979798 32.959595959596 428.360380997987
0.00181818181818182 1.41895403249602 0.267755977483661 -0.878005059748822 1 3932.98 117.87 478.033676084831
0.00181818181818182 1.32355268783867 0.162477880483493 -0.0121312071569264 0.97 2329.39175257732 50.6185567010309 425.451598568002
0.00181818181818182 1.55986637625921 0.375243568651214 0.184678187171533 1 4312.53 75.93 478.054210954167
0.00181818181818182 1.36304580392313 0.292066006448281 -0.54667340903457 0.98 1684.52040816327 40.6530612244898 422.080256571175
0.00181818181818182 1.46043241114735 0.311603133789602 0.00110251957786958 0.99 3337.93939393939 66.7373737373737 476.494340878499
0.00181818181818182 1.5297917266766 0.366562032989949 0.448674498858848 1 3732.66 58.54 529.558846372808
0.00181818181818182 1.40417606807534 0.325128070098079 -0.780343300224706 0.97 1966.82474226804 51.7525773195876 456.868105946587
0.00181818181818182 1.40371958784573 0.284154033720673 -0.415715198773371 0.97 2983.0824742268 72.979381443299 511.141977948042
0.00181818181818182 1.41645693863803 0.290916897793722 0.188454832281167 0.98 2500.40816326531 47.8163265306122 494.407421637006
0.00181818181818182 1.50771827914737 0.360127225274952 -0.304403801782642 0.98 3275.74489795918 72.9897959183673 530.265504249874
0.00181818181818182 1.45928206736655 0.332426932855012 0.759410197511233 1 1938.77 26.9 433.409056096033
0.00181818181818182 1.41181436311454 0.24140928867273 -0.467691950500011 0.98 3857.54081632653 99.9387755102041 484.012669812444
0.00181818181818182 1.38552981639393 0.240300894289065 0.337096337324677 0.97 2256.92783505155 40.7731958762887 440.030166897585
0.00181818181818182 1.44493351963581 0.330437019044249 -0.383378087095108 1 2373.57 54.49 468.830333303952
0.00181818181818182 1.39323865267618 0.295471288432447 0.131558994787492 1 1814.51 34.47 444.206134418558
0.00181818181818182 1.4140563965009 0.304235543588118 -0.122312010280726 0.97 2401.07216494845 51.3505154639175 464.834710760438
0.00181818181818182 1.3677392900636 0.278000980482586 -0.820618637711682 0.97 1929.0824742268 53.8247422680412 433.169436725115
0.00181818181818182 1.36459600848681 0.26417286662079 -0.993885016144428 0.97 2843.14432989691 85.3092783505155 507.009475284666
0.00181818181818182 1.36304580392313 0.292066006448281 -0.54667340903457 0.98 1684.52040816327 40.6530612244898 422.080256571175
0.00181818181818182 1.49925240014607 0.365884658502388 -0.0842634799585166 1 2893.75 57.97 523.800413839838
0.00181818181818182 1.44493351963581 0.330437019044249 -0.383378087095108 1 2373.57 54.49 468.830333303952
0.00181818181818182 1.43841398888923 0.278017975838763 0.346759334642428 0.98 3027.29591836735 53.1530612244898 469.505146489742
0.00181818181818182 1.41895403249602 0.267755977483661 -0.878005059748822 1 3932.98 117.87 478.033676084831
0.00181818181818182 1.41895403249602 0.267755977483661 -0.878005059748822 1 3932.98 117.87 478.033676084831
0.00181818181818182 1.46561222684279 0.367463042616955 0.238373252954997 0.99 1911.11111111111 32.9393939393939 423.71480042626
0.00181818181818182 1.38635497632416 0.188292159632278 -0.201414673596811 0.98 3942.87755102041 93.8469387755102 422.610575845323
0.00181818181818182 1.44186157014669 0.293830783457186 -0.293985189018583 0.98 3239.28571428571 73.8979591836735 501.220708381277
0.00181818181818182 1.5297917266766 0.366562032989949 0.448674498858848 1 3732.66 58.54 529.558846372808
0.00181818181818182 1.40686052794966 0.325588052336847 -0.933986701105442 0.98 2173.0306122449 61.4285714285714 484.679140511175
0.00181818181818182 1.41895403249602 0.267755977483661 -0.878005059748822 1 3932.98 117.87 478.033676084831
0.00181818181818182 1.45531770022043 0.314835250217784 -0.496345144941342 1 3500.45 87.94 528.002357100113
0.00181818181818182 1.4752908500896 0.260546085095984 0.411350636243496 1 4125.05 71.01 414.704783657896
0.00181818181818182 1.44468714376864 0.379739666672942 -0.590558336331245 0.99 1710.83838383838 41.3131313131313 444.681902425239
0.00181818181818182 1.41895403249602 0.267755977483661 -0.878005059748822 1 3932.98 117.87 478.033676084831
0.00181818181818182 1.41181436311454 0.24140928867273 -0.467691950500011 0.98 3857.54081632653 99.9387755102041 484.012669812444
0.00181818181818182 1.41494851553342 0.319889655463145 -0.140926009995671 0.98 1852.0612244898 38.2857142857143 446.793648070305
0.00181818181818182 1.32704302247039 0.15008846988418 -0.000937062763477783 0.97 2990.32989690722 66.0515463917526 435.33384650759
0.00181818181818182 1.39834562689425 0.210208530227533 0.191024009816874 0.99 3247.40404040404 63.4949494949495 426.670202699843
0.00181818181818182 1.49121842593788 0.354538541669719 -0.671435076933693 0.99 3715.43434343434 97.1111111111111 523.297117598436
0.00181818181818182 1.43841398888923 0.278017975838763 0.346759334642428 0.98 3027.29591836735 53.1530612244898 469.505146489742
0.00181818181818182 1.38939581679961 0.303045297105092 -0.506422079471451 0.98 2050.5 50.1020408163265 451.78508630015
0.00181818181818182 1.40490487264115 0.310010248911746 -0.124381310491157 0.99 1635.79797979798 32.959595959596 428.360380997987
0.00181818181818182 1.43841398888923 0.278017975838763 0.346759334642428 0.98 3027.29591836735 53.1530612244898 469.505146489742
0.00181818181818182 1.42948923739997 0.279296563824024 -0.558689411729927 1 3878.78 102.52 495.543729077702
0.00181818181818182 1.41645693863803 0.290916897793722 0.188454832281167 0.98 2500.40816326531 47.8163265306122 494.407421637006
0.00181818181818182 1.32355268783867 0.162477880483493 -0.0121312071569264 0.97 2329.39175257732 50.6185567010309 425.451598568002
0.00181818181818182 1.49590217584646 0.358336385902013 -0.356866433342893 0.98 3285.24489795918 74.8163265306122 523.25609326325
0.00181818181818182 1.41645693863803 0.290916897793722 0.188454832281167 0.98 2500.40816326531 47.8163265306122 494.407421637006
0.00181818181818182 1.3677392900636 0.278000980482586 -0.820618637711682 0.97 1929.0824742268 53.8247422680412 433.169436725115
0.00181818181818182 1.40417606807534 0.325128070098079 -0.780343300224706 0.97 1966.82474226804 51.7525773195876 456.868105946587
0.00181818181818182 1.4563794254563 0.3420233516351 0.307933374495697 0.99 2178.93939393939 36.4848484848485 462.129456174528
0.00181818181818182 1.52234542001917 0.318146026043959 0.560720002941402 0.99 4130.9696969697 64.010101010101 478.843442988947
0.00181818181818182 1.51069698389221 0.393554359662704 0.0843638574779305 1 2184.86 38.96 487.737638733315
0.00181818181818182 1.39834562689425 0.210208530227533 0.191024009816874 0.99 3247.40404040404 63.4949494949495 426.670202699843
0.00181818181818182 1.49925240014607 0.365884658502388 -0.0842634799585166 1 2893.75 57.97 523.800413839838
0.00181818181818182 1.48896421097328 0.326191730973187 0.288360769305638 0.98 3171.72448979592 55.2755102040816 474.11394189468
0.00181818181818182 1.45451881898517 0.320651048093603 -0.305222058726927 0.98 3004.97959183673 69.7040816326531 539.403872415741
0.00181818181818182 1.4968762771051 0.399843190319749 -0.589221617794091 0.99 2107.82828282828 49.3434343434343 468.354363150097
0.00181818181818182 1.43620467231213 0.281012317234644 -0.592499239238159 0.99 3791.75757575758 100.030303030303 449.23004333715
0.00181818181818182 1.40490487264115 0.310010248911746 -0.124381310491157 0.99 1635.79797979798 32.959595959596 428.360380997987
0.00181818181818182 1.38354713209832 0.192484162812903 0.406251371578923 0.98 3463.28571428571 62.1428571428571 475.789565197009
0.00181818181818182 1.41442472734759 0.29639647642827 -0.898661668313286 0.98 3289.16326530612 96.8673469387755 505.759441268756
0.00181818181818182 1.48778473600209 0.366477662391858 -0.228832938085042 0.98 3029.90816326531 65.1530612244898 511.136936056533
0.00181818181818182 1.49774453244743 0.366905885370937 0.237924857086411 0.99 2634.06060606061 47.5959595959596 521.288219995996
0.00181818181818182 1.36304580392313 0.292066006448281 -0.54667340903457 0.98 1684.52040816327 40.6530612244898 422.080256571175
0.00181818181818182 1.40417606807534 0.325128070098079 -0.780343300224706 0.97 1966.82474226804 51.7525773195876 456.868105946587
0.00181818181818182 1.49817756173782 0.396233292312855 0.104154886002268 0.99 1991.88888888889 35.2828282828283 452.160033777744
0.00181818181818182 1.47869049992727 0.377128054523239 -0.0455951657007132 0.99 2342.23232323232 45.7171717171717 496.490524605465
0.00181818181818182 1.48673417159627 0.339831371283264 0.146163603422034 0.99 3391.84848484848 63.3030303030303 516.911448536415
0.00181818181818182 1.4936192993253 0.333989109839402 0.934299113363254 0.99 2384.40404040404 30.5757575757576 464.354281472617
0.00181818181818182 1.48778473600209 0.366477662391858 -0.228832938085042 0.98 3029.90816326531 65.1530612244898 511.136936056533
0.00181818181818182 1.399195980004 0.206202180016183 0.390146559969668 1 3405.17 60.73 453.771897826714
0.00181818181818182 1.47869049992727 0.377128054523239 -0.0455951657007132 0.99 2342.23232323232 45.7171717171717 496.490524605465
0.00181818181818182 1.55986637625921 0.375243568651214 0.184678187171533 1 4312.53 75.93 478.054210954167
0.00181818181818182 1.53701475332495 0.337995532593751 0.575246697310855 1 4333.67 66.46 491.889685733781
0.00181818181818182 1.47662631238513 0.376645566951514 -0.389174996116857 0.97 2450.9793814433 55.701030927835 502.806786667081
0.00181818181818182 1.50681505053478 0.379035167398027 0.548787048792127 1 2343.88 34.16 485.163774258036
0.00181818181818182 1.50681505053478 0.379035167398027 0.548787048792127 1 2343.88 34.16 485.163774258036
0.00181818181818182 1.46057847311884 0.347958687302872 0.513496208183972 1 1888.99 28.95 446.311837139438
0.00181818181818182 1.40911670919294 0.286534190891012 -0.381852344177343 0.98 2739.39795918367 64.6632653061225 490.957957793413
0.00181818181818182 1.35635989708826 0.210430103121325 -0.786332701332867 0.97 2967.77319587629 87.1340206185567 443.14696101802
0.00181818181818182 1.44570141661435 0.292231604363447 -0.153258263560971 0.98 3254.24489795918 70.469387755102 516.896093598888
0.00181818181818182 1.46057847311884 0.347958687302872 0.513496208183972 1 1888.99 28.95 446.311837139438
0.00181818181818182 1.53701475332495 0.337995532593751 0.575246697310855 1 4333.67 66.46 491.889685733781
0.00181818181818182 1.41181436311454 0.24140928867273 -0.467691950500011 0.98 3857.54081632653 99.9387755102041 484.012669812444
0.00181818181818182 1.48896421097328 0.326191730973187 0.288360769305638 0.98 3171.72448979592 55.2755102040816 474.11394189468
0.00181818181818182 1.39248152278878 0.232916025360827 0.97083294755544 0.99 2145.93939393939 27.7373737373737 440.637188584755
0.00181818181818182 1.49925240014607 0.365884658502388 -0.0842634799585166 1 2893.75 57.97 523.800413839838
0.00181818181818182 1.38371451414517 0.195463970589082 -0.172439408557612 0.98 3782.27551020408 88.9387755102041 452.612757348265
0.00181818181818182 1.47352689690724 0.273236692209594 0.225626267296678 0.98 4206.13265306122 80.0816326530612 453.621442516628
0.00181818181818182 1.48778473600209 0.366477662391858 -0.228832938085042 0.98 3029.90816326531 65.1530612244898 511.136936056533
0.00181818181818182 1.399195980004 0.206202180016183 0.390146559969668 1 3405.17 60.73 453.771897826714
0.00181818181818182 1.40490487264115 0.310010248911746 -0.124381310491157 0.99 1635.79797979798 32.959595959596 428.360380997987
0.00181818181818182 1.4752908500896 0.260546085095984 0.411350636243496 1 4125.05 71.01 414.704783657896
0.00181818181818182 1.51069698389221 0.393554359662704 0.0843638574779305 1 2184.86 38.96 487.737638733315
0.00181818181818182 1.48971100701019 0.275476785609499 0.851992513984442 1 4106.39 55.93 454.512675675248
0.00181818181818182 1.44750019039015 0.344505914168052 -0.86110952583038 0.99 2568.81818181818 71.5757575757576 505.998837827693
0.00181818181818182 1.48971100701019 0.275476785609499 0.851992513984442 1 4106.39 55.93 454.512675675248
0.00181818181818182 1.40690429607314 0.294973972011816 -0.395297552379419 1 2515.61 59.76 457.287685734399
0.00181818181818182 1.53712169323848 0.368137177402105 0.431617427977409 0.99 3712.31313131313 58.7575757575758 526.215377961617
0.00181818181818182 1.44648331272727 0.358817017322448 -0.0097026790039996 0.98 1791.58163265306 33.4897959183673 453.536246288964
0.00181818181818182 1.32355268783867 0.162477880483493 -0.0121312071569264 0.97 2329.39175257732 50.6185567010309 425.451598568002
0.00181818181818182 1.32355268783867 0.162477880483493 -0.0121312071569264 0.97 2329.39175257732 50.6185567010309 425.451598568002
0.00181818181818182 1.40686052794966 0.325588052336847 -0.933986701105442 0.98 2173.0306122449 61.4285714285714 484.679140511175
0.00181818181818182 1.38782347105175 0.213117658709912 -0.152954876630816 0.98 3847.0306122449 89.030612244898 452.599721362251
0.00181818181818182 1.4752908500896 0.260546085095984 0.411350636243496 1 4125.05 71.01 414.704783657896
0.00181818181818182 1.38371451414517 0.195463970589082 -0.172439408557612 0.98 3782.27551020408 88.9387755102041 452.612757348265
0.00181818181818182 1.44323347154226 0.374273373748582 -0.420216579094371 0.97 1874.05154639175 41.8659793814433 467.391885112306
0.00181818181818182 1.40911670919294 0.286534190891012 -0.381852344177343 0.98 2739.39795918367 64.6632653061225 490.957957793413
0.00181818181818182 1.48702001552559 0.368580236549834 0.405704802344778 0.99 2173.90909090909 33.5151515151515 459.984540162524
0.00181818181818182 1.45531770022043 0.314835250217784 -0.496345144941342 1 3500.45 87.94 528.002357100113
0.00181818181818182 1.43336223963819 0.217896743260608 0.87350351889333 0.98 3818.82653061224 53.030612244898 462.796475359624
0.00181818181818182 1.46082464531294 0.31343511540344 0.751373345021989 0.99 2525.31313131313 35.6161616161616 485.652990545982
0.00181818181818182 1.46057847311884 0.347958687302872 0.513496208183972 1 1888.99 28.95 446.311837139438
0.00181818181818182 1.45538680356411 0.245221665386238 0.769288024319357 0.99 4290.73737373737 62.8282828282828 471.643406672866
0.00181818181818182 1.44493351963581 0.330437019044249 -0.383378087095108 1 2373.57 54.49 468.830333303952
0.00181818181818182 1.48971100701019 0.275476785609499 0.851992513984442 1 4106.39 55.93 454.512675675248
0.00181818181818182 1.38463150863105 0.252692816131992 -0.72271189695339 0.98 3042.40816326531 84.3061224489796 484.752011909148
0.00181818181818182 1.49121842593788 0.354538541669719 -0.671435076933693 0.99 3715.43434343434 97.1111111111111 523.297117598436
0.00181818181818182 1.38505484981299 0.266487829662129 0.338499572405109 0.99 1685.93939393939 29.6161616161616 407.791003776469
0.00181818181818182 1.39834562689425 0.210208530227533 0.191024009816874 0.99 3247.40404040404 63.4949494949495 426.670202699843
0.00181818181818182 1.41494851553342 0.319889655463145 -0.140926009995671 0.98 1852.0612244898 38.2857142857143 446.793648070305
0.00181818181818182 1.35702960649505 0.190142726222985 0.268454075790942 0.97 3198.36082474227 60.5876288659794 474.696364045848
0.00181818181818182 1.40686052794966 0.325588052336847 -0.933986701105442 0.98 2173.0306122449 61.4285714285714 484.679140511175
0.00181818181818182 1.38505484981299 0.266487829662129 0.338499572405109 0.99 1685.93939393939 29.6161616161616 407.791003776469
0.00181818181818182 1.4794757796745 0.393303568120995 -0.295169901690804 0.98 1977 41.1122448979592 456.229597285181
0.00181818181818182 1.45531770022043 0.314835250217784 -0.496345144941342 1 3500.45 87.94 528.002357100113
0.00181818181818182 1.38371451414517 0.195463970589082 -0.172439408557612 0.98 3782.27551020408 88.9387755102041 452.612757348265
0.00181818181818182 1.48778473600209 0.366477662391858 -0.228832938085042 0.98 3029.90816326531 65.1530612244898 511.136936056533
0.00181818181818182 1.44493351963581 0.330437019044249 -0.383378087095108 1 2373.57 54.49 468.830333303952
0.00181818181818182 1.47288179332743 0.285134211734088 0.527217696052557 0.99 4016.46464646465 64.8989898989899 465.550979478829
0.00181818181818182 1.44493351963581 0.330437019044249 -0.383378087095108 1 2373.57 54.49 468.830333303952
0.00181818181818182 1.43959990941526 0.333049449579037 0.515194289147271 0.99 1645.9696969697 25.1717171717172 445.016121035907
0.00181818181818182 1.47267167272923 0.297014937677687 -0.249622716038838 0.98 3942.39795918367 90.6734693877551 482.719315513671
0.00181818181818182 1.44489194112064 0.341712629686588 -0.767788205017127 0.97 2681.77319587629 72.6082474226804 494.149852539773
0.00181818181818182 1.47769928840267 0.378096943701645 -0.0619638544190752 0.99 2180.29292929293 42.3737373737374 478.324643516365
0.00181818181818182 1.44323347154226 0.374273373748582 -0.420216579094371 0.97 1874.05154639175 41.8659793814433 467.391885112306
0.00181818181818182 1.4677220556315 0.288498615614848 0.934848025598721 1 2921.92 37.44 506.310036165911
0.00181818181818182 1.39328703647479 0.266027530818246 -0.584201083984226 0.97 3042.72164948454 81.6185567010309 500.627165641481
0.00181818181818182 1.51684299404172 0.329271452021421 0.306292132852231 1 4274.91 74.89 487.182465400778
0.00181818181818182 1.41442472734759 0.29639647642827 -0.898661668313286 0.98 3289.16326530612 96.8673469387755 505.759441268756
0.00181818181818182 1.41442472734759 0.29639647642827 -0.898661668313286 0.98 3289.16326530612 96.8673469387755 505.759441268756
0.00181818181818182 1.34058759155465 0.192000684893669 -0.143615837498789 0.99 2690.29292929293 61.0606060606061 459.468365787705
0.00181818181818182 1.3677392900636 0.278000980482586 -0.820618637711682 0.97 1929.0824742268 53.8247422680412 433.169436725115
0.00181818181818182 1.46955795888106 0.34513463391872 0.171055581697243 0.98 2494.57142857143 45.1428571428571 470.578695101774
0.00181818181818182 1.4554233697954 0.397954396971143 -0.468071106458649 1 1710.1 38.09 435.907194889597
0.00181818181818182 1.43062805417551 0.287293344846979 -0.477900660726667 0.98 3479.60204081633 87.5102040816327 503.850748981441
0.00181818181818182 1.35373559136244 0.241900941971807 -0.401560670992473 0.97 2212.0824742268 53.7216494845361 452.670664793349
0.00181818181818182 1.40831911374604 0.274798493003777 -0.686977706426367 1 3221 88.48 473.119701293344
0.00181818181818182 1.4752908500896 0.260546085095984 0.411350636243496 1 4125.05 71.01 414.704783657896
0.00181818181818182 1.4677220556315 0.288498615614848 0.934848025598721 1 2921.92 37.44 506.310036165911
0.00181818181818182 1.36978535151579 0.248143579490204 -0.744607846296595 0.99 2910.84848484848 81.4242424242424 470.906735802149
0.00181818181818182 1.36793805075759 0.175388639196248 -0.386149445204761 0.99 4035.85858585859 105.474747474747 418.854490085453
0.00181818181818182 1.35702960649505 0.190142726222985 0.268454075790942 0.97 3198.36082474227 60.5876288659794 474.696364045848
0.00181818181818182 1.4751663713716 0.332668768754229 -0.272028203122318 0.98 3241.17346938776 72.9591836734694 532.829351706099
0.00181818181818182 1.399195980004 0.206202180016183 0.390146559969668 1 3405.17 60.73 453.771897826714
0.00181818181818182 1.47525215902688 0.331531656881357 -0.259076428654687 0.99 3124.60606060606 68.6868686868687 515.382045489023
0.00181818181818182 1.4794757796745 0.393303568120995 -0.295169901690804 0.98 1977 41.1122448979592 456.229597285181
0.00181818181818182 1.39328703647479 0.266027530818246 -0.584201083984226 0.97 3042.72164948454 81.6185567010309 500.627165641481
0.00181818181818182 1.45538680356411 0.245221665386238 0.769288024319357 0.99 4290.73737373737 62.8282828282828 471.643406672866
0.00181818181818182 1.41895403249602 0.267755977483661 -0.878005059748822 1 3932.98 117.87 478.033676084831
0.00181818181818182 1.49653425182715 0.352580371983967 0.0894911696778404 0.98 2987.4387755102 55.9795918367347 501.786537171139
0.00181818181818182 1.46043241114735 0.311603133789602 0.00110251957786958 0.99 3337.93939393939 66.7373737373737 476.494340878499
0.00181818181818182 1.52258934261061 0.379925496894327 0.00942201197299797 0.97 2905.51546391753 56.298969072165 494.029835522755
0.00181818181818182 1.44772209418594 0.269278343529167 0.0876290257127676 0.98 3613.90816326531 71.5102040816327 475.169299835251
0.00181818181818182 1.49590217584646 0.358336385902013 -0.356866433342893 0.98 3285.24489795918 74.8163265306122 523.25609326325
0.00181818181818182 1.35702960649505 0.190142726222985 0.268454075790942 0.97 3198.36082474227 60.5876288659794 474.696364045848
0.00181818181818182 1.47034183655146 0.309986290832402 0.307245847115404 0.98 2780.82653061224 48.0918367346939 470.885974096103
0.00181818181818182 1.4936192993253 0.333989109839402 0.934299113363254 0.99 2384.40404040404 30.5757575757576 464.354281472617
0.00181818181818182 1.39674142284639 0.235594716074534 -0.428587079583019 0.97 3085.82474226804 79 456.102056578
0.00181818181818182 1.52258934261061 0.379925496894327 0.00942201197299797 0.97 2905.51546391753 56.298969072165 494.029835522755
0.00181818181818182 1.44493351963581 0.330437019044249 -0.383378087095108 1 2373.57 54.49 468.830333303952
0.00181818181818182 1.4752908500896 0.260546085095984 0.411350636243496 1 4125.05 71.01 414.704783657896
0.00181818181818182 1.40831911374604 0.274798493003777 -0.686977706426367 1 3221 88.48 473.119701293344
0.00181818181818182 1.38782347105175 0.213117658709912 -0.152954876630816 0.98 3847.0306122449 89.030612244898 452.599721362251
0.00181818181818182 1.40490487264115 0.310010248911746 -0.124381310491157 0.99 1635.79797979798 32.959595959596 428.360380997987
0.00181818181818182 1.35702960649505 0.190142726222985 0.268454075790942 0.97 3198.36082474227 60.5876288659794 474.696364045848
0.00181818181818182 1.47645802505653 0.324615180953283 -0.330324770396841 0.99 3298.10101010101 76.5353535353535 530.867561502455
0.00181818181818182 1.41391671703035 0.316249082044643 -0.291863359366443 0.98 1990.60204081633 44.5918367346939 441.334131952882
0.00181818181818182 1.36304580392313 0.292066006448281 -0.54667340903457 0.98 1684.52040816327 40.6530612244898 422.080256571175
0.00181818181818182 1.38371451414517 0.195463970589082 -0.172439408557612 0.98 3782.27551020408 88.9387755102041 452.612757348265
0.00181818181818182 1.47869049992727 0.377128054523239 -0.0455951657007132 0.99 2342.23232323232 45.7171717171717 496.490524605465
0.00181818181818182 1.4279570114991 0.339371512481786 -0.0244037225338119 0.99 1601.0303030303 31.5454545454545 411.193173325042
0.00181818181818182 1.4936192993253 0.333989109839402 0.934299113363254 0.99 2384.40404040404 30.5757575757576 464.354281472617
0.00181818181818182 1.48971100701019 0.275476785609499 0.851992513984442 1 4106.39 55.93 454.512675675248
0.00181818181818182 1.32355268783867 0.162477880483493 -0.0121312071569264 0.97 2329.39175257732 50.6185567010309 425.451598568002
0.00181818181818182 1.38371451414517 0.195463970589082 -0.172439408557612 0.98 3782.27551020408 88.9387755102041 452.612757348265
