0.00434782608695652 1.19601464542554 0.1182786248438 0.442495980746667 1.23088465926646 2875.41379310345 66.5172413793103 345.647631921951 164.741379310345 137.362068965517
0.00434782608695652 1.27563566233932 0.147319321572061 0.740064455535269 1.28718223323273 6272.46268656716 138.611940298507 399.059105150998 203 298.074626865672
0 1.50752691642847 0.174853955744766 0.785407648421824 1.58347254749388 20384.3529411765 542.558823529412 259.242364833211 194.764705882353 2353.89705882353
0.00434782608695652 1.30677854837552 0.315895559415715 0.561832717212887 1.27302196575362 3148.73134328358 63.8507462686567 356.345067336096 174.268656716418 152.522388059701
0.00434782608695652 1.44341832931474 0.228063630510297 -0.205586875943812 1.18552539818615 16480.3676470588 452.882352941176 348.138521443702 226.264705882353 1277.07352941176
0.00434782608695652 1.21746505736373 0.144351121853106 0.541238866280764 1.75743436571211 2474.84126984127 73 345.683585876673 165.888888888889 115.857142857143
0.00434782608695652 1.44308893531561 0.309469583723694 -0.957883739378303 1.5208093335852 13069.4714285714 561.785714285714 457.971678212413 223.6 669.442857142857
0 1.52125501630362 0.199780748737976 0.0741693917661905 1.74221037775278 19737.5142857143 662.885714285714 271.503348640802 198.6 2280.78571428571
0 1.57132298112847 0.286878544883803 0.983038820326328 1.03243676926941 20249.3428571429 338.8 264.794007618222 200.3 2251.25714285714
0 1.52570453237277 0.163450472173281 -0.358796034008265 1.75443058609962 20858.7101449275 797.173913043478 242.128338116343 191.231884057971 2627.91304347826
0.00434782608695652 1.55457221612939 0.362573697024894 -0.699583589475329 1.65094367006794 17904.2714285714 671.7 366.230896117373 221.9 1379.91428571429
0 1.23109524636529 0.333235014230013 -0.828558240551502 1.78714431170374 1427.59090909091 50.2878787878788 322.841103582088 150.181818181818 74.2575757575758
0.00434782608695652 1.36989936615624 0.230565372890573 0.272908048784913 1.79093638798586 9518.94029850746 313.671641791045 429.273477285176 202.164179104478 445.34328358209
0 1.56652242781129 0.293126501142979 0.266783209517598 1.12126297485083 19869.2857142857 416.385714285714 280.352207809878 204.6 2081.58571428571
0.00434782608695652 1.49048486921784 0.240636864836914 -0.289779302544811 1.31367299288723 19302.6 563.185714285714 313.678508797119 218.9 1798.75714285714
0 1.17916797960643 0.348991196369752 -0.322811417747289 1.60857029426843 790.328125 20.71875 279.836012321163 121.953125 46.328125
0.00434782608695652 1.45234289960936 0.378692298289388 -0.923000515904278 1.74280937425792 9809.86956521739 431.434782608696 447.52953880551 210.507246376812 481.927536231884
0.00434782608695652 1.46405004206597 0.314911256110116 0.923696165895151 1.33279997170327 14399.7571428571 279.171428571429 388.347352030251 216.4 850.342857142857
0.00434782608695652 1.38863722244411 0.23349520915055 -0.18184541714198 1.29439689425518 12469.9850746269 372.731343283582 439.186491833498 224.835820895522 608.462686567164
0.00434782608695652 1.42857119180573 0.264352573808891 -0.471652177630715 1.41155593453043 14526.9714285714 505.628571428571 431.845989707853 229.3 839.014285714286
0 1.60959556335583 0.28272146366071 0.777317008469254 1.58507928773761 20949.7285714286 520.785714285714 244.778792827938 185.7 2571.72857142857
0.00434782608695652 1.47430080063219 0.200087059714649 0.785938801186963 1.69283768479398 18399.4285714286 495.028571428571 324.725637426433 216.8 1667.34285714286
0 1.26364694673102 0.339747228636406 -0.342883175704628 1.35970207657665 1731.44927536232 44.536231884058 337.490975994449 153.492753623188 85.304347826087
0.00434782608695652 1.51885285527989 0.397081635743022 -0.552309685368074 1.12311164475834 15924.4057971014 404.985507246377 385.1777784517 219.840579710145 1010.73913043478
0 1.55227118029725 0.110299757355824 -0.196165186818689 1.39956192709506 21071.8714285714 634.5 229.295649355647 177 3077.18571428571
0 1.5946026032092 0.231501434394158 0.361501163803041 1.38334498144686 21076.0714285714 525.528571428571 230.798796663704 178.7 2821.2
0 1.53598782999907 0.127945712557994 0.955290233250707 1.39643270540982 20094.2857142857 480.385714285714 237.24363692493 175.5 2819.3
0 1.20356211331673 0.188052139105275 -0.354049375280738 1.02488991301507 1981.03174603175 46.968253968254 347.863548211629 158.222222222222 89.5079365079365
0.00434782608695652 1.32899999060196 0.12791542843708 -0.0370771217792847 1.38436177845363 12311.8181818182 386.378787878788 437.400549719611 222.409090909091 623.30303030303
0 1.16728986005764 0.29117902147118 -0.0328312930651009 1.3728453207761 788.924242424242 19.1818181818182 288.62817914433 122.287878787879 42.3484848484849
0 1.59008400326129 0.160525300493464 0.381117501296103 1.33468605261296 21252.4714285714 532.671428571429 215.875977089988 165.3 3172.02857142857
0 1.20019408592489 0.249203415005468 0.61184654943645 1.49972256515175 1157.12307692308 28.5076923076923 302.263882367837 130.307692307692 61.0923076923077
0.00434782608695652 1.36481570322067 0.154589861957356 -0.55392120173201 1.55650184415281 15285.7246376812 636.115942028986 405.045800745233 232.217391304348 922.04347826087
0.00434782608695652 1.47986534025556 0.321286164968804 0.215930083681888 1.3293455368321 15370.8857142857 381.742857142857 409.487871255677 220.7 923.542857142857
0.00434782608695652 1.38192001936323 0.307601198410168 -0.459147980041317 1.50735309015506 8088.1884057971 280.797101449275 443.699117161761 210 370.347826086957
0 1.16154696766753 0.284357443032786 0.346102319657803 1.21768036801368 835.3 15.8833333333333 285.336235943183 118.183333333333 46.0166666666667
0 1.62369593649637 0.236327260243706 -0.762404364533722 1.20631739143282 21182.9264705882 559.705882352941 221.963883670729 168.823529411765 3049.45588235294
0.00434782608695652 1.50048529324997 0.36747598190069 -0.358105260148592 1.71527087362901 14426.652173913 513.492753623188 417.128165478201 214.768115942029 855.492753623188
0 1.55903137845453 0.308891546376981 -0.672046866733581 1.77332065235823 19820.0428571429 767.371428571429 283.863343495629 206.2 1973.9
0 1.50581399663351 0.219610796007328 0.325513960327953 1.54975058119744 19993.6428571429 567.771428571429 268.186468593077 199.7 2140.45714285714
0 1.53294929335825 0.247045181458816 -0.908630343154073 1.15867644958198 20399.2753623188 590.782608695652 260.927799763458 203.608695652174 2271.4347826087
0 1.61211753925309 0.339314995892346 0.35248450608924 1.29104262031615 20161.4857142857 448.357142857143 261.920597099329 193.5 2247.64285714286
0.00434782608695652 1.50093100698263 0.374969496608442 -0.172994399824103 1.15513125307093 15788.7 373.242857142857 380.292644846649 214 1024.44285714286
0 1.28858232181519 0.353146543866024 0.883442448452115 1.46009905412793 2003.578125 40 341.688033080183 158.921875 102.0625
0.00434782608695652 1.27611273460335 0.1721708728903 0.441495392293144 1.48678396990761 4564.94029850746 121.149253731343 389.737506460777 187.746268656716 204.611940298507
0 1.47567533862311 0.160672061261721 -0.476925317198038 1.32020689658821 19641.0746268657 634.731343283582 286.985702828921 217.313432835821 2155.25373134328
0 1.64636979273055 0.138812888925895 -0.373026029672474 1.05235472861677 21527.0588235294 478.75 197.832238941023 146.897058823529 3590.60294117647
0 1.5742053424241 0.111441332334653 0.229439055081457 1.46708813942969 21190.2794117647 597.205882352941 220.706382444792 165.117647058824 3252.33823529412
0.00434782608695652 1.2683986250544 0.243416330008768 -0.693863284774125 1.46890991926193 2759.30434782609 99.0579710144928 372.442468204046 173.985507246377 126.971014492754
0.00434782608695652 1.44099695121276 0.307188779546113 0.284282053473823 1.4826697326515 12691.9142857143 338.371428571429 412.327404318568 221 698.828571428571
0.00434782608695652 1.31379657067896 0.167626098057027 0.0531850683293481 1.50281628708605 8435.03076923077 269 439.633528690859 207.092307692308 379.2
0 1.31516803356353 0.242068670783192 -0.65597798442468 1.14744234811515 6384.43939393939 197.636363636364 454.923637524163 211.484848484848 272.5
0.00434782608695652 1.45577909817337 0.219416183274921 0.824083655884124 1.01100388655357 17559.2686567164 305.358208955224 320.60337078619 220.65671641791 1508.88059701493
0.00434782608695652 1.51912108473497 0.275961911589956 0.383008450600316 1.44615602080759 18264.2142857143 465.814285714286 302.034033795772 211 1734.67142857143
0 1.26590251233429 0.399918028200045 0.990767715033144 1.20901933480054 1439.18181818182 24.0454545454545 309.339155207511 138.621212121212 76.0909090909091
0.00434782608695652 1.37464781444002 0.216095536602151 0.0373367728746424 1.04013804446121 12957.9242424242 296.848484848485 423.308834057479 230.045454545455 695.19696969697
0.00434782608695652 1.34167042689909 0.384495341963513 0.429051155209001 1.20782195736746 2805.58571428571 54.4142857142857 355.05943695268 172.3 137.1
0 1.31681948187761 0.394143541553058 0.581681761424989 1.66933210492134 2186.10606060606 52.6060606060606 345.300902795652 157.818181818182 111.181818181818
0.00434782608695652 1.27084260075297 0.23519885027826 -0.874215269299633 1.72281998843371 2797.64179104478 125.567164179104 369.710944164406 181.791044776119 129.671641791045
0.00434782608695652 1.31585190442856 0.377442107535899 -0.869052361696959 1.32372091971338 2631.4347826087 76.463768115942 361.308620014705 167.086956521739 125.36231884058
0 1.189271589485 0.279865154763684 0.274157081265002 1.11503789536655 959.516129032258 18.4677419354839 295.558086373639 126.564516129032 51.6612903225806
0 1.61688804752193 0.151059144432656 0.294152760878205 1.22658842206001 21355.2428571429 498.157142857143 208.18728496506 157 3342.87142857143
0.00434782608695652 1.30496096864808 0.310342325852253 0.540298821870238 1.4310732698068 2982.12121212121 66.7878787878788 364.893303202115 171.393939393939 145.575757575758
0 1.58013439781498 0.29807825635653 0.213244713377208 1.29379509072751 19910.3 477.228571428571 278.950666386444 209.2 2092.81428571429
0.00434782608695652 1.2582390604453 0.225869753071821 0.389356665043702 1.61153037958849 2169.3064516129 60.8064516129032 348.454049313727 168.564516129032 104.951612903226
0.00434782608695652 1.32825324914884 0.131690884148702 0.98422342306003 1.57749895956367 9290 216.969696969697 409.163035792956 219.757575757576 450.712121212121
0.00434782608695652 1.36176986397272 0.282407779040547 0.0815329657764629 1.05657052204248 7071.41176470588 153.617647058824 420.181353660239 195.794117647059 322.411764705882
0 1.59284055533353 0.108730962569825 -0.409671355038881 1.26073473095894 21216.9571428571 593.485714285714 215.210696718946 165 3337.7
0 1.16681168132927 0.162960301130079 -0.0361195993609726 1.06422804445028 1505 32.3333333333333 320.215633379161 139.877192982456 74.0350877192982
0.00434782608695652 1.46861319602467 0.190166486403905 -0.150950958486646 1.29572352133691 19264.6764705882 554.838235294118 305.844083572702 210.823529411765 1892.30882352941
0.00434782608695652 1.48928194673556 0.275201492921554 -0.558029084748005 1.72246149887397 16680.8382352941 686.441176470588 380.891570794719 226.779411764706 1234.97058823529
0 1.61808187081479 0.254988333070651 0.804521315265447 1.22828507814556 21091.7857142857 425.657142857143 228.100414476404 175.6 2839.97142857143
0.00434782608695652 1.32564663340256 0.288344211044887 -0.450658675842109 1.26782915412664 4727.17647058824 138.970588235294 403.633449900298 184.264705882353 213.955882352941
0.00434782608695652 1.46032570656231 0.329779423390026 -0.506345192860587 1.09985109494833 14363.2794117647 389.220588235294 443.844105194573 226.367647058824 785.779411764706
0.00434782608695652 1.2509929291904 0.212696170131676 0.646746799815446 1.75626954585314 2397.58064516129 67.7258064516129 356.820440244108 160.661290322581 114.870967741935
0.00434782608695652 1.3392539165343 0.307707042687546 -0.332196144030697 1.58385338078256 4240.72058823529 141.132352941176 397.218693326662 182.823529411765 195.485294117647
0 1.43029980626889 0.196533470926806 -0.943289212882519 1.33954350054264 19087.7794117647 733.367647058824 337.503337610859 230.279411764706 1552.57352941176
0 1.44384730290622 0.166146365832537 -0.965041344519705 1.63197722602636 19914.7794117647 914.794117647059 326.632500487056 227.911764705882 1818.23529411765
0 1.45494303593878 0.139240786479786 0.387533364351839 1.69239422418177 20201.7246376812 645.072463768116 276.294080398528 208.884057971014 2133.89855072464
0 1.55473199367989 0.129090246208943 0.868842228781432 1.38601576760411 21091.7142857143 511.471428571429 227.299911462446 177.2 2980.61428571429
0.00434782608695652 1.32706680562395 0.223025275419991 -0.502049745984541 1.31981937595096 7272.26086956522 245.405797101449 448.728182138154 209.797101449275 314.536231884058
0.00434782608695652 1.49377500627164 0.221969467824751 0.385502451458547 1.72522604579766 18844.4 572.285714285714 294.947551164784 207.8 1793.9
0 1.59090911385138 0.167100815312006 0.586361154448241 1.51252773273736 21221.0428571429 564.642857142857 218.846710101054 168.1 3107.87142857143
0.00434782608695652 1.31283910222145 0.248346039993307 0.0245509125872336 1.32751971289977 4444.44117647059 119.558823529412 416.009681821381 196.926470588235 202.529411764706
0 1.2317440157989 0.221361516788602 0.637255412526429 1.22078415285796 2035 42.0597014925373 346.129011225352 162.567164179104 99.0746268656716
0 1.44707457334734 0.125635808543302 -0.397798517718911 1.59346619397402 20025.4637681159 771.95652173913 289.543713579034 221.159420289855 2040.76811594203
0.00434782608695652 1.45892314889934 0.365453032287769 -0.395336367655545 1.71776550840586 10953.3913043478 406.884057971014 430.348296976494 211.724637681159 532.797101449275
0.00434782608695652 1.42306724979698 0.293120896525193 -0.136574873818604 1.76830842760924 12252.8428571429 444.157142857143 423.509352930069 215.3 630.928571428571
0 1.625941717159 0.300369930570014 -0.0699148452840745 1.49234416652471 20684.7058823529 570.735294117647 254.67533318015 184.573529411765 2604.36764705882
0 1.54835446176585 0.207143414439634 0.499836360104382 1.68467473331839 19906.347826087 585.173913043478 259.04570925976 196.101449275362 2395.79710144928
0.00434782608695652 1.60393921082392 0.388971691667556 0.598454715684871 1.12679509644889 19326.6285714286 352.028571428571 298.484249332616 211.8 1770.81428571429
0 1.60215143298265 0.182503156038001 -0.861987564712763 1.15409242250025 21129.2173913043 568.869565217391 232.199244212934 178.144927536232 3101.89855072464
0.00434782608695652 1.59585955622404 0.354959829481015 -0.91767688754191 1.01005560286445 19504.8 479.442857142857 299.421505092115 210.6 1957.14285714286
0.00434782608695652 1.36399796723906 0.298310853125558 -0.477210337367492 1.08124627279321 7186.71641791045 187.089552238806 443.633284908362 207.492537313433 325.55223880597
0 1.16297445956152 0.238767872843891 -0.158921791706234 1.26428810041398 1020.3 25.05 287.386067508126 126.116666666667 54.45
0.00434782608695652 1.40598023090346 0.396101129069175 -0.594366508027271 1.39375630797911 5408.36764705882 163.676470588235 421.062055764897 194.25 248.485294117647
0 1.53508218887728 0.211444148910232 0.921601727139205 1.27786509618163 20303.7428571429 423.542857142857 270.015057481255 203.6 2298.04285714286
0.00434782608695652 1.31470015665982 0.184790113056079 0.4882713095285 1.04622886441648 7318.75757575758 143.363636363636 417.233051235112 205.227272727273 328.560606060606
0.00434782608695652 1.31549401877415 0.228542208159625 -0.0632872133285255 1.73403202937576 4939.31884057971 177.826086956522 405.305887183509 196.405797101449 225.942028985507
0.00434782608695652 1.20361460044514 0.155493371607736 -0.487981135491282 1.1674685722217 2713.74576271186 79.2372881355932 358.15626315197 162.423728813559 122.847457627119
0 1.18162285930011 0.350461139739491 0.283654712606221 1.57130652647465 798.492307692308 18.9384615384615 283.375201900551 124.384615384615 44.6
0.00434782608695652 1.39689119128572 0.242327186738138 0.353493015323821 1.71688142718283 11975.3142857143 369.6 425.859168365483 215.2 595.814285714286
0.00434782608695652 1.52716014380567 0.327705311845057 0.361119389999658 1.23505061734468 17756.5714285714 391.114285714286 333.687696731562 217.9 1436.77142857143
0 1.60470612833742 0.317501053772867 -0.251131030730903 1.69071771278977 20693.7246376812 675.101449275362 258.298297269491 197.115942028986 2302.98550724638
0.00434782608695652 1.46816593371332 0.328183367126621 -0.472530323080719 1.24911555591971 14607.4857142857 423.871428571429 396.001362341681 217.7 889.114285714286
0 1.19146051546559 0.273678476223722 0.0302740405313671 1.66799656748772 1179.66666666667 36.4848484848485 306.957798991526 143.393939393939 62.8484848484849
0.00434782608695652 1.42340330986772 0.319427157356404 0.118887678254396 1.2870133837685 10086.0147058824 247.529411764706 420.980560300129 213.5 514.455882352941
0.00434782608695652 1.30244397532661 0.344432298652828 -0.508807096630335 1.28951654229313 2389.32835820896 65.3731343283582 362.831097083309 168.522388059701 111.716417910448
0 1.17495977526996 0.17642135375645 0.320649896748364 1.77626271806657 919.377049180328 27.6393442622951 277.037546316973 111.311475409836 49.9180327868852
0 1.21069581257179 0.163243506080471 0.899843711871654 1.50671351626515 1898.59322033898 44.7457627118644 330.781089501475 162.067796610169 95.1186440677966
0 1.53255680236034 0.268238058988936 -0.954097477253526 1.6226229287684 19039.9420289855 773.188405797101 301.770451526026 217.202898550725 1904.6231884058
0.00434782608695652 1.3906339058927 0.291667744039297 -0.576686410731307 1.57530812621892 9280.05797101449 360.376811594203 455.085277812251 213.95652173913 408.101449275362
0 1.37997716604732 0.257794583565556 -0.764004988595843 1.02170483916998 10702.2753623188 312.68115942029 463.503770505457 222.985507246377 520.63768115942
0 1.62328364499845 0.136602637916803 0.96431692969054 1.09131257105619 21450.3142857143 422.442857142857 203.975969184342 153 3450.28571428571
0 1.16398048503324 0.351980728073977 0.635894884355366 1.26534423623234 647.15625 12.1875 275.671611331849 97.125 36.28125
0 1.21936038809363 0.228757464233786 -0.461990805342793 1.33057216890156 1612.48484848485 47.7272727272727 332.48461733354 138.727272727273 78.7878787878788
0 1.60571506069973 0.14130389939528 -0.37035743938759 1.28087836559862 21312.2028985507 578.63768115942 209.103851544211 160.188405797101 3340.23188405797
0 1.37438589832745 0.113874439289793 -0.9373360411264 1.48255955632776 17263.2388059701 772.791044776119 359.165422864961 233.298507462687 1365.74626865672
0.00434782608695652 1.4896180429263 0.264956620242447 -0.953129883855581 1.36638845056295 18361.6285714286 656.142857142857 315.787243523731 215.2 1613.55714285714
0 1.18214186441619 0.312560710031539 -0.669170254841447 1.27070545181632 1008.5873015873 26.5396825396825 299.664436271629 130.111111111111 54.3650793650794
0.00434782608695652 1.27864385708235 0.290189444832504 -0.348475289065391 1.62772667631507 2290.86764705882 75.9705882352941 349.684530077748 159.867647058824 110.132352941176
0.00434782608695652 1.30807911787534 0.259253202899311 0.462499274742345 1.10598070097419 4689.4328358209 94.7014925373134 399.036534958595 192.865671641791 220.835820895522
0 1.59796534290072 0.190481238462962 0.683749695774168 1.51285849921405 21139.9855072464 547.246376811594 223.417521222347 172.159420289855 3001.88405797101
0 1.56040209541097 0.184642643528059 0.317957539577037 1.28820072039962 20507.7714285714 503.642857142857 244.753872965449 186.4 2717.58571428571
0.00434782608695652 1.46062905117869 0.340703322296031 0.304771123453975 1.21074234973639 14155.3188405797 310.768115942029 422.32132456671 222.072463768116 740.565217391304
0.00434782608695652 1.36703748148866 0.283270124671981 0.925109282601625 1.36798368655145 6774.71212121212 136.484848484848 398.381152218662 202.257575757576 331.121212121212
0.00434782608695652 1.39223171056099 0.398057065600937 0.394948287534851 1.1558027300271 5319.9 103.414285714286 396.031458506551 189.2 256.285714285714
0 1.56650358471088 0.195467028603889 0.338665965944529 1.64485753681511 20988.1594202899 625.898550724638 234.209608798866 182.507246376812 2769.85507246377
0.00434782608695652 1.39986745032948 0.220374777633697 -0.179659482557327 1.62929411940277 14012.8714285714 508.6 409.087303521239 227.6 801.685714285714
0.00434782608695652 1.55602884558029 0.330161857884377 -0.852136508096009 1.28131441995502 18978.1285714286 601.771428571429 333.400389903652 219.5 1724.51428571429
0.00434782608695652 1.56439291677263 0.36165806361656 -0.484918646122227 1.08203856365103 19270.6857142857 463.014285714286 310.854892365686 216.2 1660.87142857143
0 1.63552917689085 0.117815308342688 0.861887121107429 1.46378354206681 21536.0579710145 547.68115942029 197.304601831424 146.898550724638 3620.84057971014
0 1.57117177112959 0.254791991668753 -0.309763695113361 1.16253962852061 20290.4 500.957142857143 260.777973219967 195.3 2452.12857142857
0.00434782608695652 1.5012469949281 0.268961796710945 -0.430832754290034 1.17790468272482 19467.7647058824 532.808823529412 331.809806153166 221.838235294118 1684.97058823529
0 1.29884417434223 0.396783640165813 0.850041511934251 1.18680371493101 1785.57575757576 31.469696969697 331.718312567501 148.590909090909 90.8333333333333
0.00434782608695652 1.42354324789051 0.209241248928448 0.211687112340483 1.01819522970045 17694.2898550725 377.95652173913 360.131104671255 226.333333333333 1296.11594202899
0.00434782608695652 1.37005260067063 0.167029752906474 -0.353419677579822 1.7971265690779 14146.696969697 608.227272727273 399.731521668664 222.409090909091 819.727272727273
0.00434782608695652 1.30016100136563 0.192586194258183 -0.923370044212788 1.58885209541768 6183.02985074627 281.985074626866 445.935529245134 201.850746268657 267.283582089552
0 1.21221368152183 0.285952696204186 -0.237546143122017 1.6128805693239 1395.56666666667 42.5166666666667 313.00898735037 139.416666666667 74.0833333333333
0.00434782608695652 1.53809150632005 0.354062140849419 -0.0367131689563394 1.18589171450585 17845.3 413.628571428571 337.095275993381 221.7 1346.05714285714
0.00434782608695652 1.36875478451805 0.150578165128172 0.258415874133148 1.35603917847529 14150.1194029851 390.776119402985 419.411151871006 229.432835820896 872.059701492537
0 1.54176387782209 0.234532289230265 -0.105342532042414 1.38535739053041 19754.1714285714 558.671428571429 279.870321942319 201.3 2215.05714285714
0.00434782608695652 1.36319227506538 0.31880816028078 0.281704310635526 1.6360711605292 5558.29850746269 155.223880597015 408.515037364976 198.716417910448 262.268656716418
0.00434782608695652 1.33200205441099 0.163341969205067 -0.422790732234716 1.70367501359433 11385.1515151515 487.469696969697 458.758258004338 225.484848484848 531.424242424242
0 1.56690216294955 0.189618030609563 0.800087188836187 1.25137379746884 20864.4852941176 448.367647058824 234.675131053552 175.308823529412 2868.42647058824
0.00434782608695652 1.37169131792179 0.373274770687506 0.92828019652797 1.57219910248962 4396.66176470588 93.4411764705882 386.690932579414 183.029411764706 213.102941176471
0.00434782608695652 1.30866968629416 0.32717224243097 0.120687018614262 1.07573853936046 2699.33823529412 54.5882352941176 359.492979076233 161.411764705882 128.455882352941
0.00434782608695652 1.3357235202333 0.128173201880418 -0.146320061292499 1.42186740692705 12732.5373134328 423.522388059701 413.247029196667 228.701492537313 757.417910447761
0.00434782608695652 1.49203875684105 0.216842442534559 0.471685278049691 1.62585619051771 17946.6142857143 508.971428571429 335.459363083408 219.1 1653.04285714286
0.00434782608695652 1.27320346252963 0.31632452072587 0.0483224629316428 1.38321973407352 2177.63768115942 55.0869565217391 353.537218262269 165.869565217391 103.405797101449
0.00434782608695652 1.31891075617735 0.319509214309852 -0.46932955310261 1.18101702829981 3671.57352941176 96.4117647058823 384.071390316532 190.029411764706 171.426470588235
0 1.60852559932973 0.268875944241881 -0.0172449043020606 1.74216716811061 20264.5 648.771428571429 247.420991391049 184.6 2571.4
0.00434782608695652 1.3097063705558 0.163510862877592 -0.421372048556805 1.69704075586051 9238.88571428571 396.785714285714 420.300311099651 208.6 430.985714285714
0.00434782608695652 1.2037140827022 0.117458308138071 -0.803295017640034 1.58618810174799 2691.10169491525 117.067796610169 376.454793674655 166.813559322034 121.474576271186
0.00434782608695652 1.38317721905187 0.180835164850578 -0.561120243743062 1.03976114410907 16222.4117647059 469.205882352941 413.166728893891 235.117647058824 1053.80882352941
0 1.61312523353845 0.100075461925007 -0.560835367999971 1.27409641481936 21381.7285714286 604.657142857143 202.83847044706 153.4 3550.21428571429
0 1.57151586350519 0.183741147210822 0.0636930414475501 1.58608713392168 20758.7142857143 632.714285714286 236.289123980434 177.5 2857.02857142857
0.00434782608695652 1.3600817298051 0.179008160438389 0.763082018122077 1.75811429303139 12552.9545454545 351.545454545455 397.862725417854 210.106060606061 663.545454545455
0.00434782608695652 1.39243869164199 0.358217679519881 -0.666951147984132 1.71134604949331 5469.40579710145 213.971014492754 408.849846426651 193.869565217391 253.63768115942
0 1.62596399567556 0.206555024324916 0.409766655415297 1.15887696184218 21236.6571428571 452.228571428571 216.681061429155 164.8 3134.91428571429
0.00434782608695652 1.41742841714401 0.284369920899124 -0.0121892415866001 1.41835074290428 10914.2985074627 315.776119402985 427.474188226367 218.044776119403 550.582089552239
0 1.50757820587605 0.200538218813017 -0.560465918853879 1.07277868837118 20460.0714285714 520.328571428571 265.529826321321 200 2426.25714285714
0.00434782608695652 1.25376784158827 0.129529275478027 0.751683756086218 1.21140318171613 4467.70769230769 91.2461538461538 388.225517996575 192.230769230769 201.923076923077
0.00434782608695652 1.45594968537493 0.156071015521777 0.859637579955698 1.69516486714526 18981.8985507246 519.985507246377 301.633533715423 213.855072463768 1797.53623188406
0 1.15228255090769 0.147687909938395 0.741931527853012 1.12499646078795 1360.08474576271 26.9152542372881 292.867832705441 132.762711864407 69.8983050847458
0 1.63783100105356 0.215038636303507 -0.420527793001384 1.09336315356195 21214.3235294118 489.794117647059 218.195432385369 167.279411764706 3176.20588235294
0.00434782608695652 1.44717924311773 0.239221690375076 0.221518134650765 1.59995061471458 15601.6956521739 469.304347826087 392.291322088139 229.173913043478 1084.91304347826
0.00434782608695652 1.24355159586542 0.146984453624416 -0.816967128043624 1.04861719375474 3962.7 123.433333333333 410.354295437337 193.783333333333 169.983333333333
0.00434782608695652 1.45270490831703 0.295105948745359 0.2553269523653 1.77574942460719 13776.347826087 437.086956521739 385.563293442743 215.072463768116 771.405797101449
0 1.52242193683051 0.235958453500643 -0.998340110294521 1.46226755715907 20445.0714285714 742.985714285714 257.882508000638 200.7 2329.3
0.00434782608695652 1.41846978603862 0.381452966737561 -0.513360149692744 1.78931355178356 7255.11764705882 277.926470588235 434.088284210591 202.794117647059 336.529411764706
0 1.15820286828093 0.250177613715641 0.131504584103823 1.09130516983569 734.180327868852 14.1967213114754 282.63970913169 116.131147540984 42.6065573770492
0.00434782608695652 1.49786015085075 0.26624873441869 0.436836596729791 1.45054509915787 19105.7536231884 481.289855072464 311.430386144247 216.594202898551 1663.14492753623
0 1.22711643236689 0.217880240129307 -0.630795253440738 1.78887270465493 1763.1746031746 70.984126984127 326.932162635943 142.777777777778 82.2063492063492
0.00434782608695652 1.38731455328165 0.24445242464966 0.775151285930066 1.59860252221143 11191.6764705882 269.617647058824 413.395711232797 217 557.955882352941
0 1.18721066168509 0.137466748571023 0.26687737274915 1.10601544510573 1930.59375 41.71875 318.62734858792 147.328125 92.359375
0.00434782608695652 1.3450279584853 0.196957300952636 0.162272217217833 1.37891550920904 8432.83582089552 236.34328358209 426.226312785863 206.55223880597 402.761194029851
0 1.18444952389691 0.339589269016869 0.718399624340236 1.46797580644488 906.571428571429 19.4285714285714 291.193152208623 126 50.2222222222222
0 1.46724043225404 0.154566988232546 0.167351545765996 1.51556851547211 19717.1285714286 608 304.150114897102 219.2 1962.94285714286
0 1.50181000165176 0.164001543470658 -0.302130871452391 1.18650595452636 20101.6956521739 538 263.116062059071 196.202898550725 2476.60869565217
0.00434782608695652 1.22670400082134 0.212489820178598 -0.337462684605271 1.69518875535578 1991.14754098361 71.7213114754098 340.105068530505 155.262295081967 95.1803278688525
0.00434782608695652 1.52614037096621 0.380110645821694 -0.238176539692484 1.33160432059576 16198.4927536232 433.666666666667 381.931325312895 218.217391304348 1088.57971014493
0 1.21228292395826 0.33680663893465 0.378774702083319 1.18091807663441 1047.19047619048 19.8412698412698 302.3542619851 134 57.2698412698413
0 1.58300452793483 0.157410031720065 0.39389402186498 1.62953241206706 21258.2 623.871428571429 215.394091575002 164.8 3150.78571428571
0.00434782608695652 1.2344818801163 0.170741713072559 -0.527510235491429 1.24966397795364 2666.22222222222 84.3174603174603 356.654086954117 158.888888888889 121.269841269841
0.00434782608695652 1.30786661661696 0.240457940497436 -0.290051492396742 1.5766280695796 4364.16417910448 151.761194029851 402.577616202569 191.925373134328 196.641791044776
0 1.58841984670144 0.139346087351441 0.599534980021417 1.0034699395299 20945.2857142857 405.014285714286 217.271694188848 164.6 3201.25714285714
0.00434782608695652 1.36369093125485 0.204932924509157 0.123657586604854 1.34562111509156 10029.9142857143 277.585714285714 426.542907799566 214.1 480.457142857143
0 1.16875280181412 0.183281514723785 0.844272322487086 1.30308097433299 1204.98360655738 25.2786885245902 296.101079039802 119 63.0983606557377
0 1.20561294581275 0.22775244708173 0.970680005848408 1.12031170148402 1591 27.9206349206349 328.670714198698 156.111111111111 78.8571428571429
0 1.23039788971655 0.385001148516312 -0.170250781346112 1.0584461029619 972.064516129032 17.8709677419355 303.293582947834 132.096774193548 51.5161290322581
0.00434782608695652 1.23765651069174 0.197079566982404 -0.215122534353168 1.74743510625893 2174 79.2238805970149 339.080582035567 166.746268656716 102.477611940299
0.00434782608695652 1.31521163833581 0.159133209318556 0.619250724654886 1.48971599142323 8150.05882352941 206.5 410.609539689365 209.588235294118 408.852941176471
0 1.21174495420419 0.264247942971997 0.129216567147523 1.78703854065388 1133.84848484848 34.8333333333333 302.235719527909 132.257575757576 61.5606060606061
0 1.5981277965242 0.128958141827025 -0.0811127540655434 1.59618564732373 21345.0285714286 677.385714285714 208.894643710493 158.7 3332.8
0.00434782608695652 1.50227173408218 0.359025716280028 -0.665217594938089 1.76165039900796 15509.1764705882 633.941176470588 399.824796739877 226.264705882353 929.882352941176
0 1.61964526805095 0.356302805314772 0.974989242851734 1.46361807771027 19942.6571428571 411.571428571429 279.18055587979 202.5 2041.87142857143
0.00434782608695652 1.4060437619694 0.347906274030836 0.559051403696615 1.77432111438525 5978.75 161.147058823529 400.755815918883 198.058823529412 285.926470588235
0.00434782608695652 1.28862510006806 0.105270955741922 0.623709673953624 1.57669126754714 8472.84745762712 230.271186440678 419.676679096734 213.677966101695 398.28813559322
0 1.63005667713005 0.324249988561496 -0.955899810884148 1.10560973025858 20983.9428571429 520.671428571429 236.061264824381 183.6 2649.54285714286
0.00434782608695652 1.50591562336776 0.257585293240845 0.343953773379326 1.5890344908461 18450.2352941176 521.735294117647 324.282924794671 216.485294117647 1671.97058823529
0.00434782608695652 1.46685965927748 0.190030810268953 -0.520514242301329 1.26831430831671 19177.8142857143 587.828571428571 289.814796188663 209.2 1923.07142857143
0 1.60079891220666 0.13520722957328 0.296204797923565 1.76327047124505 21268.7058823529 690.279411764706 216.060130501846 164.705882352941 3233.05882352941
0.00434782608695652 1.49650779036225 0.345076583148667 0.47058905008126 1.68041732125327 15147.5507246377 414.376811594203 379.577055272328 211.521739130435 917.782608695652
0 1.26744295398239 0.398591234534979 0.606563205365092 1.37435194868594 1429.16176470588 28.2647058823529 326.968824674543 151.426470588235 73.9411764705882
0.00434782608695652 1.51256669215084 0.343182798416733 0.126649230675005 1.6892898033948 16689.1 514.842857142857 377.741632911886 220.7 1064.71428571429
0 1.54786927402019 0.180899527249858 0.962640873622149 1.08501850292087 20934.7857142857 398 237.561834862802 186.1 2731.6
0.00434782608695652 1.56813123435713 0.387909069191664 -0.334722360596061 1.45469798073173 17851.7 540.742857142857 372.88637152564 224.9 1196.12857142857
0.00434782608695652 1.4476841724012 0.27215601366479 -0.262877895962447 1.47120156977326 15244.2714285714 500.771428571429 400.75530302049 228.2 925.728571428571
0.00434782608695652 1.21236784567591 0.158049157494679 0.227323136758059 1.78713741581887 2287.33870967742 76.9193548387097 340.384237159318 154 106.177419354839
0 1.29564581599552 0.392300892667845 0.917174846399575 1.63977968823165 1671.60294117647 35.5147058823529 327.879891387618 154.926470588235 86.4411764705882
0.00434782608695652 1.37889706969727 0.363380071963184 -0.402457840275019 1.01856419928372 4826.60869565217 110.550724637681 404.17960402995 187.275362318841 220.869565217391
0 1.18135349694639 0.322925812425092 -0.272638014517725 1.57442541085184 799.048387096774 22.2096774193548 287.984498134934 122.951612903226 44.5967741935484
0 1.63471381701529 0.19706706868019 0.68291436182335 1.10531240943819 21355.5507246377 420.391304347826 208.755503120151 157.652173913043 3308.27536231884
0.00434782608695652 1.37696519547385 0.331306454567704 -0.0220728401772215 1.31152393329127 5223.86567164179 133.582089552239 412.923676516221 192.865671641791 249.746268656716
0 1.18458263212815 0.282633794471622 -0.895025126170367 1.59146988559514 960.484375 33 298.421454342208 133.875 50.40625
0 1.2142210013466 0.393462403304875 0.454343231394887 1.48957842886448 984.985294117647 20.8676470588235 285.596800103124 118.176470588235 54.5147058823529
0 1.33284416024107 0.151458750059828 -0.636838543694466 1.73621934633702 10796.3235294118 517.044117647059 453.819313798648 234.191176470588 514.441176470588
0 1.52204982491676 0.138892118865624 0.0655659572221339 1.73198762703687 21108.0144927536 707.36231884058 225.014224182092 174.391304347826 2909.92753623188
0 1.1597639587475 0.290049848984927 0.210358722601086 1.09989363066852 837.880597014925 15.7910447761194 278.432026641583 111.373134328358 48.1641791044776
0 1.3760901076952 0.283071120339446 -0.798523577861488 1.04789909403771 10886.3188405797 325.550724637681 479.144272275753 222.884057971014 463.768115942029
0.00434782608695652 1.48340674008469 0.209929702792823 0.0927566783819379 1.09080757775441 19352.2794117647 443.014705882353 309.815333321155 213.397058823529 1911.85294117647
0 1.44511436808389 0.140684709558263 0.287586257793009 1.00858882870525 19134.9253731343 406.671641791045 326.924822353741 223.477611940299 1865.4776119403
0 1.54301401947159 0.11890269627329 -0.6912847077474 1.30456008315086 20903.5507246377 625.898550724638 216.999666918019 166.173913043478 3115.4347826087
0 1.58158064212184 0.117102818563581 0.667038831394166 1.17772097848356 20942.3285714286 462.928571428571 213.149964627622 162.4 3246.11428571429
0.00434782608695652 1.26534759236921 0.19780585424149 -0.153257260366773 1.69341870548133 3573.68253968254 128.238095238095 371.677528706191 178.666666666667 159.777777777778
0 1.57855562095065 0.180107096885331 0.259054839145392 1.40661673229188 20991.3043478261 560.376811594203 238.891770424588 180.275362318841 2886.34782608696
0 1.51591895052698 0.129032886750065 -0.91569018131122 1.2154135601595 20931.8714285714 645.857142857143 251.797464256805 193 2832.14285714286
0.00434782608695652 1.26716319135187 0.210904703857695 0.802432538785923 1.30849477011806 3820.32307692308 79.2769230769231 377.715381792578 183.615384615385 178.676923076923
0 1.64164565140381 0.135804299358279 0.325835416093469 1.58926105089486 21312.6268656716 620.044776119403 210.442745019056 159.014925373134 3447.02985074627
0 1.44170230589807 0.141455521038733 0.799346867948771 1.08999097328633 19217.0757575758 379.181818181818 283.357961995004 209.893939393939 2012.89393939394
0 1.38949814110529 0.175742454384454 -0.768350275233388 1.50347333233804 14564.9571428571 630.728571428571 435.020689746052 239.3 898.028571428571
0 1.61004166814964 0.189146122615784 -0.498494738712907 1.5136012012139 21184.5714285714 666.828571428571 219.29150776006 168.8 3110.97142857143
0.00434782608695652 1.26935014079351 0.253861951208229 0.0552703197329671 1.78181646202019 2533.88059701493 85.2985074626866 354.403851456069 159.014925373134 119.268656716418
0 1.23587114256807 0.214324215473607 0.678717601113021 1.23766462225467 2033.37878787879 42.3939393939394 325.403525486907 140.954545454545 102.181818181818
0.00434782608695652 1.44405166208744 0.331136743910611 0.394565635826439 1.14572984911501 12588.2142857143 253.442857142857 429.422543527961 209.9 675.071428571429
0 1.26817921220791 0.381082472507842 -0.715284028090537 1.76795646697283 1532.37704918033 51.7213114754098 333.916078205225 145.967213114754 78.4754098360656
0.00434782608695652 1.49551861797186 0.174357269442084 0.537818010638626 1.49443366490818 18795.8088235294 506.279411764706 302.395513923684 213.5 1947.14705882353
0 1.17153082413133 0.21745504301507 0.37823253730312 1.1783929027617 1168.27419354839 25.0806451612903 314.651612994431 134.91935483871 59.5322580645161
0 1.60863265532535 0.356590523291379 -0.243935826234519 1.21752882264554 20258.9428571429 487.185714285714 266.748195998977 201.6 2166.22857142857
0.00434782608695652 1.32878573243912 0.294057834816923 0.603567077023879 1.22106677411887 4317.36923076923 87.8769230769231 389.137668834277 186.2 200.415384615385
0 1.22021142519079 0.290724038984627 0.934259356930852 1.35112425759435 1300.95161290323 25.4516129032258 312.854045233936 146.774193548387 68.8709677419355
0 1.47923454383854 0.104697141912766 -0.0905690174549818 1.18023408725858 20786.5147058824 551.691176470588 246.446337729998 195.382352941176 2647.89705882353
0 1.43486398002133 0.138159415428527 -0.239790522959083 1.43839692696929 19142.652173913 637.782608695652 324.848948503544 231.405797101449 1764.71014492754
0 1.22493164553307 0.336428655823693 0.562736311461776 1.49111426286399 1141.06153846154 25.8307692307692 296.918835195587 120.615384615385 61.1538461538462
0.00434782608695652 1.46944577277868 0.163556835241739 0.860626853667159 1.11511142613411 18691.8059701493 360.432835820896 299.627125156781 211.358208955224 1905.71641791045
0.00434782608695652 1.42166180906352 0.282369094807655 0.330698135774583 1.31137301120907 13337.8 325.285714285714 435.314715445324 220.9 685.428571428571
0.00434782608695652 1.48756717760116 0.383869450073689 0.390918340999633 1.77460180781782 11784.2857142857 331.1 411.902230741377 210.8 635.914285714286
0 1.30458569373004 0.384378989599645 0.887606421485543 1.12837769724429 1991.38235294118 32.4852941176471 342.457594463279 153.485294117647 101.308823529412
0 1.15161396805197 0.186677302396856 -0.0705981398932636 1.79885515160859 1061.77049180328 35.9836065573771 292.340761319685 128.409836065574 58
0.00434782608695652 1.53549375790171 0.388261002674699 0.104041110724211 1.23697524964809 16691.0857142857 379.314285714286 366.556594959203 217.4 1139.08571428571
0.00434782608695652 1.34847960007233 0.222672243344545 -0.518587979149428 1.46089620178602 9203.97058823529 345.794117647059 462.25869383157 218.132352941176 402.926470588235
0 1.58604836286977 0.139140647673048 -0.380084112752229 1.3277934435755 21225.4492753623 606.985507246377 216.261188823944 166.376811594203 3242.1884057971
0 1.16289927761536 0.149859963916242 0.438867270946503 1.55471106916666 931.534482758621 25.3275862068966 288.717739901857 119.965517241379 50.5
0 1.56265962971374 0.255640016682446 0.151984123513103 1.1545606194064 20876.5714285714 462.914285714286 242.257768095986 189.9 2521.01428571429
0.00434782608695652 1.26280194682793 0.187455712678181 -0.539684111077887 1.67702514191486 4031.66666666667 168.650793650794 400.638891360909 180.444444444444 179.809523809524
0.00434782608695652 1.52115207564932 0.276942098549255 0.168226161732798 1.065633073677 19059.3285714286 403.114285714286 310.858425767691 215.5 1767.37142857143
0 1.60141994906589 0.291091446997598 0.84674953809008 1.42925672158599 20477.884057971 459.333333333333 260.855007634279 196.710144927536 2350.84057971014
0 1.27554099806584 0.331268121162429 -0.500740501563996 1.39484563469887 1916.4 55.1076923076923 348.218683711098 164.123076923077 93.5230769230769
0.00434782608695652 1.38959216376078 0.376336636611659 -0.435841808264579 1.38819380820208 5679.74285714286 165.128571428571 418.383291097852 196.9 268.171428571429
0.00434782608695652 1.4405915309675 0.248067115875892 0.226375999394804 1.23247204665095 16542.2608695652 399.695652173913 399.873057700798 228.971014492754 1053.20289855072
0 1.22273554755375 0.351556019834243 -0.131590951234102 1.58235143385828 1094.24615384615 29.4615384615385 303.867963975982 135.261538461538 59.4307692307692
0.00434782608695652 1.45869736898805 0.29140280787693 0.872447334208946 1.57289511762385 14103.8428571429 322.428571428571 395.811200553333 218.3 871.442857142857
0 1.15194205064327 0.33741939237807 0.232571322005242 1.57890975996852 713.809523809524 16.7619047619048 273.438258549742 113.666666666667 41.7777777777778
0 1.52423668440897 0.191563133592717 0.437004251871258 1.48530114777386 20503.4857142857 546.757142857143 260.307316212914 196.5 2412.54285714286
0 1.53606208225247 0.160018321149983 -0.145111104939133 1.71469294205308 20331.7910447761 714.805970149254 238.585859078675 184.507462686567 2678.83582089552
0.00434782608695652 1.28165291661777 0.149427931054807 -0.0589109979045361 1.0122872878536 7708.65151515152 184.954545454545 423.847400974223 197.166666666667 356.287878787879
0 1.37515047783963 0.247142075770535 -0.701232205610722 1.00415135920048 12317.2898550725 348.391304347826 457.908903092149 228.057971014493 592.188405797101
0 1.1991813053377 0.172551724943332 0.919100793078542 1.5484155844897 1537.68333333333 36.8333333333333 298.69721644526 139.066666666667 76.95
0.00434782608695652 1.36556206140667 0.39071833465714 -0.831479554995894 1.01653472092003 4725.68115942029 116.753623188406 403.716063938538 189.811594202899 218.275362318841
0.00434782608695652 1.589931590841 0.351225595439206 0.971252768912619 1.45537705250813 19807.0434782609 411.217391304348 279.330460005707 203.811594202899 1921.89855072464
0 1.2080997861689 0.384377156337723 0.89218282001093 1.46590060535818 737.369230769231 14.1846153846154 285.769647844523 122.446153846154 42.2769230769231
0.00434782608695652 1.44905100760516 0.395349037763663 -0.552119958680123 1.20269103273749 9266.01449275362 258.304347826087 448.236911039073 211.521739130435 429.95652173913
0.00434782608695652 1.52056377743899 0.357738338212739 -0.130527438390164 1.72615387848757 15861.3571428571 533.3 394.642097586416 222.8 1016.32857142857
0.00434782608695652 1.32408396699466 0.36886733439751 -0.681482277810574 1.60915445946157 2881.71641791045 98.7014925373134 375.602259785845 171.970149253731 137.671641791045
0.00434782608695652 1.38779142159037 0.343207601597533 -0.692227625753731 1.03465968687087 5833.41176470588 152.411764705882 436.591088441668 190.852941176471 259.779411764706
0 1.23965291210916 0.365682331263088 -0.715607017744333 1.25951576624066 1396.9552238806 35.7462686567164 317.45913037493 145.432835820896 73.9701492537313
0 1.24043391305022 0.255185192893259 0.299514547921717 1.46005354262888 1776.17910447761 44.6119402985075 330.286308623029 156.089552238806 87.9701492537313
0 1.39663176445756 0.126536360639147 -0.530421725474298 1.24441411085427 18844.2857142857 606.285714285714 318.256131453338 225.5 1699.21428571429
0 1.56327673196793 0.192823106655851 -0.0707028764300048 1.35287479702383 20941.5714285714 571.585714285714 244.970266758145 185.5 2743.64285714286
0 1.54423050836194 0.279335322719999 -0.802795213647187 1.1812359854579 20394.7101449275 597.449275362319 278.498343390201 212.130434782609 2090.20289855072
0 1.21509036046918 0.179241612646729 0.858414254616946 1.11541395634413 1674.04761904762 30.968253968254 321.787950087548 151.666666666667 82.2380952380952
0 1.5822599361185 0.201559340814129 -0.427125739399344 1.46816095951945 21263.347826087 628.115942028986 220.040205941603 165.768115942029 3030.50724637681
0 1.6045788699761 0.303764962544665 0.367919110693038 1.05208072289824 20837.7 400.7 245.973911316226 192.5 2466.81428571429
0 1.21442452431656 0.234419587627053 -0.688187662512064 1.18628191612661 2023.88888888889 56.1587301587302 345.272909131077 150.666666666667 95.5079365079365
0.00434782608695652 1.27394702271558 0.267863723891787 -0.761357243638486 1.16752273943275 2840.19696969697 80.4242424242424 370.096206481219 169.272727272727 128.30303030303
0 1.54150361937936 0.125134564866312 -0.558700471185148 1.16012078858912 21074.2647058824 569.852941176471 229.590334574664 178.294117647059 3015.04411764706
0 1.53159585779067 0.112354901595972 0.699266409035772 1.21171135529876 21093.0428571429 474.928571428571 224.936128731784 175.5 3016.51428571429
0.00434782608695652 1.46535662540152 0.37367209652501 -0.978852611814899 1.20010970270788 12278.1884057971 399.768115942029 462.25296649276 221.260869565217 622.101449275362
0.00434782608695652 1.43068415426524 0.367425474407175 0.19127331589333 1.25151779048083 8333.91304347826 188.869565217391 432.789769939995 205.942028985507 403.260869565217
0 1.40389012880623 0.174897357728332 -0.684256412088871 1.35218846555799 17379.1571428571 640.157142857143 410.221044513653 236.5 1242.14285714286
0 1.610078009055 0.250261442037299 -0.698131331242621 1.32950622681528 21034.5714285714 613.214285714286 234.490654291231 178.7 2824.4
0.00434782608695652 1.52812379295024 0.295761652266113 0.00298557220128054 1.2743149529563 17809.1014492754 448.304347826087 326.65372765873 217 1635.59420289855
0.00434782608695652 1.41432093052837 0.347821328997711 -0.911479472164151 1.37259475595866 9398.62857142857 343.242857142857 446.164304118287 209.1 438.257142857143
0 1.19898616939317 0.336704438459128 -0.874586147721857 1.37210063003004 911.78125 24.21875 298.643165966684 131.46875 48.671875
0 1.49534419025294 0.226483991323039 -0.209215567447245 1.14339375980198 19750.6811594203 505.971014492754 311.281043046732 217.913043478261 1909.46376811594
0 1.60613991352729 0.174844457651488 0.545695308130234 1.28215243238956 21161.2571428571 494.314285714286 231.683285267818 168.7 3134.3
0.00434782608695652 1.49498311478818 0.299492936162142 0.785811775235786 1.24436049261057 16949.6231884058 332.217391304348 364.525879968938 222.579710144928 1216.89855072464
0.00434782608695652 1.48163409690477 0.247293376379288 0.341603609183007 1.61116958547421 18421.4782608696 527.202898550725 330.399439461078 216.289855072464 1590.79710144928
0.00434782608695652 1.29458107599057 0.284748776559718 0.254657228477299 1.47402812577784 3061.12121212121 78.6666666666667 369.159675907269 177.545454545455 147.333333333333
0 1.60334941253532 0.15146988814231 -0.72475842339918 1.63023019731045 20676.3043478261 730.449275362319 212.211616780956 158.666666666667 3178.92753623188
0 1.60240402722266 0.131156523292884 -0.107194497250021 1.01483058575541 21360.5428571429 468.028571428571 208.722037174147 157.7 3386.78571428571
0.00434782608695652 1.44300728882663 0.189635884691961 0.10713561438024 1.44050526563078 18265.1044776119 536.253731343284 326.067396498109 220.134328358209 1550.26865671642
0 1.46905477843247 0.235816674097441 -0.587202013004571 1.66066225189716 18915.25 756.676470588235 343.278264763344 226.058823529412 1548.10294117647
0.00434782608695652 1.41483187048656 0.290717145729657 0.00173600371772376 1.52879003810429 11016.8115942029 338.884057971014 438.5371125871 216.594202898551 539.913043478261
0 1.63914078995585 0.37912893097382 -0.617759876418859 1.19808542113751 20586.2285714286 511.185714285714 258.748868064934 196.6 2288.81428571429
0.00434782608695652 1.24753068874124 0.225527902692556 -0.40946026192978 1.46080695539713 2400.15384615385 78.6461538461539 348.007089788228 178.661538461538 116.984615384615
0.00434782608695652 1.37496998792271 0.186213611702462 0.106742666288803 1.38223060515831 13657.3088235294 395.926470588235 423.738354444986 234.088235294118 743.897058823529
0.00434782608695652 1.38298756603617 0.269344641617499 -0.68586305482313 1.60580010227859 11486.8059701493 476.686567164179 438.387281282535 211.567164179104 543.641791044776
0 1.60245097763836 0.147522456618026 0.0874689472839236 1.62817298136652 21185.1884057971 658.449275362319 217.886269102361 166.884057971014 3195.59420289855
0.00434782608695652 1.24610247445257 0.198258015230222 0.86786218586513 1.44158052784836 2810.72307692308 62.8923076923077 347.065676885015 157.446153846154 135.753846153846
0 1.57495024518576 0.240195009903982 -0.87964011868462 1.27002845797688 20874.1571428571 626.8 248.659728053078 190.5 2638.2
0 1.17348397462629 0.3948074915912 -0.8646619040519 1.33838829081506 833.861538461538 19.9384615384615 274.821912786 114.584615384615 46.9692307692308
0.00434782608695652 1.36039403106748 0.302230423800891 -0.796691675375735 1.25777380019468 6545.82857142857 217.485714285714 436.75955250432 202.1 288.571428571429
0.00434782608695652 1.46714535178617 0.277956326771528 -0.316066025290638 1.32023412305862 17014.6376811594 504.985507246377 355.192479700342 225.927536231884 1251.97101449275
0 1.60017214911059 0.30558685909491 -0.470061730593443 1.44775379188359 20289.9 605.757142857143 256.384666062904 192.5 2368.15714285714
0.00434782608695652 1.4604226012947 0.292624189332128 -0.112300930079073 1.13067086432129 14998.6086956522 364.507246376812 399.832402940836 222.072463768116 935.68115942029
0.00434782608695652 1.39692532757599 0.29824619045727 0.818688551712945 1.75358232112348 9278.15942028986 236.478260869565 419.846390441175 201.173913043478 440.391304347826
0.00434782608695652 1.33394383009598 0.175349551186698 0.324542517752973 1.2338017188281 9901.87142857143 240.414285714286 430.246961150131 219.8 470.357142857143
0.00434782608695652 1.21810784118716 0.116708000050858 -0.6101193302311 1.62600868754089 2758.12903225806 113.903225806452 370.581438196842 177.935483870968 127.387096774194
0 1.15281822611578 0.392490405123681 -0.569771757349372 1.55804833192378 565.031746031746 13.4126984126984 263.312296418286 96.5555555555556 34.0476190476191
0 1.62613602923229 0.118833733396605 -0.305637842509896 1.45691269170493 21535.5217391304 632.710144927536 195.898975612777 145.376811594203 3585.33333333333
0.00434782608695652 1.45244973313529 0.212189865880646 -0.433015214744955 1.30782738570124 18247.4057971014 570 340.816305204413 219.840579710145 1554.72463768116
0 1.51490316106938 0.126438581757247 0.381430336739868 1.2705311961472 19862.2857142857 494.028571428571 269.037496435552 193.3 2644.01428571429
0 1.39050071823876 0.162106909533031 0.572475192137063 1.54035732280463 14509.4492753623 387.623188405797 401.37731215195 241.347826086957 870.623188405797
0.00434782608695652 1.47073638029397 0.274466584180482 0.859857785981148 1.15661500245333 16516.8285714286 305.328571428571 349.032488173102 212.3 1268.64285714286
0 1.55317129716277 0.334313601162285 0.434341123327613 1.01632668618113 19774.9275362319 362.579710144928 306.587947035097 216.898550724638 1684.30434782609
0 1.55174650994595 0.113933933898807 -0.00308720301836729 1.77846842445433 21055.9428571429 753.642857142857 233.726105121496 177.7 2993.58571428571
0 1.57266435117926 0.262048322660849 -0.34383098827675 1.16612006910145 20676.2898550725 519.550724637681 257.561305344573 197.217391304348 2433.05797101449
0.00434782608695652 1.33003833817784 0.183092915685847 -0.856636442244053 1.62393032312393 8906.92063492063 424.126984126984 461.689931795422 217.888888888889 418.126984126984
0.00434782608695652 1.50875885863788 0.38649067459628 0.256081925239414 1.76940776109695 13396.6029411765 394.705882352941 424.190182774474 212.676470588235 717.279411764706
0.00434782608695652 1.25954409732949 0.270882150880061 0.0212733801454306 1.61514574792236 2423.33333333333 72.6666666666667 346.981439648069 166.090909090909 116.166666666667
0 1.49003018517978 0.170958856772631 -0.548822718206793 1.3803765270859 20133.7536231884 667.985507246377 280.546721716019 205.942028985507 2269.84057971014
0.00434782608695652 1.47279810856618 0.252498800098123 -0.293667697625739 1.36048123555128 18459.3970588235 578.029411764706 362.506837880164 229.661764705882 1380.16176470588
0.00434782608695652 1.30713731974325 0.204332936537214 0.583454682286938 1.31202730433827 6845.98507462687 157.701492537313 404.644820797322 195.582089552239 315.089552238806
0.00434782608695652 1.53470157764251 0.289499028331068 0.241110244879097 1.70285609810846 19751.7826086957 589.652173913043 284.339211723239 206.246376811594 1934.15942028986
0.00434782608695652 1.49536391181982 0.351264282216781 0.574607834053809 1.2726351697284 15170.2428571429 311.971428571429 378.209527964085 218.3 964.542857142857
0 1.17223607199267 0.325803693267517 0.390807001851499 1.21372139211744 744.301587301587 15.031746031746 280.350089470544 114.777777777778 41.5238095238095
0 1.44188849311322 0.194851079350337 -0.326272685080767 1.09721840489656 18800.2 500.842857142857 321.16863299665 227.1 1638.91428571429
0 1.50097572032828 0.192515419074334 -0.554609544575214 1.01703586410731 20228.7857142857 507.157142857143 274.811549320159 201.7 2297.95714285714
0 1.64901162122842 0.182931880117394 0.0632912386208773 1.14646502025425 21380.5571428571 483.214285714286 207.401067550542 156.5 3390.05714285714
0 1.18096534276847 0.103186802030541 0.775787509512156 1.03847346380353 2087.71698113208 38.5660377358491 348.767080092139 170.11320754717 100.905660377358
0.00434782608695652 1.42075621528289 0.280883985002955 0.32349033838757 1.58155195284773 10639.7246376812 300.942028985507 413.543958746691 215.478260869565 569.797101449275
0.00434782608695652 1.49025446112276 0.396488701711056 0.851334482269105 1.14126017978947 12012.8 198.357142857143 418.131730083773 209.6 622.671428571429
0.00434782608695652 1.37813145882995 0.19148217471973 -0.0819046168470353 1.51355106886912 13712.3676470588 459.088235294118 430.917920326792 230.382352941176 742.25
0.00434782608695652 1.34252394226875 0.391815002718458 -0.6527922473473 1.53579542143547 2993.84057971014 97.0724637681159 377.190506715951 173.173913043478 140.594202898551
0.00434782608695652 1.27296045047697 0.257034864695743 -0.880786327645183 1.77708378601819 2509.50724637681 109.840579710145 359.212666415761 173.478260869565 115.724637681159
0 1.26244430590887 0.373083087964915 -0.375570056494325 1.04888379927725 1554.82352941176 30.9264705882353 332.170163380528 141.75 79.0441176470588
0 1.64355214054231 0.263108750549145 0.640838488936424 1.05154527463019 21131.1857142857 387.671428571429 228.133249110862 171.3 2944.44285714286
0 1.55080216340721 0.137795345927589 -0.319800505414605 1.21664818488061 20951.8260869565 569.057971014493 234.440489022222 183.31884057971 2932.89855072464
0.00434782608695652 1.4222166182939 0.283774886094034 0.677967037074268 1.24500393811613 11904.5147058824 245.014705882353 407.729870017315 214.426470588235 696.235294117647
0.00434782608695652 1.39943564217459 0.192835048208876 0.873015060573607 1.62028225975716 13970.115942029 346.507246376812 403.002144170652 222.579710144928 873.434782608696
0 1.36139917429537 0.305280400021002 -0.716240037232637 1.02989738825709 6968.55882352941 191.470588235294 457.240651848754 208.455882352941 299.602941176471
0.00434782608695652 1.43457876740329 0.136251852296134 0.516207521855336 1.42141906631005 18963.5820895522 497.865671641791 294.545207803417 210.940298507463 1874.91044776119
0 1.15967669230886 0.113903957628645 0.0155304148793221 1.57281493730843 1463.25925925926 44.9259259259259 312.466041750336 138.055555555556 72.3703703703704
0.00434782608695652 1.3879592130892 0.271633875090629 0.162843479309231 1.58717655371875 7433.75714285714 222.842857142857 417.843453704564 203.8 346.585714285714
0.00434782608695652 1.2817671519937 0.109064227668568 0.648499841336161 1.30095361489803 8281.03225806452 189.370967741935 425.512705643311 215.870967741935 383.403225806452
0.00434782608695652 1.31419200024298 0.33174420876514 -0.624436839612994 1.36223729467016 3429.26470588235 105.441176470588 378.571572153291 178.602941176471 159.470588235294
0 1.24838086727541 0.300731478165835 0.31485896371305 1.36127985734493 1938.50769230769 45.2461538461538 334.889130056572 159.169230769231 95.8615384615385
0.00434782608695652 1.23605575974825 0.194415313116607 -0.369458640956505 1.09213071373957 3146.63076923077 81.8923076923077 382.816692612326 183.076923076923 137.353846153846
0 1.3824056813959 0.107104403758422 0.0998477386310697 1.18228671383113 17541.5846153846 458.953846153846 354.044308766136 238 1394.13846153846
0 1.21855458626524 0.256073807622306 -0.049120016861707 1.41568303145468 1238.24193548387 31.758064516129 311.724108098218 144.064516129032 62.0967741935484
0 1.19981228068937 0.227858027769253 0.546541483141482 1.63766603004187 1352.4262295082 35.7540983606557 302.785184338324 136.213114754098 70.0819672131148
0 1.5137237267103 0.110838930821046 0.435495575889945 1.71138098984957 21104.0294117647 662.397058823529 228.552957906407 176.338235294118 2895.08823529412
0 1.1592822680017 0.197044246993028 -0.00670371064916253 1.34095930028707 1034.80357142857 26.7678571428571 285.764547542145 124.125 54.4821428571429
0.00434782608695652 1.36215319240786 0.254258133241345 -0.462149355733997 1.48339596186501 9007 330.391304347826 445.790468168091 209.188405797101 398.130434782609
0 1.36487998159137 0.148245858377777 -0.993929164949805 1.08097903523594 16532.0597014925 572.298507462687 398.478100831366 245.522388059701 1097.08955223881
0 1.55155722934287 0.186127265775576 -0.170089410152286 1.23073628824204 20883.3623188406 548.768115942029 244.530162146461 189.202898550725 2695.69565217391
0 1.49025100141298 0.226307731843554 -0.0747367180883884 1.58247095849365 19720.2571428571 647.828571428571 307.759629542361 216 1809.04285714286
0.00434782608695652 1.3645202717511 0.23362879732158 0.633151925634593 1.54921641126275 8320.80597014925 210.119402985075 416.581332267337 202.164179104478 395.164179104478
0.00434782608695652 1.3816590679111 0.219730132515542 -0.413213146850467 1.31463201846927 13729.1142857143 452.457142857143 451.108726120991 228 718.528571428571
0 1.53371568964794 0.14139599527698 0.839434946887195 1.1988491166383 20038.0428571429 428.757142857143 235.721019955405 179.3 2714.22857142857
0 1.18722609311808 0.234031981322914 -0.0592923290096223 1.33894631788135 1211.62295081967 32.7704918032787 307.191723103649 130.704918032787 62.1803278688525
0.00434782608695652 1.32308853937243 0.34449540210166 -0.256766446456769 1.2471452430354 3025.17910447761 76.6567164179104 369.992215009415 179.492537313433 142.89552238806
0 1.53674995722249 0.169298308365978 0.508777161128819 1.78207683488727 20156.1 635.414285714286 251.41816911443 191.2 2565.85714285714
0.00434782608695652 1.22518545335339 0.170318232952884 -0.636343559788857 1.70488249465245 1852.86885245902 76.9180327868852 334.006182680959 155.491803278689 86.9508196721311
0 1.57006553814281 0.122991460375488 -0.71804643701762 1.30748092178255 21179.7794117647 646.985294117647 218.852174081733 168.205882352941 3204.07352941176
0.00434782608695652 1.44254803730901 0.369134431784065 0.0787070986683511 1.53854397052427 8371 235.128571428571 423.449364983961 207.9 405.8
0 1.60257440651767 0.185174839268439 0.776285829953849 1.62984339632094 20867.7714285714 566.357142857143 224.299334985676 172.4 3003.92857142857
0.00434782608695652 1.24762906174847 0.138567420503896 0.473104638804239 1.02060510499838 4497.015625 87.015625 385.208975542013 187.03125 199.6875
0 1.42755102317315 0.103659349982627 -0.28298513405025 1.4325631218031 19374.765625 653.734375 273.483435059674 205.734375 2110.734375
0 1.19086030868348 0.271652355371043 -0.060754768550396 1.16520690731704 1199.98305084746 27.3559322033898 305.592287588874 131.457627118644 63.728813559322
0 1.2599490422057 0.362083405372687 0.0629597087390721 1.24059639759362 1596.49206349206 34.8095238095238 334.361874241856 144.333333333333 81.5396825396825
0 1.58011930258945 0.24206279583741 0.6958002820611 1.79979596361518 19641.1884057971 565.36231884058 266.694749495526 192.246376811594 2367.69565217391
0 1.40128353969194 0.161967289587483 -0.682333763688803 1.78377686366439 18029.0597014925 844.119402985075 339.007964411238 231.940298507463 1416.92537313433
0 1.51315740621649 0.148282400891185 -0.132701967377216 1.19021277036518 20521.1818181818 534.348484848485 241.605913242337 191.015151515152 2671.77272727273
0.00434782608695652 1.20903197647735 0.120252212473851 -0.176330834795302 1.07776182322068 2880.796875 72.796875 360.262403388674 174.015625 131.9375
0.00434782608695652 1.27584945128765 0.13230630652979 0.00476065976545215 1.0231001118198 7598.65517241379 179.948275862069 432.912012254852 208.068965517241 345.603448275862
0 1.24356282663066 0.346908060694113 0.73509660968557 1.17424467392266 1220.171875 20.9375 308.49293226982 144.921875 63.78125
0.00434782608695652 1.40029388447558 0.300099626228057 0.0233799533198804 1.06538714268607 9055.66666666667 201.260869565217 444.033988321186 216.797101449275 428.521739130435
0.00434782608695652 1.34768799154554 0.278527856688015 -0.80716438870877 1.1412261011079 6617.75362318841 208.420289855072 438.46926261568 200.768115942029 284.623188405797
0.00434782608695652 1.48390616788529 0.249374679429457 0.180587477982044 1.6415678082034 18461.3188405797 567.463768115942 305.917448383196 212.63768115942 1591.21739130435
0.00434782608695652 1.45903580800055 0.265713964220181 -0.304308199988674 1.61005256227772 17237.7571428571 621.942857142857 361.350327653438 225.9 1182.31428571429
0.00434782608695652 1.38072239287444 0.350937451559882 -0.904693023156133 1.52978979559822 5157.22727272727 198.606060606061 427.470564177854 189 228.484848484848
0.00434782608695652 1.39507396984476 0.244959397945526 0.24834197656541 1.58581842531812 10839.3333333333 322.695652173913 429.91643203327 222.173913043478 541.898550724638
0 1.4969249184709 0.179237480438314 -0.903272769413888 1.44425656683743 20121.9565217391 730.942028985507 253.49640027204 192.855072463768 2396.02898550725
0.00434782608695652 1.55402516170584 0.357824678964816 -0.86597930131965 1.29956311343687 18795.8714285714 590.614285714286 317.766847125629 217.2 1550.94285714286
0 1.59053544884082 0.278623913228512 0.325323788914829 1.15002310834825 20640.1571428571 432.342857142857 252.056239554308 188 2509.22857142857
0 1.15663788046222 0.360904951905832 -0.630216704681516 1.30266549419612 599.666666666667 13.5833333333333 265.659357693436 100.8 34.35
0 1.2082233738387 0.228548338264227 -0.205279408022761 1.31455616597086 1545.18333333333 40.9833333333333 312.095203629092 145.6 79.3166666666667
0.00434782608695652 1.32709402297623 0.216854448360391 -0.704874224960804 1.65886471271515 8260.54545454545 361.212121212121 437.651285010109 210.106060606061 374.590909090909
0.00434782608695652 1.26428516516358 0.216270762729337 0.691897189047085 1.50525800724864 2812.93846153846 69.3846153846154 356.143007235073 167.892307692308 136.723076923077
0 1.59537562888581 0.227771795308217 0.959968189243227 1.15640829987824 21119.2753623188 407.695652173913 226.30020855386 174.594202898551 2879.55072463768
0 1.59035912654363 0.144152735196985 -0.820703788194805 1.53686832040548 21213.9714285714 738.057142857143 216.233964687823 165.7 3210.64285714286
0.00434782608695652 1.3763319219073 0.15702291589984 0.232544970690144 1.36897575995956 15577.2941176471 430.588235294118 417.628560176002 235.117647058824 944.897058823529
0.00434782608695652 1.51452235945564 0.396385934428725 0.404882188758073 1.05607830389628 14678.9850746269 263.910447761194 395.684902837228 213.44776119403 888.164179104478
0 1.22606288639363 0.305898172548041 0.414547116495669 1.7773745123297 1159.58064516129 31.2741935483871 302.018188075058 132.661290322581 60.6935483870968
0 1.55064720704686 0.254644010495395 0.52754271728918 1.05835188794881 20037.1739130435 385.565217391304 276.676953978513 204.115942028986 2231.01449275362
0.00434782608695652 1.39023511609994 0.13507301658392 0.340273213107139 1.3493644060567 16232.7910447761 428.89552238806 376.111604419566 233.194029850746 1228.35820895522
0 1.64145234678872 0.121221987390891 -0.450140563305467 1.42039775084704 21579.1 628.014285714286 194.628971401059 144.3 3617.18571428571
0 1.18905333043076 0.286095636500977 0.586338833905756 1.45355034116656 946.222222222222 21.1587301587302 292.596512705745 133.222222222222 51.4285714285714
0.00434782608695652 1.42651404694188 0.142337766219862 0.550056776031852 1.76086692847311 18740.3676470588 578.308823529412 316.460141790606 214.941176470588 1712.38235294118
0.00434782608695652 1.32717180768019 0.150114691095803 -0.296920094614192 1.74263834967354 10827.4029850746 455.238805970149 428.024433929749 224.731343283582 547.970149253731
0.00434782608695652 1.46667805799015 0.329657661256885 0.519299627087242 1.40101159647308 12074.8985507246 277.391304347826 403.642540730531 210.507246376812 668.971014492754
0.00434782608695652 1.35206844104667 0.36054499937098 -0.177638877228018 1.55311852034839 3941.44927536232 115.405797101449 383.117597027254 177.536231884058 189.797101449275
0.00434782608695652 1.56211234778166 0.33488491398748 0.611716444604099 1.65475462470204 19626.6857142857 503.742857142857 302.241224596835 207 1798.17142857143
0 1.59687306834385 0.134714120184071 0.866591294296086 1.23353239949793 21274.8 469.2 223.169692591238 164.4 3283.21428571429
0.00434782608695652 1.37036717265017 0.354239389117864 -0.451015733516444 1.12265110343256 5630.98529411765 138.602941176471 420.569385575827 194.147058823529 260.5
0.00434782608695652 1.34898019882522 0.276269259066465 0.682510638063544 1.24125230807177 6158.4696969697 124.863636363636 394.334339647906 192.924242424242 287.787878787879
0.00434782608695652 1.46171456236125 0.306490183397918 -0.583859931397522 1.21619628721269 15990.7941176471 473.117647058824 380.984742551143 223.588235294118 1031.01470588235
0 1.16017063728068 0.111853582272306 0.849234026391059 1.08937494158745 1528.68333333333 29.85 299.336578699634 139.066666666667 77.05
0.00434782608695652 1.46061254790984 0.272971660085022 0.370707171969116 1.37561365943402 15556.3 390.7 378.848709575447 225.7 1064.8
0.00434782608695652 1.33402005999815 0.138894312479533 -0.235815026797354 1.1590458067134 12686.8695652174 365.347826086957 443.102657215436 227.449275362319 689.260869565217
0.00434782608695652 1.46039576918169 0.382183358876679 -0.86534918816067 1.60077325848635 10537.6086956522 416.333333333333 449.660936663952 209.695652173913 515.753623188406
0 1.17241332072299 0.325469325459562 0.967179025057703 1.28851258903742 661.262295081967 12.2622950819672 268.831769587988 105.573770491803 38.8032786885246
0 1.63370531527326 0.346706398040988 0.542514969594777 1.04640642013401 20098.5294117647 357.838235294118 269.057672261281 196.205882352941 2299.95588235294
0 1.27861645105295 0.35507654203102 -0.839067914988846 1.74636900369078 1704.9696969697 64.969696969697 332.117697097443 154.212121212121 84.9848484848485
0.00434782608695652 1.59876591465436 0.380081814504229 0.594914382323623 1.7354741089046 19475.1594202899 502.434782608696 296.389564769231 209.391304347826 1756.28985507246
0.00434782608695652 1.53798406894784 0.370499973930419 -0.581667908933014 1.38092195149511 17433.9142857143 534.7 353.925715639718 219.4 1285.88571428571
0 1.48335229044314 0.146217025350779 -0.130047970451415 1.32333115395159 20071.328358209 575.074626865672 261.95527368835 197.358208955224 2436.13432835821
0 1.57966659914237 0.28712243263144 -0.507354782428592 1.67783282585442 20652.0428571429 729.514285714286 263.304155821364 198.5 2318.02857142857
0 1.62026706323959 0.178122946037911 0.0386653332971036 1.21219416186214 21318.1714285714 504.342857142857 228.167379355262 168.2 3275.25714285714
0.00434782608695652 1.44464657670489 0.216745097159213 -0.229681137011029 1.61045928981889 16345.8088235294 586.75 383.874492623997 235.632352941176 1162.72058823529
0 1.16323516515549 0.318365165404975 0.462468709331006 1.0677646515891 756.645161290323 13.3387096774194 265.747111677922 115.048387096774 44.6451612903226
0.00434782608695652 1.33512558938156 0.187879799590446 -0.516878127049999 1.7333993775113 9184.4 414.123076923077 459.331395561914 217.538461538462 417.261538461538
0.00434782608695652 1.38367416808048 0.320957653672308 -0.113754493021236 1.07878476332863 8117.79104477612 184.626865671642 420.508241317133 197.044776119403 395.373134328358
0 1.2198072409723 0.318655508034863 0.747403454966843 1.78073829226196 940.242424242424 23.9545454545455 287.891407115254 121.757575757576 51.5606060606061
0 1.40694097287487 0.18961259201169 -0.30904332222417 1.14896924812347 16921.8088235294 476.647058823529 393.539437593355 239.647058823529 1135.13235294118
0.00434782608695652 1.4242754272377 0.309296207042298 0.593843059861523 1.45724776247969 11207.8115942029 261.536231884058 401.424981273355 212.130434782609 596.101449275362
0.00434782608695652 1.27168282395669 0.295766225853249 -0.88079876861275 1.48686983296828 2018 72.7096774193548 353.137509259555 173.983870967742 95.0645161290323
0 1.41633513066918 0.15276435050182 -0.662254275288433 1.06088615972549 19651.3676470588 568.955882352941 311.573339226181 227.602941176471 1811.35294117647
0 1.60046159916092 0.349641162948683 0.707452886737883 1.59752244036645 20168.4428571429 485.014285714286 275.770276607845 204.4 1968.94285714286
0.00434782608695652 1.2872103538597 0.172889018035494 0.901779894251376 1.53657999951392 5771.11594202899 136.260869565217 399.394017931895 195.086956521739 263.68115942029
0 1.24346512996126 0.396264753770083 -0.304972322657704 1.13451258447021 1365.796875 27.515625 329.59809917069 150.171875 70.15625
0 1.2329909768654 0.355878017027862 -0.439709776081145 1.34845059923828 1246.96825396825 31.7777777777778 319.973632424151 133 64.2222222222222
0 1.57891404614784 0.337889279145747 -0.0973787647671998 1.39673378113657 20090.0142857143 534.242857142857 283.349556436368 208.3 1970.02857142857
0 1.20879762070253 0.232210229639895 0.54948115395382 1.31110918242484 1347.25806451613 28.8064516129032 323.504064897122 141.91935483871 68.6451612903226
0.00434782608695652 1.28479201068251 0.158967643450521 0.653912168304971 1.44801198830399 5168 125.25 390.42922751785 186.15625 240.59375
0 1.48853920095135 0.239320614235476 0.509896487928927 1.00981263890862 19526.4117647059 369.514705882353 296.446006648632 218.338235294118 1707.92647058824
0.00434782608695652 1.2457000318449 0.195391638833098 -0.997305397875607 1.28316557426006 3426.22222222222 125.253968253968 401.718736244464 183.666666666667 148.079365079365
0 1.39380041146651 0.296262053842656 -0.738384075928479 1.05979749839753 10543.2352941176 306.970588235294 468.495363429203 222.352941176471 479.632352941176
0.00434782608695652 1.5844380103135 0.345982601897235 0.309495785774677 1.72844914586422 19891.4285714286 567.3 273.974871411477 201 1977.27142857143
0.00434782608695652 1.31905361561386 0.242670111688171 0.577551415450768 1.3512042388335 5362.27419354839 122.274193548387 398.259314344089 193.741935483871 249.387096774194
0 1.24048107487615 0.353838654374704 -0.553057302255183 1.24477235600352 1399.79104477612 35.2835820895522 324.120039698828 147.835820895522 69.8059701492537
0 1.1947854885133 0.128676796052605 0.380021759774536 1.35325860604644 1639.40983606557 41.2786885245902 314.495089672275 144.245901639344 80.1639344262295
0.00434782608695652 1.35160957501383 0.190535646202837 0.282269131306841 1.39099106238943 9905.37878787879 266.651515151515 425.607975625871 218.909090909091 478.227272727273
0.00434782608695652 1.40040402531158 0.291521239769645 -0.979311550967395 1.11446951348335 12653.0597014925 412.716417910448 451.851904752131 218.880597014925 623.194029850746
0.00434782608695652 1.32416678919839 0.340929409039453 -0.933119695786881 1.26313808376338 3673.71212121212 118.969696969697 399.898960931152 180.515151515152 167.469696969697
0.00434782608695652 1.37503618530014 0.30362884851667 0.229676502198931 1.4075346733882 8191.18571428571 211.614285714286 421.504406569977 205.4 385.271428571429
0.00434782608695652 1.54421864085729 0.396205438781772 0.169294134024053 1.59264829111622 17413.8260869565 476.04347826087 383.19572739312 214.971014492754 1166.88405797101
