0.00211864406779661 1.3617274136981 0.187040400784463 0.755110028258059 0.515614526672289 1.73864263575524 1 9.27634656555545 6.05974605452439 0.0400911161731207 6.15888394964983
0.00211864406779661 1.43372870895631 0.314603366908053 0.661262729591035 0.452528339666188 2.03800568361682 1 9.37269728835054 6.35146728113939 0.0487412294124982 6.30815915612052
0.00211864406779661 1.3693164531125 0.257987638752118 0.660275679732053 0.394518826916055 1.51215363425855 1 9.2363394478448 6.01721351213072 0.0399899968171691 6.14325530164362
0.00211864406779661 1.47898866109237 0.330882557351807 0.669764239332813 0.716816361174552 2.45438568790823 1 9.36847453575708 6.2832008898878 0.0457175217773629 6.38350663488401
0.00211864406779661 1.36112559170345 0.199691944581814 0.812147537382124 0.323030727804127 2.00753250232359 1 9.26239187884799 6.21039925364814 0.0472646497631546 6.21926390995839
0.00211864406779661 1.3693164531125 0.257987638752118 0.660275679732053 0.394518826916055 1.51215363425855 1 9.2363394478448 6.01721351213072 0.0399899968171691 6.14325530164362
0.00211864406779661 1.48396490292876 0.326317076788239 0.855025641455123 0.357452703380961 2.25507501684059 0.966666666666667 9.45105553091953 6.37965486472943 0.0463561798301014 6.48215783405717
0.00211864406779661 1.42730086477849 0.262535615863226 0.625970414909669 0.325735778301773 1.49598856949667 1 9.82673608943699 6.6687787110316 0.0425124893822255 6.95521122013843
0.00211864406779661 1.4339276631054 0.274966187351457 0.874828964967076 0.592255852098803 2.72233136764005 0.966666666666667 9.47219256902 6.43532111216468 0.0479847773528623 6.56166451852268
0.00211864406779661 1.36528041346279 0.259221176767936 0.63887690787649 0.611399827582498 1.84316833894773 1 9.0703078930093 5.89660426608402 0.041848319970552 5.93312897009502
0.00211864406779661 1.50628652464315 0.327487067252 0.787299802384691 0.421001208458657 1.94171154758203 1 9.82433431028203 6.6270267522753 0.0408721017283648 7.07738552965778
0.00211864406779661 1.46431674648544 0.267493777690739 0.723947264135437 0.846527774782255 2.45873833476742 1 9.78172473303533 6.60118482784819 0.0415632088702314 6.97641031563155
0.00211864406779661 1.39916953479363 0.265166499390568 0.806796653967838 0.561124555567572 2.11817183744321 0.966666666666667 9.16771358888483 5.99103341970316 0.0417239418779552 6.19059801147888
0.00211864406779661 1.45467268056872 0.348571394619883 0.634364790244926 0.803165223841034 2.11388827410065 1 9.27276102701775 5.99694947733855 0.0377861914112043 6.21860011969173
0.00211864406779661 1.45138605559724 0.309967212927564 0.779299566672182 0.504009593794333 2.42848736577003 1 9.585673824905 6.55174677958657 0.0481262724926313 6.69100789517316
0.00211864406779661 1.42267099487242 0.344989403096571 0.725726565863193 0.663679551694888 2.50592467077085 1 9.23757608959543 6.14704277892643 0.0454776941965661 6.2093945313693
0.00211864406779661 1.35787042921567 0.176178168397798 0.620180012814503 0.489734692513224 1.51147066747899 0.966666666666667 9.46524184570036 6.27216107042915 0.0410452248414605 6.46753807923261
0.00211864406779661 1.42482588257389 0.369733636557246 0.672740314781756 0.503714786303517 2.35420212170017 1 8.78450417502819 5.7371097874142 0.0474824842958253 5.72673916405921
0.00211864406779661 1.42554615360058 0.223461444909987 0.682615240758523 0.736998484503117 2.44036330388735 1 9.64276760210969 6.59728211822954 0.0475732103534949 6.88021277597574
0.00211864406779661 1.45467268056872 0.348571394619883 0.634364790244926 0.803165223841034 2.11388827410065 1 9.27276102701775 5.99694947733855 0.0377861914112043 6.21860011969173
0.00211864406779661 1.41621293247746 0.282014269099387 0.611739884579804 0.527686759047373 1.92724394502825 0.966666666666667 9.42907698561012 6.37983026742523 0.0473946124475625 6.38164096270106
0.00211864406779661 1.43372870895631 0.314603366908053 0.661262729591035 0.452528339666188 2.03800568361682 1 9.37269728835054 6.35146728113939 0.0487412294124982 6.30815915612052
0.00211864406779661 1.49390374131668 0.364639237838364 0.63961126359476 0.657307002027529 2.43221460777582 1 9.41072284408779 6.35709097338177 0.0471872348667752 6.4923408400203
0.00211864406779661 1.38600769320348 0.230190389434107 0.768022039716045 0.859756991044816 2.68031957897822 0.966666666666667 9.15703780081522 6.0117741452642 0.0430555707099914 6.15843905300803
0.00211864406779661 1.45772188913571 0.250425269239583 0.76825567563923 0.838078657963722 2.45911272355595 1 9.71317212976285 6.50523582816254 0.0404399831458069 6.95368421087054
0.00211864406779661 1.37570721560623 0.101939561986364 0.695504452078603 0.828642538608983 2.19082608819008 1 9.76059245695864 6.59258780885475 0.0420874935349841 7.08960450202184
0.00211864406779661 1.42267099487242 0.344989403096571 0.725726565863193 0.663679551694888 2.50592467077085 1 9.23757608959543 6.14704277892643 0.0454776941965661 6.2093945313693
0.00211864406779661 1.39916953479363 0.265166499390568 0.806796653967838 0.561124555567572 2.11817183744321 0.966666666666667 9.16771358888483 5.99103341970316 0.0417239418779552 6.19059801147888
0.00211864406779661 1.40585629117934 0.145154575480131 0.822436916540103 0.820634533424787 2.51731589552263 1 9.77777314655346 6.63230915219771 0.0430469458723919 7.16546771481149
0.00211864406779661 1.37077612029848 0.201525126261577 0.887295904458097 0.378730550862463 1.95316088126555 0.966666666666667 9.19348532732141 6.00141487796115 0.0410867148513254 6.20692347477694
0.00211864406779661 1.33362193170469 0.185594396060333 0.64553263715934 0.485697750281543 1.90439573349431 1 9.14910306250499 6.1534416631847 0.050003543837267 6.01257351031822
0.00211864406779661 1.32999665791774 0.207808976044939 0.805385020610213 0.318582621807229 2.06247415437296 1 9.02419953099278 6.00199226899464 0.048693620079744 5.90062768043621
0.00211864406779661 1.4751330914219 0.396248913744845 0.627105559452987 0.646833668681404 2.21654067302669 0.966666666666667 9.330523590023 6.17543703920855 0.0426347107640184 6.26471102943588
0.00211864406779661 1.38002921353827 0.195022439086991 0.803739085411584 0.395627872020623 1.96126865407047 0.966666666666667 9.60273421521357 6.5187403289359 0.0457760666680641 6.64046164372545
0.00211864406779661 1.43520068039557 0.317621296242207 0.875443515612817 0.880728268960451 2.63017858091141 1 9.30806883749034 5.99246404744107 0.0363120807499418 6.36704302146595
0.00211864406779661 1.31717855209785 0.17083409942408 0.893517696648487 0.500421590641506 2.27360205283983 1 9.02664987861598 5.90944071162939 0.0442805758277323 5.92585879000999
0.00211864406779661 1.46363605852076 0.356772923266167 0.649530123624595 0.685349040389526 2.32056211354868 1 9.30152082406017 6.19072515795886 0.0445654819863681 6.26625133157403
0.00211864406779661 1.49390374131668 0.364639237838364 0.63961126359476 0.657307002027529 2.43221460777582 1 9.41072284408779 6.35709097338177 0.0471872348667752 6.4923408400203
0.00211864406779661 1.46317411494496 0.337919004821629 0.713010620072143 0.638325196590271 2.14474012878667 1 9.53293581737315 6.34750595707311 0.0413604627582011 6.54903061675779
0.00211864406779661 1.43561790377274 0.349670219075104 0.723711254554941 0.422913430774165 2.40832886139035 1 9.15496507332338 6.18242920005796 0.0511733764563714 6.12336961798792
0.00211864406779661 1.45663638104028 0.315832165966101 0.667419271262763 0.515052261027675 2.09999296057482 1 9.45210676995168 6.40036818114859 0.0472766582297035 6.44338906295381
0.00211864406779661 1.437633849742 0.295750533686808 0.789402202028653 0.494485259535056 2.33679676121129 1 9.49716457656453 6.47630547390198 0.0487593111092762 6.4391373558687
0.00211864406779661 1.52474741318386 0.397793771695158 0.739000211218332 0.520616533981577 2.68250894962352 1 9.64464557751751 6.67384564751509 0.0512622876845717 6.67813244907017
0.00211864406779661 1.52845295889739 0.357837998590732 0.91144472364407 0.551151953596004 2.58151743022871 1 9.63203091073474 6.47651071788649 0.0426162265693839 6.79088432725072
0.00211864406779661 1.51937095408182 0.334068227059428 0.749658083698554 0.551914249653734 2.48852297660817 1 9.68064395623092 6.68901866948613 0.0502057716018528 6.75355459790484
0.00211864406779661 1.4425152062919 0.386649939659902 0.741450528406575 0.619836084514153 2.59190255198061 1 8.82418757490039 5.73258586759187 0.0454291319274154 5.75858626669687
0.00211864406779661 1.41695214025676 0.186748645594344 0.815540239319671 0.67639716854319 2.1850703144446 1 9.56360651254075 6.36434906976075 0.0407924834879762 6.74590279402752
0.00211864406779661 1.39916953479363 0.265166499390568 0.806796653967838 0.561124555567572 2.11817183744321 0.966666666666667 9.16771358888483 5.99103341970316 0.0417239418779552 6.19059801147888
0.00211864406779661 1.52862506392412 0.371470586583018 0.655442866054364 0.626240684185177 2.57043245341629 1 9.72521180042592 6.7442947298291 0.0507462746027604 6.80568563874524
0.00211864406779661 1.4409882636269 0.3264796624071 0.847776159914464 0.637325881981798 2.96429619347149 1 9.37641679940104 6.35720659368482 0.0488397765098151 6.42998825911857
0.00211864406779661 1.38002921353827 0.195022439086991 0.803739085411584 0.395627872020623 1.96126865407047 0.966666666666667 9.60273421521357 6.5187403289359 0.0457760666680641 6.64046164372545
0.00211864406779661 1.47898866109237 0.330882557351807 0.669764239332813 0.716816361174552 2.45438568790823 1 9.36847453575708 6.2832008898878 0.0457175217773629 6.38350663488401
0.00211864406779661 1.4751330914219 0.396248913744845 0.627105559452987 0.646833668681404 2.21654067302669 0.966666666666667 9.330523590023 6.17543703920855 0.0426347107640184 6.26471102943588
0.00211864406779661 1.42991068025992 0.261402819714638 0.653926085867573 0.696414447208504 1.88012692302586 1 9.61596102354239 6.35726439882372 0.0384384651276468 6.6971165488064
0.00211864406779661 1.44704370706243 0.241599315953536 0.83143024791183 0.467096326120022 1.84045524581952 1 9.59134428515929 6.34235613295765 0.0388134612844605 6.7539823055926
0.00211864406779661 1.40585629117934 0.145154575480131 0.822436916540103 0.820634533424787 2.51731589552263 1 9.77777314655346 6.63230915219771 0.0430469458723919 7.16546771481149
0.00211864406779661 1.41695214025676 0.186748645594344 0.815540239319671 0.67639716854319 2.1850703144446 1 9.56360651254075 6.36434906976075 0.0407924834879762 6.74590279402752
0.00211864406779661 1.49481257905466 0.306314467220331 0.733554577645657 0.64688561953779 2.77330706666827 1 9.63709719421864 6.68760723664773 0.0523664082282612 6.69904867824347
0.00211864406779661 1.33362193170469 0.185594396060333 0.64553263715934 0.485697750281543 1.90439573349431 1 9.14910306250499 6.1534416631847 0.050003543837267 6.01257351031822
0.00211864406779661 1.45984048100073 0.365541282472626 0.634024186779053 0.883665833590781 2.65018632611227 1 9.09523998479855 5.90044514872081 0.0409749310913558 6.05529969593724
0.00211864406779661 1.42530218947473 0.25905272691367 0.718582163247575 0.652346615846069 2.71121130978465 1 9.57430038193155 6.64902772698556 0.0536500619636094 6.57265543353454
0.00211864406779661 1.49991532000833 0.310428933358246 0.686947937331277 0.331949553591522 1.67842373206278 1 9.85107257666747 6.68281845404683 0.0420769950874753 7.08285638651434
0.00211864406779661 1.45138605559724 0.309967212927564 0.779299566672182 0.504009593794333 2.42848736577003 1 9.585673824905 6.55174677958657 0.0481262724926313 6.69100789517316
0.00211864406779661 1.34958299229271 0.193257107916035 0.621494008321564 0.607778239757603 1.50628234457768 1 9.26575300356544 6.00955001465437 0.0385344362694856 6.09063091860248
0.00211864406779661 1.32999665791774 0.207808976044939 0.805385020610213 0.318582621807229 2.06247415437296 1 9.02419953099278 6.00199226899464 0.048693620079744 5.90062768043621
0.00211864406779661 1.41695214025676 0.186748645594344 0.815540239319671 0.67639716854319 2.1850703144446 1 9.56360651254075 6.36434906976075 0.0407924834879762 6.74590279402752
0.00211864406779661 1.49826121561327 0.36887074028929 0.824282330061722 0.827768488885896 2.60748712809629 1 9.32537296195564 6.02239780887787 0.0367735974068033 6.30700494768816
0.00211864406779661 1.3693164531125 0.257987638752118 0.660275679732053 0.394518826916055 1.51215363425855 1 9.2363394478448 6.01721351213072 0.0399899968171691 6.14325530164362
0.00211864406779661 1.44324887015664 0.258756117210452 0.828123254213716 0.805244086942469 2.33137775325657 1 9.55183094802318 6.25613384525069 0.0370422138147842 6.62975947611978
0.00211864406779661 1.46431674648544 0.267493777690739 0.723947264135437 0.846527774782255 2.45873833476742 1 9.78172473303533 6.60118482784819 0.0415632088702314 6.97641031563155
0.00211864406779661 1.38633886211952 0.177197377250405 0.720288242513447 0.475077474929589 1.52873473218263 1 9.74690976299293 6.47937971929087 0.038100417317202 6.88346258641309
0.00211864406779661 1.40253697289526 0.258185692787466 0.601704188494379 0.870588787086441 2.72876222878493 0.966666666666667 9.17035136375982 6.14047890588417 0.0483218007981854 6.14743622800444
0.00211864406779661 1.44330545337101 0.256573201243322 0.621836946478621 0.859211946361306 2.24306230968889 1 9.68465967528952 6.48595751625307 0.0408151411810586 6.84658884374465
0.00211864406779661 1.38633886211952 0.177197377250405 0.720288242513447 0.475077474929589 1.52873473218263 1 9.74690976299293 6.47937971929087 0.038100417317202 6.88346258641309
0.00211864406779661 1.37570721560623 0.101939561986364 0.695504452078603 0.828642538608983 2.19082608819008 1 9.76059245695864 6.59258780885475 0.0420874935349841 7.08960450202184
0.00211864406779661 1.33362193170469 0.185594396060333 0.64553263715934 0.485697750281543 1.90439573349431 1 9.14910306250499 6.1534416631847 0.050003543837267 6.01257351031822
0.00211864406779661 1.38565837666756 0.298962225037109 0.715526778506375 0.644359793230855 2.1494214223495 1 9.19463095604877 6.01713229385656 0.0416898050954206 6.12176154805584
0.00211864406779661 1.39676849508956 0.270505190109012 0.602050589400492 0.736905491126688 1.9732823526197 1 9.56584696699438 6.36112975108496 0.0405703726718231 6.49016698107166
0.00211864406779661 1.45968411111545 0.281819416530636 0.7014569866268 0.48654512608699 1.88216184013217 1 9.74230694277512 6.57246900549522 0.0420104056724034 6.98122256975289
0.00211864406779661 1.49686558055411 0.35524127073576 0.76694243332922 0.780777055634833 2.74965056876293 1 9.48809078840042 6.36153273315771 0.0438685307551881 6.58253285855018
0.00211864406779661 1.3693164531125 0.257987638752118 0.660275679732053 0.394518826916055 1.51215363425855 1 9.2363394478448 6.01721351213072 0.0399899968171691 6.14325530164362
0.00211864406779661 1.39366916820403 0.189396098403656 0.716008366729113 0.472539624002301 1.9323684520788 0.966666666666667 9.59634610421548 6.55501347679024 0.0477711858646045 6.6369416256498
0.00211864406779661 1.37570721560623 0.101939561986364 0.695504452078603 0.828642538608983 2.19082608819008 1 9.76059245695864 6.59258780885475 0.0420874935349841 7.08960450202184
0.00211864406779661 1.39916953479363 0.265166499390568 0.806796653967838 0.561124555567572 2.11817183744321 0.966666666666667 9.16771358888483 5.99103341970316 0.0417239418779552 6.19059801147888
0.00211864406779661 1.42837731373638 0.203586749667401 0.894329904240574 0.744950590560385 2.88454334228052 1 9.64940572711308 6.59203946301758 0.0470113477889969 6.88860643792115
0.00211864406779661 1.4736795046923 0.380466584245877 0.848278439700298 0.523650662900723 2.70654710390549 1 9.08671781948083 6.01989002129169 0.0465686459409914 6.04886830121992
0.00211864406779661 1.44442051660278 0.372966063043715 0.689876508045647 0.543195368573265 2.40856199600697 1 8.99807906038747 5.97041113791015 0.048428445426294 5.91494340920024
0.00211864406779661 1.31717855209785 0.17083409942408 0.893517696648487 0.500421590641506 2.27360205283983 1 9.02664987861598 5.90944071162939 0.0442805758277323 5.92585879000999
0.00211864406779661 1.42554615360058 0.223461444909987 0.682615240758523 0.736998484503117 2.44036330388735 1 9.64276760210969 6.59728211822954 0.0475732103534949 6.88021277597574
0.00211864406779661 1.46926802855126 0.380064977998435 0.744738854381872 0.660961995660867 2.67307962356454 1 9.02965747185074 5.94253687348456 0.0456331616149515 5.96443587472006
0.00211864406779661 1.42267099487242 0.344989403096571 0.725726565863193 0.663679551694888 2.50592467077085 1 9.23757608959543 6.14704277892643 0.0454776941965661 6.2093945313693
0.00211864406779661 1.51459673754856 0.348372195082988 0.607776306061657 0.669743588090995 2.02823796932215 1 9.87939804970516 6.70363790981772 0.0417623467908673 7.03073957939351
0.00211864406779661 1.52845295889739 0.357837998590732 0.91144472364407 0.551151953596004 2.58151743022871 1 9.63203091073474 6.47651071788649 0.0426162265693839 6.79088432725072
0.00211864406779661 1.52862506392412 0.371470586583018 0.655442866054364 0.626240684185177 2.57043245341629 1 9.72521180042592 6.7442947298291 0.0507462746027604 6.80568563874524
0.00211864406779661 1.42482588257389 0.369733636557246 0.672740314781756 0.503714786303517 2.35420212170017 1 8.78450417502819 5.7371097874142 0.0474824842958253 5.72673916405921
0.00211864406779661 1.38633886211952 0.177197377250405 0.720288242513447 0.475077474929589 1.52873473218263 1 9.74690976299293 6.47937971929087 0.038100417317202 6.88346258641309
0.00211864406779661 1.42867698864244 0.237647300681264 0.878667533644663 0.657375833889941 2.90060104315176 1 9.31708193355094 6.31992861328 0.0499289981245918 6.40230407599805
0.00211864406779661 1.42267099487242 0.344989403096571 0.725726565863193 0.663679551694888 2.50592467077085 1 9.23757608959543 6.14704277892643 0.0454776941965661 6.2093945313693
0.00211864406779661 1.33362193170469 0.185594396060333 0.64553263715934 0.485697750281543 1.90439573349431 1 9.14910306250499 6.1534416631847 0.050003543837267 6.01257351031822
0.00211864406779661 1.4765518311161 0.296402994984467 0.821809345471629 0.62505617916078 2.15310873785935 1 9.59709146004022 6.35662835844262 0.0391457624355552 6.70146884473435
0.00211864406779661 1.42022724835812 0.249643183681529 0.723136338904454 0.39610108808169 1.99504613333604 0.966666666666667 9.49820949589826 6.45671552104786 0.0477634787285482 6.545250567038
0.00211864406779661 1.42190998027996 0.378344501059905 0.618601596996226 0.514221999085847 2.2852728622394 1 8.92328032824664 5.90090141555357 0.0486852625033313 5.86778918574676
0.00211864406779661 1.41695214025676 0.186748645594344 0.815540239319671 0.67639716854319 2.1850703144446 1 9.56360651254075 6.36434906976075 0.0407924834879762 6.74590279402752
0.00211864406779661 1.36687491818867 0.223876535990569 0.707322529928114 0.81302422880746 2.45881522926287 0.966666666666667 9.14754378107269 6.02561606753887 0.0440721280415937 6.10725325825585
0.00211864406779661 1.4409882636269 0.3264796624071 0.847776159914464 0.637325881981798 2.96429619347149 1 9.37641679940104 6.35720659368482 0.0488397765098151 6.42998825911857
0.00211864406779661 1.45441802258508 0.340548784855011 0.729841751435464 0.50774283919672 1.89660975230789 1 9.46345170337777 6.2357823336536 0.0396498002111757 6.44423723942536
0.00211864406779661 1.36687491818867 0.223876535990569 0.707322529928114 0.81302422880746 2.45881522926287 0.966666666666667 9.14754378107269 6.02561606753887 0.0440721280415937 6.10725325825585
0.00211864406779661 1.4409882636269 0.3264796624071 0.847776159914464 0.637325881981798 2.96429619347149 1 9.37641679940104 6.35720659368482 0.0488397765098151 6.42998825911857
0.00211864406779661 1.38600769320348 0.230190389434107 0.768022039716045 0.859756991044816 2.68031957897822 0.966666666666667 9.15703780081522 6.0117741452642 0.0430555707099914 6.15843905300803
0.00211864406779661 1.36687491818867 0.223876535990569 0.707322529928114 0.81302422880746 2.45881522926287 0.966666666666667 9.14754378107269 6.02561606753887 0.0440721280415937 6.10725325825585
0.00211864406779661 1.46486952590922 0.382138474596644 0.94199322043811 0.538711790888429 2.72863488103965 1 9.10595345629013 5.9123311481102 0.0410230035187947 6.10114073683341
0.00211864406779661 1.42482588257389 0.369733636557246 0.672740314781756 0.503714786303517 2.35420212170017 1 8.78450417502819 5.7371097874142 0.0474824842958253 5.72673916405921
0.00211864406779661 1.3617274136981 0.187040400784463 0.755110028258059 0.515614526672289 1.73864263575524 1 9.27634656555545 6.05974605452439 0.0400911161731207 6.15888394964983
0.00211864406779661 1.42867698864244 0.237647300681264 0.878667533644663 0.657375833889941 2.90060104315176 1 9.31708193355094 6.31992861328 0.0499289981245918 6.40230407599805
0.00211864406779661 1.3693164531125 0.257987638752118 0.660275679732053 0.394518826916055 1.51215363425855 1 9.2363394478448 6.01721351213072 0.0399899968171691 6.14325530164362
0.00211864406779661 1.49390374131668 0.364639237838364 0.63961126359476 0.657307002027529 2.43221460777582 1 9.41072284408779 6.35709097338177 0.0471872348667752 6.4923408400203
0.00211864406779661 1.3693164531125 0.257987638752118 0.660275679732053 0.394518826916055 1.51215363425855 1 9.2363394478448 6.01721351213072 0.0399899968171691 6.14325530164362
0.00211864406779661 1.3693164531125 0.257987638752118 0.660275679732053 0.394518826916055 1.51215363425855 1 9.2363394478448 6.01721351213072 0.0399899968171691 6.14325530164362
0.00211864406779661 1.41695214025676 0.186748645594344 0.815540239319671 0.67639716854319 2.1850703144446 1 9.56360651254075 6.36434906976075 0.0407924834879762 6.74590279402752
0.00211864406779661 1.52845295889739 0.357837998590732 0.91144472364407 0.551151953596004 2.58151743022871 1 9.63203091073474 6.47651071788649 0.0426162265693839 6.79088432725072
0.00211864406779661 1.40585629117934 0.145154575480131 0.822436916540103 0.820634533424787 2.51731589552263 1 9.77777314655346 6.63230915219771 0.0430469458723919 7.16546771481149
0.00211864406779661 1.48319974399696 0.390985579434745 0.614790118873632 0.689319701820192 2.78991683659382 1 9.32730232989974 6.34065320527285 0.0504562262953594 6.44609012118577
0.00211864406779661 1.51459673754856 0.348372195082988 0.607776306061657 0.669743588090995 2.02823796932215 1 9.87939804970516 6.70363790981772 0.0417623467908673 7.03073957939351
0.00211864406779661 1.38600769320348 0.230190389434107 0.768022039716045 0.859756991044816 2.68031957897822 0.966666666666667 9.15703780081522 6.0117741452642 0.0430555707099914 6.15843905300803
0.00211864406779661 1.41695214025676 0.186748645594344 0.815540239319671 0.67639716854319 2.1850703144446 1 9.56360651254075 6.36434906976075 0.0407924834879762 6.74590279402752
0.00211864406779661 1.52862506392412 0.371470586583018 0.655442866054364 0.626240684185177 2.57043245341629 1 9.72521180042592 6.7442947298291 0.0507462746027604 6.80568563874524
0.00211864406779661 1.3617274136981 0.187040400784463 0.755110028258059 0.515614526672289 1.73864263575524 1 9.27634656555545 6.05974605452439 0.0400911161731207 6.15888394964983
0.00211864406779661 1.33362193170469 0.185594396060333 0.64553263715934 0.485697750281543 1.90439573349431 1 9.14910306250499 6.1534416631847 0.050003543837267 6.01257351031822
0.00211864406779661 1.41695214025676 0.186748645594344 0.815540239319671 0.67639716854319 2.1850703144446 1 9.56360651254075 6.36434906976075 0.0407924834879762 6.74590279402752
0.00211864406779661 1.52864640239966 0.336183687739382 0.79057973505562 0.737574132303983 2.89127005899417 1 9.74444101866107 6.66699920035101 0.0460769792916404 7.07326971745971
0.00211864406779661 1.48671006019973 0.375907587817543 0.837340371999392 0.843928624134762 2.93058186158503 1 9.39924852278994 6.17128297368382 0.0396380584967672 6.37337667078063
0.00211864406779661 1.4787622105032 0.398416570664264 0.895504369019523 0.550362468849957 2.57609307924346 1 9.04479726642105 5.8543075422684 0.0411517130157731 6.02352829995434
0.00211864406779661 1.41874681668972 0.300571420110593 0.867496124392936 0.563785925472478 2.80055868320799 1 8.96847685707387 5.93603992350238 0.0481980394737401 5.9646070929381
0.00211864406779661 1.37906454540536 0.280820892201021 0.62784086984656 0.375397345959835 1.70416063511301 1 9.15569761474648 6.08563771712523 0.046418374423951 5.99885384553984
0.00211864406779661 1.38250065275368 0.241369561533042 0.741356181254138 0.676248283476303 1.80864270300831 1 9.44189643864784 6.11662769006199 0.0359628524888409 6.42853598228531
0.00211864406779661 1.49991532000833 0.310428933358246 0.686947937331277 0.331949553591522 1.67842373206278 1 9.85107257666747 6.68281845404683 0.0420769950874753 7.08285638651434
0.00211864406779661 1.49390374131668 0.364639237838364 0.63961126359476 0.657307002027529 2.43221460777582 1 9.41072284408779 6.35709097338177 0.0471872348667752 6.4923408400203
0.00211864406779661 1.50628652464315 0.327487067252 0.787299802384691 0.421001208458657 1.94171154758203 1 9.82433431028203 6.6270267522753 0.0408721017283648 7.07738552965778
0.00211864406779661 1.37537003170424 0.227502272431111 0.684094118112486 0.731970494912745 2.23627403944149 1 9.36408811349184 6.23988590560646 0.0439720001486313 6.27557775874521
0.00211864406779661 1.46686205281567 0.31323187669317 0.81476483772012 0.659273987602723 2.42329558123918 1 9.54539493750977 6.38423834909784 0.0423767003254611 6.64833667180322
0.00211864406779661 1.37570721560623 0.101939561986364 0.695504452078603 0.828642538608983 2.19082608819008 1 9.76059245695864 6.59258780885475 0.0420874935349841 7.08960450202184
0.00211864406779661 1.38600769320348 0.230190389434107 0.768022039716045 0.859756991044816 2.68031957897822 0.966666666666667 9.15703780081522 6.0117741452642 0.0430555707099914 6.15843905300803
0.00211864406779661 1.36718299962931 0.191626575301989 0.698969481330512 0.895415293105243 2.90637218429361 0.966666666666667 9.22073444184982 6.20810423546283 0.049162201822339 6.19693561455183
0.00211864406779661 1.51937095408182 0.334068227059428 0.749658083698554 0.551914249653734 2.48852297660817 1 9.68064395623092 6.68901866948613 0.0502057716018528 6.75355459790484
0.00211864406779661 1.4858999289625 0.396341786992134 0.925613217679334 0.392028854644574 2.86828434935213 1 9.3226685569496 6.28052067511291 0.0477322560655894 6.31040300921032
0.00211864406779661 1.39684159454282 0.210216163939217 0.778261814099636 0.48854370584262 1.89615736939691 0.966666666666667 9.53571430380328 6.36895580317374 0.0421399734508205 6.65530720343982
0.00211864406779661 1.50997564349567 0.343444010805971 0.802327150972668 0.471940563176262 2.5977520018942 1 9.71395405208203 6.72711231256674 0.0504465086108778 6.88928576269848
0.00211864406779661 1.47898866109237 0.330882557351807 0.669764239332813 0.716816361174552 2.45438568790823 1 9.36847453575708 6.2832008898878 0.0457175217773629 6.38350663488401
0.00211864406779661 1.39115427571141 0.252512787796128 0.696102096427988 0.487825653712436 2.37592360784667 1 9.35585674033106 6.42648845745769 0.0534307806254341 6.34405616560908
0.00211864406779661 1.45968411111545 0.281819416530636 0.7014569866268 0.48654512608699 1.88216184013217 1 9.74230694277512 6.57246900549522 0.0420104056724034 6.98122256975289
0.00211864406779661 1.46431674648544 0.267493777690739 0.723947264135437 0.846527774782255 2.45873833476742 1 9.78172473303533 6.60118482784819 0.0415632088702314 6.97641031563155
0.00211864406779661 1.43520068039557 0.317621296242207 0.875443515612817 0.880728268960451 2.63017858091141 1 9.30806883749034 5.99246404744107 0.0363120807499418 6.36704302146595
0.00211864406779661 1.40902173127409 0.196796038780261 0.749204483356087 0.539738362172476 2.34863734711416 1 9.54702211045987 6.58777955688939 0.0518581820951801 6.61065118054404
0.00211864406779661 1.3786418787515 0.225628745215273 0.935224454945101 0.381855356110019 2.55854198696808 0.966666666666667 9.19387451628808 6.18798085702305 0.0494945033372595 6.18471751701009
0.00211864406779661 1.43177638726982 0.231655201039855 0.889531859179889 0.877647438794545 2.95275011147725 0.966666666666667 9.46288469496742 6.26221529715399 0.0407349269787526 6.49328422153838
0.00211864406779661 1.38600769320348 0.230190389434107 0.768022039716045 0.859756991044816 2.68031957897822 0.966666666666667 9.15703780081522 6.0117741452642 0.0430555707099914 6.15843905300803
0.00211864406779661 1.38002921353827 0.195022439086991 0.803739085411584 0.395627872020623 1.96126865407047 0.966666666666667 9.60273421521357 6.5187403289359 0.0457760666680641 6.64046164372545
0.00211864406779661 1.48319974399696 0.390985579434745 0.614790118873632 0.689319701820192 2.78991683659382 1 9.32730232989974 6.34065320527285 0.0504562262953594 6.44609012118577
0.00211864406779661 1.47898866109237 0.330882557351807 0.669764239332813 0.716816361174552 2.45438568790823 1 9.36847453575708 6.2832008898878 0.0457175217773629 6.38350663488401
0.00211864406779661 1.38002921353827 0.195022439086991 0.803739085411584 0.395627872020623 1.96126865407047 0.966666666666667 9.60273421521357 6.5187403289359 0.0457760666680641 6.64046164372545
0.00211864406779661 1.33362193170469 0.185594396060333 0.64553263715934 0.485697750281543 1.90439573349431 1 9.14910306250499 6.1534416631847 0.050003543837267 6.01257351031822
0.00211864406779661 1.42190998027996 0.378344501059905 0.618601596996226 0.514221999085847 2.2852728622394 1 8.92328032824664 5.90090141555357 0.0486852625033313 5.86778918574676
0.00211864406779661 1.33362193170469 0.185594396060333 0.64553263715934 0.485697750281543 1.90439573349431 1 9.14910306250499 6.1534416631847 0.050003543837267 6.01257351031822
0.00211864406779661 1.39366916820403 0.189396098403656 0.716008366729113 0.472539624002301 1.9323684520788 0.966666666666667 9.59634610421548 6.55501347679024 0.0477711858646045 6.6369416256498
0.00211864406779661 1.42482588257389 0.369733636557246 0.672740314781756 0.503714786303517 2.35420212170017 1 8.78450417502819 5.7371097874142 0.0474824842958253 5.72673916405921
0.00211864406779661 1.36782645703786 0.200162628846399 0.635647975519177 0.452897979533631 1.5938311224715 1 9.49366797748293 6.33635364332934 0.0425398355856195 6.53359502070238
0.00211864406779661 1.37570721560623 0.101939561986364 0.695504452078603 0.828642538608983 2.19082608819008 1 9.76059245695864 6.59258780885475 0.0420874935349841 7.08960450202184
0.00211864406779661 1.49390374131668 0.364639237838364 0.63961126359476 0.657307002027529 2.43221460777582 1 9.41072284408779 6.35709097338177 0.0471872348667752 6.4923408400203
0.00211864406779661 1.437633849742 0.295750533686808 0.789402202028653 0.494485259535056 2.33679676121129 1 9.49716457656453 6.47630547390198 0.0487593111092762 6.4391373558687
0.00211864406779661 1.46486952590922 0.382138474596644 0.94199322043811 0.538711790888429 2.72863488103965 1 9.10595345629013 5.9123311481102 0.0410230035187947 6.10114073683341
0.00211864406779661 1.41874681668972 0.300571420110593 0.867496124392936 0.563785925472478 2.80055868320799 1 8.96847685707387 5.93603992350238 0.0481980394737401 5.9646070929381
0.00211864406779661 1.3617274136981 0.187040400784463 0.755110028258059 0.515614526672289 1.73864263575524 1 9.27634656555545 6.05974605452439 0.0400911161731207 6.15888394964983
0.00211864406779661 1.39601248951394 0.214065215413639 0.649895320060858 0.853374853929651 2.98873690311391 1 9.40153632347579 6.48224051306827 0.0539716802171752 6.43695132956563
0.00211864406779661 1.42267099487242 0.344989403096571 0.725726565863193 0.663679551694888 2.50592467077085 1 9.23757608959543 6.14704277892643 0.0454776941965661 6.2093945313693
0.00211864406779661 1.42554615360058 0.223461444909987 0.682615240758523 0.736998484503117 2.44036330388735 1 9.64276760210969 6.59728211822954 0.0475732103534949 6.88021277597574
0.00211864406779661 1.52862506392412 0.371470586583018 0.655442866054364 0.626240684185177 2.57043245341629 1 9.72521180042592 6.7442947298291 0.0507462746027604 6.80568563874524
0.00211864406779661 1.42837731373638 0.203586749667401 0.894329904240574 0.744950590560385 2.88454334228052 1 9.64940572711308 6.59203946301758 0.0470113477889969 6.88860643792115
0.00211864406779661 1.55060096122471 0.398945898758837 0.815232268390086 0.614657169117409 2.64568142899665 1 9.78365617044985 6.64148673606226 0.0431890004922573 7.02947131099953
0.00211864406779661 1.44644052843621 0.311220428716931 0.610362217272227 0.688007058789676 2.43450425191235 1 9.34246744567296 6.33552695299587 0.0494427179475197 6.35587615241844
0.00211864406779661 1.32999665791774 0.207808976044939 0.805385020610213 0.318582621807229 2.06247415437296 1 9.02419953099278 6.00199226899464 0.048693620079744 5.90062768043621
0.00211864406779661 1.39355194533263 0.292114838274839 0.781717123384769 0.861167343186096 2.57493852431573 1 8.96570501751121 5.73431167969102 0.0395024202097089 5.90699539048153
0.00211864406779661 1.46116950086964 0.321431037037592 0.816365153297518 0.38803660275552 2.36866626346559 1 9.55665213651818 6.56681306688947 0.0502955301506768 6.53475736101147
0.00211864406779661 1.48888396099372 0.368781202269113 0.766105251382115 0.648001576274091 2.41554226178282 1 9.41857872399241 6.25094002766958 0.0421028983467406 6.42340928802053
0.00211864406779661 1.51074509460411 0.371227883791145 0.847753024069008 0.537743436368314 2.29322060709099 1 9.5447318739411 6.33871185689715 0.0405175519591914 6.56906057450782
0.00211864406779661 1.50628652464315 0.327487067252 0.787299802384691 0.421001208458657 1.94171154758203 1 9.82433431028203 6.6270267522753 0.0408721017283648 7.07738552965778
0.00211864406779661 1.37570721560623 0.101939561986364 0.695504452078603 0.828642538608983 2.19082608819008 1 9.76059245695864 6.59258780885475 0.0420874935349841 7.08960450202184
0.00211864406779661 1.39676849508956 0.270505190109012 0.602050589400492 0.736905491126688 1.9732823526197 1 9.56584696699438 6.36112975108496 0.0405703726718231 6.49016698107166
0.00211864406779661 1.36718299962931 0.191626575301989 0.698969481330512 0.895415293105243 2.90637218429361 0.966666666666667 9.22073444184982 6.20810423546283 0.049162201822339 6.19693561455183
0.00211864406779661 1.43372870895631 0.314603366908053 0.661262729591035 0.452528339666188 2.03800568361682 1 9.37269728835054 6.35146728113939 0.0487412294124982 6.30815915612052
0.00211864406779661 1.34534856519657 0.195355943724348 0.64639680430547 0.700630922156029 1.89402786272862 1 9.30791162997913 6.11706876924285 0.0411371834060475 6.19256696754531
0.00211864406779661 1.38002921353827 0.195022439086991 0.803739085411584 0.395627872020623 1.96126865407047 0.966666666666667 9.60273421521357 6.5187403289359 0.0457760666680641 6.64046164372545
0.00211864406779661 1.52175894114782 0.343733028623744 0.761375801723126 0.522990283351873 2.55635528596189 1 9.5923457738192 6.6086302066453 0.0506044598535829 6.73344157358971
0.00211864406779661 1.40471327604664 0.323158266308566 0.914932023550924 0.307383194569718 2.48005800707844 1 8.85303665897504 5.80060665929174 0.0472439819314998 5.81034227088951
0.00211864406779661 1.33362193170469 0.185594396060333 0.64553263715934 0.485697750281543 1.90439573349431 1 9.14910306250499 6.1534416631847 0.050003543837267 6.01257351031822
0.00211864406779661 1.4112366673378 0.264621461111742 0.920852087450586 0.684562134651148 2.41233252922793 1 9.37924735434828 6.12088332785888 0.0384512518193822 6.35703315821683
0.00211864406779661 1.49529748457735 0.331514508259002 0.678706612209589 0.701793049390653 2.47179643348917 1 9.70650504733099 6.62402095944512 0.0458452314992399 6.7915210433156
0.00211864406779661 1.51937095408182 0.334068227059428 0.749658083698554 0.551914249653734 2.48852297660817 1 9.68064395623092 6.68901866948613 0.0502057716018528 6.75355459790484
0.00211864406779661 1.36687491818867 0.223876535990569 0.707322529928114 0.81302422880746 2.45881522926287 0.966666666666667 9.14754378107269 6.02561606753887 0.0440721280415937 6.10725325825585
0.00211864406779661 1.45663638104028 0.315832165966101 0.667419271262763 0.515052261027675 2.09999296057482 1 9.45210676995168 6.40036818114859 0.0472766582297035 6.44338906295381
0.00211864406779661 1.38633886211952 0.177197377250405 0.720288242513447 0.475077474929589 1.52873473218263 1 9.74690976299293 6.47937971929087 0.038100417317202 6.88346258641309
0.00211864406779661 1.42022724835812 0.249643183681529 0.723136338904454 0.39610108808169 1.99504613333604 0.966666666666667 9.49820949589826 6.45671552104786 0.0477634787285482 6.545250567038
0.00211864406779661 1.47510823372372 0.351623236093425 0.646751190497814 0.550624421598879 2.10202085023805 1 9.62081955524005 6.51939307877363 0.0449849865785761 6.67131538850058
0.00211864406779661 1.33362193170469 0.185594396060333 0.64553263715934 0.485697750281543 1.90439573349431 1 9.14910306250499 6.1534416631847 0.050003543837267 6.01257351031822
0.00211864406779661 1.39916953479363 0.265166499390568 0.806796653967838 0.561124555567572 2.11817183744321 0.966666666666667 9.16771358888483 5.99103341970316 0.0417239418779552 6.19059801147888
0.00211864406779661 1.4891808663189 0.397259845229461 0.806505937455906 0.757125320745822 2.3802985324588 1 9.30600806362311 5.98536263491651 0.0361295052072289 6.364234272378
0.00211864406779661 1.42991068025992 0.261402819714638 0.653926085867573 0.696414447208504 1.88012692302586 1 9.61596102354239 6.35726439882372 0.0384384651276468 6.6971165488064
0.00211864406779661 1.41695214025676 0.186748645594344 0.815540239319671 0.67639716854319 2.1850703144446 1 9.56360651254075 6.36434906976075 0.0407924834879762 6.74590279402752
0.00211864406779661 1.51108446438154 0.377838820147735 0.90364534176654 0.499330532278533 2.9269070669634 1 9.58302284242073 6.55526205564008 0.0484239483612599 6.66687197118992
0.00211864406779661 1.36687491818867 0.223876535990569 0.707322529928114 0.81302422880746 2.45881522926287 0.966666666666667 9.14754378107269 6.02561606753887 0.0440721280415937 6.10725325825585
0.00211864406779661 1.34958299229271 0.193257107916035 0.621494008321564 0.607778239757603 1.50628234457768 1 9.26575300356544 6.00955001465437 0.0385344362694856 6.09063091860248
0.00211864406779661 1.49390374131668 0.364639237838364 0.63961126359476 0.657307002027529 2.43221460777582 1 9.41072284408779 6.35709097338177 0.0471872348667752 6.4923408400203
0.00211864406779661 1.3617274136981 0.187040400784463 0.755110028258059 0.515614526672289 1.73864263575524 1 9.27634656555545 6.05974605452439 0.0400911161731207 6.15888394964983
0.00211864406779661 1.45138605559724 0.309967212927564 0.779299566672182 0.504009593794333 2.42848736577003 1 9.585673824905 6.55174677958657 0.0481262724926313 6.69100789517316
0.00211864406779661 1.40902173127409 0.196796038780261 0.749204483356087 0.539738362172476 2.34863734711416 1 9.54702211045987 6.58777955688939 0.0518581820951801 6.61065118054404
0.00211864406779661 1.37676043704253 0.242633443257591 0.880371532300661 0.598954902755376 2.35226060069741 1 9.04547752116925 5.87558594686274 0.0420081524195862 6.01428549051868
0.00211864406779661 1.41874681668972 0.300571420110593 0.867496124392936 0.563785925472478 2.80055868320799 1 8.96847685707387 5.93603992350238 0.0481980394737401 5.9646070929381
0.00211864406779661 1.40585629117934 0.145154575480131 0.822436916540103 0.820634533424787 2.51731589552263 1 9.77777314655346 6.63230915219771 0.0430469458723919 7.16546771481149
0.00211864406779661 1.39601248951394 0.214065215413639 0.649895320060858 0.853374853929651 2.98873690311391 1 9.40153632347579 6.48224051306827 0.0539716802171752 6.43695132956563
0.00211864406779661 1.36687491818867 0.223876535990569 0.707322529928114 0.81302422880746 2.45881522926287 0.966666666666667 9.14754378107269 6.02561606753887 0.0440721280415937 6.10725325825585
0.00211864406779661 1.43561790377274 0.349670219075104 0.723711254554941 0.422913430774165 2.40832886139035 1 9.15496507332338 6.18242920005796 0.0511733764563714 6.12336961798792
0.00211864406779661 1.46243573252342 0.37775012715661 0.652567259842888 0.645400387331497 2.76076256912406 1 9.02389833766254 6.07901744411584 0.0526083254341854 5.97372479062997
0.00211864406779661 1.38111300100654 0.162780863702379 0.729537670225743 0.449775436820309 1.61086080506682 1 9.45979863420179 6.26776964653642 0.0410884184114764 6.57204941528883
0.00211864406779661 1.42190998027996 0.378344501059905 0.618601596996226 0.514221999085847 2.2852728622394 1 8.92328032824664 5.90090141555357 0.0486852625033313 5.86778918574676
0.00211864406779661 1.38600769320348 0.230190389434107 0.768022039716045 0.859756991044816 2.68031957897822 0.966666666666667 9.15703780081522 6.0117741452642 0.0430555707099914 6.15843905300803
0.00211864406779661 1.50350534428595 0.345014608741386 0.750669231176529 0.686197649244374 2.6733305417624 0.966666666666667 9.55721642876598 6.50768936207694 0.0473813273011803 6.70242624069068
0.00211864406779661 1.42267099487242 0.344989403096571 0.725726565863193 0.663679551694888 2.50592467077085 1 9.23757608959543 6.14704277892643 0.0454776941965661 6.2093945313693
0.00211864406779661 1.42482588257389 0.369733636557246 0.672740314781756 0.503714786303517 2.35420212170017 1 8.78450417502819 5.7371097874142 0.0474824842958253 5.72673916405921
0.00211864406779661 1.42159695594413 0.276835830811575 0.734356143909913 0.528923193983357 1.99821091223436 0.966666666666667 9.40616234074348 6.27359243046534 0.0436055906784226 6.38023942077577
0.00211864406779661 1.43372870895631 0.314603366908053 0.661262729591035 0.452528339666188 2.03800568361682 1 9.37269728835054 6.35146728113939 0.0487412294124982 6.30815915612052
0.00211864406779661 1.43639336376698 0.234157103264373 0.822921642138384 0.377369417595607 2.10885500847169 1 9.57067095923459 6.51880307924819 0.0472705461697443 6.71283468661167
0.00211864406779661 1.47937111999213 0.362548648496847 0.638895590780089 0.828975801392067 2.53123712452218 1 9.3709416305846 6.21959563993323 0.0427944871048784 6.30457067189992
0.00211864406779661 1.34825967503259 0.22475248351053 0.766520564029298 0.808964669742117 2.29545732488524 1 9.02095794581165 5.77081787599236 0.0387687771157867 5.90935025073105
0.00211864406779661 1.36718299962931 0.191626575301989 0.698969481330512 0.895415293105243 2.90637218429361 0.966666666666667 9.22073444184982 6.20810423546283 0.049162201822339 6.19693561455183
0.00211864406779661 1.34534856519657 0.195355943724348 0.64639680430547 0.700630922156029 1.89402786272862 1 9.30791162997913 6.11706876924285 0.0411371834060475 6.19256696754531
0.00211864406779661 1.52862506392412 0.371470586583018 0.655442866054364 0.626240684185177 2.57043245341629 1 9.72521180042592 6.7442947298291 0.0507462746027604 6.80568563874524
0.00211864406779661 1.38002921353827 0.195022439086991 0.803739085411584 0.395627872020623 1.96126865407047 0.966666666666667 9.60273421521357 6.5187403289359 0.0457760666680641 6.64046164372545
0.00211864406779661 1.42837731373638 0.203586749667401 0.894329904240574 0.744950590560385 2.88454334228052 1 9.64940572711308 6.59203946301758 0.0470113477889969 6.88860643792115
0.00211864406779661 1.3617274136981 0.187040400784463 0.755110028258059 0.515614526672289 1.73864263575524 1 9.27634656555545 6.05974605452439 0.0400911161731207 6.15888394964983
0.00211864406779661 1.33362193170469 0.185594396060333 0.64553263715934 0.485697750281543 1.90439573349431 1 9.14910306250499 6.1534416631847 0.050003543837267 6.01257351031822
0.00211864406779661 1.50645576878867 0.327483585541613 0.742982735090049 0.546386471068523 2.4264175705869 1 9.74623317232104 6.72291054164374 0.048639339018358 6.88741650798661
0.00211864406779661 1.46486952590922 0.382138474596644 0.94199322043811 0.538711790888429 2.72863488103965 1 9.10595345629013 5.9123311481102 0.0410230035187947 6.10114073683341
0.00211864406779661 1.42867698864244 0.237647300681264 0.878667533644663 0.657375833889941 2.90060104315176 1 9.31708193355094 6.31992861328 0.0499289981245918 6.40230407599805
0.00211864406779661 1.48396490292876 0.326317076788239 0.855025641455123 0.357452703380961 2.25507501684059 0.966666666666667 9.45105553091953 6.37965486472943 0.0463561798301014 6.48215783405717
0.00211864406779661 1.42862639360504 0.375258544438521 0.775518751611947 0.45626431828671 2.18551032477037 1 8.87521256453824 5.72663056873956 0.0429129344654991 5.8432545199428
0.00211864406779661 1.37537003170424 0.227502272431111 0.684094118112486 0.731970494912745 2.23627403944149 1 9.36408811349184 6.23988590560646 0.0439720001486313 6.27557775874521
0.00211864406779661 1.50645576878867 0.327483585541613 0.742982735090049 0.546386471068523 2.4264175705869 1 9.74623317232104 6.72291054164374 0.048639339018358 6.88741650798661
0.00211864406779661 1.49991532000833 0.310428933358246 0.686947937331277 0.331949553591522 1.67842373206278 1 9.85107257666747 6.68281845404683 0.0420769950874753 7.08285638651434
0.00211864406779661 1.47408936551043 0.303761353782995 0.618705869441962 0.882610621553686 2.42042940923973 1 9.82215818413624 6.63843689054731 0.0414311902721583 6.92850516990073
0.00211864406779661 1.38633886211952 0.177197377250405 0.720288242513447 0.475077474929589 1.52873473218263 1 9.74690976299293 6.47937971929087 0.038100417317202 6.88346258641309
0.00211864406779661 1.42820278483893 0.339458133572373 0.826715056241885 0.475709513875642 2.15278573301209 1 9.11511352203316 5.92790332603487 0.0412868927589368 6.07480948870813
0.00211864406779661 1.4596860163177 0.336156796045415 0.785638309321601 0.358216932195227 2.257886126235 1 9.32292771112545 6.32010860428093 0.0496469109548445 6.28270278888753
0.00211864406779661 1.4751330914219 0.396248913744845 0.627105559452987 0.646833668681404 2.21654067302669 0.966666666666667 9.330523590023 6.17543703920855 0.0426347107640184 6.26471102943588
0.00211864406779661 1.38633886211952 0.177197377250405 0.720288242513447 0.475077474929589 1.52873473218263 1 9.74690976299293 6.47937971929087 0.038100417317202 6.88346258641309
0.00211864406779661 1.39676849508956 0.270505190109012 0.602050589400492 0.736905491126688 1.9732823526197 1 9.56584696699438 6.36112975108496 0.0405703726718231 6.49016698107166
0.00211864406779661 1.3693164531125 0.257987638752118 0.660275679732053 0.394518826916055 1.51215363425855 1 9.2363394478448 6.01721351213072 0.0399899968171691 6.14325530164362
0.00211864406779661 1.40471327604664 0.323158266308566 0.914932023550924 0.307383194569718 2.48005800707844 1 8.85303665897504 5.80060665929174 0.0472439819314998 5.81034227088951
0.00211864406779661 1.33362193170469 0.185594396060333 0.64553263715934 0.485697750281543 1.90439573349431 1 9.14910306250499 6.1534416631847 0.050003543837267 6.01257351031822
0.00211864406779661 1.48888396099372 0.368781202269113 0.766105251382115 0.648001576274091 2.41554226178282 1 9.41857872399241 6.25094002766958 0.0421028983467406 6.42340928802053
0.00211864406779661 1.42837731373638 0.203586749667401 0.894329904240574 0.744950590560385 2.88454334228052 1 9.64940572711308 6.59203946301758 0.0470113477889969 6.88860643792115
0.00211864406779661 1.38002921353827 0.195022439086991 0.803739085411584 0.395627872020623 1.96126865407047 0.966666666666667 9.60273421521357 6.5187403289359 0.0457760666680641 6.64046164372545
0.00211864406779661 1.39366916820403 0.189396098403656 0.716008366729113 0.472539624002301 1.9323684520788 0.966666666666667 9.59634610421548 6.55501347679024 0.0477711858646045 6.6369416256498
0.00211864406779661 1.34537495912669 0.164422345253137 0.88334413972357 0.374492413352369 1.92647798542479 0.966666666666667 9.29827546014429 6.12912533307452 0.0420393107978374 6.17937391126301
0.00211864406779661 1.39684159454282 0.210216163939217 0.778261814099636 0.48854370584262 1.89615736939691 0.966666666666667 9.53571430380328 6.36895580317374 0.0421399734508205 6.65530720343982
0.00211864406779661 1.49390374131668 0.364639237838364 0.63961126359476 0.657307002027529 2.43221460777582 1 9.41072284408779 6.35709097338177 0.0471872348667752 6.4923408400203
0.00211864406779661 1.52864640239966 0.336183687739382 0.79057973505562 0.737574132303983 2.89127005899417 1 9.74444101866107 6.66699920035101 0.0460769792916404 7.07326971745971
0.00211864406779661 1.49390374131668 0.364639237838364 0.63961126359476 0.657307002027529 2.43221460777582 1 9.41072284408779 6.35709097338177 0.0471872348667752 6.4923408400203
0.00211864406779661 1.3693164531125 0.257987638752118 0.660275679732053 0.394518826916055 1.51215363425855 1 9.2363394478448 6.01721351213072 0.0399899968171691 6.14325530164362
0.00211864406779661 1.51459673754856 0.348372195082988 0.607776306061657 0.669743588090995 2.02823796932215 1 9.87939804970516 6.70363790981772 0.0417623467908673 7.03073957939351
0.00211864406779661 1.42730086477849 0.262535615863226 0.625970414909669 0.325735778301773 1.49598856949667 1 9.82673608943699 6.6687787110316 0.0425124893822255 6.95521122013843
0.00211864406779661 1.34825967503259 0.22475248351053 0.766520564029298 0.808964669742117 2.29545732488524 1 9.02095794581165 5.77081787599236 0.0387687771157867 5.90935025073105
0.00211864406779661 1.4917714949594 0.374000565986251 0.64466983486112 0.582607817041479 2.01440486814576 0.966666666666667 9.50079961898905 6.29939286041244 0.0407049017129947 6.62241528929827
0.00211864406779661 1.49877691213315 0.262021268658149 0.746761248406056 0.659283132868707 2.46333791888035 1 9.77884227546643 6.7293460590081 0.0473827890486062 7.10076946531484
0.00211864406779661 1.42753133632058 0.266929252716696 0.81627073831354 0.467811352159175 2.42610497898264 1 9.45125049229783 6.44423723942536 0.0494391206165744 6.4681644561446
0.00211864406779661 1.47937111999213 0.362548648496847 0.638895590780089 0.828975801392067 2.53123712452218 1 9.3709416305846 6.21959563993323 0.0427944871048784 6.30457067189992
0.00211864406779661 1.42730086477849 0.262535615863226 0.625970414909669 0.325735778301773 1.49598856949667 1 9.82673608943699 6.6687787110316 0.0425124893822255 6.95521122013843
0.00211864406779661 1.42830400672703 0.254252583005273 0.623754223967874 0.668313689524678 2.17938435279784 1 9.59296664818031 6.53823629764744 0.0471354291001935 6.60403415475726
0.00211864406779661 1.3827369808565 0.178123604136247 0.7067849050541 0.703992243259749 2.54251169519605 1 9.34733036009147 6.38945736259963 0.0519292534406836 6.48341311510428
0.00211864406779661 1.36687491818867 0.223876535990569 0.707322529928114 0.81302422880746 2.45881522926287 0.966666666666667 9.14754378107269 6.02561606753887 0.0440721280415937 6.10725325825585
0.00211864406779661 1.42820278483893 0.339458133572373 0.826715056241885 0.475709513875642 2.15278573301209 1 9.11511352203316 5.92790332603487 0.0412868927589368 6.07480948870813
0.00211864406779661 1.37537003170424 0.227502272431111 0.684094118112486 0.731970494912745 2.23627403944149 1 9.36408811349184 6.23988590560646 0.0439720001486313 6.27557775874521
0.00211864406779661 1.46486952590922 0.382138474596644 0.94199322043811 0.538711790888429 2.72863488103965 1 9.10595345629013 5.9123311481102 0.0410230035187947 6.10114073683341
0.00211864406779661 1.45984048100073 0.365541282472626 0.634024186779053 0.883665833590781 2.65018632611227 1 9.09523998479855 5.90044514872081 0.0409749310913558 6.05529969593724
0.00211864406779661 1.4891808663189 0.397259845229461 0.806505937455906 0.757125320745822 2.3802985324588 1 9.30600806362311 5.98536263491651 0.0361295052072289 6.364234272378
0.00211864406779661 1.3617274136981 0.187040400784463 0.755110028258059 0.515614526672289 1.73864263575524 1 9.27634656555545 6.05974605452439 0.0400911161731207 6.15888394964983
0.00211864406779661 1.42482588257389 0.369733636557246 0.672740314781756 0.503714786303517 2.35420212170017 1 8.78450417502819 5.7371097874142 0.0474824842958253 5.72673916405921
0.00211864406779661 1.36528041346279 0.259221176767936 0.63887690787649 0.611399827582498 1.84316833894773 1 9.0703078930093 5.89660426608402 0.041848319970552 5.93312897009502
0.00211864406779661 1.46686205281567 0.31323187669317 0.81476483772012 0.659273987602723 2.42329558123918 1 9.54539493750977 6.38423834909784 0.0423767003254611 6.64833667180322
0.00211864406779661 1.52862506392412 0.371470586583018 0.655442866054364 0.626240684185177 2.57043245341629 1 9.72521180042592 6.7442947298291 0.0507462746027604 6.80568563874524
0.00211864406779661 1.42820278483893 0.339458133572373 0.826715056241885 0.475709513875642 2.15278573301209 1 9.11511352203316 5.92790332603487 0.0412868927589368 6.07480948870813
0.00211864406779661 1.4381354430361 0.29255773613906 0.694278106641089 0.754588718076618 2.96391306469199 1 9.28797402636347 6.34715567392398 0.0528224836375525 6.26327127040147
0.00211864406779661 1.36112559170345 0.199691944581814 0.812147537382124 0.323030727804127 2.00753250232359 1 9.26239187884799 6.21039925364814 0.0472646497631546 6.21926390995839
0.00211864406779661 1.33362193170469 0.185594396060333 0.64553263715934 0.485697750281543 1.90439573349431 1 9.14910306250499 6.1534416631847 0.050003543837267 6.01257351031822
0.00211864406779661 1.38633886211952 0.177197377250405 0.720288242513447 0.475077474929589 1.52873473218263 1 9.74690976299293 6.47937971929087 0.038100417317202 6.88346258641309
0.00211864406779661 1.39355194533263 0.292114838274839 0.781717123384769 0.861167343186096 2.57493852431573 1 8.96570501751121 5.73431167969102 0.0395024202097089 5.90699539048153
0.00211864406779661 1.39355194533263 0.292114838274839 0.781717123384769 0.861167343186096 2.57493852431573 1 8.96570501751121 5.73431167969102 0.0395024202097089 5.90699539048153
0.00211864406779661 1.3693164531125 0.257987638752118 0.660275679732053 0.394518826916055 1.51215363425855 1 9.2363394478448 6.01721351213072 0.0399899968171691 6.14325530164362
0.00211864406779661 1.46395091658802 0.32944298387722 0.74346088302773 0.700462702732016 2.69263671624776 0.966666666666667 9.19437568071729 6.13571415595253 0.0469504952576496 6.1792310235011
0.00211864406779661 1.52864640239966 0.336183687739382 0.79057973505562 0.737574132303983 2.89127005899417 1 9.74444101866107 6.66699920035101 0.0460769792916404 7.07326971745971
0.00211864406779661 1.42026071073318 0.142779509283533 0.815027737357404 0.501222304661822 1.98690662625179 1 9.73627724354936 6.58607969660366 0.0428436623963531 7.22800134230718
0.00211864406779661 1.46686205281567 0.31323187669317 0.81476483772012 0.659273987602723 2.42329558123918 1 9.54539493750977 6.38423834909784 0.0423767003254611 6.64833667180322
0.00211864406779661 1.4112366673378 0.264621461111742 0.920852087450586 0.684562134651148 2.41233252922793 1 9.37924735434828 6.12088332785888 0.0384512518193822 6.35703315821683
0.00211864406779661 1.41874681668972 0.300571420110593 0.867496124392936 0.563785925472478 2.80055868320799 1 8.96847685707387 5.93603992350238 0.0481980394737401 5.9646070929381
0.00211864406779661 1.47547281991557 0.368583132761905 0.646863291415579 0.570460193905152 2.04424478767615 0.966666666666667 9.45238012232512 6.28958761185572 0.0423074320208979 6.47983298888027
0.00211864406779661 1.49826121561327 0.36887074028929 0.824282330061722 0.827768488885896 2.60748712809629 1 9.32537296195564 6.02239780887787 0.0367735974068033 6.30700494768816
0.00211864406779661 1.46363605852076 0.356772923266167 0.649530123624595 0.685349040389526 2.32056211354868 1 9.30152082406017 6.19072515795886 0.0445654819863681 6.26625133157403
0.00211864406779661 1.51179026093652 0.343593664336845 0.73355755899599 0.543045466669624 2.3136843525153 1 9.77079200097531 6.69509821839206 0.0461575939357375 6.89308147674834
0.00211864406779661 1.38830926621068 0.298080106463339 0.757616008961165 0.456092611541128 1.89592554087567 1 9.05126648190192 5.8384104879946 0.0402415194622479 5.96272207824233
0.00211864406779661 1.43448213459617 0.294279890857162 0.679696882592779 0.82776531927494 2.69038241245534 1 9.23906711294038 6.17211804680124 0.0465629989991676 6.16471732880873
0.00211864406779661 1.48991083506302 0.383984962144985 0.754883294553519 0.624394228975379 2.72330521420798 0.966666666666667 9.32095910789682 6.25997698153877 0.0468416681845265 6.32534722682246
0.00211864406779661 1.3617274136981 0.187040400784463 0.755110028258059 0.515614526672289 1.73864263575524 1 9.27634656555545 6.05974605452439 0.0400911161731207 6.15888394964983
0.00211864406779661 1.45138605559724 0.309967212927564 0.779299566672182 0.504009593794333 2.42848736577003 1 9.585673824905 6.55174677958657 0.0481262724926313 6.69100789517316
0.00211864406779661 1.42267099487242 0.344989403096571 0.725726565863193 0.663679551694888 2.50592467077085 1 9.23757608959543 6.14704277892643 0.0454776941965661 6.2093945313693
0.00211864406779661 1.33362193170469 0.185594396060333 0.64553263715934 0.485697750281543 1.90439573349431 1 9.14910306250499 6.1534416631847 0.050003543837267 6.01257351031822
0.00211864406779661 1.4425152062919 0.386649939659902 0.741450528406575 0.619836084514153 2.59190255198061 1 8.82418757490039 5.73258586759187 0.0454291319274154 5.75858626669687
0.00211864406779661 1.43372870895631 0.314603366908053 0.661262729591035 0.452528339666188 2.03800568361682 1 9.37269728835054 6.35146728113939 0.0487412294124982 6.30815915612052
0.00211864406779661 1.40902173127409 0.196796038780261 0.749204483356087 0.539738362172476 2.34863734711416 1 9.54702211045987 6.58777955688939 0.0518581820951801 6.61065118054404
0.00211864406779661 1.37570721560623 0.101939561986364 0.695504452078603 0.828642538608983 2.19082608819008 1 9.76059245695864 6.59258780885475 0.0420874935349841 7.08960450202184
0.00211864406779661 1.45138605559724 0.309967212927564 0.779299566672182 0.504009593794333 2.42848736577003 1 9.585673824905 6.55174677958657 0.0481262724926313 6.69100789517316
0.00211864406779661 1.39601248951394 0.214065215413639 0.649895320060858 0.853374853929651 2.98873690311391 1 9.40153632347579 6.48224051306827 0.0539716802171752 6.43695132956563
0.00211864406779661 1.42867698864244 0.237647300681264 0.878667533644663 0.657375833889941 2.90060104315176 1 9.31708193355094 6.31992861328 0.0499289981245918 6.40230407599805
0.00211864406779661 1.39366916820403 0.189396098403656 0.716008366729113 0.472539624002301 1.9323684520788 0.966666666666667 9.59634610421548 6.55501347679024 0.0477711858646045 6.6369416256498
0.00211864406779661 1.33362193170469 0.185594396060333 0.64553263715934 0.485697750281543 1.90439573349431 1 9.14910306250499 6.1534416631847 0.050003543837267 6.01257351031822
0.00211864406779661 1.39684159454282 0.210216163939217 0.778261814099636 0.48854370584262 1.89615736939691 0.966666666666667 9.53571430380328 6.36895580317374 0.0421399734508205 6.65530720343982
0.00211864406779661 1.51108446438154 0.377838820147735 0.90364534176654 0.499330532278533 2.9269070669634 1 9.58302284242073 6.55526205564008 0.0484239483612599 6.66687197118992
0.00211864406779661 1.31717855209785 0.17083409942408 0.893517696648487 0.500421590641506 2.27360205283983 1 9.02664987861598 5.90944071162939 0.0442805758277323 5.92585879000999
0.00211864406779661 1.4751330914219 0.396248913744845 0.627105559452987 0.646833668681404 2.21654067302669 0.966666666666667 9.330523590023 6.17543703920855 0.0426347107640184 6.26471102943588
0.00211864406779661 1.4409882636269 0.3264796624071 0.847776159914464 0.637325881981798 2.96429619347149 1 9.37641679940104 6.35720659368482 0.0488397765098151 6.42998825911857
0.00211864406779661 1.46431674648544 0.267493777690739 0.723947264135437 0.846527774782255 2.45873833476742 1 9.78172473303533 6.60118482784819 0.0415632088702314 6.97641031563155
0.00211864406779661 1.42482588257389 0.369733636557246 0.672740314781756 0.503714786303517 2.35420212170017 1 8.78450417502819 5.7371097874142 0.0474824842958253 5.72673916405921
0.00211864406779661 1.36687491818867 0.223876535990569 0.707322529928114 0.81302422880746 2.45881522926287 0.966666666666667 9.14754378107269 6.02561606753887 0.0440721280415937 6.10725325825585
0.00211864406779661 1.49826121561327 0.36887074028929 0.824282330061722 0.827768488885896 2.60748712809629 1 9.32537296195564 6.02239780887787 0.0367735974068033 6.30700494768816
0.00211864406779661 1.3617274136981 0.187040400784463 0.755110028258059 0.515614526672289 1.73864263575524 1 9.27634656555545 6.05974605452439 0.0400911161731207 6.15888394964983
0.00211864406779661 1.4858999289625 0.396341786992134 0.925613217679334 0.392028854644574 2.86828434935213 1 9.3226685569496 6.28052067511291 0.0477322560655894 6.31040300921032
0.00211864406779661 1.45138605559724 0.309967212927564 0.779299566672182 0.504009593794333 2.42848736577003 1 9.585673824905 6.55174677958657 0.0481262724926313 6.69100789517316
0.00211864406779661 1.42991068025992 0.261402819714638 0.653926085867573 0.696414447208504 1.88012692302586 1 9.61596102354239 6.35726439882372 0.0384384651276468 6.6971165488064
0.00211864406779661 1.42102985690492 0.256236227921225 0.664202028135569 0.563895256662942 1.95554346744912 1 9.75417321428784 6.65432432672947 0.0450560104028995 6.81084047913005
0.00211864406779661 1.39684159454282 0.210216163939217 0.778261814099636 0.48854370584262 1.89615736939691 0.966666666666667 9.53571430380328 6.36895580317374 0.0421399734508205 6.65530720343982
0.00211864406779661 1.47898866109237 0.330882557351807 0.669764239332813 0.716816361174552 2.45438568790823 1 9.36847453575708 6.2832008898878 0.0457175217773629 6.38350663488401
0.00211864406779661 1.31717855209785 0.17083409942408 0.893517696648487 0.500421590641506 2.27360205283983 1 9.02664987861598 5.90944071162939 0.0442805758277323 5.92585879000999
0.00211864406779661 1.36112559170345 0.199691944581814 0.812147537382124 0.323030727804127 2.00753250232359 1 9.26239187884799 6.21039925364814 0.0472646497631546 6.21926390995839
0.00211864406779661 1.47166554349547 0.320976092332592 0.852943255335069 0.536086158509436 2.95605592333893 1 9.51982062829561 6.58331700951635 0.053050890989812 6.56310301027048
0.00211864406779661 1.52175894114782 0.343733028623744 0.761375801723126 0.522990283351873 2.55635528596189 1 9.5923457738192 6.6086302066453 0.0506044598535829 6.73344157358971
0.00211864406779661 1.36528041346279 0.259221176767936 0.63887690787649 0.611399827582498 1.84316833894773 1 9.0703078930093 5.89660426608402 0.041848319970552 5.93312897009502
0.00211864406779661 1.41695214025676 0.186748645594344 0.815540239319671 0.67639716854319 2.1850703144446 1 9.56360651254075 6.36434906976075 0.0407924834879762 6.74590279402752
0.00211864406779661 1.39916953479363 0.265166499390568 0.806796653967838 0.561124555567572 2.11817183744321 0.966666666666667 9.16771358888483 5.99103341970316 0.0417239418779552 6.19059801147888
0.00211864406779661 1.42190998027996 0.378344501059905 0.618601596996226 0.514221999085847 2.2852728622394 1 8.92328032824664 5.90090141555357 0.0486852625033313 5.86778918574676
0.00211864406779661 1.34825967503259 0.22475248351053 0.766520564029298 0.808964669742117 2.29545732488524 1 9.02095794581165 5.77081787599236 0.0387687771157867 5.90935025073105
0.00211864406779661 1.40942699764925 0.313266715382923 0.7753899539626 0.682207921973223 2.21606038747789 1 9.11222024797385 5.85382950793643 0.0384502246637398 6.05067640673983
0.00211864406779661 1.51937095408182 0.334068227059428 0.749658083698554 0.551914249653734 2.48852297660817 1 9.68064395623092 6.68901866948613 0.0502057716018528 6.75355459790484
0.00211864406779661 1.45984048100073 0.365541282472626 0.634024186779053 0.883665833590781 2.65018632611227 1 9.09523998479855 5.90044514872081 0.0409749310913558 6.05529969593724
0.00211864406779661 1.3440774227186 0.202461314430987 0.79434385188573 0.408787177342934 1.66327831435115 1 9.19609268737759 5.96554826947816 0.0395359688391782 6.07909378873549
0.00211864406779661 1.38600769320348 0.230190389434107 0.768022039716045 0.859756991044816 2.68031957897822 0.966666666666667 9.15703780081522 6.0117741452642 0.0430555707099914 6.15843905300803
0.00211864406779661 1.3617274136981 0.187040400784463 0.755110028258059 0.515614526672289 1.73864263575524 1 9.27634656555545 6.05974605452439 0.0400911161731207 6.15888394964983
0.00211864406779661 1.42267099487242 0.344989403096571 0.725726565863193 0.663679551694888 2.50592467077085 1 9.23757608959543 6.14704277892643 0.0454776941965661 6.2093945313693
0.00211864406779661 1.42022724835812 0.249643183681529 0.723136338904454 0.39610108808169 1.99504613333604 0.966666666666667 9.49820949589826 6.45671552104786 0.0477634787285482 6.545250567038
0.00211864406779661 1.42730086477849 0.262535615863226 0.625970414909669 0.325735778301773 1.49598856949667 1 9.82673608943699 6.6687787110316 0.0425124893822255 6.95521122013843
0.00211864406779661 1.3440774227186 0.202461314430987 0.79434385188573 0.408787177342934 1.66327831435115 1 9.19609268737759 5.96554826947816 0.0395359688391782 6.07909378873549
0.00211864406779661 1.39507609545072 0.158186947733242 0.840711250902624 0.318571349820353 1.64900932204448 1 9.58953907417513 6.35957386867238 0.0395588751956271 6.92922318559738
0.00211864406779661 1.42730086477849 0.262535615863226 0.625970414909669 0.325735778301773 1.49598856949667 1 9.82673608943699 6.6687787110316 0.0425124893822255 6.95521122013843
0.00211864406779661 1.52862506392412 0.371470586583018 0.655442866054364 0.626240684185177 2.57043245341629 1 9.72521180042592 6.7442947298291 0.0507462746027604 6.80568563874524
0.00211864406779661 1.4109998372332 0.245333817004489 0.902277876860914 0.328419873295805 1.94542201404461 1 9.5760107355399 6.38912147276833 0.0413001452211153 6.57670166838778
0.00211864406779661 1.40906311317047 0.229308166725771 0.758267413669952 0.827159329960415 2.89080684266713 0.966666666666667 9.44972375429297 6.4150405209855 0.048089893739737 6.49874942707378
0.00211864406779661 1.47638156678488 0.359018036536865 0.885490387940983 0.61675681144066 2.34602707339294 1 9.66616266979593 6.38175961423623 0.0374629417146866 6.75409892140195
0.00211864406779661 1.43428368958372 0.303271343213913 0.641658545985653 0.659834625454163 2.52115037168371 0.966666666666667 9.42794030995869 6.43438045640297 0.0501087390706138 6.49140353975952
0.00211864406779661 1.37537003170424 0.227502272431111 0.684094118112486 0.731970494912745 2.23627403944149 1 9.36408811349184 6.23988590560646 0.0439720001486313 6.27557775874521
0.00211864406779661 1.45663638104028 0.315832165966101 0.667419271262763 0.515052261027675 2.09999296057482 1 9.45210676995168 6.40036818114859 0.0472766582297035 6.44338906295381
0.00211864406779661 1.49390374131668 0.364639237838364 0.63961126359476 0.657307002027529 2.43221460777582 1 9.41072284408779 6.35709097338177 0.0471872348667752 6.4923408400203
0.00211864406779661 1.38633886211952 0.177197377250405 0.720288242513447 0.475077474929589 1.52873473218263 1 9.74690976299293 6.47937971929087 0.038100417317202 6.88346258641309
0.00211864406779661 1.3617274136981 0.187040400784463 0.755110028258059 0.515614526672289 1.73864263575524 1 9.27634656555545 6.05974605452439 0.0400911161731207 6.15888394964983
0.00211864406779661 1.51937095408182 0.334068227059428 0.749658083698554 0.551914249653734 2.48852297660817 1 9.68064395623092 6.68901866948613 0.0502057716018528 6.75355459790484
0.00211864406779661 1.3827369808565 0.178123604136247 0.7067849050541 0.703992243259749 2.54251169519605 1 9.34733036009147 6.38945736259963 0.0519292534406836 6.48341311510428
0.00211864406779661 1.43561790377274 0.349670219075104 0.723711254554941 0.422913430774165 2.40832886139035 1 9.15496507332338 6.18242920005796 0.0511733764563714 6.12336961798792
0.00211864406779661 1.48140729019246 0.329401562566672 0.816463099254093 0.730791087465744 2.26379847361655 1 9.61539428444389 6.3262687266285 0.037286439980881 6.77128624237027
0.00211864406779661 1.34825967503259 0.22475248351053 0.766520564029298 0.808964669742117 2.29545732488524 1 9.02095794581165 5.77081787599236 0.0387687771157867 5.90935025073105
0.00211864406779661 1.42730086477849 0.262535615863226 0.625970414909669 0.325735778301773 1.49598856949667 1 9.82673608943699 6.6687787110316 0.0425124893822255 6.95521122013843
0.00211864406779661 1.45663638104028 0.315832165966101 0.667419271262763 0.515052261027675 2.09999296057482 1 9.45210676995168 6.40036818114859 0.0472766582297035 6.44338906295381
0.00211864406779661 1.36112559170345 0.199691944581814 0.812147537382124 0.323030727804127 2.00753250232359 1 9.26239187884799 6.21039925364814 0.0472646497631546 6.21926390995839
0.00211864406779661 1.45467268056872 0.348571394619883 0.634364790244926 0.803165223841034 2.11388827410065 1 9.27276102701775 5.99694947733855 0.0377861914112043 6.21860011969173
0.00211864406779661 1.35787042921567 0.176178168397798 0.620180012814503 0.489734692513224 1.51147066747899 0.966666666666667 9.46524184570036 6.27216107042915 0.0410452248414605 6.46753807923261
0.00211864406779661 1.35787042921567 0.176178168397798 0.620180012814503 0.489734692513224 1.51147066747899 0.966666666666667 9.46524184570036 6.27216107042915 0.0410452248414605 6.46753807923261
0.00211864406779661 1.339731146404 0.201142664673844 0.659610113705452 0.618428579999691 2.03476020618706 1 9.20131308165667 6.11993105148028 0.0458957834405188 6.11633352915385
0.00211864406779661 1.52175894114782 0.343733028623744 0.761375801723126 0.522990283351873 2.55635528596189 1 9.5923457738192 6.6086302066453 0.0506044598535829 6.73344157358971
0.00211864406779661 1.3693164531125 0.257987638752118 0.660275679732053 0.394518826916055 1.51215363425855 1 9.2363394478448 6.01721351213072 0.0399899968171691 6.14325530164362
0.00211864406779661 1.3440774227186 0.202461314430987 0.79434385188573 0.408787177342934 1.66327831435115 1 9.19609268737759 5.96554826947816 0.0395359688391782 6.07909378873549
0.00211864406779661 1.45919064190186 0.288863838417372 0.779690215416633 0.648371226214533 2.21446244151153 1 9.60954145755128 6.41236546334599 0.0408774793711845 6.75312670720493
0.00211864406779661 1.33362193170469 0.185594396060333 0.64553263715934 0.485697750281543 1.90439573349431 1 9.14910306250499 6.1534416631847 0.050003543837267 6.01257351031822
0.00211864406779661 1.41695214025676 0.186748645594344 0.815540239319671 0.67639716854319 2.1850703144446 1 9.56360651254075 6.36434906976075 0.0407924834879762 6.74590279402752
0.00211864406779661 1.42991068025992 0.261402819714638 0.653926085867573 0.696414447208504 1.88012692302586 1 9.61596102354239 6.35726439882372 0.0384384651276468 6.6971165488064
0.00211864406779661 1.437633849742 0.295750533686808 0.789402202028653 0.494485259535056 2.33679676121129 1 9.49716457656453 6.47630547390198 0.0487593111092762 6.4391373558687
0.00211864406779661 1.47792908379654 0.277697974336993 0.813615061596093 0.678738134590746 2.73336034602648 1 9.82822147413874 6.7917082356188 0.0480019694590097 7.03714477243932
0.00211864406779661 1.50645576878867 0.327483585541613 0.742982735090049 0.546386471068523 2.4264175705869 1 9.74623317232104 6.72291054164374 0.048639339018358 6.88741650798661
0.00211864406779661 1.3693164531125 0.257987638752118 0.660275679732053 0.394518826916055 1.51215363425855 1 9.2363394478448 6.01721351213072 0.0399899968171691 6.14325530164362
0.00211864406779661 1.42267099487242 0.344989403096571 0.725726565863193 0.663679551694888 2.50592467077085 1 9.23757608959543 6.14704277892643 0.0454776941965661 6.2093945313693
0.00211864406779661 1.4751330914219 0.396248913744845 0.627105559452987 0.646833668681404 2.21654067302669 0.966666666666667 9.330523590023 6.17543703920855 0.0426347107640184 6.26471102943588
0.00211864406779661 1.42862639360504 0.375258544438521 0.775518751611947 0.45626431828671 2.18551032477037 1 8.87521256453824 5.72663056873956 0.0429129344654991 5.8432545199428
0.00211864406779661 1.33362193170469 0.185594396060333 0.64553263715934 0.485697750281543 1.90439573349431 1 9.14910306250499 6.1534416631847 0.050003543837267 6.01257351031822
0.00211864406779661 1.437633849742 0.295750533686808 0.789402202028653 0.494485259535056 2.33679676121129 1 9.49716457656453 6.47630547390198 0.0487593111092762 6.4391373558687
0.00211864406779661 1.51699396229288 0.375670912582403 0.726711070973674 0.504282336856862 2.39975537947663 1 9.56112869034891 6.53736769748667 0.0486180220440506 6.55436066316497
0.00211864406779661 1.37570721560623 0.101939561986364 0.695504452078603 0.828642538608983 2.19082608819008 1 9.76059245695864 6.59258780885475 0.0420874935349841 7.08960450202184
0.00211864406779661 1.45697005838124 0.323683535031345 0.621775793534353 0.638648525692651 2.5062749536677 1 9.46862967840164 6.49269427720053 0.0509997064987359 6.52008097188252
0.00211864406779661 1.36528041346279 0.259221176767936 0.63887690787649 0.611399827582498 1.84316833894773 1 9.0703078930093 5.89660426608402 0.041848319970552 5.93312897009502
0.00211864406779661 1.49390374131668 0.364639237838364 0.63961126359476 0.657307002027529 2.43221460777582 1 9.41072284408779 6.35709097338177 0.0471872348667752 6.4923408400203
0.00211864406779661 1.40902173127409 0.196796038780261 0.749204483356087 0.539738362172476 2.34863734711416 1 9.54702211045987 6.58777955688939 0.0518581820951801 6.61065118054404
0.00211864406779661 1.42022724835812 0.249643183681529 0.723136338904454 0.39610108808169 1.99504613333604 0.966666666666667 9.49820949589826 6.45671552104786 0.0477634787285482 6.545250567038
0.00211864406779661 1.47806551118399 0.299773327011992 0.707614490617331 0.61098174600071 2.36886453105061 1 9.7924405289249 6.75137433618854 0.0477839154613754 6.9915141500822
0.00211864406779661 1.51108627913848 0.383755473771561 0.746368097431338 0.654119307695712 2.64312708670895 0.966666666666667 9.54878602957883 6.46775226932713 0.0459117703452785 6.62808698725391
0.00211864406779661 1.37829456971574 0.226979541481103 0.732169659458367 0.679599491059833 2.10231605758864 1 9.25874633536582 6.07242990593109 0.0413238100984823 6.25209654283318
0.00211864406779661 1.3827369808565 0.178123604136247 0.7067849050541 0.703992243259749 2.54251169519605 1 9.34733036009147 6.38945736259963 0.0519292534406836 6.48341311510428
0.00211864406779661 1.40471327604664 0.323158266308566 0.914932023550924 0.307383194569718 2.48005800707844 1 8.85303665897504 5.80060665929174 0.0472439819314998 5.81034227088951
0.00211864406779661 1.34534856519657 0.195355943724348 0.64639680430547 0.700630922156029 1.89402786272862 1 9.30791162997913 6.11706876924285 0.0411371834060475 6.19256696754531
0.00211864406779661 1.42837731373638 0.203586749667401 0.894329904240574 0.744950590560385 2.88454334228052 1 9.64940572711308 6.59203946301758 0.0470113477889969 6.88860643792115
0.00211864406779661 1.42482588257389 0.369733636557246 0.672740314781756 0.503714786303517 2.35420212170017 1 8.78450417502819 5.7371097874142 0.0474824842958253 5.72673916405921
0.00211864406779661 1.49390374131668 0.364639237838364 0.63961126359476 0.657307002027529 2.43221460777582 1 9.41072284408779 6.35709097338177 0.0471872348667752 6.4923408400203
0.00211864406779661 1.41695214025676 0.186748645594344 0.815540239319671 0.67639716854319 2.1850703144446 1 9.56360651254075 6.36434906976075 0.0407924834879762 6.74590279402752
0.00211864406779661 1.40471327604664 0.323158266308566 0.914932023550924 0.307383194569718 2.48005800707844 1 8.85303665897504 5.80060665929174 0.0472439819314998 5.81034227088951
0.00211864406779661 1.32999665791774 0.207808976044939 0.805385020610213 0.318582621807229 2.06247415437296 1 9.02419953099278 6.00199226899464 0.048693620079744 5.90062768043621
0.00211864406779661 1.38002921353827 0.195022439086991 0.803739085411584 0.395627872020623 1.96126865407047 0.966666666666667 9.60273421521357 6.5187403289359 0.0457760666680641 6.64046164372545
0.00211864406779661 1.34825967503259 0.22475248351053 0.766520564029298 0.808964669742117 2.29545732488524 1 9.02095794581165 5.77081787599236 0.0387687771157867 5.90935025073105
0.00211864406779661 1.37537003170424 0.227502272431111 0.684094118112486 0.731970494912745 2.23627403944149 1 9.36408811349184 6.23988590560646 0.0439720001486313 6.27557775874521
0.00211864406779661 1.51937095408182 0.334068227059428 0.749658083698554 0.551914249653734 2.48852297660817 1 9.68064395623092 6.68901866948613 0.0502057716018528 6.75355459790484
0.00211864406779661 1.46686205281567 0.31323187669317 0.81476483772012 0.659273987602723 2.42329558123918 1 9.54539493750977 6.38423834909784 0.0423767003254611 6.64833667180322
0.00211864406779661 1.52862506392412 0.371470586583018 0.655442866054364 0.626240684185177 2.57043245341629 1 9.72521180042592 6.7442947298291 0.0507462746027604 6.80568563874524
0.00211864406779661 1.36718299962931 0.191626575301989 0.698969481330512 0.895415293105243 2.90637218429361 0.966666666666667 9.22073444184982 6.20810423546283 0.049162201822339 6.19693561455183
0.00211864406779661 1.42482588257389 0.369733636557246 0.672740314781756 0.503714786303517 2.35420212170017 1 8.78450417502819 5.7371097874142 0.0474824842958253 5.72673916405921
0.00211864406779661 1.42554615360058 0.223461444909987 0.682615240758523 0.736998484503117 2.44036330388735 1 9.64276760210969 6.59728211822954 0.0475732103534949 6.88021277597574
0.00211864406779661 1.41695214025676 0.186748645594344 0.815540239319671 0.67639716854319 2.1850703144446 1 9.56360651254075 6.36434906976075 0.0407924834879762 6.74590279402752
0.00211864406779661 1.41695214025676 0.186748645594344 0.815540239319671 0.67639716854319 2.1850703144446 1 9.56360651254075 6.36434906976075 0.0407924834879762 6.74590279402752
0.00211864406779661 1.52305127526084 0.359642297729167 0.761422167409817 0.63960367985915 2.56353877408375 1 9.65030781421707 6.56380851085239 0.0456615220793608 6.78859629714582
0.00211864406779661 1.52845295889739 0.357837998590732 0.91144472364407 0.551151953596004 2.58151743022871 1 9.63203091073474 6.47651071788649 0.0426162265693839 6.79088432725072
0.00211864406779661 1.38002921353827 0.195022439086991 0.803739085411584 0.395627872020623 1.96126865407047 0.966666666666667 9.60273421521357 6.5187403289359 0.0457760666680641 6.64046164372545
0.00211864406779661 1.40942699764925 0.313266715382923 0.7753899539626 0.682207921973223 2.21606038747789 1 9.11222024797385 5.85382950793643 0.0384502246637398 6.05067640673983
0.00211864406779661 1.50628652464315 0.327487067252 0.787299802384691 0.421001208458657 1.94171154758203 1 9.82433431028203 6.6270267522753 0.0408721017283648 7.07738552965778
0.00211864406779661 1.49390374131668 0.364639237838364 0.63961126359476 0.657307002027529 2.43221460777582 1 9.41072284408779 6.35709097338177 0.0471872348667752 6.4923408400203
0.00211864406779661 1.36687491818867 0.223876535990569 0.707322529928114 0.81302422880746 2.45881522926287 0.966666666666667 9.14754378107269 6.02561606753887 0.0440721280415937 6.10725325825585
0.00211864406779661 1.41695214025676 0.186748645594344 0.815540239319671 0.67639716854319 2.1850703144446 1 9.56360651254075 6.36434906976075 0.0407924834879762 6.74590279402752
0.00211864406779661 1.4751330914219 0.396248913744845 0.627105559452987 0.646833668681404 2.21654067302669 0.966666666666667 9.330523590023 6.17543703920855 0.0426347107640184 6.26471102943588
0.00211864406779661 1.46141266423527 0.365031453283015 0.733974581041772 0.477000035426547 1.93099881138281 1 9.29656088075642 6.07909378873549 0.0400563890230999 6.20691189178772
0.00211864406779661 1.36687491818867 0.223876535990569 0.707322529928114 0.81302422880746 2.45881522926287 0.966666666666667 9.14754378107269 6.02561606753887 0.0440721280415937 6.10725325825585
0.00211864406779661 1.40585629117934 0.145154575480131 0.822436916540103 0.820634533424787 2.51731589552263 1 9.77777314655346 6.63230915219771 0.0430469458723919 7.16546771481149
0.00211864406779661 1.4891808663189 0.397259845229461 0.806505937455906 0.757125320745822 2.3802985324588 1 9.30600806362311 5.98536263491651 0.0361295052072289 6.364234272378
0.00211864406779661 1.42482588257389 0.369733636557246 0.672740314781756 0.503714786303517 2.35420212170017 1 8.78450417502819 5.7371097874142 0.0474824842958253 5.72673916405921
0.00211864406779661 1.47937111999213 0.362548648496847 0.638895590780089 0.828975801392067 2.53123712452218 1 9.3709416305846 6.21959563993323 0.0427944871048784 6.30457067189992
0.00211864406779661 1.3617274136981 0.187040400784463 0.755110028258059 0.515614526672289 1.73864263575524 1 9.27634656555545 6.05974605452439 0.0400911161731207 6.15888394964983
0.00211864406779661 1.3827369808565 0.178123604136247 0.7067849050541 0.703992243259749 2.54251169519605 1 9.34733036009147 6.38945736259963 0.0519292534406836 6.48341311510428
0.00211864406779661 1.45593847562979 0.364946016331866 0.72574913346873 0.671858671933286 2.57394197468108 1 9.34726350613681 6.23100624423183 0.0443227468010767 6.34674685511262
0.00211864406779661 1.4339276631054 0.274966187351457 0.874828964967076 0.592255852098803 2.72233136764005 0.966666666666667 9.47219256902 6.43532111216468 0.0479847773528623 6.56166451852268
0.00211864406779661 1.3693164531125 0.257987638752118 0.660275679732053 0.394518826916055 1.51215363425855 1 9.2363394478448 6.01721351213072 0.0399899968171691 6.14325530164362
0.00211864406779661 1.42482588257389 0.369733636557246 0.672740314781756 0.503714786303517 2.35420212170017 1 8.78450417502819 5.7371097874142 0.0474824842958253 5.72673916405921
0.00211864406779661 1.44651518766242 0.352354594497522 0.716608122597741 0.744663681737529 2.64245089123766 1 9.19073952432112 6.06664932025575 0.0439769254564429 6.1390221114656
0.00211864406779661 1.48319974399696 0.390985579434745 0.614790118873632 0.689319701820192 2.78991683659382 1 9.32730232989974 6.34065320527285 0.0504562262953594 6.44609012118577
0.00211864406779661 1.49390374131668 0.364639237838364 0.63961126359476 0.657307002027529 2.43221460777582 1 9.41072284408779 6.35709097338177 0.0471872348667752 6.4923408400203
0.00211864406779661 1.37570721560623 0.101939561986364 0.695504452078603 0.828642538608983 2.19082608819008 1 9.76059245695864 6.59258780885475 0.0420874935349841 7.08960450202184
0.00211864406779661 1.49600333569233 0.284175391993245 0.71449203200085 0.804039171201192 2.68175007383195 1 9.75043349342274 6.6584388533639 0.0454112848402447 7.00778159304926
0.00211864406779661 1.42491630085809 0.268387675857582 0.771700310071175 0.682349023401817 2.19579261176032 1 9.4140047636729 6.21939661515399 0.0409825813152929 6.3655536473005
0.00211864406779661 1.49390374131668 0.364639237838364 0.63961126359476 0.657307002027529 2.43221460777582 1 9.41072284408779 6.35709097338177 0.0471872348667752 6.4923408400203
0.00211864406779661 1.41695214025676 0.186748645594344 0.815540239319671 0.67639716854319 2.1850703144446 1 9.56360651254075 6.36434906976075 0.0407924834879762 6.74590279402752
0.00211864406779661 1.33362193170469 0.185594396060333 0.64553263715934 0.485697750281543 1.90439573349431 1 9.14910306250499 6.1534416631847 0.050003543837267 6.01257351031822
0.00211864406779661 1.37109135148523 0.210329967950813 0.657575111790795 0.427140385674244 2.09156820383551 1 9.35200774424307 6.44115917086974 0.0544295228231373 6.31191628088919
0.00211864406779661 1.52862506392412 0.371470586583018 0.655442866054364 0.626240684185177 2.57043245341629 1 9.72521180042592 6.7442947298291 0.0507462746027604 6.80568563874524
0.00211864406779661 1.49991532000833 0.310428933358246 0.686947937331277 0.331949553591522 1.67842373206278 1 9.85107257666747 6.68281845404683 0.0420769950874753 7.08285638651434
0.00211864406779661 1.3617274136981 0.187040400784463 0.755110028258059 0.515614526672289 1.73864263575524 1 9.27634656555545 6.05974605452439 0.0400911161731207 6.15888394964983
0.00211864406779661 1.39676849508956 0.270505190109012 0.602050589400492 0.736905491126688 1.9732823526197 1 9.56584696699438 6.36112975108496 0.0405703726718231 6.49016698107166
0.00211864406779661 1.39916953479363 0.265166499390568 0.806796653967838 0.561124555567572 2.11817183744321 0.966666666666667 9.16771358888483 5.99103341970316 0.0417239418779552 6.19059801147888
0.00211864406779661 1.40733070131103 0.252032568814078 0.752063570365424 0.466221467919587 1.60331876552317 1 9.42326118200354 6.12919544279626 0.0371026924506851 6.42632663206693
0.00211864406779661 1.39601248951394 0.214065215413639 0.649895320060858 0.853374853929651 2.98873690311391 1 9.40153632347579 6.48224051306827 0.0539716802171752 6.43695132956563
0.00211864406779661 1.454255770062 0.314389739282757 0.753843726748084 0.779636378166872 2.84786277261733 0.966666666666667 9.34414758862673 6.27605996418488 0.0465100144787645 6.30230314969926
0.00211864406779661 1.49991532000833 0.310428933358246 0.686947937331277 0.331949553591522 1.67842373206278 1 9.85107257666747 6.68281845404683 0.0420769950874753 7.08285638651434
0.00211864406779661 1.37813047434346 0.269053133957698 0.621847776714838 0.487634584011616 2.1478538284737 1 9.16446046888585 6.19746193958722 0.0514575270374494 6.12541251961772
0.00211864406779661 1.51108446438154 0.377838820147735 0.90364534176654 0.499330532278533 2.9269070669634 1 9.58302284242073 6.55526205564008 0.0484239483612599 6.66687197118992
0.00211864406779661 1.33362193170469 0.185594396060333 0.64553263715934 0.485697750281543 1.90439573349431 1 9.14910306250499 6.1534416631847 0.050003543837267 6.01257351031822
0.00211864406779661 1.51090081053445 0.371936767563166 0.759788412463995 0.540467926363556 2.44158182592879 0.966666666666667 9.59363273593408 6.51522341611346 0.0460324213030101 6.66704453096842
0.00211864406779661 1.40471327604664 0.323158266308566 0.914932023550924 0.307383194569718 2.48005800707844 1 8.85303665897504 5.80060665929174 0.0472439819314998 5.81034227088951
