0.00454545454545455 1.47804371323436 0.216378797218204 0.219915205147117 0.96 5721.27083333333 106.666666666667 372.160890005143
0.00454545454545455 1.54684674302116 0.392167540150695 -0.274751042015851 1 4812.96 90.92 376.384283667087
0.00454545454545455 1.46786928027868 0.336332930647768 0.506056973710656 1 3642.66 56.92 445.215099449801
0.00454545454545455 1.628053780552 0.287263871938922 0.997530779801309 1 5283.22 69.1 298.535091542545
0.00454545454545455 1.41123611135408 0.113724015839398 0.333764838986099 0.96 5244.3125 100.375 300.026063713192
0.00454545454545455 1.47771128490567 0.189785133698024 0.666704397648573 0.98 5542.02040816327 90.5510204081633 328.812141990277
0.00454545454545455 1.53211954254657 0.329665151331574 0.732836585026234 0.96 5182.20833333333 70 439.255213863539
0.00454545454545455 1.44469979964197 0.163806671835482 0.963963908143342 0.94 4769.76595744681 71.3191489361702 327.414239346391
0.00454545454545455 1.36175115639344 0.199393584579229 -0.0234429305419326 0.94 3168.34042553192 67.2127659574468 388.874637600769
0.00454545454545455 1.33752508116886 0.379330387222581 -0.156471200287342 0.94 621.574468085106 10.3404255319149 281.312444875933
0.00454545454545455 1.26126306913793 0.308790395176038 -0.983418292365968 0.9 673.355555555556 17.0222222222222 270.662997034795
0.00454545454545455 1.50566461225972 0.36823781337589 0.111423992551863 0.98 3847.04081632653 65.4081632653061 443.580404825659
0.00454545454545455 1.36135413469747 0.181256669037975 0.617860953323543 0.96 2763.375 45.6458333333333 382.709851409318
0.00454545454545455 1.5810752001591 0.165181832155213 0.0811916273087263 1 5587.54 120.28 229.010610741886
0.00454545454545455 1.41179418470711 0.344758678227663 -0.872861821670085 0.94 3317.14893617021 89.1063829787234 476.576499378856
0.00454545454545455 1.64467187598348 0.136938961222768 -0.138068006373942 0.98 5623.40816326531 133.020408163265 191.046928385289
0.00454545454545455 1.43746979925781 0.211321286205202 -0.212078852578998 0.98 5342.20408163265 114.489795918367 353.209568395026
0.00454545454545455 1.47278473377228 0.35980189491529 -0.734835221432149 1 4025.06 99.74 452.436152474434
0.00454545454545455 1.38016737569124 0.191894955607131 0.506419609300792 0.98 3900.97959183673 65.2448979591837 373.145574719063
0.00454545454545455 1.36843135477975 0.333200604631566 0.604378046002239 0.96 1445.25 22.1875 361.918040105735
0.00454545454545455 1.62306336835027 0.146934035560116 0.67480971198529 1 5646.4 86.52 205.208969615718
0.00454545454545455 1.41053440310061 0.137745331390761 -0.246156071778387 0.94 5606.06382978723 125.936170212766 332.296685495907
0.00454545454545455 1.49390901438892 0.178493260405958 -0.557859782129526 1 5663.94 150.14 269.437413507488
0.00454545454545455 1.36227466175333 0.135292120161466 -0.277830778155476 0.98 4468.83673469388 102.061224489796 330.130367887404
0.00454545454545455 1.3142722858116 0.133116701687686 -0.485904434230179 0.9 3520.4 92.4666666666667 394.918181335085
0.00454545454545455 1.50834004553035 0.239957315963693 0.725885597057641 0.98 5332.08163265306 82.2448979591837 353.58427385353
0.00454545454545455 1.404668207746 0.310155082307756 -0.113029948901385 0.94 2901.36170212766 57.8510638297872 423.700416529585
0.00454545454545455 1.62949105771258 0.230011334992014 0.65237375581637 0.98 5733.02040816327 89.4285714285714 226.486039772973
0.00454545454545455 1.55246079321951 0.344087373279035 0.218857327010483 0.98 4682.40816326531 79.265306122449 386.262138940441
0.00454545454545455 1.60779409678653 0.168988742679358 -0.509012833703309 0.98 5526.85714285714 155.448979591837 206.411669994963
0.00454545454545455 1.45972730349749 0.17169579048641 0.963326862547547 1 5795.32 82.72 345.660515292389
0.00454545454545455 1.40388204893097 0.379614742519334 0.715427787508816 0.94 1323.31914893617 17.6170212765957 325.64922037166
0.00454545454545455 1.48491754503921 0.262416662462056 -0.64380074897781 0.96 5276.58333333333 121.416666666667 311.218628322422
0.00454545454545455 1.29971429556608 0.251843177783303 -0.50989510351792 0.98 1479.95918367347 35.9591836734694 352.408269986468
0.00454545454545455 1.35449029020965 0.378407567623071 -0.739097712095827 0.94 1029.36170212766 23.4255319148936 303.488832858316
0.00454545454545455 1.39641968375072 0.276092363614589 -0.219580504111946 0.98 3238.79591836735 69.6122448979592 444.13187171023
0.00454545454545455 1.38263225862756 0.358158559235744 0.613752390258014 0.98 1013.30612244898 14.1020408163265 310.344397855999
0.00454545454545455 1.40771472612396 0.361659068102017 0.741284659132361 0.98 1276.55102040816 17.1428571428571 351.181001021305
0.00454545454545455 1.43742402717471 0.340616051456891 -0.592482655774802 0.94 4061.04255319149 94.2978723404255 457.508951672241
0.00454545454545455 1.26047918209806 0.126096024410799 0.13384135812521 0.84 1287.07142857143 27 322.002183460412
0.00454545454545455 1.51730846166611 0.29880730304867 -0.0844955053180456 1 5749.8 106.14 348.339960629242
0.00454545454545455 1.46123046912253 0.115578730194829 -0.737514963839203 0.94 5482.55319148936 155.553191489362 260.670878583649
0.00454545454545455 1.51707126703113 0.189153441553935 -0.129199572838843 1 5743.28 127.56 265.785284808373
0.00454545454545455 1.37566890576854 0.142085159616545 0.435045599937439 0.96 4878.1875 86.6041666666667 349.099300948491
0.00454545454545455 1.28685191432014 0.199562247400172 -0.144767282065004 0.88 1448.43181818182 31.2727272727273 289.303971741664
0.00454545454545455 1.54455401357263 0.334516776399687 -0.161838865373284 1 5165.9 102.42 354.079668955137
0.00454545454545455 1.31508003259078 0.117801847425289 0.852151954546571 0.9 2523.95555555556 38.6888888888889 355.502263781651
0.00454545454545455 1.35692646419629 0.206216756487265 -0.891665213275701 1 4602.24 133.58 410.389315625658
0.00454545454545455 1.35004834933206 0.141711937636137 -0.40766267478466 0.98 5257.95918367347 133.387755102041 382.099528581253
0.00454545454545455 1.47693172357976 0.177113354462199 -0.540403606370091 0.98 5636.16326530612 146.612244897959 286.437258470175
0.00454545454545455 1.28015185175464 0.205253826756962 -0.592423639260232 0.88 1559.02272727273 41.7272727272727 343.205972155965
0.00454545454545455 1.29882202288136 0.169967328966595 0.667917731683701 0.92 1791.4347826087 28.6086956521739 331.279792929261
0.00454545454545455 1.48781783794984 0.234523906209506 0.406466471496969 0.98 5440.71428571429 95.2857142857143 342.31847954565
0.00454545454545455 1.35997381452471 0.292959520989098 0.510843737516552 0.9 1735.88888888889 26.5111111111111 422.498527336522
0.00454545454545455 1.42098091579974 0.315805917233229 0.0656185997650027 0.98 2654.91836734694 49.2857142857143 415.241009975344
0.00454545454545455 1.47172798458487 0.102316943835467 0.590131804347038 0.98 5253.10204081633 91.1224489795918 261.315622171328
0.00454545454545455 1.59474160149693 0.393964329129085 -0.323344662319869 1 5538.56 104.96 345.541270070392
0.00454545454545455 1.33466723319143 0.114967243256979 0.118248754646629 0.94 3885.10638297872 78.6170212765958 396.751358932522
0.00454545454545455 1.5590173818171 0.222078118170612 0.413484010845423 1 5387.22 92.88 286.680717721908
0.00454545454545455 1.4764779725112 0.339466138090938 0.974516097921878 0.98 3398.4693877551 43.8163265306122 433.635898805035
0.00454545454545455 1.26787248328328 0.23947811787948 0.59387843310833 0.94 911.191489361702 13.9787234042553 273.014383165087
0.00454545454545455 1.48842808138579 0.260337875178084 0.809422781690955 0.98 4846.65306122449 71.6938775510204 370.401262311661
0.00454545454545455 1.60268869828433 0.123855076846667 -0.741659139283001 0.96 5618.47916666667 181.333333333333 196.136602086428
0.00454545454545455 1.60472404258326 0.153342299279757 -0.823540749028325 0.96 5487.91666666667 179.541666666667 189.296126566527
0.00454545454545455 1.27183106681332 0.38803403316997 -0.167779236566275 0.94 485.851063829787 8.40425531914894 225.204753818603
0.00454545454545455 1.36014036703855 0.273169901454821 0.832771016284823 0.96 1906.64583333333 27.125 358.653673698256
0.00454545454545455 1.57672699149698 0.32376913568005 0.690957838669419 1 5196.28 74.74 311.944079793158
0.00454545454545455 1.48139030123129 0.141988487844355 0.770895163528621 0.96 5515.91666666667 87.5416666666667 285.158915752347
0.00454545454545455 1.41530919624493 0.310441727121361 0.858465656638145 0.98 2008.75510204082 27.469387755102 357.75857408921
0.00454545454545455 1.57653014520183 0.376080319355242 0.263190278317779 0.98 4673.85714285714 74.1632653061225 400.36763185596
0.00454545454545455 1.34244941137731 0.308929010480642 -0.167727509513497 0.96 1261.29166666667 26.7916666666667 359.95164677658
0.00454545454545455 1.51603652797639 0.168199648801237 0.0145211112685502 0.98 5604.69387755102 116.204081632653 264.854368940878
0.00454545454545455 1.44628576012328 0.383357019000687 0.604978883173317 1 2391.76 33.44 412.475007348004
0.00454545454545455 1.40555557413027 0.152162596909329 0.920157915912569 0.98 4338.77551020408 64.5918367346939 354.014616964835
0.00454545454545455 1.56809499058872 0.113671226473525 -0.843850081320852 0.98 5620.63265306122 188.244897959184 199.60186855205
0.00454545454545455 1.58965661004186 0.307449595071375 0.671030526049435 1 5620.88 82.1 333.055873533532
0.00454545454545455 1.39470244189724 0.135754596698098 -0.0183172435499728 0.96 5216.41666666667 107.083333333333 316.478734479397
0.00454545454545455 1.58188518499956 0.348724226676859 0.972429493442178 1 5243.78 68.08 343.261213921605
0.00454545454545455 1.47585798203945 0.317571715032682 0.441664450801909 0.96 3874.58333333333 61.4166666666667 396.022809436291
0.00454545454545455 1.53535386342555 0.245606152364053 -0.935455856379122 1 5642.74 160.02 273.47463751143
0.00454545454545455 1.36972848363221 0.116355274547823 -0.626328176353127 0.92 5348.5 141.934782608696 334.016817755561
0.00454545454545455 1.38355191703886 0.163661936973222 0.779967647045851 0.94 4300.82978723404 66.3404255319149 414.245605959137
0.00454545454545455 1.38849939610809 0.341581523069181 -0.0559622077271342 0.98 2044.85714285714 38.2040816326531 430.941138471706
0.00454545454545455 1.47972327750176 0.216902049607597 0.981098376680166 0.96 5253.10416666667 72.875 376.622639561192
0.00454545454545455 1.53211237136275 0.345514486241154 0.509431951679289 0.98 4704.95918367347 69.2040816326531 425.301478465994
0.00454545454545455 1.49707783050835 0.280937747866847 -0.230051577091217 0.98 5295.55102040816 105.877551020408 331.623052058894
0.00454545454545455 1.32415414191782 0.168679930875078 0.900047289207578 0.86 2828.46511627907 42.093023255814 386.780651867194
0.00454545454545455 1.37274614498019 0.29012066279538 -0.294942480046302 0.96 2492.70833333333 53.3958333333333 397.878997052346
0.00454545454545455 1.31275469819084 0.299668048229069 0.413045820314437 0.94 804.234042553191 12.2127659574468 274.619992497111
0.00454545454545455 1.41951085058972 0.25344806232024 -0.143272682093084 0.96 5069.39583333333 106.125 405.962035533117
0.00454545454545455 1.49708224684 0.144067180273123 0.777429787907749 0.98 5056.51020408163 79.0204081632653 271.352045375367
0.00454545454545455 1.52748608989641 0.396816445048898 -0.946463441941887 0.98 4681.89795918367 109.428571428571 438.197889426207
0.00454545454545455 1.50498250862584 0.190981107857078 -0.0470539904199541 0.92 5849.08695652174 119.739130434783 290.366012453763
0.00454545454545455 1.29478370994329 0.328298542439006 0.976764946244657 0.9 465.822222222222 5.2 213.210621537027
0.00454545454545455 1.36199320377782 0.256065968377516 -0.0719716888852417 1 2765.54 57.78 416.728390591719
0.00454545454545455 1.46050092559308 0.280559112364426 -0.715037440881133 1 4898.36 119.92 367.657011682469
0.00454545454545455 1.64498508907855 0.153103367541917 0.754827670753002 0.98 5699.24489795918 88.3265306122449 216.2419369449
0.00454545454545455 1.40401839883998 0.154297520103864 0.0864322716370225 0.94 4790.85106382979 95.7659574468085 336.842722758448
0.00454545454545455 1.31706622838974 0.107595824683085 -0.40310291107744 0.92 3907.17391304348 98.9130434782609 337.168843958197
0.00454545454545455 1.3006552034989 0.387746738200076 0.246996009722352 0.96 455.541666666667 6.9375 236.548783506428
0.00454545454545455 1.37934481529519 0.139061929378659 -0.691717694047838 0.98 5139.65306122449 138.938775510204 327.617005707436
0.00454545454545455 1.39287432003766 0.327342190756463 -0.0139317307621241 0.98 2219.10204081633 41 386.460804648474
0.00454545454545455 1.38349432265386 0.382648902060464 -0.165832979604602 0.94 1114.46808510638 20.8297872340426 324.843462039448
0.00454545454545455 1.52068475652486 0.177203400200233 -0.351871138904244 1 5629.36 133.32 271.535854480602
0.00454545454545455 1.46758243152872 0.107437666761689 -0.899906905833632 0.94 5605.57446808511 187.957446808511 273.249939931704
0.00454545454545455 1.58000955237076 0.314385786885396 -0.829836036078632 0.98 5851.28571428571 149.918367346939 301.967443864522
0.00454545454545455 1.50244396189228 0.360084153688513 0.906136820558459 1 4004.92 51.14 425.364998237186
0.00454545454545455 1.6325966225937 0.326645822590217 0.950155174825341 1 5522.86 73.12 304.257827542801
0.00454545454545455 1.34014733862132 0.354807231063023 0.679905671626329 0.98 1037.9387755102 14.6326530612245 287.975045077458
0.00454545454545455 1.40357415806502 0.367777606658638 0.135304239578545 0.96 1295.0625 21.4166666666667 326.524798404745
0.00454545454545455 1.55710831349716 0.17588942553848 0.188572356943041 0.98 5357.4693877551 107.775510204082 247.746956919468
0.00454545454545455 1.41259873462841 0.359207198396325 -0.862075947225094 0.96 2855.52083333333 74.2708333333333 470.280602963184
0.00454545454545455 1.34253881778568 0.152935550105758 -0.192327864002436 0.98 4466.83673469388 98.9795918367347 434.011468262612
0.00454545454545455 1.64704555468634 0.220765074179508 0.65709089813754 1 5716.76 91.24 228.63294223968
0.00454545454545455 1.59615070419386 0.341409984766506 -0.774319455958903 1 5652.96 134.68 285.140717866159
0.00454545454545455 1.50292045231909 0.214953061053529 -0.490029528271407 0.98 5605.22448979592 141.69387755102 293.644648837039
0.00454545454545455 1.4785546656698 0.101499100518413 0.379203053191304 1 5645.02 108.68 257.260583915234
0.00454545454545455 1.33536320049316 0.396936835022643 0.786419420968741 0.94 575.914893617021 6.85106382978723 266.309931058164
0.00454545454545455 1.35773373963311 0.389653406664729 0.78235551668331 0.98 699.020408163265 8.55102040816327 260.705800653781
0.00454545454545455 1.57419702587649 0.169771814160049 -0.851049074903131 0.98 5566.85714285714 176.632653061224 221.177899538788
0.00454545454545455 1.27030154392123 0.374248076393269 0.830270957667381 0.92 449.565217391304 5.17391304347826 217.003201405736
0.00454545454545455 1.57314393240958 0.345166155719198 0.964794521220028 1 5162.74 67.08 377.385219641183
0.00454545454545455 1.59252997571602 0.105169109278359 -0.815235823858529 0.94 5512.02127659574 182.170212765957 211.097037761533
0.00454545454545455 1.60228690924123 0.159433943661861 -0.445188144687563 0.98 5615.69387755102 159.836734693878 215.284180114982
0.00454545454545455 1.64568602405488 0.10611717083957 0.393910286482424 0.98 5615.12244897959 103.34693877551 180.365409154418
0.00454545454545455 1.42045070324093 0.378753159497865 -0.499249107670039 0.98 2462.42857142857 55.3265306122449 421.040303685532
0.00454545454545455 1.57792546674609 0.332281053625047 -0.554175093304366 1 5791.7 130.3 318.604889098405
0.00454545454545455 1.52192772589624 0.379237614572048 0.000529963988810778 1 5285.06 94.58 425.780580383037
0.00454545454545455 1.41216722391546 0.143452159734443 -0.707223701756448 0.94 5374.8085106383 146.148936170213 304.723179944048
0.00454545454545455 1.37812566617504 0.180289033288136 -0.139832904562354 0.98 4728.55102040816 98.1836734693878 376.49697062464
0.00454545454545455 1.25943684540689 0.263181726890616 0.561733314301819 0.9 561.777777777778 7.6 225.629945494397
0.00454545454545455 1.35224271314219 0.321862810524181 0.987791202962399 0.92 1100.95652173913 14.4565217391304 314.640206980493
0.00454545454545455 1.55195138966665 0.207231322932057 0.333843815606087 0.96 5678.20833333333 101.645833333333 291.643029355843
0.00454545454545455 1.33141613127664 0.379062434053049 -0.135360347107053 0.92 994.521739130435 18.195652173913 299.689531691517
0.00454545454545455 1.28175909491256 0.212200843309984 0.749273373279721 0.94 950.106382978723 12.5531914893617 263.908544292684
0.00454545454545455 1.54262560904026 0.161128580220975 -0.103994148783386 0.98 5541.10204081633 127.163265306122 249.015360514865
0.00454545454545455 1.36103769997135 0.391389871505089 0.457749912515283 0.98 744.795918367347 11.4489795918367 272.298629002345
0.00454545454545455 1.42571358513087 0.235210093786009 -0.722645039670169 0.92 5180.28260869565 131.5 357.913713192887
0.00454545454545455 1.25790647082031 0.324207777017728 0.907895105425268 0.86 431.627906976744 5.69767441860465 199.465405047895
0.00454545454545455 1.27014318630099 0.39153146839235 -0.967355070170015 0.88 416.136363636364 10.2954545454545 220.837889745498
0.00454545454545455 1.49132164157927 0.149655761406757 0.783644527662545 1 5402.16 82.52 292.914577822082
0.00454545454545455 1.26434228233993 0.124021447496489 0.488861541263759 0.86 1952.02325581395 35.3488372093023 379.649226492791
0.00454545454545455 1.32792666042224 0.370674013672397 0.456799359992146 0.92 718.347826086957 11.4782608695652 297.774382109354
0.00454545454545455 1.63976926198229 0.146312923752703 -0.17020486947149 1 5597.92 135.96 180.61920924257
0.00454545454545455 1.56128182057291 0.14540122107137 0.740775446407497 1 5558.54 88.78 248.944599618082
0.00454545454545455 1.3587411141023 0.240701212733984 -0.629083155188709 0.98 3649.34693877551 95.8367346938775 422.290495036713
0.00454545454545455 1.3883609703742 0.375120495609008 0.927099437918514 0.96 1077.39583333333 13.2291666666667 317.111124875363
0.00454545454545455 1.55120666082948 0.124683709698729 -0.155397432856262 0.96 5559.47916666667 138.895833333333 238.093204965847
0.00454545454545455 1.46960680214688 0.362634484353475 -0.37418844178319 0.94 3468 73.9574468085106 432.922731347621
0.00454545454545455 1.34560762485489 0.190349176549353 0.281609277240932 0.9 3117.95555555556 57.8888888888889 406.323478847462
0.00454545454545455 1.64874911662191 0.244143458432518 -0.137838201131672 1 5667.36 127.5 220.679525062255
0.00454545454545455 1.39873966285959 0.134816827136092 -0.325394046958536 0.96 4973.54166666667 116.708333333333 305.47533436657
0.00454545454545455 1.55307666910812 0.253329116408713 0.401960663963109 0.96 5666.375 94.2708333333333 317.867318726354
0.00454545454545455 1.58462703721598 0.157855579117313 0.187805121764541 0.98 5752.85714285714 113.102040816327 241.985297587848
0.00454545454545455 1.38883352037519 0.39082626933232 -0.730585705954581 0.94 1531.31914893617 35.2978723404255 363.216402473206
0.00454545454545455 1.40126227363944 0.215677935723215 0.513863997533917 0.96 3751.70833333333 61.4583333333333 418.176014366444
0.00454545454545455 1.44907996905968 0.316404097131453 0.311857153195888 0.94 3511.34042553192 57.1702127659574 406.631896315895
0.00454545454545455 1.59323480147868 0.239006911311299 0.851562351454049 1 5776.5 80.96 282.011494538641
0.00454545454545455 1.34409401081502 0.220477043278515 0.388463365379721 0.96 1841.02083333333 31.2083333333333 334.518983451137
0.00454545454545455 1.58104388667271 0.246860669157468 0.29383243760094 0.98 5659.63265306122 104.69387755102 254.585243746128
0.00454545454545455 1.57641273261979 0.269255730859004 -0.935762650799006 1 5539.5 165.1 269.262430166162
0.00454545454545455 1.64025444397703 0.165315079130232 -0.902970694005489 0.98 5451.9387755102 189.795918367347 188.951295706076
0.00454545454545455 1.31221212195233 0.197974914987572 0.761366582941264 0.94 1814.8085106383 27.063829787234 370.453150729598
0.00454545454545455 1.34020545445383 0.151136322971433 0.876783634070307 0.88 2769.93181818182 39.6818181818182 405.986151158293
0.00454545454545455 1.30232410123572 0.357622434827499 -0.465295142028481 0.9 680.422222222222 14.2222222222222 252.881864288064
0.00454545454545455 1.38430630452931 0.367564894421957 -0.616178819909692 1 1714.08 41.12 425.065469989927
0.00454545454545455 1.58264038478956 0.369906691578217 -0.671178313437849 1 5524.4 117.86 325.374515622795
0.00454545454545455 1.27004112703726 0.188113657943904 -0.601075804792345 0.88 1431.43181818182 39.3636363636364 311.548636359482
0.00454545454545455 1.31449601687491 0.290519465366378 0.887777374126017 0.94 716.574468085106 8.5531914893617 283.665727040522
0.00454545454545455 1.34289311692119 0.301630198257044 0.848769323434681 0.96 942.479166666667 12.5833333333333 310.194309905175
0.00454545454545455 1.5799806962721 0.298406728822738 -0.846047753002495 1 5661 147.22 295.000743407559
0.00454545454545455 1.29696419928223 0.358618307602592 0.412193959578872 0.96 576.083333333333 8.1875 247.016311792632
0.00454545454545455 1.52608860870823 0.101476921094581 0.873387091327459 0.98 5502.10204081633 84.2448979591837 230.523131346845
0.00454545454545455 1.48134372513741 0.316259386995807 0.615790581796318 0.98 4197.91836734694 62.9591836734694 418.05534758206
0.00454545454545455 1.3005817135796 0.285869684698992 -0.136606711894274 0.94 777.872340425532 16.1063829787234 266.484079916326
0.00454545454545455 1.45270131416619 0.226802363106981 -0.89732391666621 0.98 5314.9387755102 144.102040816327 315.73145709533
0.00454545454545455 1.50064036408439 0.291886608954519 -0.661114756017923 1 5264.68 121.9 353.786301774136
0.00454545454545455 1.57851106198505 0.343334253970534 0.399036610964686 0.98 5473.91836734694 82.5102040816327 351.478976392323
0.00454545454545455 1.52821585489437 0.180755013879389 -0.90073963906616 0.96 5682.75 175.125 259.628311344972
0.00454545454545455 1.5678393878974 0.141657158755697 0.507978064008057 1 5379.02 95.54 223.275529558872
0.00454545454545455 1.32754177162424 0.327738347230479 -0.270939772948623 0.96 871.875 18.6458333333333 289.564482375908
0.00454545454545455 1.29458756847307 0.328674243716523 0.234521101228893 0.92 529.326086956522 8.71739130434783 225.879388095861
0.00454545454545455 1.40558271929622 0.335731078358367 -0.327333187684417 0.96 2735.66666666667 60.1666666666667 433.949486710056
0.00454545454545455 1.2726295418106 0.229959954833612 0.437587353866547 0.88 1011.68181818182 15.7272727272727 276.003143791375
0.00454545454545455 1.5789686976932 0.355813992768526 0.78354925988242 1 4987.68 65.8 355.993568515411
0.00454545454545455 1.44790636021644 0.198555001290515 0.509963633492589 1 4652.2 77.66 389.571530395915
0.00454545454545455 1.5297931464389 0.349704266036861 0.148527257144451 1 5367.88 90.7 361.267955761546
0.00454545454545455 1.38379247561097 0.287502836086787 -0.667200560681522 0.94 4002.46808510638 99.3829787234042 451.342330291153
0.00454545454545455 1.25336188338697 0.394254357437603 0.610387947410345 0.96 357.770833333333 4.625 193.890342675873
0.00454545454545455 1.48672520434484 0.235489794472232 0.676834520883858 0.98 5046.26530612245 79.4285714285714 377.546134941928
0.00454545454545455 1.30220453133807 0.29812242584303 0.9458685554564 0.92 682.717391304348 8.80434782608696 240.66684251264
0.00454545454545455 1.43892876245081 0.285287061822601 0.652607712894678 1 3255.02 50.6 394.511129638232
0.00454545454545455 1.37236929228529 0.287172497669235 -0.281763458158821 0.96 2612.125 58.2916666666667 467.968591668852
0.00454545454545455 1.53737362921238 0.25642594799865 -0.731887415517122 0.96 5471.83333333333 147.416666666667 275.974303803545
0.00454545454545455 1.58472437439486 0.253297889977694 0.853836677968502 0.98 5753.5306122449 81.1836734693878 314.365941063645
0.00454545454545455 1.31815373674035 0.169703019689769 -0.91621720045805 0.94 4321.51063829787 130.446808510638 397.403744022625
0.00454545454545455 1.6136624368839 0.2780507234158 -0.042300830129534 0.98 5701.97959183673 113.183673469388 262.772495630712
0.00454545454545455 1.53243268914521 0.249829533323646 0.518217323813587 0.94 5552.97872340426 87.6595744680851 298.85531682549
0.00454545454545455 1.37234458019957 0.388470362708904 0.172887663822621 0.98 1008.5306122449 15.6938775510204 349.097431384559
0.00454545454545455 1.62943220557645 0.135042562405579 0.638176069129258 0.98 5595.91836734694 88.8367346938775 194.04735604696
0.00454545454545455 1.58642461244017 0.242952212016098 0.868462026584893 0.98 5383.67346938776 77.530612244898 278.799428948769
0.00454545454545455 1.32938607223332 0.2268160732463 -0.654914865735918 0.9 3132.55555555556 83.5777777777778 447.636823302386
0.00454545454545455 1.42535576112568 0.189255694136955 0.868382089305669 1 4909.2 71.88 381.985545185674
0.00454545454545455 1.30135625256225 0.365830726432614 0.544125672895461 0.96 547.729166666667 7.41666666666667 222.630995449111
0.00454545454545455 1.29181120563298 0.109236061642878 -0.871369337663054 0.9 4016.22222222222 119.311111111111 374.74031324778
0.00454545454545455 1.28042864240706 0.143260272266343 0.711189481429756 0.84 1735.61904761905 26.2142857142857 301.802888577014
0.00454545454545455 1.55405369643122 0.225472765904851 -0.220928942784667 1 5636.9 121.96 273.839475950515
0.00454545454545455 1.37372729796916 0.296390806860291 0.449310498312116 0.92 2131.5652173913 33.9130434782609 400.513429868726
0.00454545454545455 1.5262971711345 0.390597512037493 0.371100748423487 0.96 3902.29166666667 61.4166666666667 429.673787691593
0.00454545454545455 1.54943296797574 0.190998163004406 -0.72568446630612 1 5595.66 162.3 237.999685651678
0.00454545454545455 1.61140738194808 0.340455705928616 -0.700922787655145 0.98 5730.87755102041 142.224489795918 283.864946419294
0.00454545454545455 1.29664223482832 0.301509900274687 -0.0430083498358727 0.92 725.282608695652 14.0869565217391 261.06492063291
0.00454545454545455 1.63419910930097 0.121479157241993 0.029404304921627 0.98 5634.97959183673 126.367346938776 196.897786660785
0.00454545454545455 1.33457345822826 0.1694238379132 0.0449924687854946 0.96 3041.3125 59.5416666666667 347.627782268461
0.00454545454545455 1.60277439756319 0.235655689937994 0.994313626084477 1 5710.22 78.02 271.180856324761
0.00454545454545455 1.30671611605212 0.286788053857163 0.911091276910156 0.94 664.340425531915 9.63829787234043 256.493702601582
0.00454545454545455 1.6046899003908 0.26760184885934 -0.861192240379751 1 5805.92 161.2 257.152463979699
0.00454545454545455 1.37903527487069 0.214494375512004 -0.598108450882137 0.98 4034.48979591837 102.408163265306 396.266536940179
0.00454545454545455 1.49904015660286 0.30317053780891 0.80735388956964 0.98 4855.08163265306 67.2448979591837 418.186277756569
0.00454545454545455 1.36524404902011 0.263949940470047 -0.561984088737518 0.94 2522.42553191489 64.6170212765958 446.585275492792
