0.00454545454545455 1.36111372282226 0.308910735724502 0.182635029492119 1 1665.66 29.56 355.907722958622
0.00454545454545455 1.46731150301644 0.301616889694773 0.577685488696927 1 4251.64 65.84 399.537194839519
0.00454545454545455 1.43742402717471 0.340616051456891 -0.592482655774802 0.94 4061.04255319149 94.2978723404255 457.508951672241
0.00454545454545455 1.37233567107059 0.22663923088338 0.0772681937353554 0.98 3425.87755102041 68.2857142857143 395.134151216182
0.00454545454545455 1.37198217077376 0.230363652482085 0.0185768618819373 0.96 3006.77083333333 58.5833333333333 372.888206377021
0.00454545454545455 1.41045144465559 0.181824943672767 0.748333543217634 1 4574.76 72.64 395.626485892792
0.00454545454545455 1.33466723319143 0.114967243256979 0.118248754646629 0.94 3885.10638297872 78.6170212765958 396.751358932522
0.00454545454545455 1.40555557413027 0.152162596909329 0.920157915912569 0.98 4338.77551020408 64.5918367346939 354.014616964835
0.00454545454545455 1.50925669974677 0.311867914415728 0.0457044099632644 0.98 5158.77551020408 93.3673469387755 392.848045206968
0.00454545454545455 1.5117619230735 0.386930969988876 -0.437585693507196 1 4625 92.96 385.050559433017
0.00454545454545455 1.41587835127379 0.265203210033029 -0.487343052883867 0.96 4294.97916666667 101.625 418.194211756653
0.00454545454545455 1.43227075302184 0.359417818643491 -0.277094334110258 0.96 3124.3125 65.4791666666667 449.773321993711
0.00454545454545455 1.36257443398131 0.242557934672583 -0.480228390962148 0.96 2820.52083333333 65.75 418.272315103686
0.00454545454545455 1.43742402717471 0.340616051456891 -0.592482655774802 0.94 4061.04255319149 94.2978723404255 457.508951672241
0.00454545454545455 1.45190696534697 0.242059565231922 0.682421940048819 1 4689.34 72.08 373.748319636787
0.00454545454545455 1.3460470715417 0.312792133834974 0.0248833842448439 0.96 1434.875 28.0416666666667 364.282625921766
0.00454545454545455 1.41945901975669 0.327233289500257 -0.286845902690752 0.98 3155.75510204082 70.5102040816327 421.99791086839
0.00454545454545455 1.37233567107059 0.22663923088338 0.0772681937353554 0.98 3425.87755102041 68.2857142857143 395.134151216182
0.00454545454545455 1.39578169640101 0.271187609502479 0.254815601657184 0.96 3161.10416666667 57.3125 452.143179507987
0.00454545454545455 1.34638322147309 0.193799339611809 0.175414866606006 0.94 3584.1914893617 69.0425531914894 458.827953435365
0.00454545454545455 1.5817020176067 0.383352348092136 0.096885964642332 1 4771.84 78.78 360.620562660241
0.00454545454545455 1.52192772589624 0.379237614572048 0.000529963988810778 1 5285.06 94.58 425.780580383037
0.00454545454545455 1.43494884117771 0.296867979565906 0.298850820391847 0.98 3700.5306122449 63.6326530612245 477.994837822443
0.00454545454545455 1.56965170102126 0.398440006187705 0.937682918227214 0.96 4676.89583333333 59.1666666666667 374.544931961889
0.00454545454545455 1.41318430921621 0.348893698888884 0.208942626671912 0.96 2494.4375 42.8958333333333 426.209691896733
0.00454545454545455 1.52791635981215 0.344787223006739 0.875499834551439 0.98 4519.30612244898 61.5714285714286 372.813803266374
0.00454545454545455 1.35072393988987 0.276603358558783 -0.235766902641084 0.98 1757.63265306122 38.2244897959184 364.661129014904
0.00454545454545455 1.50058670102804 0.375098723625001 0.296700557575969 0.98 3691.9387755102 58.4897959183673 407.06267755555
0.00454545454545455 1.46766507883573 0.343612562237762 0.578215217488222 0.98 3526.77551020408 53.3877551020408 450.288687033787
0.00454545454545455 1.33466723319143 0.114967243256979 0.118248754646629 0.94 3885.10638297872 78.6170212765958 396.751358932522
0.00454545454545455 1.52680950175025 0.312775258736989 0.367906882135558 0.98 4548.22448979592 75.1428571428571 367.263457941759
0.00454545454545455 1.51893120222456 0.355907982546455 0.471633243891254 0.96 4040.45833333333 61.2083333333333 405.398876869761
0.00454545454545455 1.32860968703182 0.220836893195155 -0.121682804843236 0.96 2727.60416666667 58.5416666666667 445.005151480184
0.00454545454545455 1.39578169640101 0.271187609502479 0.254815601657184 0.96 3161.10416666667 57.3125 452.143179507987
0.00454545454545455 1.39571303994366 0.236736392121483 0.518864984301092 0.96 3687.25 60.5833333333333 413.124247574982
0.00454545454545455 1.52580550855173 0.379224563943808 0.276714948489529 1 4526 73.1 442.190552613859
0.00454545454545455 1.55370352954264 0.374544056960664 0.961372103676049 1 4847.66 63.54 415.135792332926
0.00454545454545455 1.32860968703182 0.220836893195155 -0.121682804843236 0.96 2727.60416666667 58.5416666666667 445.005151480184
0.00454545454545455 1.39223764893891 0.259971440965738 0.501773258058509 0.98 3092.08163265306 52.6326530612245 413.024969371412
0.00454545454545455 1.41220207122216 0.263039258717899 0.388863580662607 0.94 3395.55319148936 56.3191489361702 412.315642415919
0.00454545454545455 1.34931904336954 0.198955318885289 -0.0803782364257597 0.94 3562.1914893617 75.5744680851064 437.195971700005
0.00454545454545455 1.45190696534697 0.242059565231922 0.682421940048819 1 4689.34 72.08 373.748319636787
0.00454545454545455 1.4930956025783 0.332750518619865 0.625077466625518 1 3595.8 55.02 401.724484225057
0.00454545454545455 1.3587411141023 0.240701212733984 -0.629083155188709 0.98 3649.34693877551 95.8367346938775 422.290495036713
0.00454545454545455 1.48906151665176 0.345374012578925 0.930391586538394 0.98 3604.73469387755 46.0408163265306 452.742735673761
0.00454545454545455 1.52192772589624 0.379237614572048 0.000529963988810778 1 5285.06 94.58 425.780580383037
0.00454545454545455 1.50170055778797 0.381916958575098 -0.175852902284012 0.98 3774.67346938776 72.1020408163265 405.698108778232
0.00454545454545455 1.37213079050917 0.379263562736015 -0.98969047699154 0.96 1813.70833333333 47.8958333333333 401.095205692486
0.00454545454545455 1.42464090365234 0.245485537198281 0.502962555796824 0.98 3665.12244897959 59.8571428571429 442.507277208578
0.00454545454545455 1.40771472612396 0.361659068102017 0.741284659132361 0.98 1276.55102040816 17.1428571428571 351.181001021305
0.00454545454545455 1.41663140701031 0.339432437992921 0.151557242115361 0.98 2444.38775510204 42.5918367346939 434.316587923089
0.00454545454545455 1.49708218941832 0.371164418491216 -0.48190796385901 1 4727.42 105.56 476.019938405017
0.00454545454545455 1.34561225119674 0.246070191272261 -0.128203341551354 0.96 2582.20833333333 55.2291666666667 428.465006610644
0.00454545454545455 1.33466723319143 0.114967243256979 0.118248754646629 0.94 3885.10638297872 78.6170212765958 396.751358932522
0.00454545454545455 1.44790636021644 0.198555001290515 0.509963633492589 1 4652.2 77.66 389.571530395915
0.00454545454545455 1.37198217077376 0.230363652482085 0.0185768618819373 0.96 3006.77083333333 58.5833333333333 372.888206377021
0.00454545454545455 1.52279620201639 0.297268471023473 0.951494449607819 0.98 5178.02040816327 71.265306122449 374.910999257409
0.00454545454545455 1.48672520434484 0.235489794472232 0.676834520883858 0.98 5046.26530612245 79.4285714285714 377.546134941928
0.00454545454545455 1.41587835127379 0.265203210033029 -0.487343052883867 0.96 4294.97916666667 101.625 418.194211756653
0.00454545454545455 1.39068223179996 0.223913944430003 -0.135425881380013 1 3470.88 74.02 324.883652231938
0.00454545454545455 1.48672520434484 0.235489794472232 0.676834520883858 0.98 5046.26530612245 79.4285714285714 377.546134941928
0.00454545454545455 1.35072393988987 0.276603358558783 -0.235766902641084 0.98 1757.63265306122 38.2244897959184 364.661129014904
0.00454545454545455 1.40771472612396 0.361659068102017 0.741284659132361 0.98 1276.55102040816 17.1428571428571 351.181001021305
0.00454545454545455 1.50150127052616 0.362155322155527 0.500524526618318 0.98 3987.81632653061 58.5102040816327 441.64918917535
0.00454545454545455 1.48672520434484 0.235489794472232 0.676834520883858 0.98 5046.26530612245 79.4285714285714 377.546134941928
0.00454545454545455 1.41951085058972 0.25344806232024 -0.143272682093084 0.96 5069.39583333333 106.125 405.962035533117
0.00454545454545455 1.32860968703182 0.220836893195155 -0.121682804843236 0.96 2727.60416666667 58.5416666666667 445.005151480184
0.00454545454545455 1.37870533957384 0.239734745737696 0.40934858427079 0.96 2709.41666666667 47.6458333333333 399.830325706446
0.00454545454545455 1.41066374396736 0.244373219126031 0.578690771757868 0.94 3109.89361702128 49.468085106383 398.534652753077
0.00454545454545455 1.44376521360467 0.281324614330566 -0.137204733098657 0.98 4297.75510204082 87.8163265306122 388.155471702609
0.00454545454545455 1.44376521360467 0.281324614330566 -0.137204733098657 0.98 4297.75510204082 87.8163265306122 388.155471702609
0.00454545454545455 1.41839779265086 0.255738141256462 0.211197466205811 0.94 3885.57446808511 71.8297872340426 403.751967931005
0.00454545454545455 1.44790636021644 0.198555001290515 0.509963633492589 1 4652.2 77.66 389.571530395915
0.00454545454545455 1.39133144611434 0.281275460193207 0.0270958390423234 0.98 2621.65306122449 51.2448979591837 364.123282445473
0.00454545454545455 1.34638322147309 0.193799339611809 0.175414866606006 0.94 3584.1914893617 69.0425531914894 458.827953435365
0.00454545454545455 1.52279620201639 0.297268471023473 0.951494449607819 0.98 5178.02040816327 71.265306122449 374.910999257409
0.00454545454545455 1.39133144611434 0.281275460193207 0.0270958390423234 0.98 2621.65306122449 51.2448979591837 364.123282445473
0.00454545454545455 1.41220207122216 0.263039258717899 0.388863580662607 0.94 3395.55319148936 56.3191489361702 412.315642415919
0.00454545454545455 1.373901530603 0.301547300108519 -0.388130598266492 0.98 2573.81632653061 60.3469387755102 437.677732220973
0.00454545454545455 1.50122316489226 0.354568677194703 -0.0409442612871574 1 5203.32 92.76 411.292757515905
0.00454545454545455 1.35687363141788 0.172150047935207 -0.517718973468763 0.98 4396.67346938776 113.755102040816 426.48268426406
0.00454545454545455 1.48752308704721 0.305365861803276 0.881691854437942 0.96 4649.08333333333 62.2708333333333 380.75693910704
0.00454545454545455 1.37233567107059 0.22663923088338 0.0772681937353554 0.98 3425.87755102041 68.2857142857143 395.134151216182
0.00454545454545455 1.46960680214688 0.362634484353475 -0.37418844178319 0.94 3468 73.9574468085106 432.922731347621
0.00454545454545455 1.50385881810923 0.354942262335368 -0.00455010474338852 0.98 3865.10204081633 71.6122448979592 405.849636096074
0.00454545454545455 1.40937240686431 0.361698034784275 -0.5644137141777 0.98 2014.5306122449 46.4489795918367 408.152890303858
0.00454545454545455 1.41951085058972 0.25344806232024 -0.143272682093084 0.96 5069.39583333333 106.125 405.962035533117
0.00454545454545455 1.42102067503572 0.292470867250325 -0.837799511950165 0.98 4248.95918367347 111.816326530612 414.336749526964
0.00454545454545455 1.4930956025783 0.332750518619865 0.625077466625518 1 3595.8 55.02 401.724484225057
0.00454545454545455 1.40006957957443 0.262178483279244 -0.0522935373474648 1 3247.74 65.54 409.030418673753
0.00454545454545455 1.36111372282226 0.308910735724502 0.182635029492119 1 1665.66 29.56 355.907722958622
0.00454545454545455 1.52279620201639 0.297268471023473 0.951494449607819 0.98 5178.02040816327 71.265306122449 374.910999257409
0.00454545454545455 1.34811484748949 0.304992338310493 -0.899858847905635 0.96 2213.91666666667 61.375 380.16009620987
0.00454545454545455 1.34561225119674 0.246070191272261 -0.128203341551354 0.96 2582.20833333333 55.2291666666667 428.465006610644
0.00454545454545455 1.42102067503572 0.292470867250325 -0.837799511950165 0.98 4248.95918367347 111.816326530612 414.336749526964
0.00454545454545455 1.46280538845586 0.328489339252008 0.472999671479302 1 3877.46 61.38 459.661836230413
0.00454545454545455 1.43353159100013 0.284155359152606 0.589957609582211 0.98 4049.16326530612 62.1428571428571 389.996742332496
0.00454545454545455 1.42098091579974 0.315805917233229 0.0656185997650027 0.98 2654.91836734694 49.2857142857143 415.241009975344
0.00454545454545455 1.41945901975669 0.327233289500257 -0.286845902690752 0.98 3155.75510204082 70.5102040816327 421.99791086839
0.00454545454545455 1.35912513370319 0.299589600866275 -0.0810557781527495 0.98 2460.5306122449 48.6938775510204 395.901323047836
0.00454545454545455 1.44790636021644 0.198555001290515 0.509963633492589 1 4652.2 77.66 389.571530395915
0.00454545454545455 1.39223764893891 0.259971440965738 0.501773258058509 0.98 3092.08163265306 52.6326530612245 413.024969371412
0.00454545454545455 1.40373612413697 0.297330253936941 -0.302515489896139 0.98 3082.57142857143 67.1224489795918 468.230555005996
0.00454545454545455 1.42098091579974 0.315805917233229 0.0656185997650027 0.98 2654.91836734694 49.2857142857143 415.241009975344
0.00454545454545455 1.41220207122216 0.263039258717899 0.388863580662607 0.94 3395.55319148936 56.3191489361702 412.315642415919
0.00454545454545455 1.48646826834032 0.328366019783259 -0.434027501575718 0.98 4826.26530612245 105.040816326531 405.612547116241
0.00454545454545455 1.41587835127379 0.265203210033029 -0.487343052883867 0.96 4294.97916666667 101.625 418.194211756653
0.00454545454545455 1.52279620201639 0.297268471023473 0.951494449607819 0.98 5178.02040816327 71.265306122449 374.910999257409
0.00454545454545455 1.48550758026666 0.303850722024258 0.873109064622729 0.98 4742.89795918367 64.4081632653061 421.175931852922
0.00454545454545455 1.39223764893891 0.259971440965738 0.501773258058509 0.98 3092.08163265306 52.6326530612245 413.024969371412
0.00454545454545455 1.34561225119674 0.246070191272261 -0.128203341551354 0.96 2582.20833333333 55.2291666666667 428.465006610644
0.00454545454545455 1.44790636021644 0.198555001290515 0.509963633492589 1 4652.2 77.66 389.571530395915
0.00454545454545455 1.52136246710512 0.371930725231901 0.985680997071184 1 3862.88 46.72 448.868089998653
0.00454545454545455 1.45039595167527 0.227394903788394 -0.118479750500334 1 5106.16 105.3 357.549066181666
0.00454545454545455 1.52279620201639 0.297268471023473 0.951494449607819 0.98 5178.02040816327 71.265306122449 374.910999257409
0.00454545454545455 1.56965170102126 0.398440006187705 0.937682918227214 0.96 4676.89583333333 59.1666666666667 374.544931961889
0.00454545454545455 1.38409626445259 0.337651277808616 -0.00465271181671645 1 1825.14 33.52 366.802739467025
0.00454545454545455 1.47889211837092 0.362591387439219 0.649134935249263 1 3118.88 43.42 428.964527032865
0.00454545454545455 1.40528795871214 0.255399213195688 -0.22276931489872 0.96 4619.64583333333 95.375 383.354063811103
0.00454545454545455 1.41587835127379 0.265203210033029 -0.487343052883867 0.96 4294.97916666667 101.625 418.194211756653
0.00454545454545455 1.45829033038446 0.378189902700969 -0.377777067975138 1 3653.14 76.06 468.151996218895
0.00454545454545455 1.41672124415385 0.304230274396906 -0.654296576985657 0.98 3407.28571428571 82.0816326530612 384.096177975403
0.00454545454545455 1.40933042121599 0.371959703781174 -0.160796335309026 0.98 1796.28571428571 35.8571428571429 405.98286055349
0.00454545454545455 1.42098091579974 0.315805917233229 0.0656185997650027 0.98 2654.91836734694 49.2857142857143 415.241009975344
0.00454545454545455 1.46383988956501 0.278046079480431 0.431114909750955 0.96 4333.41666666667 70.3125 369.363886553124
0.00454545454545455 1.45190696534697 0.242059565231922 0.682421940048819 1 4689.34 72.08 373.748319636787
0.00454545454545455 1.40293865777833 0.270665461385307 -0.104844951934694 1 3557.02 71.62 383.519048046271
0.00454545454545455 1.34931904336954 0.198955318885289 -0.0803782364257597 0.94 3562.1914893617 75.5744680851064 437.195971700005
0.00454545454545455 1.43892876245081 0.285287061822601 0.652607712894678 1 3255.02 50.6 394.511129638232
0.00454545454545455 1.43934673969099 0.324345405693174 0.730463857523307 0.98 2674.40816326531 38.4081632653061 414.40081316012
0.00454545454545455 1.50925669974677 0.311867914415728 0.0457044099632644 0.98 5158.77551020408 93.3673469387755 392.848045206968
0.00454545454545455 1.51487971008338 0.392145834232101 -0.423835950660315 0.98 3886.71428571429 80.9183673469388 422.400081553064
0.00454545454545455 1.47913979309485 0.361443020994416 0.859581507733445 0.96 3441.66666666667 46.0208333333333 394.370533305037
0.00454545454545455 1.31247923985528 0.183404700318182 -0.458388188165681 0.94 3074.44680851064 76.9787234042553 403.55834774591
0.00454545454545455 1.50549585585648 0.26402050680636 0.759576936735736 0.98 5521.95918367347 81.1224489795918 389.440508296399
0.00454545454545455 1.43305069481391 0.369734072127779 0.0853895552102836 0.98 2339.02040816327 43.1836734693878 429.192000970586
0.00454545454545455 1.48672520434484 0.235489794472232 0.676834520883858 0.98 5046.26530612245 79.4285714285714 377.546134941928
0.00454545454545455 1.50058670102804 0.375098723625001 0.296700557575969 0.98 3691.9387755102 58.4897959183673 407.06267755555
0.00454545454545455 1.37233567107059 0.22663923088338 0.0772681937353554 0.98 3425.87755102041 68.2857142857143 395.134151216182
0.00454545454545455 1.42102067503572 0.292470867250325 -0.837799511950165 0.98 4248.95918367347 111.816326530612 414.336749526964
0.00454545454545455 1.52279620201639 0.297268471023473 0.951494449607819 0.98 5178.02040816327 71.265306122449 374.910999257409
0.00454545454545455 1.36111372282226 0.308910735724502 0.182635029492119 1 1665.66 29.56 355.907722958622
0.00454545454545455 1.51304537604697 0.357140184000381 0.876781330175095 1 4441.92 57.36 447.827249029061
0.00454545454545455 1.41940281801938 0.256531732158959 0.76135216407239 1 3532.9 52.18 419.501746144394
0.00454545454545455 1.52192772589624 0.379237614572048 0.000529963988810778 1 5285.06 94.58 425.780580383037
0.00454545454545455 1.50058670102804 0.375098723625001 0.296700557575969 0.98 3691.9387755102 58.4897959183673 407.06267755555
0.00454545454545455 1.39022306503435 0.16377042361073 0.748570053685429 0.98 3821.75510204082 61.6122448979592 401.740690936478
0.00454545454545455 1.40373612413697 0.297330253936941 -0.302515489896139 0.98 3082.57142857143 67.1224489795918 468.230555005996
0.00454545454545455 1.4746902551576 0.3791227933243 0.557376230426003 0.94 2647.65957446808 39.3617021276596 429.121345368083
0.00454545454545455 1.48925115541848 0.296477216275119 -0.177785200604695 0.98 4920.34693877551 97.7551020408163 379.848559289327
0.00454545454545455 1.52279620201639 0.297268471023473 0.951494449607819 0.98 5178.02040816327 71.265306122449 374.910999257409
0.00454545454545455 1.41066374396736 0.244373219126031 0.578690771757868 0.94 3109.89361702128 49.468085106383 398.534652753077
0.00454545454545455 1.45190696534697 0.242059565231922 0.682421940048819 1 4689.34 72.08 373.748319636787
0.00454545454545455 1.37193433116421 0.144605444157502 0.86849549638207 0.98 3608.02040816327 54.4897959183673 381.599985026716
0.00454545454545455 1.50932878603777 0.371653420069931 0.753483170271067 1 4131.34 54.46 433.679289342552
0.00454545454545455 1.40373612413697 0.297330253936941 -0.302515489896139 0.98 3082.57142857143 67.1224489795918 468.230555005996
0.00454545454545455 1.42866369530366 0.331136042018341 -0.401339439162816 0.98 3234.08163265306 69.5102040816327 435.937303857541
0.00454545454545455 1.34638322147309 0.193799339611809 0.175414866606006 0.94 3584.1914893617 69.0425531914894 458.827953435365
0.00454545454545455 1.40937240686431 0.361698034784275 -0.5644137141777 0.98 2014.5306122449 46.4489795918367 408.152890303858
0.00454545454545455 1.51745998271924 0.33958980689412 0.894728556178149 1 4493.88 59.72 426.373254725385
0.00454545454545455 1.4646429855771 0.307127441107269 -0.659843179064142 1 4661.06 105.5 353.200431732973
0.00454545454545455 1.34931904336954 0.198955318885289 -0.0803782364257597 0.94 3562.1914893617 75.5744680851064 437.195971700005
0.00454545454545455 1.35044329748875 0.211420549798511 -0.454004576574401 0.98 3305.63265306122 80.1224489795918 405.999959720077
0.00454545454545455 1.41973053830251 0.340274542013949 -0.811708957275575 0.94 3440.27659574468 89.4255319148936 459.458235666514
0.00454545454545455 1.47585798203945 0.317571715032682 0.441664450801909 0.96 3874.58333333333 61.4166666666667 396.022809436291
0.00454545454545455 1.33466723319143 0.114967243256979 0.118248754646629 0.94 3885.10638297872 78.6170212765958 396.751358932522
0.00454545454545455 1.34638322147309 0.193799339611809 0.175414866606006 0.94 3584.1914893617 69.0425531914894 458.827953435365
0.00454545454545455 1.39133144611434 0.281275460193207 0.0270958390423234 0.98 2621.65306122449 51.2448979591837 364.123282445473
0.00454545454545455 1.52580550855173 0.379224563943808 0.276714948489529 1 4526 73.1 442.190552613859
0.00454545454545455 1.40200212205877 0.293275183799921 0.220349756310645 0.94 3023.17021276596 52.936170212766 438.158373565291
0.00454545454545455 1.44068293702098 0.383168268795245 0.0761804360377007 1 2146.98 39.94 456.810783792711
0.00454545454545455 1.43490355707378 0.273330656038157 -0.342258576736042 0.96 4592.77083333333 99.9375 398.024137595394
0.00454545454545455 1.31969071815542 0.19817054926365 -0.137329677643964 0.94 3225.91489361702 71.7872340425532 425.309716414725
0.00454545454545455 1.32933165706177 0.250417387908097 -0.505750517859715 0.94 2739.87234042553 65.3404255319149 406.624586918142
0.00454545454545455 1.51087968190378 0.391759854306362 -0.427598043625976 1 4285.22 88.98 448.727253908381
0.00454545454545455 1.4930956025783 0.332750518619865 0.625077466625518 1 3595.8 55.02 401.724484225057
0.00454545454545455 1.35072393988987 0.276603358558783 -0.235766902641084 0.98 1757.63265306122 38.2244897959184 364.661129014904
0.00454545454545455 1.44027238283883 0.321719764922024 0.149812840042822 0.98 2869.0612244898 49.8979591836735 389.567349995873
0.00454545454545455 1.45190696534697 0.242059565231922 0.682421940048819 1 4689.34 72.08 373.748319636787
0.00454545454545455 1.4334673222779 0.346698898045128 -0.171195205869018 0.98 3368.79591836735 66.9183673469388 476.499597071449
0.00454545454545455 1.43742402717471 0.340616051456891 -0.592482655774802 0.94 4061.04255319149 94.2978723404255 457.508951672241
0.00454545454545455 1.41220207122216 0.263039258717899 0.388863580662607 0.94 3395.55319148936 56.3191489361702 412.315642415919
0.00454545454545455 1.44727552233341 0.308506982493734 -0.0943597900133885 0.96 4015.08333333333 78.4375 384.259922231242
0.00454545454545455 1.42098091579974 0.315805917233229 0.0656185997650027 0.98 2654.91836734694 49.2857142857143 415.241009975344
0.00454545454545455 1.52192772589624 0.379237614572048 0.000529963988810778 1 5285.06 94.58 425.780580383037
0.00454545454545455 1.42362694211343 0.250454972733729 0.832094509327151 0.96 3801.4375 52.5416666666667 401.643362281552
0.00454545454545455 1.50385881810923 0.354942262335368 -0.00455010474338852 0.98 3865.10204081633 71.6122448979592 405.849636096074
0.00454545454545455 1.41535773471145 0.364486664116825 -0.545541740203363 1 2223.36 49.12 410.322530322754
0.00454545454545455 1.40771472612396 0.361659068102017 0.741284659132361 0.98 1276.55102040816 17.1428571428571 351.181001021305
0.00454545454545455 1.55529621298105 0.383339495406815 0.107732371475086 1 4956.48 82.68 359.501000445498
0.00454545454545455 1.34561225119674 0.246070191272261 -0.128203341551354 0.96 2582.20833333333 55.2291666666667 428.465006610644
0.00454545454545455 1.34561225119674 0.246070191272261 -0.128203341551354 0.96 2582.20833333333 55.2291666666667 428.465006610644
0.00454545454545455 1.52791635981215 0.344787223006739 0.875499834551439 0.98 4519.30612244898 61.5714285714286 372.813803266374
0.00454545454545455 1.52580550855173 0.379224563943808 0.276714948489529 1 4526 73.1 442.190552613859
0.00454545454545455 1.38107304636879 0.232096971259277 0.632073377455825 0.96 2961.0625 46.4791666666667 382.615064027438
0.00454545454545455 1.42057133259564 0.327259079311551 0.622321193844172 0.98 2139.61224489796 31.0612244897959 374.908067277783
0.00454545454545455 1.34638322147309 0.193799339611809 0.175414866606006 0.94 3584.1914893617 69.0425531914894 458.827953435365
0.00454545454545455 1.50058670102804 0.375098723625001 0.296700557575969 0.98 3691.9387755102 58.4897959183673 407.06267755555
0.00454545454545455 1.44525550875931 0.220273670660155 0.662909924693114 0.98 4929.22448979592 77.5918367346939 384.193719466727
0.00454545454545455 1.37985894351738 0.286955622605419 -0.188794190644034 0.98 2656.69387755102 57.7142857142857 426.895235543243
0.00454545454545455 1.41973053830251 0.340274542013949 -0.811708957275575 0.94 3440.27659574468 89.4255319148936 459.458235666514
0.00454545454545455 1.52791635981215 0.344787223006739 0.875499834551439 0.98 4519.30612244898 61.5714285714286 372.813803266374
0.00454545454545455 1.37198217077376 0.230363652482085 0.0185768618819373 0.96 3006.77083333333 58.5833333333333 372.888206377021
0.00454545454545455 1.35072393988987 0.276603358558783 -0.235766902641084 0.98 1757.63265306122 38.2244897959184 364.661129014904
0.00454545454545455 1.37373209373513 0.327542347368611 0.632072374364036 0.98 1508.81632653061 21.3265306122449 371.474065216918
0.00454545454545455 1.39223764893891 0.259971440965738 0.501773258058509 0.98 3092.08163265306 52.6326530612245 413.024969371412
0.00454545454545455 1.41973053830251 0.340274542013949 -0.811708957275575 0.94 3440.27659574468 89.4255319148936 459.458235666514
0.00454545454545455 1.45943245139238 0.286726597902922 0.505853434637141 0.98 3707.5306122449 58.6326530612245 383.502647868581
0.00454545454545455 1.32860968703182 0.220836893195155 -0.121682804843236 0.96 2727.60416666667 58.5416666666667 445.005151480184
0.00454545454545455 1.43919238190586 0.35167315320284 -0.217913048729915 0.96 3206.22916666667 64.3541666666667 425.333062590337
0.00454545454545455 1.37198217077376 0.230363652482085 0.0185768618819373 0.96 3006.77083333333 58.5833333333333 372.888206377021
0.00454545454545455 1.469530883397 0.31740710334805 0.774300121298327 1 3756.84 51.5 418.138429133578
0.00454545454545455 1.56965170102126 0.398440006187705 0.937682918227214 0.96 4676.89583333333 59.1666666666667 374.544931961889
0.00454545454545455 1.45743049145373 0.25381272794245 0.684374759144117 0.96 4195.75 64 402.047208840494
0.00454545454545455 1.52680950175025 0.312775258736989 0.367906882135558 0.98 4548.22448979592 75.1428571428571 367.263457941759
0.00454545454545455 1.45190696534697 0.242059565231922 0.682421940048819 1 4689.34 72.08 373.748319636787
0.00454545454545455 1.39578169640101 0.271187609502479 0.254815601657184 0.96 3161.10416666667 57.3125 452.143179507987
0.00454545454545455 1.46960680214688 0.362634484353475 -0.37418844178319 0.94 3468 73.9574468085106 432.922731347621
0.00454545454545455 1.35072393988987 0.276603358558783 -0.235766902641084 0.98 1757.63265306122 38.2244897959184 364.661129014904
0.00454545454545455 1.42092332545582 0.286414405247208 0.36452695596131 0.96 3334.9375 56.375 479.749360796401
