0.00609756097560976 1.39374759651284 0.291734050056144 -0.611449563963618 1 2991.44 74.16 431.701866998717
0.00609756097560976 1.39374759651284 0.291734050056144 -0.611449563963618 1 2991.44 74.16 431.701866998717
0.00609756097560976 1.39458314057988 0.358763721921803 -0.871590809448223 1 2895.68 74.98 440.774043621709
0 1.38685082446552 0.259497535006458 -0.0781120871164421 1 3004.84 64.82 438.327543454742
0.00609756097560976 1.38536029871378 0.305018450289725 -0.898278201902572 1 2894.04 78.36 473.968806085389
0.00609756097560976 1.39374759651284 0.291734050056144 -0.611449563963618 1 2991.44 74.16 431.701866998717
0.00609756097560976 1.36735662100485 0.287783341822163 -0.414492956269696 1 2503.86 59.9 449.28303387866
0 1.39535578186107 0.275935969064417 -0.398062900537518 1 3238.18 74.32 445.626908304814
0.00609756097560976 1.33412270205447 0.23892376861172 -0.381229125574548 1 2817.22 65.78 445.411234662736
0.00609756097560976 1.3755748133116 0.296799105254929 -0.663645674159097 1 2422.94 60.5 433.100553475783
0.00609756097560976 1.34851720039794 0.283697462880337 -0.873453430574724 1 2753.22 76.86 469.673280050823
0.00609756097560976 1.38536029871378 0.305018450289725 -0.898278201902572 1 2894.04 78.36 473.968806085389
0.00609756097560976 1.38536029871378 0.305018450289725 -0.898278201902572 1 2894.04 78.36 473.968806085389
0.00609756097560976 1.38764024249463 0.309430604965582 -0.681270775704792 1 2716.14 68.2 429.834748384403
0.00609756097560976 1.39374759651284 0.291734050056144 -0.611449563963618 1 2991.44 74.16 431.701866998717
0 1.41398425807745 0.329041028918914 -0.543059064820807 1 2702.06 67 420.633183821073
0.00609756097560976 1.33412270205447 0.23892376861172 -0.381229125574548 1 2817.22 65.78 445.411234662736
0.00609756097560976 1.39374759651284 0.291734050056144 -0.611449563963618 1 2991.44 74.16 431.701866998717
0.00609756097560976 1.39374759651284 0.291734050056144 -0.611449563963618 1 2991.44 74.16 431.701866998717
0.00609756097560976 1.43935144190969 0.355848406540791 -0.699394015529536 1 2802.74 69.96 428.595752105824
0.00609756097560976 1.39374759651284 0.291734050056144 -0.611449563963618 1 2991.44 74.16 431.701866998717
0.00609756097560976 1.39374759651284 0.291734050056144 -0.611449563963618 1 2991.44 74.16 431.701866998717
0.00609756097560976 1.34080412928356 0.278113594207137 -0.973947916544092 1 2603.06 76.32 437.292101795059
0 1.38685082446552 0.259497535006458 -0.0781120871164421 1 3004.84 64.82 438.327543454742
0 1.41398425807745 0.329041028918914 -0.543059064820807 1 2702.06 67 420.633183821073
0.00609756097560976 1.39374759651284 0.291734050056144 -0.611449563963618 1 2991.44 74.16 431.701866998717
0 1.4403282458765 0.388100414915599 -0.454718776704292 1 2513.86 56.44 451.110168424547
0 1.40570222422527 0.37913123226451 -0.846984855073277 1 2257.94 58.38 435.786786172091
0 1.39535578186107 0.275935969064417 -0.398062900537518 1 3238.18 74.32 445.626908304814
0.00609756097560976 1.38536029871378 0.305018450289725 -0.898278201902572 1 2894.04 78.36 473.968806085389
0.00609756097560976 1.39374759651284 0.291734050056144 -0.611449563963618 1 2991.44 74.16 431.701866998717
0.00609756097560976 1.38536029871378 0.305018450289725 -0.898278201902572 1 2894.04 78.36 473.968806085389
0.00609756097560976 1.39374759651284 0.291734050056144 -0.611449563963618 1 2991.44 74.16 431.701866998717
0.00609756097560976 1.38536029871378 0.305018450289725 -0.898278201902572 1 2894.04 78.36 473.968806085389
0.00609756097560976 1.3755748133116 0.296799105254929 -0.663645674159097 1 2422.94 60.5 433.100553475783
0.00609756097560976 1.38536029871378 0.305018450289725 -0.898278201902572 1 2894.04 78.36 473.968806085389
0 1.41398425807745 0.329041028918914 -0.543059064820807 1 2702.06 67 420.633183821073
0.00609756097560976 1.39374759651284 0.291734050056144 -0.611449563963618 1 2991.44 74.16 431.701866998717
0.00609756097560976 1.39374759651284 0.291734050056144 -0.611449563963618 1 2991.44 74.16 431.701866998717
0.00609756097560976 1.39374759651284 0.291734050056144 -0.611449563963618 1 2991.44 74.16 431.701866998717
0 1.39535578186107 0.275935969064417 -0.398062900537518 1 3238.18 74.32 445.626908304814
0.00609756097560976 1.38536029871378 0.305018450289725 -0.898278201902572 1 2894.04 78.36 473.968806085389
0.00609756097560976 1.39374759651284 0.291734050056144 -0.611449563963618 1 2991.44 74.16 431.701866998717
0.00609756097560976 1.39374759651284 0.291734050056144 -0.611449563963618 1 2991.44 74.16 431.701866998717
0.00609756097560976 1.38536029871378 0.305018450289725 -0.898278201902572 1 2894.04 78.36 473.968806085389
0.00609756097560976 1.39374759651284 0.291734050056144 -0.611449563963618 1 2991.44 74.16 431.701866998717
0 1.4403282458765 0.388100414915599 -0.454718776704292 1 2513.86 56.44 451.110168424547
0.00609756097560976 1.39374759651284 0.291734050056144 -0.611449563963618 1 2991.44 74.16 431.701866998717
0.00609756097560976 1.34851720039794 0.283697462880337 -0.873453430574724 1 2753.22 76.86 469.673280050823
0.00609756097560976 1.39374759651284 0.291734050056144 -0.611449563963618 1 2991.44 74.16 431.701866998717
0.00609756097560976 1.39374759651284 0.291734050056144 -0.611449563963618 1 2991.44 74.16 431.701866998717
0.00609756097560976 1.39374759651284 0.291734050056144 -0.611449563963618 1 2991.44 74.16 431.701866998717
0.00609756097560976 1.39374759651284 0.291734050056144 -0.611449563963618 1 2991.44 74.16 431.701866998717
0.00609756097560976 1.39374759651284 0.291734050056144 -0.611449563963618 1 2991.44 74.16 431.701866998717
0.00609756097560976 1.39374759651284 0.291734050056144 -0.611449563963618 1 2991.44 74.16 431.701866998717
0.00609756097560976 1.41921282456579 0.340135807240551 -0.534011503617619 1 3032.9 70.46 441.693953448666
0.00609756097560976 1.39374759651284 0.291734050056144 -0.611449563963618 1 2991.44 74.16 431.701866998717
0.00609756097560976 1.36735662100485 0.287783341822163 -0.414492956269696 1 2503.86 59.9 449.28303387866
0 1.38685082446552 0.259497535006458 -0.0781120871164421 1 3004.84 64.82 438.327543454742
0.00609756097560976 1.39374759651284 0.291734050056144 -0.611449563963618 1 2991.44 74.16 431.701866998717
0.00609756097560976 1.34851720039794 0.283697462880337 -0.873453430574724 1 2753.22 76.86 469.673280050823
0 1.41398425807745 0.329041028918914 -0.543059064820807 1 2702.06 67 420.633183821073
0.00609756097560976 1.42012282481066 0.37089235926752 -0.779825896025024 1 2998.3 74.34 459.526006722166
0.00609756097560976 1.38536029871378 0.305018450289725 -0.898278201902572 1 2894.04 78.36 473.968806085389
0 1.41317518667321 0.375069759836061 -0.946169991272008 1 3044.76 79.38 470.318378055675
0.00609756097560976 1.39374759651284 0.291734050056144 -0.611449563963618 1 2991.44 74.16 431.701866998717
0.00609756097560976 1.38536029871378 0.305018450289725 -0.898278201902572 1 2894.04 78.36 473.968806085389
0.00609756097560976 1.39374759651284 0.291734050056144 -0.611449563963618 1 2991.44 74.16 431.701866998717
0.00609756097560976 1.39374759651284 0.291734050056144 -0.611449563963618 1 2991.44 74.16 431.701866998717
0 1.41317518667321 0.375069759836061 -0.946169991272008 1 3044.76 79.38 470.318378055675
0.00609756097560976 1.42012282481066 0.37089235926752 -0.779825896025024 1 2998.3 74.34 459.526006722166
0.00609756097560976 1.39374759651284 0.291734050056144 -0.611449563963618 1 2991.44 74.16 431.701866998717
0.00609756097560976 1.39374759651284 0.291734050056144 -0.611449563963618 1 2991.44 74.16 431.701866998717
0.00609756097560976 1.39374759651284 0.291734050056144 -0.611449563963618 1 2991.44 74.16 431.701866998717
0.00609756097560976 1.43256092290521 0.376884110232002 -0.95077014770715 1 3061.48 80.22 452.363540772663
0 1.38685082446552 0.259497535006458 -0.0781120871164421 1 3004.84 64.82 438.327543454742
0 1.39535578186107 0.275935969064417 -0.398062900537518 1 3238.18 74.32 445.626908304814
0.00609756097560976 1.39374759651284 0.291734050056144 -0.611449563963618 1 2991.44 74.16 431.701866998717
0 1.38685082446552 0.259497535006458 -0.0781120871164421 1 3004.84 64.82 438.327543454742
0.00609756097560976 1.33412270205447 0.23892376861172 -0.381229125574548 1 2817.22 65.78 445.411234662736
0 1.39535578186107 0.275935969064417 -0.398062900537518 1 3238.18 74.32 445.626908304814
0.00609756097560976 1.39374759651284 0.291734050056144 -0.611449563963618 1 2991.44 74.16 431.701866998717
0.00609756097560976 1.39374759651284 0.291734050056144 -0.611449563963618 1 2991.44 74.16 431.701866998717
0.00609756097560976 1.38536029871378 0.305018450289725 -0.898278201902572 1 2894.04 78.36 473.968806085389
0 1.39535578186107 0.275935969064417 -0.398062900537518 1 3238.18 74.32 445.626908304814
0.00609756097560976 1.39374759651284 0.291734050056144 -0.611449563963618 1 2991.44 74.16 431.701866998717
0.00609756097560976 1.39374759651284 0.291734050056144 -0.611449563963618 1 2991.44 74.16 431.701866998717
0.00609756097560976 1.38536029871378 0.305018450289725 -0.898278201902572 1 2894.04 78.36 473.968806085389
0.00609756097560976 1.39374759651284 0.291734050056144 -0.611449563963618 1 2991.44 74.16 431.701866998717
0 1.39535578186107 0.275935969064417 -0.398062900537518 1 3238.18 74.32 445.626908304814
0.00609756097560976 1.39374759651284 0.291734050056144 -0.611449563963618 1 2991.44 74.16 431.701866998717
0.00609756097560976 1.38536029871378 0.305018450289725 -0.898278201902572 1 2894.04 78.36 473.968806085389
0.00609756097560976 1.39374759651284 0.291734050056144 -0.611449563963618 1 2991.44 74.16 431.701866998717
0.00609756097560976 1.39374759651284 0.291734050056144 -0.611449563963618 1 2991.44 74.16 431.701866998717
0.00609756097560976 1.39374759651284 0.291734050056144 -0.611449563963618 1 2991.44 74.16 431.701866998717
0.00609756097560976 1.37629809629071 0.299778570853809 -0.557994191778457 1 2703.94 67.02 452.468334974949
0 1.39535578186107 0.275935969064417 -0.398062900537518 1 3238.18 74.32 445.626908304814
0.00609756097560976 1.39374759651284 0.291734050056144 -0.611449563963618 1 2991.44 74.16 431.701866998717
0.00609756097560976 1.39374759651284 0.291734050056144 -0.611449563963618 1 2991.44 74.16 431.701866998717
0.00609756097560976 1.39374759651284 0.291734050056144 -0.611449563963618 1 2991.44 74.16 431.701866998717
0.00609756097560976 1.33412270205447 0.23892376861172 -0.381229125574548 1 2817.22 65.78 445.411234662736
0.00609756097560976 1.39374759651284 0.291734050056144 -0.611449563963618 1 2991.44 74.16 431.701866998717
0.00609756097560976 1.39374759651284 0.291734050056144 -0.611449563963618 1 2991.44 74.16 431.701866998717
0.00609756097560976 1.38536029871378 0.305018450289725 -0.898278201902572 1 2894.04 78.36 473.968806085389
0.00609756097560976 1.38536029871378 0.305018450289725 -0.898278201902572 1 2894.04 78.36 473.968806085389
0 1.4403282458765 0.388100414915599 -0.454718776704292 1 2513.86 56.44 451.110168424547
0.00609756097560976 1.39374759651284 0.291734050056144 -0.611449563963618 1 2991.44 74.16 431.701866998717
0.00609756097560976 1.38536029871378 0.305018450289725 -0.898278201902572 1 2894.04 78.36 473.968806085389
0.00609756097560976 1.39374759651284 0.291734050056144 -0.611449563963618 1 2991.44 74.16 431.701866998717
0.00609756097560976 1.38536029871378 0.305018450289725 -0.898278201902572 1 2894.04 78.36 473.968806085389
0.00609756097560976 1.33412270205447 0.23892376861172 -0.381229125574548 1 2817.22 65.78 445.411234662736
0.00609756097560976 1.42012282481066 0.37089235926752 -0.779825896025024 1 2998.3 74.34 459.526006722166
0 1.40570222422527 0.37913123226451 -0.846984855073277 1 2257.94 58.38 435.786786172091
0 1.38685082446552 0.259497535006458 -0.0781120871164421 1 3004.84 64.82 438.327543454742
0.00609756097560976 1.39374759651284 0.291734050056144 -0.611449563963618 1 2991.44 74.16 431.701866998717
0.00609756097560976 1.38536029871378 0.305018450289725 -0.898278201902572 1 2894.04 78.36 473.968806085389
0 1.39535578186107 0.275935969064417 -0.398062900537518 1 3238.18 74.32 445.626908304814
0.00609756097560976 1.33412270205447 0.23892376861172 -0.381229125574548 1 2817.22 65.78 445.411234662736
0 1.41398425807745 0.329041028918914 -0.543059064820807 1 2702.06 67 420.633183821073
0.00609756097560976 1.36507792288121 0.285800540869411 -0.675766607494171 1 2807.6 71.28 432.739764476062
0.00609756097560976 1.38536029871378 0.305018450289725 -0.898278201902572 1 2894.04 78.36 473.968806085389
0.00609756097560976 1.39374759651284 0.291734050056144 -0.611449563963618 1 2991.44 74.16 431.701866998717
0.00609756097560976 1.34851720039794 0.283697462880337 -0.873453430574724 1 2753.22 76.86 469.673280050823
0.00609756097560976 1.38536029871378 0.305018450289725 -0.898278201902572 1 2894.04 78.36 473.968806085389
0.00609756097560976 1.39374759651284 0.291734050056144 -0.611449563963618 1 2991.44 74.16 431.701866998717
0 1.42228684417375 0.376867961075765 -0.311172258365859 1 2774.2 59.42 444.171447459203
0 1.38685082446552 0.259497535006458 -0.0781120871164421 1 3004.84 64.82 438.327543454742
0.00609756097560976 1.38764024249463 0.309430604965582 -0.681270775704792 1 2716.14 68.2 429.834748384403
0.00609756097560976 1.39374759651284 0.291734050056144 -0.611449563963618 1 2991.44 74.16 431.701866998717
0.00609756097560976 1.38536029871378 0.305018450289725 -0.898278201902572 1 2894.04 78.36 473.968806085389
0 1.39535578186107 0.275935969064417 -0.398062900537518 1 3238.18 74.32 445.626908304814
0.00609756097560976 1.38536029871378 0.305018450289725 -0.898278201902572 1 2894.04 78.36 473.968806085389
0.00609756097560976 1.39374759651284 0.291734050056144 -0.611449563963618 1 2991.44 74.16 431.701866998717
0 1.39535578186107 0.275935969064417 -0.398062900537518 1 3238.18 74.32 445.626908304814
0.00609756097560976 1.38536029871378 0.305018450289725 -0.898278201902572 1 2894.04 78.36 473.968806085389
0.00609756097560976 1.38536029871378 0.305018450289725 -0.898278201902572 1 2894.04 78.36 473.968806085389
0.00609756097560976 1.38536029871378 0.305018450289725 -0.898278201902572 1 2894.04 78.36 473.968806085389
0.00609756097560976 1.34851720039794 0.283697462880337 -0.873453430574724 1 2753.22 76.86 469.673280050823
0.00609756097560976 1.39374759651284 0.291734050056144 -0.611449563963618 1 2991.44 74.16 431.701866998717
0.00609756097560976 1.38536029871378 0.305018450289725 -0.898278201902572 1 2894.04 78.36 473.968806085389
0.00609756097560976 1.39374759651284 0.291734050056144 -0.611449563963618 1 2991.44 74.16 431.701866998717
0.00609756097560976 1.39374759651284 0.291734050056144 -0.611449563963618 1 2991.44 74.16 431.701866998717
0 1.38685082446552 0.259497535006458 -0.0781120871164421 1 3004.84 64.82 438.327543454742
0.00609756097560976 1.39374759651284 0.291734050056144 -0.611449563963618 1 2991.44 74.16 431.701866998717
0.00609756097560976 1.39374759651284 0.291734050056144 -0.611449563963618 1 2991.44 74.16 431.701866998717
0 1.39535578186107 0.275935969064417 -0.398062900537518 1 3238.18 74.32 445.626908304814
0.00609756097560976 1.36735662100485 0.287783341822163 -0.414492956269696 1 2503.86 59.9 449.28303387866
0.00609756097560976 1.39374759651284 0.291734050056144 -0.611449563963618 1 2991.44 74.16 431.701866998717
0.00609756097560976 1.42012282481066 0.37089235926752 -0.779825896025024 1 2998.3 74.34 459.526006722166
0 1.39535578186107 0.275935969064417 -0.398062900537518 1 3238.18 74.32 445.626908304814
0.00609756097560976 1.42012282481066 0.37089235926752 -0.779825896025024 1 2998.3 74.34 459.526006722166
0 1.38310794651156 0.31972901591044 -0.394577830648073 1 3099.42 70.38 450.267411017372
0.00609756097560976 1.39374759651284 0.291734050056144 -0.611449563963618 1 2991.44 74.16 431.701866998717
0.00609756097560976 1.39374759651284 0.291734050056144 -0.611449563963618 1 2991.44 74.16 431.701866998717
0.00609756097560976 1.39374759651284 0.291734050056144 -0.611449563963618 1 2991.44 74.16 431.701866998717
0 1.41398425807745 0.329041028918914 -0.543059064820807 1 2702.06 67 420.633183821073
0.00609756097560976 1.39374759651284 0.291734050056144 -0.611449563963618 1 2991.44 74.16 431.701866998717
0.00609756097560976 1.39374759651284 0.291734050056144 -0.611449563963618 1 2991.44 74.16 431.701866998717
0 1.39535578186107 0.275935969064417 -0.398062900537518 1 3238.18 74.32 445.626908304814
0.00609756097560976 1.39374759651284 0.291734050056144 -0.611449563963618 1 2991.44 74.16 431.701866998717
0 1.39535578186107 0.275935969064417 -0.398062900537518 1 3238.18 74.32 445.626908304814
0.00609756097560976 1.37943762470501 0.287985918128521 -0.768206389844439 1 2814.12 71.94 433.844101790957
0 1.34101967930635 0.330560941691654 -0.990690963871225 1 2125.04 59.12 431.737386436956
0.00609756097560976 1.39374759651284 0.291734050056144 -0.611449563963618 1 2991.44 74.16 431.701866998717
0 1.41398425807745 0.329041028918914 -0.543059064820807 1 2702.06 67 420.633183821073
0.00609756097560976 1.36735662100485 0.287783341822163 -0.414492956269696 1 2503.86 59.9 449.28303387866
0.00609756097560976 1.39374759651284 0.291734050056144 -0.611449563963618 1 2991.44 74.16 431.701866998717
0.00609756097560976 1.39374759651284 0.291734050056144 -0.611449563963618 1 2991.44 74.16 431.701866998717
0.00609756097560976 1.39374759651284 0.291734050056144 -0.611449563963618 1 2991.44 74.16 431.701866998717
0 1.38685082446552 0.259497535006458 -0.0781120871164421 1 3004.84 64.82 438.327543454742
0.00609756097560976 1.39374759651284 0.291734050056144 -0.611449563963618 1 2991.44 74.16 431.701866998717
0.00609756097560976 1.39374759651284 0.291734050056144 -0.611449563963618 1 2991.44 74.16 431.701866998717
0.00609756097560976 1.33412270205447 0.23892376861172 -0.381229125574548 1 2817.22 65.78 445.411234662736
0.00609756097560976 1.33412270205447 0.23892376861172 -0.381229125574548 1 2817.22 65.78 445.411234662736
0.00609756097560976 1.39374759651284 0.291734050056144 -0.611449563963618 1 2991.44 74.16 431.701866998717
0 1.38685082446552 0.259497535006458 -0.0781120871164421 1 3004.84 64.82 438.327543454742
0.00609756097560976 1.38536029871378 0.305018450289725 -0.898278201902572 1 2894.04 78.36 473.968806085389
0.00609756097560976 1.33412270205447 0.23892376861172 -0.381229125574548 1 2817.22 65.78 445.411234662736
0.00609756097560976 1.33412270205447 0.23892376861172 -0.381229125574548 1 2817.22 65.78 445.411234662736
0.00609756097560976 1.38536029871378 0.305018450289725 -0.898278201902572 1 2894.04 78.36 473.968806085389
0.00609756097560976 1.39374759651284 0.291734050056144 -0.611449563963618 1 2991.44 74.16 431.701866998717
0.00609756097560976 1.39374759651284 0.291734050056144 -0.611449563963618 1 2991.44 74.16 431.701866998717
0.00609756097560976 1.39374759651284 0.291734050056144 -0.611449563963618 1 2991.44 74.16 431.701866998717
0.00609756097560976 1.38536029871378 0.305018450289725 -0.898278201902572 1 2894.04 78.36 473.968806085389
0.00609756097560976 1.41392347180187 0.350404010000636 -0.575935022072101 1 2762.06 64.72 432.778279323935
0.00609756097560976 1.39374759651284 0.291734050056144 -0.611449563963618 1 2991.44 74.16 431.701866998717
0.00609756097560976 1.40197040453617 0.311504734749848 -0.694433525729215 1 2630.22 68.3 435.518369429717
0 1.39535578186107 0.275935969064417 -0.398062900537518 1 3238.18 74.32 445.626908304814
0 1.41398425807745 0.329041028918914 -0.543059064820807 1 2702.06 67 420.633183821073
0 1.38685082446552 0.259497535006458 -0.0781120871164421 1 3004.84 64.82 438.327543454742
0 1.38685082446552 0.259497535006458 -0.0781120871164421 1 3004.84 64.82 438.327543454742
0.00609756097560976 1.39374759651284 0.291734050056144 -0.611449563963618 1 2991.44 74.16 431.701866998717
0.00609756097560976 1.39374759651284 0.291734050056144 -0.611449563963618 1 2991.44 74.16 431.701866998717
0 1.41398425807745 0.329041028918914 -0.543059064820807 1 2702.06 67 420.633183821073
0.00609756097560976 1.39374759651284 0.291734050056144 -0.611449563963618 1 2991.44 74.16 431.701866998717
0.00609756097560976 1.33412270205447 0.23892376861172 -0.381229125574548 1 2817.22 65.78 445.411234662736
0 1.40570222422527 0.37913123226451 -0.846984855073277 1 2257.94 58.38 435.786786172091
0 1.41398425807745 0.329041028918914 -0.543059064820807 1 2702.06 67 420.633183821073
0.00609756097560976 1.39374759651284 0.291734050056144 -0.611449563963618 1 2991.44 74.16 431.701866998717
0 1.38685082446552 0.259497535006458 -0.0781120871164421 1 3004.84 64.82 438.327543454742
0 1.39535578186107 0.275935969064417 -0.398062900537518 1 3238.18 74.32 445.626908304814
0.00609756097560976 1.33412270205447 0.23892376861172 -0.381229125574548 1 2817.22 65.78 445.411234662736
0.00609756097560976 1.39374759651284 0.291734050056144 -0.611449563963618 1 2991.44 74.16 431.701866998717
0 1.38685082446552 0.259497535006458 -0.0781120871164421 1 3004.84 64.82 438.327543454742
0 1.41317518667321 0.375069759836061 -0.946169991272008 1 3044.76 79.38 470.318378055675
0.00609756097560976 1.39374759651284 0.291734050056144 -0.611449563963618 1 2991.44 74.16 431.701866998717
0.00609756097560976 1.39276436280685 0.327478613644151 -0.811487457344255 1 2732.54 70.46 443.542616235201
0 1.40570222422527 0.37913123226451 -0.846984855073277 1 2257.94 58.38 435.786786172091
0.00609756097560976 1.39374759651284 0.291734050056144 -0.611449563963618 1 2991.44 74.16 431.701866998717
0.00609756097560976 1.39374759651284 0.291734050056144 -0.611449563963618 1 2991.44 74.16 431.701866998717
0.00609756097560976 1.39374759651284 0.291734050056144 -0.611449563963618 1 2991.44 74.16 431.701866998717
0.00609756097560976 1.40198358049998 0.332131285997937 -0.712292616705613 1 2894.82 75 429.612638560724
0.00609756097560976 1.39374759651284 0.291734050056144 -0.611449563963618 1 2991.44 74.16 431.701866998717
0.00609756097560976 1.42012282481066 0.37089235926752 -0.779825896025024 1 2998.3 74.34 459.526006722166
0 1.41398425807745 0.329041028918914 -0.543059064820807 1 2702.06 67 420.633183821073
0.00609756097560976 1.38885632834976 0.311569838503837 -0.728288142249929 1 3005.8 77.94 442.477302875944
0 1.38685082446552 0.259497535006458 -0.0781120871164421 1 3004.84 64.82 438.327543454742
0.00609756097560976 1.42012282481066 0.37089235926752 -0.779825896025024 1 2998.3 74.34 459.526006722166
0.00609756097560976 1.42012282481066 0.37089235926752 -0.779825896025024 1 2998.3 74.34 459.526006722166
0.00609756097560976 1.39374759651284 0.291734050056144 -0.611449563963618 1 2991.44 74.16 431.701866998717
