0 1.45172530719301 0.313606674429646 0.522617011684799 1 3681.1 58.74 464.753113384295
0.00884955752212389 1.40373612413697 0.297330253936941 -0.302515489896139 0.98 3082.57142857143 67.1224489795918 468.230555005996
0.00884955752212389 1.45829033038446 0.378189902700969 -0.377777067975138 1 3653.14 76.06 468.151996218895
0 1.40006957957443 0.262178483279244 -0.0522935373474648 1 3247.74 65.54 409.030418673753
0 1.36199173767362 0.245522104821877 -0.326644064292843 0.98 3483.75510204082 80.5714285714286 431.572694735194
0 1.41535773471145 0.364486664116825 -0.545541740203363 1 2223.36 49.12 410.322530322754
0 1.47889211837092 0.362591387439219 0.649134935249263 1 3118.88 43.42 428.964527032865
0 1.41535773471145 0.364486664116825 -0.545541740203363 1 2223.36 49.12 410.322530322754
0.00884955752212389 1.35243611550347 0.290138192443007 -0.918291522250433 0.98 2928.81632653061 80.9387755102041 442.910516234874
0.00884955752212389 1.39374759651284 0.291734050056144 -0.611449563963618 1 2991.44 74.16 431.701866998717
0 1.37985894351738 0.286955622605419 -0.188794190644034 0.98 2656.69387755102 57.7142857142857 426.895235543243
0 1.36199173767362 0.245522104821877 -0.326644064292843 0.98 3483.75510204082 80.5714285714286 431.572694735194
0 1.45172530719301 0.313606674429646 0.522617011684799 1 3681.1 58.74 464.753113384295
0.00884955752212389 1.39986444916183 0.366405748697968 -0.357321479143995 1 2231.14 49.14 441.064928016127
0 1.45172530719301 0.313606674429646 0.522617011684799 1 3681.1 58.74 464.753113384295
0 1.40006957957443 0.262178483279244 -0.0522935373474648 1 3247.74 65.54 409.030418673753
0.00884955752212389 1.38685082446552 0.259497535006458 -0.0781120871164421 1 3004.84 64.82 438.327543454742
0 1.38736611417355 0.212682035374278 0.550865824593922 1 3487.74 58.44 415.645573730438
0.00884955752212389 1.36490839556083 0.280011737123141 -0.588248347097793 0.98 2562.97959183673 63.8367346938776 428.811408366066
0 1.45172530719301 0.313606674429646 0.522617011684799 1 3681.1 58.74 464.753113384295
0 1.36199173767362 0.245522104821877 -0.326644064292843 0.98 3483.75510204082 80.5714285714286 431.572694735194
0.00884955752212389 1.38685082446552 0.259497535006458 -0.0781120871164421 1 3004.84 64.82 438.327543454742
0 1.38736611417355 0.212682035374278 0.550865824593922 1 3487.74 58.44 415.645573730438
0 1.36592541242186 0.235465114718212 0.773051153498493 1 2562.64 38.88 432.767063399161
0 1.45172530719301 0.313606674429646 0.522617011684799 1 3681.1 58.74 464.753113384295
0 1.40006957957443 0.262178483279244 -0.0522935373474648 1 3247.74 65.54 409.030418673753
0 1.41535773471145 0.364486664116825 -0.545541740203363 1 2223.36 49.12 410.322530322754
0.00884955752212389 1.38278735547691 0.27397524393308 -0.144459609174538 1 2705.7 55.64 439.297264494746
0.00884955752212389 1.40570222422527 0.37913123226451 -0.846984855073277 1 2257.94 58.38 435.786786172091
0 1.47889211837092 0.362591387439219 0.649134935249263 1 3118.88 43.42 428.964527032865
0 1.39422947319284 0.293955124719673 -0.587157870531727 1 3299.24 79.12 402.579702832985
0.00884955752212389 1.40373612413697 0.297330253936941 -0.302515489896139 0.98 3082.57142857143 67.1224489795918 468.230555005996
0.00884955752212389 1.42012282481066 0.37089235926752 -0.779825896025024 1 2998.3 74.34 459.526006722166
0 1.45460033415913 0.361427851738713 0.586160618610496 1 2817.26 41.22 438.747263263921
0 1.45172530719301 0.313606674429646 0.522617011684799 1 3681.1 58.74 464.753113384295
0.00884955752212389 1.40373612413697 0.297330253936941 -0.302515489896139 0.98 3082.57142857143 67.1224489795918 468.230555005996
0.00884955752212389 1.38278735547691 0.27397524393308 -0.144459609174538 1 2705.7 55.64 439.297264494746
0 1.47889211837092 0.362591387439219 0.649134935249263 1 3118.88 43.42 428.964527032865
0.00884955752212389 1.40373612413697 0.297330253936941 -0.302515489896139 0.98 3082.57142857143 67.1224489795918 468.230555005996
0 1.45049292606588 0.31650454175277 0.20698992675668 1 3809 65.18 442.866308991831
0 1.47889211837092 0.362591387439219 0.649134935249263 1 3118.88 43.42 428.964527032865
0 1.41535773471145 0.364486664116825 -0.545541740203363 1 2223.36 49.12 410.322530322754
0 1.4910135124255 0.366241543818642 0.205717170017989 1 3704.14 64.22 462.324350350834
0.00884955752212389 1.43230419068009 0.333739071095667 0.0631238078791715 1 2661.3 48.9 418.687334722718
0.00884955752212389 1.3755748133116 0.296799105254929 -0.663645674159097 1 2422.94 60.5 433.100553475783
0 1.36199173767362 0.245522104821877 -0.326644064292843 0.98 3483.75510204082 80.5714285714286 431.572694735194
0.00884955752212389 1.48350810383594 0.397305259552333 -0.612405666199056 1 3567.08 79.48 436.41075578752
0 1.40006957957443 0.262178483279244 -0.0522935373474648 1 3247.74 65.54 409.030418673753
0.00884955752212389 1.40373612413697 0.297330253936941 -0.302515489896139 0.98 3082.57142857143 67.1224489795918 468.230555005996
0.00884955752212389 1.45829033038446 0.378189902700969 -0.377777067975138 1 3653.14 76.06 468.151996218895
0 1.41535773471145 0.364486664116825 -0.545541740203363 1 2223.36 49.12 410.322530322754
0.00884955752212389 1.37434769901277 0.299927702455195 -0.63629684492702 0.98 2683.34693877551 67.2448979591837 430.561661054631
0 1.39422947319284 0.293955124719673 -0.587157870531727 1 3299.24 79.12 402.579702832985
0.00884955752212389 1.38536029871378 0.305018450289725 -0.898278201902572 1 2894.04 78.36 473.968806085389
0.00884955752212389 1.36490839556083 0.280011737123141 -0.588248347097793 0.98 2562.97959183673 63.8367346938776 428.811408366066
0 1.39362864813878 0.331530768462736 -0.464886667976341 0.98 2475.55102040816 57.469387755102 427.719419652988
0.00884955752212389 1.35243611550347 0.290138192443007 -0.918291522250433 0.98 2928.81632653061 80.9387755102041 442.910516234874
0 1.38736611417355 0.212682035374278 0.550865824593922 1 3487.74 58.44 415.645573730438
0.00884955752212389 1.37186055194774 0.246343962275874 -0.045023387364344 1 3427.12 71.16 468.287345053623
0.00884955752212389 1.37434769901277 0.299927702455195 -0.63629684492702 0.98 2683.34693877551 67.2448979591837 430.561661054631
0.00884955752212389 1.45003455065328 0.353553920057331 0.0026030426033577 1 3344.24 63.7 466.157046215617
0 1.45460033415913 0.361427851738713 0.586160618610496 1 2817.26 41.22 438.747263263921
0.00884955752212389 1.45829033038446 0.378189902700969 -0.377777067975138 1 3653.14 76.06 468.151996218895
0.00884955752212389 1.41139217670259 0.323982101139883 -0.489924198992834 1 2793.34 62.94 408.04575557954
0.00884955752212389 1.35243611550347 0.290138192443007 -0.918291522250433 0.98 2928.81632653061 80.9387755102041 442.910516234874
0.00884955752212389 1.40373612413697 0.297330253936941 -0.302515489896139 0.98 3082.57142857143 67.1224489795918 468.230555005996
0.00884955752212389 1.39374759651284 0.291734050056144 -0.611449563963618 1 2991.44 74.16 431.701866998717
0 1.39422947319284 0.293955124719673 -0.587157870531727 1 3299.24 79.12 402.579702832985
0 1.47889211837092 0.362591387439219 0.649134935249263 1 3118.88 43.42 428.964527032865
0.00884955752212389 1.38278735547691 0.27397524393308 -0.144459609174538 1 2705.7 55.64 439.297264494746
0 1.40006957957443 0.262178483279244 -0.0522935373474648 1 3247.74 65.54 409.030418673753
0 1.47889211837092 0.362591387439219 0.649134935249263 1 3118.88 43.42 428.964527032865
0.00884955752212389 1.38278735547691 0.27397524393308 -0.144459609174538 1 2705.7 55.64 439.297264494746
0.00884955752212389 1.37434769901277 0.299927702455195 -0.63629684492702 0.98 2683.34693877551 67.2448979591837 430.561661054631
0 1.3480821052631 0.200448170036925 0.232843164802259 0.98 3321.44897959184 63.1836734693878 437.020387675819
0 1.36199173767362 0.245522104821877 -0.326644064292843 0.98 3483.75510204082 80.5714285714286 431.572694735194
0 1.47889211837092 0.362591387439219 0.649134935249263 1 3118.88 43.42 428.964527032865
0 1.41535773471145 0.364486664116825 -0.545541740203363 1 2223.36 49.12 410.322530322754
0 1.47889211837092 0.362591387439219 0.649134935249263 1 3118.88 43.42 428.964527032865
0.00884955752212389 1.38278735547691 0.27397524393308 -0.144459609174538 1 2705.7 55.64 439.297264494746
0.00884955752212389 1.46875645206521 0.399082254166232 -0.0884589273016811 1 3566.82 68.16 454.001880787227
0.00884955752212389 1.44372346170311 0.362662001565075 0.174898688973333 1 2987.02 51.04 454.129221441368
0 1.36199173767362 0.245522104821877 -0.326644064292843 0.98 3483.75510204082 80.5714285714286 431.572694735194
0 1.36199173767362 0.245522104821877 -0.326644064292843 0.98 3483.75510204082 80.5714285714286 431.572694735194
0 1.47889211837092 0.362591387439219 0.649134935249263 1 3118.88 43.42 428.964527032865
0.00884955752212389 1.44372346170311 0.362662001565075 0.174898688973333 1 2987.02 51.04 454.129221441368
0 1.41535773471145 0.364486664116825 -0.545541740203363 1 2223.36 49.12 410.322530322754
0.00884955752212389 1.38278735547691 0.27397524393308 -0.144459609174538 1 2705.7 55.64 439.297264494746
0.00884955752212389 1.39535578186107 0.275935969064417 -0.398062900537518 1 3238.18 74.32 445.626908304814
0 1.47889211837092 0.362591387439219 0.649134935249263 1 3118.88 43.42 428.964527032865
0.00884955752212389 1.38536029871378 0.305018450289725 -0.898278201902572 1 2894.04 78.36 473.968806085389
0.00884955752212389 1.4531300707422 0.362300538843896 -0.239378005138901 1 2950.64 58.8 413.759674152071
0.00884955752212389 1.40373612413697 0.297330253936941 -0.302515489896139 0.98 3082.57142857143 67.1224489795918 468.230555005996
0.00884955752212389 1.40373612413697 0.297330253936941 -0.302515489896139 0.98 3082.57142857143 67.1224489795918 468.230555005996
0.00884955752212389 1.40373612413697 0.297330253936941 -0.302515489896139 0.98 3082.57142857143 67.1224489795918 468.230555005996
0 1.47889211837092 0.362591387439219 0.649134935249263 1 3118.88 43.42 428.964527032865
0.00884955752212389 1.40373612413697 0.297330253936941 -0.302515489896139 0.98 3082.57142857143 67.1224489795918 468.230555005996
0 1.40006957957443 0.262178483279244 -0.0522935373474648 1 3247.74 65.54 409.030418673753
0.00884955752212389 1.43514114179339 0.367768137661721 -0.245983545593672 0.98 3066.36734693878 63.5510204081633 441.514503090579
0.00884955752212389 1.39374759651284 0.291734050056144 -0.611449563963618 1 2991.44 74.16 431.701866998717
0.00884955752212389 1.33412270205447 0.23892376861172 -0.381229125574548 1 2817.22 65.78 445.411234662736
0.00884955752212389 1.41593803082364 0.322566883683555 -0.449057513489768 1 3391.32 75.14 436.93640522688
0.00884955752212389 1.40373612413697 0.297330253936941 -0.302515489896139 0.98 3082.57142857143 67.1224489795918 468.230555005996
0.00884955752212389 1.37434769901277 0.299927702455195 -0.63629684492702 0.98 2683.34693877551 67.2448979591837 430.561661054631
0.00884955752212389 1.38278735547691 0.27397524393308 -0.144459609174538 1 2705.7 55.64 439.297264494746
0.00884955752212389 1.33412270205447 0.23892376861172 -0.381229125574548 1 2817.22 65.78 445.411234662736
0 1.37985894351738 0.286955622605419 -0.188794190644034 0.98 2656.69387755102 57.7142857142857 426.895235543243
0 1.47890149081887 0.381180714600314 0.210390416214035 1 2898.76 48.9 423.059950060752
0.00884955752212389 1.40373612413697 0.297330253936941 -0.302515489896139 0.98 3082.57142857143 67.1224489795918 468.230555005996
0.00884955752212389 1.38278735547691 0.27397524393308 -0.144459609174538 1 2705.7 55.64 439.297264494746
0 1.4910135124255 0.366241543818642 0.205717170017989 1 3704.14 64.22 462.324350350834
0 1.38736611417355 0.212682035374278 0.550865824593922 1 3487.74 58.44 415.645573730438
0.00884955752212389 1.40373612413697 0.297330253936941 -0.302515489896139 0.98 3082.57142857143 67.1224489795918 468.230555005996
0 1.36199173767362 0.245522104821877 -0.326644064292843 0.98 3483.75510204082 80.5714285714286 431.572694735194
0.00884955752212389 1.42335897919299 0.328504504340888 -0.180766505767881 1 3388.24 67.54 427.610588007194
0.00884955752212389 1.40373612413697 0.297330253936941 -0.302515489896139 0.98 3082.57142857143 67.1224489795918 468.230555005996
0.00884955752212389 1.40373612413697 0.297330253936941 -0.302515489896139 0.98 3082.57142857143 67.1224489795918 468.230555005996
0 1.38736611417355 0.212682035374278 0.550865824593922 1 3487.74 58.44 415.645573730438
0 1.47889211837092 0.362591387439219 0.649134935249263 1 3118.88 43.42 428.964527032865
0.00884955752212389 1.40373612413697 0.297330253936941 -0.302515489896139 0.98 3082.57142857143 67.1224489795918 468.230555005996
0.00884955752212389 1.42335897919299 0.328504504340888 -0.180766505767881 1 3388.24 67.54 427.610588007194
0.00884955752212389 1.40373612413697 0.297330253936941 -0.302515489896139 0.98 3082.57142857143 67.1224489795918 468.230555005996
0 1.38736611417355 0.212682035374278 0.550865824593922 1 3487.74 58.44 415.645573730438
0 1.38736611417355 0.212682035374278 0.550865824593922 1 3487.74 58.44 415.645573730438
0 1.47889211837092 0.362591387439219 0.649134935249263 1 3118.88 43.42 428.964527032865
0.00884955752212389 1.38278735547691 0.27397524393308 -0.144459609174538 1 2705.7 55.64 439.297264494746
0.00884955752212389 1.35243611550347 0.290138192443007 -0.918291522250433 0.98 2928.81632653061 80.9387755102041 442.910516234874
0.00884955752212389 1.40628674941968 0.348331592148161 -0.448552561105784 1 2310.7 53.58 422.291537594892
0 1.38736611417355 0.212682035374278 0.550865824593922 1 3487.74 58.44 415.645573730438
0 1.45172530719301 0.313606674429646 0.522617011684799 1 3681.1 58.74 464.753113384295
0 1.4910135124255 0.366241543818642 0.205717170017989 1 3704.14 64.22 462.324350350834
0 1.41535773471145 0.364486664116825 -0.545541740203363 1 2223.36 49.12 410.322530322754
0 1.45460033415913 0.361427851738713 0.586160618610496 1 2817.26 41.22 438.747263263921
0.00884955752212389 1.39374759651284 0.291734050056144 -0.611449563963618 1 2991.44 74.16 431.701866998717
0.00884955752212389 1.35243611550347 0.290138192443007 -0.918291522250433 0.98 2928.81632653061 80.9387755102041 442.910516234874
0 1.47889211837092 0.362591387439219 0.649134935249263 1 3118.88 43.42 428.964527032865
0.00884955752212389 1.40373612413697 0.297330253936941 -0.302515489896139 0.98 3082.57142857143 67.1224489795918 468.230555005996
0.00884955752212389 1.40373612413697 0.297330253936941 -0.302515489896139 0.98 3082.57142857143 67.1224489795918 468.230555005996
0.00884955752212389 1.45829033038446 0.378189902700969 -0.377777067975138 1 3653.14 76.06 468.151996218895
0.00884955752212389 1.40373612413697 0.297330253936941 -0.302515489896139 0.98 3082.57142857143 67.1224489795918 468.230555005996
0 1.39362864813878 0.331530768462736 -0.464886667976341 0.98 2475.55102040816 57.469387755102 427.719419652988
0.00884955752212389 1.45829033038446 0.378189902700969 -0.377777067975138 1 3653.14 76.06 468.151996218895
0.00884955752212389 1.40373612413697 0.297330253936941 -0.302515489896139 0.98 3082.57142857143 67.1224489795918 468.230555005996
0.00884955752212389 1.41398425807745 0.329041028918914 -0.543059064820807 1 2702.06 67 420.633183821073
0.00884955752212389 1.38278735547691 0.27397524393308 -0.144459609174538 1 2705.7 55.64 439.297264494746
0.00884955752212389 1.3374102288649 0.294751937683932 -0.572763623573785 1 2066.18 51.72 439.89182258208
0.00884955752212389 1.39374759651284 0.291734050056144 -0.611449563963618 1 2991.44 74.16 431.701866998717
0 1.45172530719301 0.313606674429646 0.522617011684799 1 3681.1 58.74 464.753113384295
0 1.42837831038907 0.355829305537003 -0.188336272749765 1 2616.84 52.04 409.108208138243
0.00884955752212389 1.35243611550347 0.290138192443007 -0.918291522250433 0.98 2928.81632653061 80.9387755102041 442.910516234874
0 1.45172530719301 0.313606674429646 0.522617011684799 1 3681.1 58.74 464.753113384295
0 1.44068293702098 0.383168268795245 0.0761804360377007 1 2146.98 39.94 456.810783792711
0 1.41989557107943 0.284153042464931 -0.278321000221273 1 3828.86 78.82 454.838570715924
0 1.37985894351738 0.286955622605419 -0.188794190644034 0.98 2656.69387755102 57.7142857142857 426.895235543243
0.00884955752212389 1.48411640202146 0.385887312233011 0.253549384289138 1 3080.26 52.54 439.586570353207
0 1.45172530719301 0.313606674429646 0.522617011684799 1 3681.1 58.74 464.753113384295
0 1.47889211837092 0.362591387439219 0.649134935249263 1 3118.88 43.42 428.964527032865
0 1.45460033415913 0.361427851738713 0.586160618610496 1 2817.26 41.22 438.747263263921
0.00884955752212389 1.42176862664522 0.318557404138377 -0.0797784899981315 1 2839.28 57.12 446.432701624469
0 1.36199173767362 0.245522104821877 -0.326644064292843 0.98 3483.75510204082 80.5714285714286 431.572694735194
0.00884955752212389 1.43230419068009 0.333739071095667 0.0631238078791715 1 2661.3 48.9 418.687334722718
0 1.4910135124255 0.366241543818642 0.205717170017989 1 3704.14 64.22 462.324350350834
0 1.41535773471145 0.364486664116825 -0.545541740203363 1 2223.36 49.12 410.322530322754
0.00884955752212389 1.38278735547691 0.27397524393308 -0.144459609174538 1 2705.7 55.64 439.297264494746
0.00884955752212389 1.38278735547691 0.27397524393308 -0.144459609174538 1 2705.7 55.64 439.297264494746
0.00884955752212389 1.40373612413697 0.297330253936941 -0.302515489896139 0.98 3082.57142857143 67.1224489795918 468.230555005996
0.00884955752212389 1.45829033038446 0.378189902700969 -0.377777067975138 1 3653.14 76.06 468.151996218895
0.00884955752212389 1.35243611550347 0.290138192443007 -0.918291522250433 0.98 2928.81632653061 80.9387755102041 442.910516234874
0 1.36199173767362 0.245522104821877 -0.326644064292843 0.98 3483.75510204082 80.5714285714286 431.572694735194
0.00884955752212389 1.40373612413697 0.297330253936941 -0.302515489896139 0.98 3082.57142857143 67.1224489795918 468.230555005996
0 1.36199173767362 0.245522104821877 -0.326644064292843 0.98 3483.75510204082 80.5714285714286 431.572694735194
0.00884955752212389 1.39374759651284 0.291734050056144 -0.611449563963618 1 2991.44 74.16 431.701866998717
0.00884955752212389 1.40373612413697 0.297330253936941 -0.302515489896139 0.98 3082.57142857143 67.1224489795918 468.230555005996
0 1.36199173767362 0.245522104821877 -0.326644064292843 0.98 3483.75510204082 80.5714285714286 431.572694735194
0 1.37985894351738 0.286955622605419 -0.188794190644034 0.98 2656.69387755102 57.7142857142857 426.895235543243
0.00884955752212389 1.373901530603 0.301547300108519 -0.388130598266492 0.98 2573.81632653061 60.3469387755102 437.677732220973
0 1.38736611417355 0.212682035374278 0.550865824593922 1 3487.74 58.44 415.645573730438
0 1.47889211837092 0.362591387439219 0.649134935249263 1 3118.88 43.42 428.964527032865
0 1.41535773471145 0.364486664116825 -0.545541740203363 1 2223.36 49.12 410.322530322754
0 1.40099760310977 0.270546885040322 0.101588429639742 0.98 3333.0612244898 63.8163265306122 427.854867239021
0.00884955752212389 1.40373612413697 0.297330253936941 -0.302515489896139 0.98 3082.57142857143 67.1224489795918 468.230555005996
0 1.39422947319284 0.293955124719673 -0.587157870531727 1 3299.24 79.12 402.579702832985
0.00884955752212389 1.35243611550347 0.290138192443007 -0.918291522250433 0.98 2928.81632653061 80.9387755102041 442.910516234874
0.00884955752212389 1.35243611550347 0.290138192443007 -0.918291522250433 0.98 2928.81632653061 80.9387755102041 442.910516234874
0 1.47889211837092 0.362591387439219 0.649134935249263 1 3118.88 43.42 428.964527032865
0.00884955752212389 1.40373612413697 0.297330253936941 -0.302515489896139 0.98 3082.57142857143 67.1224489795918 468.230555005996
0 1.4910135124255 0.366241543818642 0.205717170017989 1 3704.14 64.22 462.324350350834
0.00884955752212389 1.36490839556083 0.280011737123141 -0.588248347097793 0.98 2562.97959183673 63.8367346938776 428.811408366066
0 1.39422947319284 0.293955124719673 -0.587157870531727 1 3299.24 79.12 402.579702832985
0 1.38736611417355 0.212682035374278 0.550865824593922 1 3487.74 58.44 415.645573730438
0.00884955752212389 1.35243611550347 0.290138192443007 -0.918291522250433 0.98 2928.81632653061 80.9387755102041 442.910516234874
0 1.37985894351738 0.286955622605419 -0.188794190644034 0.98 2656.69387755102 57.7142857142857 426.895235543243
0 1.45460033415913 0.361427851738713 0.586160618610496 1 2817.26 41.22 438.747263263921
0 1.38736611417355 0.212682035374278 0.550865824593922 1 3487.74 58.44 415.645573730438
0 1.45172530719301 0.313606674429646 0.522617011684799 1 3681.1 58.74 464.753113384295
0.00884955752212389 1.38536029871378 0.305018450289725 -0.898278201902572 1 2894.04 78.36 473.968806085389
0.00884955752212389 1.38278735547691 0.27397524393308 -0.144459609174538 1 2705.7 55.64 439.297264494746
0.00884955752212389 1.40373612413697 0.297330253936941 -0.302515489896139 0.98 3082.57142857143 67.1224489795918 468.230555005996
0.00884955752212389 1.40373612413697 0.297330253936941 -0.302515489896139 0.98 3082.57142857143 67.1224489795918 468.230555005996
0.00884955752212389 1.40373612413697 0.297330253936941 -0.302515489896139 0.98 3082.57142857143 67.1224489795918 468.230555005996
0 1.44068293702098 0.383168268795245 0.0761804360377007 1 2146.98 39.94 456.810783792711
0.00884955752212389 1.39374759651284 0.291734050056144 -0.611449563963618 1 2991.44 74.16 431.701866998717
0 1.40006957957443 0.262178483279244 -0.0522935373474648 1 3247.74 65.54 409.030418673753
0.00884955752212389 1.36994333313956 0.282071835813611 -0.57628696354662 0.98 3252.42857142857 78 451.223923362587
0 1.47889211837092 0.362591387439219 0.649134935249263 1 3118.88 43.42 428.964527032865
0 1.36199173767362 0.245522104821877 -0.326644064292843 0.98 3483.75510204082 80.5714285714286 431.572694735194
0.00884955752212389 1.44122425166401 0.370312402838922 0.0541640488833816 1 2704 47.64 446.771849084746
0 1.41535773471145 0.364486664116825 -0.545541740203363 1 2223.36 49.12 410.322530322754
0.00884955752212389 1.38278735547691 0.27397524393308 -0.144459609174538 1 2705.7 55.64 439.297264494746
0 1.40006957957443 0.262178483279244 -0.0522935373474648 1 3247.74 65.54 409.030418673753
0 1.47889211837092 0.362591387439219 0.649134935249263 1 3118.88 43.42 428.964527032865
0.00884955752212389 1.45829033038446 0.378189902700969 -0.377777067975138 1 3653.14 76.06 468.151996218895
0.00884955752212389 1.36490839556083 0.280011737123141 -0.588248347097793 0.98 2562.97959183673 63.8367346938776 428.811408366066
0.00884955752212389 1.38278735547691 0.27397524393308 -0.144459609174538 1 2705.7 55.64 439.297264494746
0.00884955752212389 1.35243611550347 0.290138192443007 -0.918291522250433 0.98 2928.81632653061 80.9387755102041 442.910516234874
0 1.44068293702098 0.383168268795245 0.0761804360377007 1 2146.98 39.94 456.810783792711
0.00884955752212389 1.42176862664522 0.318557404138377 -0.0797784899981315 1 2839.28 57.12 446.432701624469
0 1.4910135124255 0.366241543818642 0.205717170017989 1 3704.14 64.22 462.324350350834
0.00884955752212389 1.40373612413697 0.297330253936941 -0.302515489896139 0.98 3082.57142857143 67.1224489795918 468.230555005996
0 1.47460958009246 0.375472540464662 0.327572249007192 1 2807.58 44.14 424.214808564803
