0 1.3374102288649 0.294751937683932 -0.572763623573785 1 2066.18 51.72 439.89182258208
0 1.35243611550347 0.290138192443007 -0.918291522250433 0.98 2928.81632653061 80.9387755102041 442.910516234874
0 1.44372346170311 0.362662001565075 0.174898688973333 1 2987.02 51.04 454.129221441368
0 1.35243611550347 0.290138192443007 -0.918291522250433 0.98 2928.81632653061 80.9387755102041 442.910516234874
0.00757575757575758 1.39374759651284 0.291734050056144 -0.611449563963618 1 2991.44 74.16 431.701866998717
0 1.42335897919299 0.328504504340888 -0.180766505767881 1 3388.24 67.54 427.610588007194
0.00757575757575758 1.38278735547691 0.27397524393308 -0.144459609174538 1 2705.7 55.64 439.297264494746
0.00757575757575758 1.38685082446552 0.259497535006458 -0.0781120871164421 1 3004.84 64.82 438.327543454742
0.00757575757575758 1.39535578186107 0.275935969064417 -0.398062900537518 1 3238.18 74.32 445.626908304814
0.00757575757575758 1.38278735547691 0.27397524393308 -0.144459609174538 1 2705.7 55.64 439.297264494746
0.00757575757575758 1.38278735547691 0.27397524393308 -0.144459609174538 1 2705.7 55.64 439.297264494746
0.00757575757575758 1.38536029871378 0.305018450289725 -0.898278201902572 1 2894.04 78.36 473.968806085389
0.00757575757575758 1.33412270205447 0.23892376861172 -0.381229125574548 1 2817.22 65.78 445.411234662736
0.00757575757575758 1.38278735547691 0.27397524393308 -0.144459609174538 1 2705.7 55.64 439.297264494746
0 1.37186055194774 0.246343962275874 -0.045023387364344 1 3427.12 71.16 468.287345053623
0 1.35243611550347 0.290138192443007 -0.918291522250433 0.98 2928.81632653061 80.9387755102041 442.910516234874
0.00757575757575758 1.39374759651284 0.291734050056144 -0.611449563963618 1 2991.44 74.16 431.701866998717
0 1.35243611550347 0.290138192443007 -0.918291522250433 0.98 2928.81632653061 80.9387755102041 442.910516234874
0.00757575757575758 1.38278735547691 0.27397524393308 -0.144459609174538 1 2705.7 55.64 439.297264494746
0.00757575757575758 1.38278735547691 0.27397524393308 -0.144459609174538 1 2705.7 55.64 439.297264494746
0.00757575757575758 1.38278735547691 0.27397524393308 -0.144459609174538 1 2705.7 55.64 439.297264494746
0.00757575757575758 1.38278735547691 0.27397524393308 -0.144459609174538 1 2705.7 55.64 439.297264494746
0.00757575757575758 1.38536029871378 0.305018450289725 -0.898278201902572 1 2894.04 78.36 473.968806085389
0 1.44122425166401 0.370312402838922 0.0541640488833816 1 2704 47.64 446.771849084746
0.00757575757575758 1.39535578186107 0.275935969064417 -0.398062900537518 1 3238.18 74.32 445.626908304814
0 1.35243611550347 0.290138192443007 -0.918291522250433 0.98 2928.81632653061 80.9387755102041 442.910516234874
0.00757575757575758 1.38278735547691 0.27397524393308 -0.144459609174538 1 2705.7 55.64 439.297264494746
0.00757575757575758 1.42012282481066 0.37089235926752 -0.779825896025024 1 2998.3 74.34 459.526006722166
0 1.39986444916183 0.366405748697968 -0.357321479143995 1 2231.14 49.14 441.064928016127
0 1.44372346170311 0.362662001565075 0.174898688973333 1 2987.02 51.04 454.129221441368
0.00757575757575758 1.38278735547691 0.27397524393308 -0.144459609174538 1 2705.7 55.64 439.297264494746
0.00757575757575758 1.39374759651284 0.291734050056144 -0.611449563963618 1 2991.44 74.16 431.701866998717
0.00757575757575758 1.41398425807745 0.329041028918914 -0.543059064820807 1 2702.06 67 420.633183821073
0.00757575757575758 1.3755748133116 0.296799105254929 -0.663645674159097 1 2422.94 60.5 433.100553475783
0.00757575757575758 1.39374759651284 0.291734050056144 -0.611449563963618 1 2991.44 74.16 431.701866998717
0 1.35243611550347 0.290138192443007 -0.918291522250433 0.98 2928.81632653061 80.9387755102041 442.910516234874
0.00757575757575758 1.38278735547691 0.27397524393308 -0.144459609174538 1 2705.7 55.64 439.297264494746
0 1.37186055194774 0.246343962275874 -0.045023387364344 1 3427.12 71.16 468.287345053623
0.00757575757575758 1.38278735547691 0.27397524393308 -0.144459609174538 1 2705.7 55.64 439.297264494746
0 1.35243611550347 0.290138192443007 -0.918291522250433 0.98 2928.81632653061 80.9387755102041 442.910516234874
0 1.39986444916183 0.366405748697968 -0.357321479143995 1 2231.14 49.14 441.064928016127
0.00757575757575758 1.38278735547691 0.27397524393308 -0.144459609174538 1 2705.7 55.64 439.297264494746
0.00757575757575758 1.38278735547691 0.27397524393308 -0.144459609174538 1 2705.7 55.64 439.297264494746
0 1.40628674941968 0.348331592148161 -0.448552561105784 1 2310.7 53.58 422.291537594892
0.00757575757575758 1.38278735547691 0.27397524393308 -0.144459609174538 1 2705.7 55.64 439.297264494746
0.00757575757575758 1.38278735547691 0.27397524393308 -0.144459609174538 1 2705.7 55.64 439.297264494746
0 1.42335897919299 0.328504504340888 -0.180766505767881 1 3388.24 67.54 427.610588007194
0 1.35243611550347 0.290138192443007 -0.918291522250433 0.98 2928.81632653061 80.9387755102041 442.910516234874
0 1.39986444916183 0.366405748697968 -0.357321479143995 1 2231.14 49.14 441.064928016127
0.00757575757575758 1.38536029871378 0.305018450289725 -0.898278201902572 1 2894.04 78.36 473.968806085389
0 1.44372346170311 0.362662001565075 0.174898688973333 1 2987.02 51.04 454.129221441368
0.00757575757575758 1.38278735547691 0.27397524393308 -0.144459609174538 1 2705.7 55.64 439.297264494746
0.00757575757575758 1.42176862664522 0.318557404138377 -0.0797784899981315 1 2839.28 57.12 446.432701624469
0 1.35243611550347 0.290138192443007 -0.918291522250433 0.98 2928.81632653061 80.9387755102041 442.910516234874
0.00757575757575758 1.39374759651284 0.291734050056144 -0.611449563963618 1 2991.44 74.16 431.701866998717
0.00757575757575758 1.38278735547691 0.27397524393308 -0.144459609174538 1 2705.7 55.64 439.297264494746
0.00757575757575758 1.39374759651284 0.291734050056144 -0.611449563963618 1 2991.44 74.16 431.701866998717
0 1.35243611550347 0.290138192443007 -0.918291522250433 0.98 2928.81632653061 80.9387755102041 442.910516234874
0.00757575757575758 1.38278735547691 0.27397524393308 -0.144459609174538 1 2705.7 55.64 439.297264494746
0.00757575757575758 1.39374759651284 0.291734050056144 -0.611449563963618 1 2991.44 74.16 431.701866998717
0.00757575757575758 1.38536029871378 0.305018450289725 -0.898278201902572 1 2894.04 78.36 473.968806085389
0.00757575757575758 1.40570222422527 0.37913123226451 -0.846984855073277 1 2257.94 58.38 435.786786172091
0 1.35243611550347 0.290138192443007 -0.918291522250433 0.98 2928.81632653061 80.9387755102041 442.910516234874
0.00757575757575758 1.3755748133116 0.296799105254929 -0.663645674159097 1 2422.94 60.5 433.100553475783
0 1.35243611550347 0.290138192443007 -0.918291522250433 0.98 2928.81632653061 80.9387755102041 442.910516234874
0 1.35243611550347 0.290138192443007 -0.918291522250433 0.98 2928.81632653061 80.9387755102041 442.910516234874
0.00757575757575758 1.38536029871378 0.305018450289725 -0.898278201902572 1 2894.04 78.36 473.968806085389
0 1.35243611550347 0.290138192443007 -0.918291522250433 0.98 2928.81632653061 80.9387755102041 442.910516234874
0 1.35243611550347 0.290138192443007 -0.918291522250433 0.98 2928.81632653061 80.9387755102041 442.910516234874
0.00757575757575758 1.38278735547691 0.27397524393308 -0.144459609174538 1 2705.7 55.64 439.297264494746
0 1.35243611550347 0.290138192443007 -0.918291522250433 0.98 2928.81632653061 80.9387755102041 442.910516234874
0 1.35243611550347 0.290138192443007 -0.918291522250433 0.98 2928.81632653061 80.9387755102041 442.910516234874
0.00757575757575758 1.33412270205447 0.23892376861172 -0.381229125574548 1 2817.22 65.78 445.411234662736
0 1.42335897919299 0.328504504340888 -0.180766505767881 1 3388.24 67.54 427.610588007194
0 1.35243611550347 0.290138192443007 -0.918291522250433 0.98 2928.81632653061 80.9387755102041 442.910516234874
0.00757575757575758 1.38278735547691 0.27397524393308 -0.144459609174538 1 2705.7 55.64 439.297264494746
0 1.35243611550347 0.290138192443007 -0.918291522250433 0.98 2928.81632653061 80.9387755102041 442.910516234874
0 1.35243611550347 0.290138192443007 -0.918291522250433 0.98 2928.81632653061 80.9387755102041 442.910516234874
0 1.35243611550347 0.290138192443007 -0.918291522250433 0.98 2928.81632653061 80.9387755102041 442.910516234874
0.00757575757575758 1.38685082446552 0.259497535006458 -0.0781120871164421 1 3004.84 64.82 438.327543454742
0 1.35243611550347 0.290138192443007 -0.918291522250433 0.98 2928.81632653061 80.9387755102041 442.910516234874
0 1.44372346170311 0.362662001565075 0.174898688973333 1 2987.02 51.04 454.129221441368
0.00757575757575758 1.38278735547691 0.27397524393308 -0.144459609174538 1 2705.7 55.64 439.297264494746
0.00757575757575758 1.38278735547691 0.27397524393308 -0.144459609174538 1 2705.7 55.64 439.297264494746
0.00757575757575758 1.38536029871378 0.305018450289725 -0.898278201902572 1 2894.04 78.36 473.968806085389
0 1.37186055194774 0.246343962275874 -0.045023387364344 1 3427.12 71.16 468.287345053623
0 1.35243611550347 0.290138192443007 -0.918291522250433 0.98 2928.81632653061 80.9387755102041 442.910516234874
0.00757575757575758 1.42176862664522 0.318557404138377 -0.0797784899981315 1 2839.28 57.12 446.432701624469
0 1.44372346170311 0.362662001565075 0.174898688973333 1 2987.02 51.04 454.129221441368
0.00757575757575758 1.42176862664522 0.318557404138377 -0.0797784899981315 1 2839.28 57.12 446.432701624469
0 1.40628674941968 0.348331592148161 -0.448552561105784 1 2310.7 53.58 422.291537594892
0 1.39986444916183 0.366405748697968 -0.357321479143995 1 2231.14 49.14 441.064928016127
0.00757575757575758 1.38278735547691 0.27397524393308 -0.144459609174538 1 2705.7 55.64 439.297264494746
0.00757575757575758 1.39374759651284 0.291734050056144 -0.611449563963618 1 2991.44 74.16 431.701866998717
0 1.3374102288649 0.294751937683932 -0.572763623573785 1 2066.18 51.72 439.89182258208
0.00757575757575758 1.39374759651284 0.291734050056144 -0.611449563963618 1 2991.44 74.16 431.701866998717
0 1.42335897919299 0.328504504340888 -0.180766505767881 1 3388.24 67.54 427.610588007194
0 1.40767352077126 0.283009217138155 -0.17135177665978 1 3431.84 70.52 452.98084776959
0 1.37186055194774 0.246343962275874 -0.045023387364344 1 3427.12 71.16 468.287345053623
0.00757575757575758 1.42176862664522 0.318557404138377 -0.0797784899981315 1 2839.28 57.12 446.432701624469
0 1.35243611550347 0.290138192443007 -0.918291522250433 0.98 2928.81632653061 80.9387755102041 442.910516234874
0 1.39986444916183 0.366405748697968 -0.357321479143995 1 2231.14 49.14 441.064928016127
0.00757575757575758 1.39374759651284 0.291734050056144 -0.611449563963618 1 2991.44 74.16 431.701866998717
0.00757575757575758 1.42176862664522 0.318557404138377 -0.0797784899981315 1 2839.28 57.12 446.432701624469
0 1.40628674941968 0.348331592148161 -0.448552561105784 1 2310.7 53.58 422.291537594892
0.00757575757575758 1.42012282481066 0.37089235926752 -0.779825896025024 1 2998.3 74.34 459.526006722166
0 1.35243611550347 0.290138192443007 -0.918291522250433 0.98 2928.81632653061 80.9387755102041 442.910516234874
0 1.35243611550347 0.290138192443007 -0.918291522250433 0.98 2928.81632653061 80.9387755102041 442.910516234874
0.00757575757575758 1.34851720039794 0.283697462880337 -0.873453430574724 1 2753.22 76.86 469.673280050823
0 1.39661989180463 0.322325524378621 -0.978399357013614 0.98 2855.4693877551 78.6122448979592 457.950375736434
0.00757575757575758 1.42176862664522 0.318557404138377 -0.0797784899981315 1 2839.28 57.12 446.432701624469
0 1.37186055194774 0.246343962275874 -0.045023387364344 1 3427.12 71.16 468.287345053623
0.00757575757575758 1.39374759651284 0.291734050056144 -0.611449563963618 1 2991.44 74.16 431.701866998717
0.00757575757575758 1.38278735547691 0.27397524393308 -0.144459609174538 1 2705.7 55.64 439.297264494746
0 1.45003455065328 0.353553920057331 0.0026030426033577 1 3344.24 63.7 466.157046215617
0.00757575757575758 1.38278735547691 0.27397524393308 -0.144459609174538 1 2705.7 55.64 439.297264494746
0.00757575757575758 1.38278735547691 0.27397524393308 -0.144459609174538 1 2705.7 55.64 439.297264494746
0.00757575757575758 1.39374759651284 0.291734050056144 -0.611449563963618 1 2991.44 74.16 431.701866998717
0 1.44372346170311 0.362662001565075 0.174898688973333 1 2987.02 51.04 454.129221441368
0 1.35243611550347 0.290138192443007 -0.918291522250433 0.98 2928.81632653061 80.9387755102041 442.910516234874
0.00757575757575758 1.38278735547691 0.27397524393308 -0.144459609174538 1 2705.7 55.64 439.297264494746
0 1.41593803082364 0.322566883683555 -0.449057513489768 1 3391.32 75.14 436.93640522688
0.00757575757575758 1.38278735547691 0.27397524393308 -0.144459609174538 1 2705.7 55.64 439.297264494746
0.00757575757575758 1.38685082446552 0.259497535006458 -0.0781120871164421 1 3004.84 64.82 438.327543454742
0.00757575757575758 1.38278735547691 0.27397524393308 -0.144459609174538 1 2705.7 55.64 439.297264494746
0.00757575757575758 1.38278735547691 0.27397524393308 -0.144459609174538 1 2705.7 55.64 439.297264494746
0 1.35243611550347 0.290138192443007 -0.918291522250433 0.98 2928.81632653061 80.9387755102041 442.910516234874
0.00757575757575758 1.38278735547691 0.27397524393308 -0.144459609174538 1 2705.7 55.64 439.297264494746
0.00757575757575758 1.38278735547691 0.27397524393308 -0.144459609174538 1 2705.7 55.64 439.297264494746
0 1.40628674941968 0.348331592148161 -0.448552561105784 1 2310.7 53.58 422.291537594892
0.00757575757575758 1.41398425807745 0.329041028918914 -0.543059064820807 1 2702.06 67 420.633183821073
0 1.44372346170311 0.362662001565075 0.174898688973333 1 2987.02 51.04 454.129221441368
0.00757575757575758 1.38278735547691 0.27397524393308 -0.144459609174538 1 2705.7 55.64 439.297264494746
0 1.35243611550347 0.290138192443007 -0.918291522250433 0.98 2928.81632653061 80.9387755102041 442.910516234874
0.00757575757575758 1.38764024249463 0.309430604965582 -0.681270775704792 1 2716.14 68.2 429.834748384403
0.00757575757575758 1.33412270205447 0.23892376861172 -0.381229125574548 1 2817.22 65.78 445.411234662736
0 1.39606424639695 0.346439560987431 -0.924264386201975 0.98 2439.04081632653 65.4897959183673 458.072051518108
0 1.35243611550347 0.290138192443007 -0.918291522250433 0.98 2928.81632653061 80.9387755102041 442.910516234874
0.00757575757575758 1.39535578186107 0.275935969064417 -0.398062900537518 1 3238.18 74.32 445.626908304814
0.00757575757575758 1.3879038050836 0.259671134605805 0.0224361160971899 1 2885.88 59.96 437.52787455846
0.00757575757575758 1.42176862664522 0.318557404138377 -0.0797784899981315 1 2839.28 57.12 446.432701624469
0.00757575757575758 1.33412270205447 0.23892376861172 -0.381229125574548 1 2817.22 65.78 445.411234662736
0 1.37186055194774 0.246343962275874 -0.045023387364344 1 3427.12 71.16 468.287345053623
0.00757575757575758 1.39374759651284 0.291734050056144 -0.611449563963618 1 2991.44 74.16 431.701866998717
0.00757575757575758 1.40059349678183 0.344386228876394 -0.661515405112721 1 2351.9 56.74 427.346738313252
0.00757575757575758 1.39374759651284 0.291734050056144 -0.611449563963618 1 2991.44 74.16 431.701866998717
0.00757575757575758 1.4403282458765 0.388100414915599 -0.454718776704292 1 2513.86 56.44 451.110168424547
0.00757575757575758 1.38685082446552 0.259497535006458 -0.0781120871164421 1 3004.84 64.82 438.327543454742
0.00757575757575758 1.38278735547691 0.27397524393308 -0.144459609174538 1 2705.7 55.64 439.297264494746
0.00757575757575758 1.38536029871378 0.305018450289725 -0.898278201902572 1 2894.04 78.36 473.968806085389
0.00757575757575758 1.38278735547691 0.27397524393308 -0.144459609174538 1 2705.7 55.64 439.297264494746
0.00757575757575758 1.38278735547691 0.27397524393308 -0.144459609174538 1 2705.7 55.64 439.297264494746
0.00757575757575758 1.39374759651284 0.291734050056144 -0.611449563963618 1 2991.44 74.16 431.701866998717
0.00757575757575758 1.38278735547691 0.27397524393308 -0.144459609174538 1 2705.7 55.64 439.297264494746
0 1.35243611550347 0.290138192443007 -0.918291522250433 0.98 2928.81632653061 80.9387755102041 442.910516234874
0 1.35243611550347 0.290138192443007 -0.918291522250433 0.98 2928.81632653061 80.9387755102041 442.910516234874
0 1.3374102288649 0.294751937683932 -0.572763623573785 1 2066.18 51.72 439.89182258208
0 1.35243611550347 0.290138192443007 -0.918291522250433 0.98 2928.81632653061 80.9387755102041 442.910516234874
0.00757575757575758 1.39374759651284 0.291734050056144 -0.611449563963618 1 2991.44 74.16 431.701866998717
0.00757575757575758 1.39374759651284 0.291734050056144 -0.611449563963618 1 2991.44 74.16 431.701866998717
0 1.35243611550347 0.290138192443007 -0.918291522250433 0.98 2928.81632653061 80.9387755102041 442.910516234874
0 1.39986444916183 0.366405748697968 -0.357321479143995 1 2231.14 49.14 441.064928016127
0.00757575757575758 1.42176862664522 0.318557404138377 -0.0797784899981315 1 2839.28 57.12 446.432701624469
0.00757575757575758 1.38278735547691 0.27397524393308 -0.144459609174538 1 2705.7 55.64 439.297264494746
0 1.44122425166401 0.370312402838922 0.0541640488833816 1 2704 47.64 446.771849084746
0 1.35243611550347 0.290138192443007 -0.918291522250433 0.98 2928.81632653061 80.9387755102041 442.910516234874
0 1.45003455065328 0.353553920057331 0.0026030426033577 1 3344.24 63.7 466.157046215617
0 1.4143017672415 0.308726139447004 -0.0483215404053579 1 2646.58 54.36 424.966314589941
0.00757575757575758 1.39374759651284 0.291734050056144 -0.611449563963618 1 2991.44 74.16 431.701866998717
0.00757575757575758 1.39535578186107 0.275935969064417 -0.398062900537518 1 3238.18 74.32 445.626908304814
0.00757575757575758 1.38536029871378 0.305018450289725 -0.898278201902572 1 2894.04 78.36 473.968806085389
0.00757575757575758 1.41398425807745 0.329041028918914 -0.543059064820807 1 2702.06 67 420.633183821073
0 1.35243611550347 0.290138192443007 -0.918291522250433 0.98 2928.81632653061 80.9387755102041 442.910516234874
0 1.44372346170311 0.362662001565075 0.174898688973333 1 2987.02 51.04 454.129221441368
0 1.35243611550347 0.290138192443007 -0.918291522250433 0.98 2928.81632653061 80.9387755102041 442.910516234874
0.00757575757575758 1.38278735547691 0.27397524393308 -0.144459609174538 1 2705.7 55.64 439.297264494746
0.00757575757575758 1.38536029871378 0.305018450289725 -0.898278201902572 1 2894.04 78.36 473.968806085389
0.00757575757575758 1.39374759651284 0.291734050056144 -0.611449563963618 1 2991.44 74.16 431.701866998717
0.00757575757575758 1.38278735547691 0.27397524393308 -0.144459609174538 1 2705.7 55.64 439.297264494746
0 1.42335897919299 0.328504504340888 -0.180766505767881 1 3388.24 67.54 427.610588007194
0 1.44372346170311 0.362662001565075 0.174898688973333 1 2987.02 51.04 454.129221441368
0 1.35243611550347 0.290138192443007 -0.918291522250433 0.98 2928.81632653061 80.9387755102041 442.910516234874
0.00757575757575758 1.38278735547691 0.27397524393308 -0.144459609174538 1 2705.7 55.64 439.297264494746
0 1.40628674941968 0.348331592148161 -0.448552561105784 1 2310.7 53.58 422.291537594892
0 1.42335897919299 0.328504504340888 -0.180766505767881 1 3388.24 67.54 427.610588007194
0 1.35243611550347 0.290138192443007 -0.918291522250433 0.98 2928.81632653061 80.9387755102041 442.910516234874
0.00757575757575758 1.38278735547691 0.27397524393308 -0.144459609174538 1 2705.7 55.64 439.297264494746
0.00757575757575758 1.39374759651284 0.291734050056144 -0.611449563963618 1 2991.44 74.16 431.701866998717
0.00757575757575758 1.38278735547691 0.27397524393308 -0.144459609174538 1 2705.7 55.64 439.297264494746
0.00757575757575758 1.38278735547691 0.27397524393308 -0.144459609174538 1 2705.7 55.64 439.297264494746
0.00757575757575758 1.38278735547691 0.27397524393308 -0.144459609174538 1 2705.7 55.64 439.297264494746
0 1.41593803082364 0.322566883683555 -0.449057513489768 1 3391.32 75.14 436.93640522688
0.00757575757575758 1.39374759651284 0.291734050056144 -0.611449563963618 1 2991.44 74.16 431.701866998717
0.00757575757575758 1.38278735547691 0.27397524393308 -0.144459609174538 1 2705.7 55.64 439.297264494746
0.00757575757575758 1.42012282481066 0.37089235926752 -0.779825896025024 1 2998.3 74.34 459.526006722166
0.00757575757575758 1.38278735547691 0.27397524393308 -0.144459609174538 1 2705.7 55.64 439.297264494746
0.00757575757575758 1.38685082446552 0.259497535006458 -0.0781120871164421 1 3004.84 64.82 438.327543454742
0.00757575757575758 1.38278735547691 0.27397524393308 -0.144459609174538 1 2705.7 55.64 439.297264494746
0.00757575757575758 1.39374759651284 0.291734050056144 -0.611449563963618 1 2991.44 74.16 431.701866998717
0.00757575757575758 1.38278735547691 0.27397524393308 -0.144459609174538 1 2705.7 55.64 439.297264494746
0.00757575757575758 1.38278735547691 0.27397524393308 -0.144459609174538 1 2705.7 55.64 439.297264494746
0.00757575757575758 1.39374759651284 0.291734050056144 -0.611449563963618 1 2991.44 74.16 431.701866998717
0.00757575757575758 1.38278735547691 0.27397524393308 -0.144459609174538 1 2705.7 55.64 439.297264494746
0 1.35243611550347 0.290138192443007 -0.918291522250433 0.98 2928.81632653061 80.9387755102041 442.910516234874
0.00757575757575758 1.39535578186107 0.275935969064417 -0.398062900537518 1 3238.18 74.32 445.626908304814
0.00757575757575758 1.38278735547691 0.27397524393308 -0.144459609174538 1 2705.7 55.64 439.297264494746
0.00757575757575758 1.38536029871378 0.305018450289725 -0.898278201902572 1 2894.04 78.36 473.968806085389
0.00757575757575758 1.39374759651284 0.291734050056144 -0.611449563963618 1 2991.44 74.16 431.701866998717
0.00757575757575758 1.39374759651284 0.291734050056144 -0.611449563963618 1 2991.44 74.16 431.701866998717
0.00757575757575758 1.41317518667321 0.375069759836061 -0.946169991272008 1 3044.76 79.38 470.318378055675
0.00757575757575758 1.38278735547691 0.27397524393308 -0.144459609174538 1 2705.7 55.64 439.297264494746
0.00757575757575758 1.38278735547691 0.27397524393308 -0.144459609174538 1 2705.7 55.64 439.297264494746
0.00757575757575758 1.36735662100485 0.287783341822163 -0.414492956269696 1 2503.86 59.9 449.28303387866
0 1.45003455065328 0.353553920057331 0.0026030426033577 1 3344.24 63.7 466.157046215617
0.00757575757575758 1.38536029871378 0.305018450289725 -0.898278201902572 1 2894.04 78.36 473.968806085389
0.00757575757575758 1.39374759651284 0.291734050056144 -0.611449563963618 1 2991.44 74.16 431.701866998717
0 1.35243611550347 0.290138192443007 -0.918291522250433 0.98 2928.81632653061 80.9387755102041 442.910516234874
0.00757575757575758 1.33412270205447 0.23892376861172 -0.381229125574548 1 2817.22 65.78 445.411234662736
0.00757575757575758 1.38685082446552 0.259497535006458 -0.0781120871164421 1 3004.84 64.82 438.327543454742
0 1.35243611550347 0.290138192443007 -0.918291522250433 0.98 2928.81632653061 80.9387755102041 442.910516234874
