0.00335570469798658 1.44627987891846 0.364633139160157 0.840016169738972 0.384255187530491 2.36614112271 8.99756218501379 5.89026204159882 0.0447215342228499 5.97120869211965
0.00335570469798658 1.39769305458756 0.183931668563436 0.770059951476552 0.549276413109494 2.1733459592087 9.65670845091777 6.58707202350389 0.0464380353852162 6.85265237418449
0 1.48918981860307 0.198368872924686 0.885656965397352 0.418228591643332 2.59204994302254 9.94713307714098 6.97595583667139 0.0512429495353299 7.59341449457618
0 1.4544572462469 0.193926278712494 0.888858790871948 0.774273748270461 2.06149578655771 9.92680751615773 6.5572327983381 0.0344042657538047 7.3462553411565
0 1.43434519213624 0.176634423830546 0.94485902354354 0.649224441451952 2.32934184418991 9.868795688646 6.65115835140871 0.0400495701949368 7.32605763589179
0 1.46225705345221 0.178530999386075 0.60700366234616 0.714185547359935 1.77771590901354 9.99549450904558 6.74100170574716 0.0386003936916268 7.61691640623815
0.00335570469798658 1.3759836389276 0.136075514543558 0.730705714461338 0.865920175808638 2.26739940289997 9.65395419027629 6.42932440329903 0.0397705024090437 6.75648140954586
0 1.3969509532436 0.101734544644685 0.699051545758665 0.85104804103704 1.88629914599758 9.93624007627642 6.61427867282202 0.0360819909613564 7.43824871703587
0.00335570469798658 1.45880889875679 0.218272677419568 0.784972759638141 0.775367166277342 2.26699922341339 9.76724620558577 6.5416358762154 0.0397315248581303 7.06554504358676
0.00335570469798658 1.42896671494427 0.273502366062358 0.707076248308647 0.721107567453935 1.92485060028445 9.45695009969516 6.17327576962191 0.0374902518647047 6.48811880110016
0.00335570469798658 1.50996340219173 0.395089954750924 0.617341762983214 0.648979404930587 2.46311581479927 9.4271181043913 6.35960847014986 0.0465369045817137 6.50434805198342
0.00335570469798658 1.3760901076952 0.283071120339446 0.63525837387424 0.335924320528284 1.61026714835316 9.15907930048515 6.04345657691491 0.0443508802079417 6.01281659368202
0.00335570469798658 1.37066861642254 0.246028335315158 0.765579974843481 0.561869691031225 2.11001237676611 9.02339098039754 5.88519659037155 0.0433610203519269 5.93208277508266
0 1.44012440894462 0.24264825109242 0.835792047166449 0.559894706663595 1.70539506159679 9.68408317525875 6.29872413148336 0.0338654809724285 6.86484777797086
0 1.52199851215227 0.272015187593823 0.780729086374615 0.662874872238734 2.62268478002195 9.97806241567929 6.92065176071716 0.0470092609608456 7.47118094297132
0.00335570469798658 1.37799062870916 0.248752935652548 0.712512154015969 0.410700471659325 2.00083841977375 9.09272364901969 6.06908674529299 0.0486240553867061 6.05921855628372
0.00335570469798658 1.50272965634069 0.290616901194173 0.655578745300691 0.755097478865415 2.42652923149537 9.83321314594803 6.743092877418 0.0454964822805207 7.14369658852621
0.00335570469798658 1.39210400332207 0.279692640294435 0.671257448018735 0.381882106846405 1.51685897793054 9.07533646716611 5.85327948580211 0.039872955920855 5.96603989580931
0.00335570469798658 1.44060981469361 0.208134610937891 0.810848381265386 0.605978392298508 1.97084840035746 9.80518540124575 6.5645886850682 0.0391405323403668 7.09735031974259
0 1.58877088582386 0.34060695341267 0.721136870356258 0.478001932419233 2.05198557708415 9.98767611579994 6.79382481264124 0.0410136105324893 7.60402757128958
0.00335570469798658 1.48469132931282 0.274098794817161 0.804261402893103 0.402507883610203 2.05478729135637 9.9196189834435 6.79380926030695 0.043901371271476 7.28319589820227
0 1.50222648496854 0.271333493055774 0.802380355610664 0.717867973961986 2.213343305215 9.90162682245114 6.64188688220793 0.0383983825932408 7.33629868925238
0.00335570469798658 1.37084191910743 0.137836932241555 0.938035973449861 0.550565926667415 2.57179912009458 9.61045936318173 6.56557791010989 0.0476019547185661 6.81991931969371
0.00335570469798658 1.41430551486701 0.233364076335816 0.885833127062817 0.626574996322552 2.11899183345411 9.32197118814737 6.0311859361842 0.0372246072205825 6.33046335117266
0 1.37141579596362 0.216494255712914 0.716573571013913 0.418641549753174 2.46451930466999 9.22896583609935 6.40915462483872 0.0596171967020024 6.19530294736419
0 1.30977149182819 0.212227680669566 0.701675456814903 0.632300205605768 1.89136101812903 8.59282742680886 5.37147488716576 0.0399010539901054 5.47512374265388
0.00335570469798658 1.35932378308798 0.208760622459184 0.712973929025614 0.616195809453289 2.05139148346532 9.26250869158075 6.11724274697414 0.0430554721535097 6.18641856238929
0.00335570469798658 1.32354671179783 0.122034440864809 0.641650915285572 0.45101934154518 1.21537537686527 9.66362294911699 6.34292801821493 0.0361277167616664 6.65000949954134
0.00335570469798658 1.43410953260079 0.175216460205667 0.76995043376455 0.489522987487627 1.78657377986341 9.85632962696878 6.6542051171589 0.04067569620199 7.27292263155001
0.00335570469798658 1.42195752425052 0.227166100943879 0.845690995050687 0.39839905849679 2.45319808835345 9.54080773491061 6.57538888754499 0.051538877800476 6.70771023809747
0.00335570469798658 1.42877072198329 0.211341890844303 0.643488531818006 0.553582733130579 1.66516901940866 9.67416038117364 6.46541446115171 0.0404072554407463 6.97444072851263
0 1.35082080829889 0.242506302311085 0.816625990858301 0.723206656984985 2.68026215257123 8.59898758220706 5.51408685740953 0.0457345739839478 5.53998221239723
0.00335570469798658 1.36740090514866 0.172591776020953 0.793995291242258 0.629688774631957 2.77466574112717 9.43602646606516 6.53246367088152 0.0548275323975231 6.46711194252436
0.00335570469798658 1.38616374669897 0.136528071659623 0.690115649070609 0.713775119717427 2.07846428780108 9.78134413134385 6.65973861409436 0.0440863302053104 6.99701752223115
0 1.44788929026108 0.386759228608571 0.655498262960464 0.728387759020552 1.775823879987 9.12914983913664 5.68357976733868 0.0318865792207961 6.06874960981752
0.00335570469798658 1.40878579903109 0.275107824857191 0.676154229811611 0.30745246183077 2.09407702800531 9.39757345854769 6.51702483063091 0.05610397418267 6.30900877384368
0 1.54269249651983 0.24079516648091 0.891623754589575 0.624836444594816 2.66278942502875 9.99605185082821 6.89615767374986 0.0450539698840234 7.7358168239915
0 1.44920033420545 0.279721375257878 0.857704865874999 0.329260483978404 1.40963527712384 9.75758832591774 6.29025655009449 0.031200168740772 6.94933698484863
0.00335570469798658 1.42479447831865 0.170456727128476 0.923268757597543 0.815519825974479 2.43763274373487 9.74399525066157 6.45821032429151 0.0374112085215882 7.0394635822172
0 1.42963337511597 0.345309952255344 0.722791140674045 0.687248133601445 1.69716891743872 9.27044625182629 5.80624082391645 0.0312978639582593 6.17565510453095
0 1.5381526027849 0.27009282909502 0.787709488192383 0.472861943248171 2.17485937878308 9.94401798455617 6.80791284400822 0.0434517070416368 7.56334596081545
0 1.30300910893363 0.117084590780141 0.766254139054811 0.31843934073769 2.10092102410566 9.03139560739654 6.14966949726328 0.0560379516286162 5.92074026688332
0 1.47919790029248 0.25074245267019 0.815461790227688 0.828146980242782 2.39201448633411 9.91026757735929 6.65357377079185 0.038515527528538 7.28170865872114
0 1.42398933194176 0.113701341536628 0.815749642047426 0.734288979368986 2.48675200968351 9.90103955864259 6.82782423174101 0.046272135370982 7.48990385748143
0 1.46225705345221 0.178530999386075 0.60700366234616 0.714185547359935 1.77771590901354 9.99549450904558 6.74100170574716 0.0386003936916268 7.61691640623815
0.00335570469798658 1.44550610388071 0.19039180470406 0.779666109655729 0.652873855550145 2.06065210620908 9.75691260425318 6.54546459625777 0.0402982188613356 7.23114227605469
0 1.4311965088726 0.361958425014918 0.895113448755122 0.498720720568663 2.02808588442939 8.93777283066738 5.57693346698607 0.0347061156625367 5.94494929336651
0.00335570469798658 1.37488873983676 0.167610215569343 0.804645364063268 0.450473233013085 1.58871877247759 9.58479909999513 6.27595274907089 0.0365583249129898 6.74660396129583
0.00335570469798658 1.48255642451046 0.346982327179535 0.653623610670756 0.84603198393196 2.05707886643548 9.54864521406403 6.19554759568345 0.0349758443084399 6.54483228513964
0.00335570469798658 1.29631081185458 0.120940821363988 0.823903677899008 0.655922768636079 2.10727987615279 9.06797493707061 5.87874844009403 0.0412037298256029 5.92777672785072
0.00335570469798658 1.3965665447692 0.219809867005861 0.866817774129597 0.68273324778 2.68100256551518 9.40241256971961 6.32195464062307 0.0459382153862405 6.40334238298834
0 1.30070924297571 0.141893416655763 0.849823266867744 0.508228871248851 1.49756050669982 9.12033056479037 5.68561850402853 0.0322346905280051 6.03871914135878
0 1.39999239312901 0.232418304936516 0.622465682127841 0.464407591953534 1.19075224358552 9.59925429580755 6.18721592693203 0.0329739188170444 6.65905841314724
0.00335570469798658 1.37799762186257 0.112282438939452 0.662334474972516 0.725568417063667 1.75334942859276 9.75514260582539 6.49615916973964 0.0384274421197527 7.06634507094744
0.00335570469798658 1.33629945324596 0.261368030175384 0.734044367860907 0.483321685410647 2.26842886766503 8.7095072100486 5.67193310781098 0.0479510729131558 5.62693206569798
0.00335570469798658 1.47347952497295 0.37386236807962 0.768443251520791 0.802219186529581 2.77543488485496 9.09206001880039 5.92610936606386 0.0421740298939447 6.07848442746282
0.00335570469798658 1.34635745207278 0.155185448285093 0.697504253211303 0.883671040591701 2.44258095160169 9.26357698522921 6.11860184308016 0.0430679946113155 6.27248384750827
0 1.58877088582386 0.34060695341267 0.721136870356258 0.478001932419233 2.05198557708415 9.98767611579994 6.79382481264124 0.0410136105324893 7.60402757128958
0.00335570469798658 1.33426203098761 0.140150533213245 0.728204802931512 0.379066307043454 1.79213016813526 9.66878790264689 6.61150885920258 0.0470154483281874 6.76487075809586
0.00335570469798658 1.33821043591015 0.175824146787636 0.810506447940133 0.713211716059595 2.44503602385521 8.84347999356175 5.72302869631833 0.0441372449073591 5.87499049478452
0.00335570469798658 1.47602180232462 0.388156382386994 0.889504042788982 0.417131987415711 1.94914045295348 9.22896583609935 5.88070057012313 0.0351452689438555 6.20947494631044
0 1.54613169305527 0.208707826016991 0.817169962880897 0.642263661396188 2.56367881323054 10.0133396658496 6.95502047144925 0.0469665705891787 7.77324943518883
0.00335570469798658 1.45539805573694 0.254303396937529 0.690796126665867 0.711585231863119 2.26434263518045 9.84173806359995 6.71577910271014 0.0438948200183216 7.0924040576661
0 1.4407347540321 0.338625268806422 0.603681686169565 0.530050460183001 1.32305149085001 9.46815120838406 6.02427049883316 0.0319404927308217 6.38983790140239
0 1.36850506163228 0.288501347854847 0.745534124799936 0.503181231330537 2.00176061287422 8.6191565145731 5.44550508562005 0.0418505044250071 5.55848141010593
0 1.4199823803436 0.383670876178544 0.604743222465014 0.353713157196013 2.43854126625344 8.87191222380645 6.00294835504927 0.0567577045546999 5.80742150941569
0.00335570469798658 1.46622313983503 0.203832570917793 0.908271223546645 0.823385622335446 2.72203307058791 9.82412293123658 6.64014257162486 0.0414204582486862 7.22252132841496
0 1.47668667576822 0.286216234757237 0.660661650631919 0.524362001722739 1.611820607745 9.85932874704918 6.55652264164769 0.0367798144234648 7.19392621023497
0 1.53723701929618 0.241460977513149 0.613210123467711 0.535242109215487 1.77606777333647 10.0124693035994 6.80850936432416 0.0406011073029264 7.73910666753965
0 1.51523987874965 0.288468681981841 0.740675573934438 0.71964090148287 2.86429761707355 9.83820955805552 6.85795560542953 0.0507799365290823 7.21687100083128
0 1.40719799536412 0.249444278761371 0.839117689660725 0.648875712313638 1.84294233590216 9.53658998119967 6.14085171280633 0.0335158013793347 6.57085437906937
0 1.41673005149653 0.236857812113464 0.683720496708907 0.659696160432675 1.47335489567211 9.71440192087982 6.26680515096395 0.0318220201936303 6.84272774941054
0 1.31997619124595 0.231615211535245 0.753543596342206 0.411186297610402 2.22105880454183 8.50456377501609 5.50210818934643 0.0496649619390011 5.42852292220298
0 1.26462696129456 0.103484158148058 0.672802028991282 0.475316705089062 2.02699888451025 8.57041666262974 5.64183469894604 0.0534728107959581 5.37262939951259
0 1.59330695993579 0.344477365474068 0.803675733579434 0.466922050077536 2.24885325563303 9.98607993011403 6.80261696085883 0.0414418943392822 7.63125706155583
0 1.48867561656223 0.314850547275866 0.635769719745664 0.71988599711781 1.74116549980041 9.75474041391553 6.37744097863228 0.0341395263562806 7.00796253939916
0.00335570469798658 1.42479447831865 0.170456727128476 0.923268757597543 0.815519825974479 2.43763274373487 9.74399525066157 6.45821032429151 0.0374112085215882 7.0394635822172
0.00335570469798658 1.52368339150812 0.393350668206023 0.875043376990596 0.529983456125672 2.22567864549396 9.66225767523767 6.38178217588593 0.037610368848651 6.77930808275677
0.00335570469798658 1.46903571655432 0.313912663920175 0.706437981820392 0.757850108590761 2.24451624911467 9.65471086356832 6.44149971898196 0.0402272301968569 6.75726455998637
0 1.40638154358603 0.311214094841853 0.890189894079231 0.583305011596531 1.85951992636546 9.03822733052469 5.59322328408914 0.0319046329423056 6.0065009319341
0 1.27222833863582 0.145612227063805 0.689594890337084 0.425286324084384 1.6972273756854 8.62588347638299 5.50264673806106 0.0440144742768587 5.49087009390774
0.00335570469798658 1.43144595173992 0.19337508521631 0.669792959895736 0.67695651452727 1.8751835123462 9.83863224653365 6.60923922006242 0.0395815164313268 7.25041822608731
0 1.54269249651983 0.24079516648091 0.891623754589575 0.624836444594816 2.66278942502875 9.99605185082821 6.89615767374986 0.0450539698840234 7.7358168239915
0.00335570469798658 1.34969175787401 0.217120048472466 0.806770317052094 0.420135109049178 2.29574111041553 8.84200192842067 5.86193728529592 0.0507895505635254 5.78630981810515
0 1.31997619124595 0.231615211535245 0.753543596342206 0.411186297610402 2.22105880454183 8.50456377501609 5.50210818934643 0.0496649619390011 5.42852292220298
0 1.42963337511597 0.345309952255344 0.722791140674045 0.687248133601445 1.69716891743872 9.27044625182629 5.80624082391645 0.0312978639582593 6.17565510453095
0 1.57817868627894 0.33263521768589 0.800388396622467 0.402965125765682 2.58440572502854 9.94620886221487 6.97157479169509 0.0510661171833005 7.46473903472921
0.00335570469798658 1.38590117072233 0.116497571913292 0.881523695452439 0.750527895723317 2.79518278276197 9.62617142570232 6.58058011586015 0.0475681761391234 6.85585709844036
0.00335570469798658 1.43890292633578 0.270362437795738 0.633984259046337 0.305783773285587 1.8586777376952 9.69412115884005 6.71995473993992 0.0510900039206113 6.82411276644548
0.00335570469798658 1.37743658330308 0.252775677661821 0.818454671800087 0.596534603329303 2.29888916125307 8.94085560848523 5.80532320421116 0.0434766005384454 5.87111963890668
0.00335570469798658 1.54051269758102 0.393085241269385 0.84841114454713 0.713196390424834 2.65136513580074 9.55055051188367 6.32183218267934 0.0396082309833873 6.62004599527578
0 1.4669217863311 0.231347736780543 0.914515444062771 0.37087791536102 1.79013355656183 9.85220162654248 6.55090889177642 0.0368355180540775 7.22732838336859
0 1.44920033420545 0.279721375257878 0.857704865874999 0.329260483978404 1.40963527712384 9.75758832591774 6.29025655009449 0.031200168740772 6.94933698484863
0.00335570469798658 1.34061331796164 0.23552765237517 0.641872609251284 0.383012392187433 1.53216151993576 9.04649458219635 5.86007371898257 0.0413194947221684 5.95161863856078
0.00335570469798658 1.45961544354802 0.296157825868036 0.675995687319491 0.779413496879995 2.05436638454267 9.71369656890012 6.43046113842494 0.0375067099326347 6.95989221740196
0.00335570469798658 1.44452351405515 0.333801450459231 0.626222445328586 0.555582313903389 1.63196580469551 9.34945862896948 6.04092115582057 0.0365696187111707 6.37550170780253
0.00335570469798658 1.39895381779225 0.294902323933497 0.827214588136372 0.788164297490112 2.72041816469934 8.76717339668401 5.59139247907689 0.0417614790735473 5.72904049824474
0.00335570469798658 1.48426365717434 0.397620886084516 0.708255882289147 0.721409395999975 2.97724663393399 9.13343988900637 6.12931161380011 0.0495819573166649 6.11770064365312
0.00335570469798658 1.41205620180594 0.253824857733523 0.728027498598459 0.679165520185476 2.21389426263031 9.5338359172171 6.38721596302851 0.0429972140815514 6.55367696089067
0 1.47355535605595 0.219953986625313 0.849292859711534 0.557361869589777 1.73538941799473 9.92574913890683 6.54909585998603 0.0341615929569158 7.38526890279806
0.00335570469798658 1.49602196220595 0.29977669760984 0.714055400527373 0.454785674188584 2.32785318700395 9.81329694532735 6.837783356953 0.0510212233668251 7.08322004831288
0 1.31997619124595 0.231615211535245 0.753543596342206 0.411186297610402 2.22105880454183 8.50456377501609 5.50210818934643 0.0496649619390011 5.42852292220298
0 1.43246273698641 0.289338021936573 0.730102760811741 0.477946602936421 2.66235548185076 9.39185718328062 6.5342040341195 0.0574033193368135 6.38364451837268
0 1.32421417924584 0.24730941337016 0.830435359307256 0.3725768600341 1.67815853571012 8.69701161799207 5.39688311081213 0.0368784279539428 5.61447597576954
0.00335570469798658 1.31588948703796 0.115547875469608 0.605774563795222 0.448067731297191 1.26437810677697 9.46701862990887 6.18963211235201 0.0377267262136924 6.49135560582119
0.00335570469798658 1.49016572843706 0.351509007107556 0.748058323735876 0.31425009108669 2.33900439499739 9.58363759714998 6.63289729198125 0.052300972932484 6.69238146493229
0.00335570469798658 1.38797434372332 0.278997141276279 0.705886768888424 0.320475509762182 2.27469708145642 9.17573413857311 6.29198477501423 0.0559246872709065 6.12200038610985
0.00335570469798658 1.32588452019779 0.143352624661419 0.813299957714075 0.611692331050401 2.55947666121996 8.97691005024064 6.00483224676103 0.0511968228035856 5.94190547037976
0.00335570469798658 1.46848761360946 0.318103522584442 0.77088330674791 0.591749717460258 2.91049945957008 9.39275525774819 6.49632239909418 0.0552198461476929 6.36780975664229
0.00335570469798658 1.42019619113892 0.219611791743782 0.782476191159496 0.847917780572466 2.5289650288007 9.75983336433923 6.57936940833433 0.0415663656818338 6.95644412089605
0.00335570469798658 1.50531447922014 0.269848389731304 0.859492140152691 0.843465659371266 2.5814723111712 9.74955827676861 6.50315714188475 0.0389140023756644 7.16837548028413
0.00335570469798658 1.47742888795383 0.331866839157024 0.834592414090463 0.442449294386571 1.99251966554532 9.46433849750533 6.23284888242617 0.0394986172080425 6.53757851560953
0 1.53889464326759 0.232174462304534 0.74132846974191 0.79915476394811 2.70306843827261 10.0446371740526 6.98297633405307 0.0468098868917608 7.71729677627251
0.00335570469798658 1.49163050092876 0.255558417522436 0.818856336445855 0.63279649222264 2.76056116779964 9.82214082833582 6.82304670305517 0.0498321896484769 7.16079932172831
0 1.42591849547425 0.338324002597575 0.843804057981826 0.516281851547757 1.86295947026343 9.10241406749562 5.74487110029389 0.0348207095497026 6.06905232081856
0.00335570469798658 1.32354671179783 0.122034440864809 0.641650915285572 0.45101934154518 1.21537537686527 9.66362294911699 6.34292801821493 0.0361277167616664 6.65000949954134
0 1.31997619124595 0.231615211535245 0.753543596342206 0.411186297610402 2.22105880454183 8.50456377501609 5.50210818934643 0.0496649619390011 5.42852292220298
0.00335570469798658 1.41924066977897 0.1643958463672 0.700521185741242 0.573691110377805 1.85426678449199 9.89035475483987 6.72955582687389 0.0423918595057557 7.25835466115897
0.00335570469798658 1.35205667230766 0.160915467748418 0.607999608921818 0.628471133904532 1.81909584579989 9.42282397405098 6.32099308912621 0.0449667979475707 6.39644342591473
0.00335570469798658 1.40668093775849 0.214769541597194 0.670151917398017 0.684670288502131 2.49713129434895 9.57994615114384 6.61617227444541 0.0516237275111874 6.68205847088021
0 1.48832875842456 0.247016099181981 0.938782744105748 0.446117426955249 1.86518391323998 9.82554586746056 6.44691767633636 0.0340941933861214 7.32937491156125
0 1.43503211517098 0.302634335144064 0.889247278662012 0.808234286397423 2.04126790142337 9.40093263201649 5.89632935199294 0.0300586958641813 6.3523854641315
0.00335570469798658 1.48094166244722 0.240326123794336 0.856515753804493 0.796754199539478 2.46924836637953 9.70893778498935 6.47353698153919 0.0393444323952234 7.01359692887632
0.00335570469798658 1.42926005333955 0.340838692557893 0.714873343099348 0.632180817606964 2.45104697407095 9.06569025190324 5.98692299987671 0.0460159477652905 5.99203729972055
0 1.29050674743859 0.139047595021623 0.803847234898758 0.642013258413753 2.52415093263392 8.66253243705579 5.68736049017859 0.0510386573118723 5.56391067776241
0 1.49386045692476 0.194568100809633 0.881639129227965 0.779321069516286 2.24362315201792 9.97353213744525 6.67289333471373 0.0368596138569921 7.5983592282693
0 1.43847528862285 0.229532470236051 0.849400154281478 0.800056241806628 1.91001321307669 9.64906696585043 6.19308649453194 0.0315563490879975 6.90623328800792
0.00335570469798658 1.51438406905605 0.350871071209679 0.775389367669797 0.528385934527699 2.03645569941791 9.79931410980614 6.57079892519512 0.0396162779986882 7.00817963180902
0 1.4478892815652 0.142125027705119 0.909991479611483 0.715163995245013 2.74388474635383 9.88222639271056 6.81948150996357 0.0467591704677168 7.35825878619277
0.00335570469798658 1.3957798062243 0.129045294095928 0.729010448894984 0.687270249638767 2.04232667630053 9.79292215693616 6.63547983845047 0.0425343915015606 7.11500428980441
0.00335570469798658 1.37422048205044 0.234198620193638 0.768593858357053 0.523285649344325 2.52000872464851 9.18585298832491 6.24548641806713 0.052846353285988 6.14225243623005
0 1.40249123810492 0.101583347697038 0.739426492477716 0.489210229504017 2.16975142240583 9.90935540932458 6.95978234664541 0.0523620564930642 7.36009043816744
0.00335570469798658 1.41705298463025 0.26594326566212 0.756618706029753 0.599297663898652 2.22429115588747 9.25971734158982 6.14606701990516 0.0444384442950882 6.22427550382433
0 1.59330695993579 0.344477365474068 0.803675733579434 0.466922050077536 2.24885325563303 9.98607993011403 6.80261696085883 0.0414418943392822 7.63125706155583
0 1.34067877298221 0.283918047323823 0.66703762387624 0.448896276438609 2.43031282350421 8.55101087290825 5.61953092220861 0.0533180716089389 5.44871816721556
0 1.48264882563473 0.160634953621949 0.674237584113426 0.441012247199329 1.78551122128373 10.0500647276809 6.89590988833076 0.0426744525238674 7.81368228844616
0.00335570469798658 1.38088639531449 0.237573663954634 0.615260738961066 0.866892683078211 2.75542334862529 8.97470505998509 5.97067705999655 0.0495869294075146 5.89503394820186
0.00335570469798658 1.3669006064813 0.134040973726282 0.780406791650455 0.685283409866804 2.74986985200052 9.50749462880911 6.59415692890054 0.0542942093296455 6.5830057290559
0.00335570469798658 1.44452351405515 0.333801450459231 0.626222445328586 0.555582313903389 1.63196580469551 9.34945862896948 6.04092115582057 0.0365696187111707 6.37550170780253
0.00335570469798658 1.43906632719087 0.220870572276499 0.696813181602755 0.588862979691239 1.86022895160927 9.7471319436384 6.57510373421338 0.0419184921456174 6.89270255302251
0.00335570469798658 1.40914484744843 0.267845075724209 0.857770085542918 0.307240821711772 1.94093793619277 9.28590769542528 6.14091670615369 0.0430673121129351 6.27378068615504
0 1.41943167863723 0.357763837895176 0.853826655956715 0.346428564323816 2.99274927605105 8.8165839993266 5.94022495697114 0.0563395196572611 5.79114526381624
0 1.44395546618288 0.283461207236913 0.627095722099586 0.843777118535042 1.73235925518828 9.51063901967066 6.04798664743231 0.0313465090478737 6.64018951011518
0.00335570469798658 1.41430551486701 0.233364076335816 0.885833127062817 0.626574996322552 2.11899183345411 9.32197118814737 6.0311859361842 0.0372246072205825 6.33046335117266
0 1.36850506163228 0.288501347854847 0.745534124799936 0.503181231330537 2.00176061287422 8.6191565145731 5.44550508562005 0.0418505044250071 5.55848141010593
0 1.3166638587465 0.186936650854573 0.859927492341548 0.412181828850591 2.23270173653567 8.59166724562207 5.53218580876102 0.0469120157557217 5.48145380862408
0.00335570469798658 1.48659995333886 0.305892966763836 0.697288103173712 0.521862569089919 2.02361231805342 9.76095130615232 6.63851436322821 0.044049690932005 6.93419847388911
0 1.44657374914356 0.173210045147992 0.68146373424651 0.808899117534298 2.94590919293728 9.82467808411037 6.94337335658388 0.0560615700225921 7.22484080180316
0.00335570469798658 1.40757833640796 0.243704496825584 0.785364292732096 0.753640656121146 2.0513140841818 9.55708961875833 6.22467723409898 0.0357068623971517 6.60472942379568
0.00335570469798658 1.50348641494176 0.326142417471794 0.854896755672838 0.527384210127383 2.12147324973998 9.68318246895813 6.42126448023094 0.0383148400671092 6.9453015140561
0.00335570469798658 1.36154053558745 0.201579111589087 0.856105231653846 0.412422587399237 2.31254830869359 8.97626225560919 5.96761086822858 0.0493581989853947 5.87366875626821
0 1.6183539069785 0.37899508347176 0.813567105749064 0.40802773624892 2.31278760118168 9.97270853133796 6.80892892467524 0.0422656911203324 7.56344978249143
0.00335570469798658 1.42368035974067 0.308344947931543 0.776378703053949 0.434770081176213 1.60250387762887 9.40541529182531 6.05773944252788 0.0351659902576959 6.38814972760918
0.00335570469798658 1.33821043591015 0.175824146787636 0.810506447940133 0.713211716059595 2.44503602385521 8.84347999356175 5.72302869631833 0.0441372449073591 5.87499049478452
0 1.4199823803436 0.383670876178544 0.604743222465014 0.353713157196013 2.43854126625344 8.87191222380645 6.00294835504927 0.0567577045546999 5.80742150941569
0.00335570469798658 1.37721210040618 0.135639345319942 0.690263858751859 0.810493229515851 2.66164262732491 9.63665461842031 6.65646942172165 0.050783428070739 6.79081688651424
0.00335570469798658 1.40320310573865 0.29769325604344 0.646562857531154 0.634265961866962 2.51628493343602 9.14305489299641 6.18118619181836 0.0517221735218001 6.05897080688874
0 1.35621806615634 0.279441474742418 0.627946334440813 0.72290887095789 1.67786964289577 8.93574953905506 5.54259765692138 0.0336025983844097 5.851407348383
0.00335570469798658 1.27244083544852 0.112649547807494 0.740485799733775 0.749162700850569 2.49670031893892 8.79936664096548 5.7700857420605 0.0483503944495085 5.66755438059746
0.00335570469798658 1.37722490552858 0.291659201377146 0.901365711049998 0.557759662907545 2.81460474904303 8.9136567961698 5.8604894082905 0.0472091576179878 5.86084557593049
0 1.44225713416623 0.394420740703567 0.685926725480152 0.369672952604976 2.58489229779193 8.78920309447372 5.90185238841829 0.0557236455453734 5.72824277222636
0 1.34067877298221 0.283918047323823 0.66703762387624 0.448896276438609 2.43031282350421 8.55101087290825 5.61953092220861 0.0533180716089389 5.44871816721556
0 1.45846200776458 0.19030467481192 0.720087459131609 0.494249109187228 1.51559292799136 9.98464141658705 6.64874660271576 0.0355827320395127 7.51177009644636
0 1.40576442694267 0.14814494341237 0.619297018582177 0.731084158817158 1.91165065738402 9.90824600478999 6.72363210024155 0.0413942248379863 7.34531104082035
0.00335570469798658 1.36505397814489 0.192883251953418 0.758012642881402 0.494963212082452 1.77089062821542 9.54220996919251 6.34165182491116 0.0407394591353629 6.58889591004815
0.00335570469798658 1.52919849671469 0.311264781279085 0.87930613757458 0.505612175885977 2.40352276021028 9.91342138160298 6.78022962527379 0.0435784831432862 7.18361777462858
0.00335570469798658 1.48469132931282 0.274098794817161 0.804261402893103 0.402507883610203 2.05478729135637 9.9196189834435 6.79380926030695 0.043901371271476 7.28319589820227
0 1.32825324914884 0.131690884148702 0.947239099035505 0.733124219672755 2.04543378204107 9.21179972327156 5.81977378267005 0.0336404542532676 6.15993189546391
0 1.39957234127074 0.206207341429441 0.600627261875787 0.756984198840396 2.89308748809196 9.47462900030775 6.6469734352956 0.0591513677735351 6.53162108901836
0.00335570469798658 1.44247360608342 0.310365841240136 0.779198432088338 0.610788912964095 2.69597266947962 9.49968805652567 6.49761927922407 0.0496841764778115 6.48326024496717
0.00335570469798658 1.33415882905148 0.19616087583822 0.8366339156222 0.500796458602722 2.52992433237638 8.95415169314267 5.99284115017545 0.0517510507359106 5.84508124201761
0.00335570469798658 1.40898561520873 0.174996559178404 0.610009297224366 0.868216427708481 2.73977645124348 9.68290062610292 6.71353825077512 0.0513360330196398 6.71472660504449
0.00335570469798658 1.37579220860679 0.152965013035305 0.601951234094601 0.303525269900602 1.15046061471091 9.7845316354456 6.49751347448048 0.0373651001620522 7.04948511519427
0.00335570469798658 1.28777786350583 0.166932734956804 0.726858283055196 0.379791127491383 1.7029917197826 8.75911582848384 5.63058824321971 0.0437822153951186 5.61661298240021
0 1.33126674218889 0.175965630698036 0.922015476935976 0.669695613281643 2.13579369106108 8.74026717509328 5.39708007752539 0.0353241964658411 5.67265069680649
0 1.36248058930226 0.20143065366464 0.79542821954655 0.835876161664309 1.91135140250792 9.17172045789882 5.73433147402787 0.0321485161325904 6.17959403510178
0 1.58877088582386 0.34060695341267 0.721136870356258 0.478001932419233 2.05198557708415 9.98767611579994 6.79382481264124 0.0410136105324893 7.60402757128958
0.00335570469798658 1.49552825231613 0.299580526744002 0.862443386102605 0.579320171033626 2.01915546883159 9.75598614578532 6.4415322493572 0.0363538961499709 6.96021218182899
0.00335570469798658 1.44203365719057 0.32433819292297 0.791602835952898 0.385412777491223 2.66399314747999 9.26837536909731 6.36693568885999 0.0549440612092844 6.23158811845688
0.00335570469798658 1.40663590490835 0.217535471360631 0.897323633848203 0.880039882955616 2.93598935465996 9.38679810343455 6.21572747169011 0.0419586515829215 6.36708881320513
0.00335570469798658 1.41517588870453 0.244510095432587 0.723354258764021 0.65871423786766 1.81573243777022 9.40725057335318 6.11975903677634 0.037347416620715 6.40597029782747
0.00335570469798658 1.30447779602401 0.201173603405291 0.734564319971984 0.381521987712738 1.75810969264257 8.74569054876572 5.59887537093088 0.0429888208279473 5.61588016286861
0.00335570469798658 1.42191244640153 0.161256515284146 0.858935665213062 0.753409301072509 2.76485820898657 9.72163713473876 6.66451530721877 0.0470228404864208 6.96034772910131
0 1.52658957564699 0.209190487859884 0.737811982610968 0.712179157396989 2.33745051918941 10.0539055603171 6.92264389147589 0.0436626746506986 7.80541757392871
0 1.5475126560099 0.382820289218874 0.908654936759273 0.54518497890091 1.99736303416795 9.78004566071244 6.36088788386888 0.0327399977146038 7.00698503990964
0.00335570469798658 1.41007837312324 0.168969292076739 0.747356428707867 0.745614866549714 2.72339124891888 9.73248980202055 6.74993119378857 0.0506630410173772 7.01281370820012
0 1.50433074321202 0.212275578348828 0.738003337613007 0.443209946012603 1.83420238560439 10.0245929541739 6.82475070632066 0.0407686348107748 7.73898597551383
0.00335570469798658 1.42162094190669 0.247583129768142 0.841838413438633 0.46575014178004 2.45694033627761 9.40140195654483 6.40191719672719 0.0498127272757312 6.47887823786331
0 1.48216111301734 0.221916418540177 0.792001862993368 0.502205981447379 2.22695903042368 9.91121273834253 6.85336374208869 0.0469886593762657 7.36940780812733
0 1.4356375930431 0.15797488922704 0.928584926015748 0.736948094490618 2.02883430539341 9.82138447375505 6.43650287033587 0.033881653580148 7.33250000182226
0 1.49063696114437 0.24129008330012 0.741678901227807 0.70019824226789 2.29362131231601 9.91230853304191 6.77253102570581 0.0432924290783657 7.38596266520354
0 1.40638154358603 0.311214094841853 0.890189894079231 0.583305011596531 1.85951992636546 9.03822733052469 5.59322328408914 0.0319046329423056 6.0065009319341
0 1.4972778367765 0.171285497819779 0.705653643907367 0.760803335670274 2.22823488598639 10.0160069819124 6.85479744211736 0.042374456479974 7.80848557273824
0 1.42963337511597 0.345309952255344 0.722791140674045 0.687248133601445 1.69716891743872 9.27044625182629 5.80624082391645 0.0312978639582593 6.17565510453095
0 1.61680234934146 0.346663500732808 0.659056844346018 0.490831375383001 2.16751578776015 9.99279063489522 6.85831290216827 0.0435224782607105 7.69974276475166
0.00335570469798658 1.52070574655902 0.33217053859498 0.925835192453069 0.680725728007895 2.6119444160885 9.70893631714852 6.46952934763049 0.0391871273706153 6.96890682077538
0 1.30070924297571 0.141893416655763 0.849823266867744 0.508228871248851 1.49756050669982 9.12033056479037 5.68561850402853 0.0322346905280051 6.03871914135878
0 1.46251396716107 0.298850422701798 0.778866099286824 0.697971616499126 1.85883365012705 9.58249685604061 6.20366847838381 0.0340873688708766 6.62917829577901
0.00335570469798658 1.40286359207236 0.143185131167547 0.870631707534477 0.335005480252007 1.74268479646707 9.78983995924052 6.57823028287599 0.0402917044406159 7.18202639666605
0 1.44405166208744 0.331136743910611 0.844048986269627 0.409297386836261 1.47271684883162 9.52719728154369 6.03572551951857 0.0304560151633404 6.51519632295885
0 1.38708831317009 0.326122274161094 0.756064908724977 0.479311248343079 2.11924351182866 8.69686123074463 5.54423950475159 0.042739927474474 5.62473926731575
0 1.40638154358603 0.311214094841853 0.890189894079231 0.583305011596531 1.85951992636546 9.03822733052469 5.59322328408914 0.0319046329423056 6.0065009319341
0.00335570469798658 1.47635778491303 0.329734043793517 0.710166086341505 0.619279180925577 2.65679418495543 9.36659205015697 6.39410253341897 0.0511757487313854 6.37960355064125
0 1.42398933194176 0.113701341536628 0.815749642047426 0.734288979368986 2.48675200968351 9.90103955864259 6.82782423174101 0.046272135370982 7.48990385748143
0.00335570469798658 1.55668496248139 0.390649959374651 0.702897115498476 0.562515492791538 2.45723471937536 9.8340624447914 6.76589213061902 0.0465061687372043 7.0795886936617
0 1.47487863698043 0.272520078485832 0.772642235120293 0.353072721278295 1.4695782745257 9.84699021425522 6.4891745357266 0.0348112148425141 7.14018359317363
0 1.33962632767498 0.162887266518817 0.612717341246899 0.779771400083617 2.85955509305765 9.06843582974999 6.21632091642587 0.0577221144234727 5.97131390007628
0 1.49386045692476 0.194568100809633 0.881639129227965 0.779321069516286 2.24362315201792 9.97353213744525 6.67289333471373 0.0368596138569921 7.5983592282693
0 1.29464116644673 0.143941295441688 0.892613445595611 0.619822469796994 2.35487794008105 8.63431675040642 5.4906580087072 0.0431247266716576 5.55457326931245
0 1.4222166182939 0.283774886094034 0.893644231487997 0.4837529535871 1.58215617388487 9.40557143859352 5.90346938394751 0.0301339735410651 6.45945722717867
0 1.4972778367765 0.171285497819779 0.705653643907367 0.760803335670274 2.22823488598639 10.0160069819124 6.85479744211736 0.042374456479974 7.80848557273824
0 1.46710252863012 0.175832103164299 0.77828145136072 0.849800345308896 2.84357270982668 9.90380076878492 6.86399529933776 0.0478441957468426 7.38150189450671
0.00335570469798658 1.35205667230766 0.160915467748418 0.607999608921818 0.628471133904532 1.81909584579989 9.42282397405098 6.32099308912621 0.0449667979475707 6.39644342591473
0.00335570469798658 1.46555884470632 0.28932023163499 0.873203616582074 0.348121741727102 2.61938704094058 9.74056854301701 6.79782879960353 0.0527210884353741 6.82739085289611
0 1.4407347540321 0.338625268806422 0.603681686169565 0.530050460183001 1.32305149085001 9.46815120838406 6.02427049883316 0.0319404927308217 6.38983790140239
0.00335570469798658 1.34170049680515 0.143111353825891 0.708453793525106 0.658403003248771 1.74179378874835 9.4992748513283 6.22363109823605 0.0377925323371349 6.52941883826223
0 1.42127385824662 0.155401470051404 0.932632760740783 0.637389522460792 2.18540700780593 9.79727973924751 6.53081812693748 0.038141146753543 7.1889674873356
0.00335570469798658 1.33714838080086 0.155427998080007 0.650773823155235 0.89582321259552 2.37842043041057 9.2598584457583 6.09751232654594 0.0423263219044862 6.17061267110852
0 1.46225705345221 0.178530999386075 0.60700366234616 0.714185547359935 1.77771590901354 9.99549450904558 6.74100170574716 0.0386003936916268 7.61691640623815
0 1.45846200776458 0.19030467481192 0.720087459131609 0.494249109187228 1.51559292799136 9.98464141658705 6.64874660271576 0.0355827320395127 7.51177009644636
0.00335570469798658 1.39921011411756 0.244466919185773 0.611441558688645 0.717950393594391 1.74241945254634 9.51554960900436 6.22147336733092 0.0371023027829593 6.54509419986554
0 1.5534450355968 0.297129895374376 0.608877492251045 0.578089657752986 2.18751426369833 9.96004839897935 6.91252389105724 0.047476306262291 7.4713630881871
0 1.38678111797199 0.151603302336298 0.664506027300376 0.601500555686653 1.46918996283785 9.82100454335854 6.47469412865812 0.0352140399142981 7.10013029662471
0.00335570469798658 1.42374622533407 0.231198177437974 0.770675845329411 0.606383525115527 1.81391245555594 9.68281344962281 6.39959277263563 0.0375072632915117 6.8078907438281
0.00335570469798658 1.36476145204625 0.170693591564685 0.830949770313809 0.743214835504544 2.26878816781165 9.39656229854011 6.170525585852 0.0397145876098788 6.41133922578457
0 1.53493489086397 0.207729622327085 0.856193746142867 0.407515712613479 2.03501190058699 10.0320461010416 6.86317623558417 0.0420510944540393 7.799794301054
0.00335570469798658 1.4243849754629 0.338122173794919 0.685616719247971 0.403805480195263 2.09900878614292 9.09552028937462 6.05487041172615 0.0478038127678277 6.10574940778664
0.00335570469798658 1.32354671179783 0.122034440864809 0.641650915285572 0.45101934154518 1.21537537686527 9.66362294911699 6.34292801821493 0.0361277167616664 6.65000949954134
0 1.40509110332363 0.154159819650698 0.714357271295473 0.421949724900673 2.07061336348417 9.79054862459719 6.84871273834835 0.0527687623108258 7.07236888810594
0 1.34723480472796 0.235730995186883 0.67426533410666 0.566274961313044 1.42545633953982 9.1746872872617 5.78177179351789 0.0336105425874591 6.02928203260794
0 1.45547897215001 0.291935711400583 0.624319376482163 0.799804301653057 1.63644685735926 9.75913042559645 6.30175892147108 0.0315124836873296 6.94069650574784
0 1.33008162296325 0.243440495488345 0.719554403946214 0.545639836805878 2.29204810617711 8.68609172787805 5.65319068854014 0.0481756756756757 5.58266889890336
0 1.33133392582412 0.217094844508373 0.833911963565201 0.727625631108688 2.39098177540151 8.61830092680986 5.44592885524981 0.0419040804413731 5.56292270766984
0.00335570469798658 1.32354671179783 0.122034440864809 0.641650915285572 0.45101934154518 1.21537537686527 9.66362294911699 6.34292801821493 0.0361277167616664 6.65000949954134
0.00335570469798658 1.39226936039544 0.163955761179318 0.629022887805673 0.536878165743395 2.05628092262182 9.71013187371783 6.71516072703959 0.0500380708303155 7.05977541091984
0 1.4892217070995 0.237549510171573 0.750071671800245 0.593825602266973 1.86463447712337 9.91327723197272 6.64490518223154 0.0380683500380441 7.42353189165692
0 1.39999239312901 0.232418304936516 0.622465682127841 0.464407591953534 1.19075224358552 9.59925429580755 6.18721592693203 0.0329739188170444 6.65905841314724
0 1.60613229591878 0.37320256026708 0.83778805532498 0.400758885328857 2.30434525379298 9.9980847509569 6.83339804499604 0.0422273693250462 7.56283707873529
0.00335570469798658 1.55728394707977 0.389733461161127 0.75254470332661 0.760354797185802 2.55587174626138 9.86812575154171 6.66279380572283 0.0405454405143607 7.17589560847181
0.00335570469798658 1.40550102698617 0.315373285510577 0.83603930802783 0.882783848466352 2.81918051838875 8.97060239159004 5.73959996752159 0.0395178652676422 5.98363396799279
0 1.44395546618288 0.283461207236913 0.627095722099586 0.843777118535042 1.73235925518828 9.51063901967066 6.04798664743231 0.0313465090478737 6.64018951011518
0.00335570469798658 1.34653415929698 0.137497345612805 0.788454680732213 0.448988606675766 1.95240103805853 9.57668204219967 6.49263369684066 0.0457735738134061 6.62435734980274
0.00335570469798658 1.39672879957067 0.16862693502706 0.73638826564422 0.64954048566233 1.91618972419634 9.836513846519 6.61809903691701 0.0400184448620033 7.17421371498229
0.00335570469798658 1.44203365719057 0.32433819292297 0.791602835952898 0.385412777491223 2.66399314747999 9.26837536909731 6.36693568885999 0.0549440612092844 6.23158811845688
0 1.5466912867175 0.31138029088342 0.919057769988392 0.421175937029194 2.23347589081016 9.92909876747239 6.70659335177431 0.0398550795269128 7.43735947646862
0.00335570469798658 1.48169527818348 0.351154030655246 0.658701331340083 0.552159413603428 1.97490900738121 9.62888358760757 6.47160413354161 0.04254131940469 6.64952844353866
0 1.27049452593982 0.112042082008388 0.822115196312212 0.790869139369675 2.89395750934755 8.49621095956918 5.47293889955668 0.0486417988042631 5.41103710024787
0.00335570469798658 1.38809384450802 0.167533984908973 0.79866959566298 0.4161247098819 1.68314901545846 9.69328336294342 6.48023626134256 0.0402338297330855 6.89557726034069
0.00335570469798658 1.39440343004506 0.262348385715609 0.69500850688078 0.508925649382144 2.12539255099906 9.280735459898 6.25939024119408 0.048735614186174 6.15213677249688
0 1.53903776144196 0.17914833689071 0.828627144506185 0.626062821330818 2.41500723979997 10.0023278577457 6.8985126976152 0.0448776599117666 7.85103841591989
0.00335570469798658 1.50348641494176 0.326142417471794 0.854896755672838 0.527384210127383 2.12147324973998 9.68318246895813 6.42126448023094 0.0383148400671092 6.9453015140561
0.00335570469798658 1.38434928248965 0.106897867749355 0.884513414477991 0.554472932176053 2.71376206321714 9.59307264725939 6.6584923164343 0.0531530213109374 6.78857282709947
0 1.4972778367765 0.171285497819779 0.705653643907367 0.760803335670274 2.22823488598639 10.0160069819124 6.85479744211736 0.042374456479974 7.80848557273824
0.00335570469798658 1.52921017213195 0.306919189099286 0.945805751829641 0.369201350754509 2.59908604382885 9.80054927096727 6.74880739667107 0.0472765029028241 7.1625240516002
0.00335570469798658 1.37531963771953 0.125576899605632 0.60994738413939 0.859411158493514 2.24057324566621 9.76654393087991 6.64123545334258 0.0439233821565941 6.98737717599228
0 1.50881803338151 0.30194418080365 0.761721465753031 0.475038571834556 1.77696043241854 9.8082742680373 6.53009014573165 0.0376966471948868 7.13126676260095
0.00335570469798658 1.40831388845108 0.370678197289817 0.699874721688684 0.442705890163779 2.00701091950759 8.85516727588965 5.70329624535478 0.0427720241898337 5.80174066054727
0.00335570469798658 1.45450053366937 0.241389466548999 0.739220326988723 0.871658077254034 2.38754334129031 9.84415678083452 6.59872698851076 0.0389518195661055 7.08493028162321
0 1.4544572462469 0.193926278712494 0.888858790871948 0.774273748270461 2.06149578655771 9.92680751615773 6.5572327983381 0.0344042657538047 7.3462553411565
0.00335570469798658 1.4498688915501 0.328240221095655 0.82722977989126 0.823287354562025 2.40201928419169 9.31638005694631 5.99251399624355 0.0360133325418711 6.33586952191168
0 1.44788929026108 0.386759228608571 0.655498262960464 0.728387759020552 1.775823879987 9.12914983913664 5.68357976733868 0.0318865792207961 6.06874960981752
0.00335570469798658 1.46969218367347 0.385368153462613 0.691158092920034 0.67859896868483 2.1087294038226 9.29040954083808 6.00989368257635 0.0376088509657898 6.2832008898878
0 1.30300910893363 0.117084590780141 0.766254139054811 0.31843934073769 2.10092102410566 9.03139560739654 6.14966949726328 0.0560379516286162 5.92074026688332
0.00335570469798658 1.41043488531452 0.21673850021986 0.773916611758587 0.51130759478761 2.02326053382917 9.72277897989781 6.59435762190287 0.043786866507332 6.90605996519844
0 1.45846200776458 0.19030467481192 0.720087459131609 0.494249109187228 1.51559292799136 9.98464141658705 6.64874660271576 0.0355827320395127 7.51177009644636
0 1.3969509532436 0.101734544644685 0.699051545758665 0.85104804103704 1.88629914599758 9.93624007627642 6.61427867282202 0.0360819909613564 7.43824871703587
0 1.47487863698043 0.272520078485832 0.772642235120293 0.353072721278295 1.4695782745257 9.84699021425522 6.4891745357266 0.0348112148425141 7.14018359317363
0 1.4222166182939 0.283774886094034 0.893644231487997 0.4837529535871 1.58215617388487 9.40557143859352 5.90346938394751 0.0301339735410651 6.45945722717867
0.00335570469798658 1.3957798062243 0.129045294095928 0.729010448894984 0.687270249638767 2.04232667630053 9.79292215693616 6.63547983845047 0.0425343915015606 7.11500428980441
0 1.58877088582386 0.34060695341267 0.721136870356258 0.478001932419233 2.05198557708415 9.98767611579994 6.79382481264124 0.0410136105324893 7.60402757128958
0.00335570469798658 1.44370169144216 0.351634285994863 0.810276836728919 0.53817493409653 2.66864414151567 8.95647984799991 5.92012964950336 0.0480097963392627 5.98136370492855
0 1.45422060452868 0.181556576794647 0.797418863827563 0.426981899307833 2.21845218257188 9.91961496711714 6.90378823699245 0.0490053045737012 7.41973533817187
0.00335570469798658 1.48132544739489 0.240356408702464 0.913250669629172 0.556048855515351 2.52258224545008 9.86887022751443 6.75266749354187 0.0443251636947126 7.34360732529698
0 1.58662639877345 0.373603048934057 0.874022298613441 0.591233892666383 2.32508678181922 9.89175195904952 6.61614550319238 0.0377939419203851 7.31483242039947
0.00335570469798658 1.3475981278249 0.132049534557212 0.754277288700603 0.796460089297263 2.61256173267194 9.29647601840349 6.25650951016201 0.0478364915955946 6.31769102233596
0 1.35736774879235 0.222780963279459 0.897740132238385 0.806982256569686 2.39455975030696 8.93952907322214 5.62994156085632 0.0365312393308296 5.88442438088585
0 1.54613169305527 0.208707826016991 0.817169962880897 0.642263661396188 2.56367881323054 10.0133396658496 6.95502047144925 0.0469665705891787 7.77324943518883
0.00335570469798658 1.44202460035707 0.390562293834432 0.787233770638417 0.604125597545736 2.98509862985177 8.76940765898468 5.76613109972074 0.0496242050491424 5.75656466009517
0.00335570469798658 1.3402184933072 0.148164796006096 0.883182264943112 0.474844295052528 2.46111057371063 9.06637663569245 6.05488875081592 0.0492183929510396 6.05203910509302
0.00335570469798658 1.47437035415313 0.231600041225607 0.948970648511416 0.613150840191546 2.72737040837589 9.73487124824307 6.63919586413745 0.0452444447600887 7.090859862464
0 1.34279966417179 0.257321334715578 0.769152699558412 0.641787286226525 2.9673587620065 8.52793528794814 5.60234942159559 0.0536332607835378 5.49494581220649
0 1.37519064967167 0.291086792858323 0.871092816148003 0.667422502557762 2.73510991094751 8.58401815914148 5.45460861087441 0.0437436181241377 5.54972438313511
0 1.32087089316999 0.200259511377849 0.656025781874159 0.652513613633372 2.48749055060262 8.6990891257309 5.76298764981841 0.0530722293174401 5.59739700522867
0.00335570469798658 1.3776195088895 0.120892454653461 0.664185458088981 0.472610422141525 1.87599333495203 9.85793927064031 6.83514069666102 0.0486648354699668 7.20197714478225
0.00335570469798658 1.43574277110924 0.293680612265365 0.711464447785444 0.508316388402957 2.46720061073594 9.3777862068183 6.44044801128414 0.0530066344196865 6.43190123605823
0 1.54613169305527 0.208707826016991 0.817169962880897 0.642263661396188 2.56367881323054 10.0133396658496 6.95502047144925 0.0469665705891787 7.77324943518883
0.00335570469798658 1.38006611609931 0.176658160568083 0.781990445599681 0.721035437797264 2.52037431969556 9.44119128795785 6.37311081043934 0.0465103468834601 6.44924453644965
0.00335570469798658 1.34922610130162 0.162552643238592 0.943054514361592 0.582492422805857 2.68019863605753 9.11596787740761 6.03891452791846 0.0460948822385999 6.0725163608473
0 1.47886519693573 0.206209142632481 0.746302898778622 0.635224654903187 2.07882236443565 9.91642450809126 6.73632618335461 0.0415815664235983 7.47800009244075
0.00335570469798658 1.4594573698554 0.378051076413078 0.644965444513116 0.54560928986064 2.48596049145007 9.04197142325802 6.0650866869786 0.0509513136625162 5.98212103210483
0 1.48832875842456 0.247016099181981 0.938782744105748 0.446117426955249 1.86518391323998 9.82554586746056 6.44691767633636 0.0340941933861214 7.32937491156125
0 1.48832875842456 0.247016099181981 0.938782744105748 0.446117426955249 1.86518391323998 9.82554586746056 6.44691767633636 0.0340941933861214 7.32937491156125
0.00335570469798658 1.38088639531449 0.237573663954634 0.615260738961066 0.866892683078211 2.75542334862529 8.97470505998509 5.97067705999655 0.0495869294075146 5.89503394820186
0 1.48832875842456 0.247016099181981 0.938782744105748 0.446117426955249 1.86518391323998 9.82554586746056 6.44691767633636 0.0340941933861214 7.32937491156125
0.00335570469798658 1.47626730426637 0.265150814620224 0.712037488311307 0.462545313378147 2.11747097295854 9.87304483976074 6.81767738685547 0.0471054085705803 7.2625304194365
0.00335570469798658 1.39917588860838 0.178491774518576 0.839094538876729 0.366336329367788 1.62501323702413 9.65977158792058 6.39835720720733 0.03833414058716 6.87386076457937
0 1.31997619124595 0.231615211535245 0.753543596342206 0.411186297610402 2.22105880454183 8.50456377501609 5.50210818934643 0.0496649619390011 5.42852292220298
0.00335570469798658 1.44624936107489 0.214871582877232 0.690389426352552 0.749672414080682 2.43579910117548 9.70259835247796 6.6407291444567 0.0468001342243368 6.98941050061262
0 1.44920033420545 0.279721375257878 0.857704865874999 0.329260483978404 1.40963527712384 9.75758832591774 6.29025655009449 0.031200168740772 6.94933698484863
0 1.49027592612754 0.248141922570115 0.694559838840302 0.488844596576578 1.99864286548528 9.91736026765878 6.8230418163501 0.0453058801034528 7.40627694714911
0.00335570469798658 1.45394849134609 0.299604720366187 0.736225692403968 0.70508061312139 2.89246300049126 9.41897112017145 6.45214358718338 0.0514663268370685 6.45125999976119
0.00335570469798658 1.32354671179783 0.122034440864809 0.641650915285572 0.45101934154518 1.21537537686527 9.66362294911699 6.34292801821493 0.0361277167616664 6.65000949954134
0.00335570469798658 1.42300341551174 0.2396052020934 0.747696048936859 0.502596882395745 1.73030442321609 9.68119114229657 6.44619589651906 0.0393603920677226 6.78861131768641
0.00335570469798658 1.44203365719057 0.32433819292297 0.791602835952898 0.385412777491223 2.66399314747999 9.26837536909731 6.36693568885999 0.0549440612092844 6.23158811845688
0 1.31952880800458 0.200939577935345 0.731503966667124 0.489505769194377 2.07878745417519 8.52022608753362 5.47672502402085 0.0476677093329013 5.42016619971066
0 1.55736872192652 0.286692725855742 0.917344769194357 0.617397819928998 2.64617873603139 9.95559126844343 6.79811896846152 0.0425331162759792 7.60835462306712
0 1.39999239312901 0.232418304936516 0.622465682127841 0.464407591953534 1.19075224358552 9.59925429580755 6.18721592693203 0.0329739188170444 6.65905841314724
0 1.29013744615611 0.127273652672957 0.763781699415627 0.719165521615935 2.03554579562706 8.6077454551811 5.37320770734362 0.0393784034857914 5.48955297557183
0.00335570469798658 1.38991540487341 0.198255957209345 0.729085080982073 0.794905071259094 1.97182971133662 9.65527872545125 6.33675493218008 0.0362062402188165 6.71637683209793
0 1.30624214440289 0.171878958948071 0.768998261079463 0.781211688194829 2.66615139321841 8.57822824213663 5.51351453520977 0.0466672004483766 5.48893772615669
0 1.3711485102072 0.277818993039268 0.942468722791231 0.572846918635201 2.61122839149873 8.59672085281844 5.43932077401126 0.0425361881785283 5.57339482334122
0.00335570469798658 1.53004356568593 0.317211918700859 0.615928976021424 0.440915787763504 1.88334807214085 9.85221896246211 6.737475217225 0.04438988080853 7.26964517282994
0.00335570469798658 1.48793506400697 0.287553332685129 0.791410428474472 0.600858930170251 2.31068777795419 9.77758867232717 6.65247585763786 0.043931977171477 7.03834484868574
0.00335570469798658 1.4317549553197 0.203860816122715 0.930162540540451 0.596401869535414 2.49839126050709 9.75099233500803 6.61147635930484 0.0433037528987389 6.96932063464029
0 1.45547897215001 0.291935711400583 0.624319376482163 0.799804301653057 1.63644685735926 9.75913042559645 6.30175892147108 0.0315124836873296 6.94069650574784
0 1.51941742551255 0.347567324254116 0.636011396313788 0.575926588697972 1.92132471733458 9.92914262863913 6.728317559928 0.0407285862296501 7.18408313559521
0.00335570469798658 1.352772063476 0.114406000656398 0.930364240389386 0.519133415751001 1.9549226305354 9.61438780899673 6.34973480875954 0.0382101917109845 6.74990458070291
0 1.46251396716107 0.298850422701798 0.778866099286824 0.697971616499126 1.85883365012705 9.58249685604061 6.20366847838381 0.0340873688708766 6.62917829577901
0 1.48832875842456 0.247016099181981 0.938782744105748 0.446117426955249 1.86518391323998 9.82554586746056 6.44691767633636 0.0340941933861214 7.32937491156125
0.00335570469798658 1.37930767075628 0.216538871538465 0.727332102789845 0.858754162069257 2.40198484756524 9.12436255159195 5.93489419561959 0.0411937655379097 6.10576931838804
0 1.35367888112239 0.170932704422722 0.652206825353729 0.618807315489564 2.50709097481221 9.4383469730895 6.58640640352796 0.0577321787913897 6.42082624097645
0 1.44788929026108 0.386759228608571 0.655498262960464 0.728387759020552 1.775823879987 9.12914983913664 5.68357976733868 0.0318865792207961 6.06874960981752
0.00335570469798658 1.39748886682856 0.230581433217202 0.927430430891259 0.412700460256937 1.99644301550003 9.40364896863657 6.17735117006643 0.0397042200452148 6.40475609146561
0 1.4006567120404 0.2092765157775 0.917577939083934 0.330613949594188 1.5276490105972 9.60393109108454 6.19197898036183 0.0329767632090468 6.7638127350573
0.00335570469798658 1.47818423985394 0.23281855727886 0.765727805499859 0.864745076698925 2.80659585937929 9.7924944234075 6.70120793939134 0.0454434545052369 7.0886472429665
0 1.41418611498223 0.20561651505401 0.602810397840019 0.723227799734566 2.66736789993513 9.71728723305864 6.83614738415726 0.0560708141392365 6.90249144930704
0 1.31997619124595 0.231615211535245 0.753543596342206 0.411186297610402 2.22105880454183 8.50456377501609 5.50210818934643 0.0496649619390011 5.42852292220298
0.00335570469798658 1.37119965932651 0.188451858881741 0.87071371134936 0.726921436482995 2.65752797495779 9.1898889092318 6.08373982321715 0.0447730409136626 6.1129905690432
0 1.54269249651983 0.24079516648091 0.891623754589575 0.624836444594816 2.66278942502875 9.99605185082821 6.89615767374986 0.0450539698840234 7.7358168239915
0.00335570469798658 1.38584816144048 0.143487300151571 0.866043570342912 0.896053482187297 2.58594624931634 9.58067378678727 6.3408192853366 0.0391695938034765 6.7849979354228
0 1.49386045692476 0.194568100809633 0.881639129227965 0.779321069516286 2.24362315201792 9.97353213744525 6.67289333471373 0.0368596138569921 7.5983592282693
0 1.44011855220907 0.219526747905825 0.749082525798754 0.671537441145059 2.90490210223754 9.77982044274403 6.90646277739504 0.0565088698108159 6.94400684498763
0.00335570469798658 1.35205667230766 0.160915467748418 0.607999608921818 0.628471133904532 1.81909584579989 9.42282397405098 6.32099308912621 0.0449667979475707 6.39644342591473
0.00335570469798658 1.45564614706118 0.266531356127265 0.847919701957048 0.780087302122048 2.77527329664417 9.50076268653284 6.36966122806195 0.0436696704243556 6.58498474385786
0 1.4780356354383 0.187264762340697 0.766589101581045 0.866769108656177 2.20133701022109 9.94659493357006 6.65883009145547 0.0373372107596543 7.49027989661485
0.00335570469798658 1.42926712160459 0.241091269449199 0.916909534186258 0.740754493110436 2.32044532690515 9.6820275832021 6.36873592084536 0.0363961724494227 6.79896667190533
0.00335570469798658 1.32087893676562 0.130555015540565 0.716116294149823 0.742544656359014 1.74358364887385 9.32496673977365 5.97248114936901 0.0349972570555703 6.18995896314754
0 1.35736774879235 0.222780963279459 0.897740132238385 0.806982256569686 2.39455975030696 8.93952907322214 5.62994156085632 0.0365312393308296 5.88442438088585
0.00335570469798658 1.42698975323059 0.246901170416483 0.770081539188244 0.536706772641779 2.63550276008974 9.48170016186309 6.57516122675858 0.054664600563822 6.46779379066911
0 1.29050674743859 0.139047595021623 0.803847234898758 0.642013258413753 2.52415093263392 8.66253243705579 5.68736049017859 0.0510386573118723 5.56391067776241
0 1.32825324914884 0.131690884148702 0.947239099035505 0.733124219672755 2.04543378204107 9.21179972327156 5.81977378267005 0.0336404542532676 6.15993189546391
0.00335570469798658 1.33821043591015 0.175824146787636 0.810506447940133 0.713211716059595 2.44503602385521 8.84347999356175 5.72302869631833 0.0441372449073591 5.87499049478452
0.00335570469798658 1.38820054850244 0.247380297631619 0.696010971991459 0.385637759279679 1.71580442486321 9.46640224345303 6.34384456676383 0.0440443729680031 6.41756560200522
0 1.53508873361493 0.323383696359451 0.66906337024005 0.36244385319855 1.69926259787373 9.95588074181746 6.72855684017416 0.0396635003179002 7.43777157813404
0 1.49386045692476 0.194568100809633 0.881639129227965 0.779321069516286 2.24362315201792 9.97353213744525 6.67289333471373 0.0368596138569921 7.5983592282693
0 1.47919790029248 0.25074245267019 0.815461790227688 0.828146980242782 2.39201448633411 9.91026757735929 6.65357377079185 0.038515527528538 7.28170865872114
0.00335570469798658 1.41430551486701 0.233364076335816 0.885833127062817 0.626574996322552 2.11899183345411 9.32197118814737 6.0311859361842 0.0372246072205825 6.33046335117266
0 1.31997619124595 0.231615211535245 0.753543596342206 0.411186297610402 2.22105880454183 8.50456377501609 5.50210818934643 0.0496649619390011 5.42852292220298
0.00335570469798658 1.42300347006221 0.240568281192294 0.711611834373372 0.705051416377082 2.06469188859955 9.63700901973539 6.44646460189495 0.0411494623383785 6.67651783583033
0 1.49386045692476 0.194568100809633 0.881639129227965 0.779321069516286 2.24362315201792 9.97353213744525 6.67289333471373 0.0368596138569921 7.5983592282693
0.00335570469798658 1.45528327543387 0.334734783473113 0.774602066383809 0.598951728653984 2.38795596394771 9.30461001060526 6.17503532330237 0.0437363949416484 6.30828057428483
0 1.47674924559368 0.301572876899306 0.913381649229645 0.815573288048122 2.42294175370698 9.63302044855188 6.26225475188954 0.0343633153915413 6.70752226550103
0.00335570469798658 1.3957798062243 0.129045294095928 0.729010448894984 0.687270249638767 2.04232667630053 9.79292215693616 6.63547983845047 0.0425343915015606 7.11500428980441
0 1.6183539069785 0.37899508347176 0.813567105749064 0.40802773624892 2.31278760118168 9.97270853133796 6.80892892467524 0.0422656911203324 7.56344978249143
0 1.37166877242789 0.308832899894391 0.801810748163994 0.463334002171606 2.771261533192 8.64210540252934 5.71305904184017 0.0534479839479533 5.58770716368109
0 1.42398933194176 0.113701341536628 0.815749642047426 0.734288979368986 2.48675200968351 9.90103955864259 6.82782423174101 0.046272135370982 7.48990385748143
0.00335570469798658 1.42199732890367 0.254271261854823 0.853396114051493 0.688173837710245 2.13428776296399 9.42625458920642 6.1149906966574 0.0364700503874439 6.51863544786419
0.00335570469798658 1.40507117286364 0.19026670596694 0.693264229185636 0.788519460257961 1.87050277133692 9.72941626845368 6.41732034486388 0.0364397187936261 6.85761920948834
0.00335570469798658 1.35747764746193 0.186526108090766 0.838175700989086 0.552615463687107 1.92526328191161 9.4333031069441 6.19326188040259 0.0391622805403217 6.43986142259966
0 1.59330695993579 0.344477365474068 0.803675733579434 0.466922050077536 2.24885325563303 9.98607993011403 6.80261696085883 0.0414418943392822 7.63125706155583
0 1.47355535605595 0.219953986625313 0.849292859711534 0.557361869589777 1.73538941799473 9.92574913890683 6.54909585998603 0.0341615929569158 7.38526890279806
0.00335570469798658 1.36734344131413 0.274130600960255 0.75792307098076 0.737398224185108 2.69408906955837 8.84759749261541 5.77423459837685 0.0462653076189778 5.79933999554514
0 1.47919790029248 0.25074245267019 0.815461790227688 0.828146980242782 2.39201448633411 9.91026757735929 6.65357377079185 0.038515527528538 7.28170865872114
0.00335570469798658 1.44340319877532 0.359791722991011 0.728776499387909 0.604323011814807 2.31010217071227 9.26840710332958 6.1345926012628 0.0435513532770391 6.23212720811051
0 1.42205679961743 0.175758407478497 0.744438581644153 0.47570380227114 1.68977409224131 9.87575349443589 6.64631258973372 0.0395796213837086 7.22715401798549
0.00335570469798658 1.28777786350583 0.166932734956804 0.726858283055196 0.379791127491383 1.7029917197826 8.75911582848384 5.63058824321971 0.0437822153951186 5.61661298240021
0 1.52452963929013 0.372660853690895 0.690151321435896 0.416583832606463 1.5359915665274 9.78900668372056 6.43765564512811 0.0350369857898768 6.96645805523587
0 1.55609324915811 0.301588598125289 0.786659832742754 0.543331696240523 2.24347857896958 10.005416687736 6.84864201448963 0.0425627988675207 7.61205998223796
0.00335570469798658 1.5035596296726 0.388191835463466 0.634475958304587 0.828538738099898 2.13815687038942 9.59298301767249 6.25390573169397 0.0354696709895413 6.66677865951613
0.00335570469798658 1.44529909659852 0.240547622814007 0.707382433121775 0.619194506442145 1.8999734521414 9.82025484555411 6.59818199966954 0.039872323360543 7.08944330180248
0 1.54560543611581 0.28331300128271 0.667225819133583 0.36678617227351 2.00551127918888 10.020372225602 6.93691772767113 0.0458007644052256 7.67296679971225
0.00335570469798658 1.40507117286364 0.19026670596694 0.693264229185636 0.788519460257961 1.87050277133692 9.72941626845368 6.41732034486388 0.0364397187936261 6.85761920948834
0.00335570469798658 1.4114668819606 0.289352100833236 0.902064135037214 0.763776551823129 2.82232117639784 9.11946928314556 5.95648482821196 0.0422993121228368 6.1063266543367
0.00335570469798658 1.38960642748927 0.24610617552776 0.877006006398215 0.829121826366672 2.86665166847269 9.09000061324024 5.92095076278032 0.0420435265687731 6.02838105278487
0 1.53501937815969 0.329962923016932 0.884329942170995 0.657474759040696 2.09683195047281 9.89503089559646 6.5237972271584 0.0343472380919725 7.31859259755866
0 1.53606924982514 0.261357958811347 0.840500534715745 0.313532009397493 1.92905487288587 10.0229662019808 6.82685506089447 0.0409210310665528 7.67916650627287
0 1.36900960078805 0.201175316311774 0.913957170946761 0.461675749727026 1.74516319591099 9.2675006770673 5.90570963382205 0.0346731022730926 6.18524502170601
0 1.30300910893363 0.117084590780141 0.766254139054811 0.31843934073769 2.10092102410566 9.03139560739654 6.14966949726328 0.0560379516286162 5.92074026688332
0 1.48264882563473 0.160634953621949 0.674237584113426 0.441012247199329 1.78551122128373 10.0500647276809 6.89590988833076 0.0426744525238674 7.81368228844616
0 1.40675631894682 0.29511112538995 0.788058306128431 0.341822835035998 2.70248212889042 9.04761553892879 6.22245225244524 0.0592989733180361 5.99416921951511
0 1.4544572462469 0.193926278712494 0.888858790871948 0.774273748270461 2.06149578655771 9.92680751615773 6.5572327983381 0.0344042657538047 7.3462553411565
0 1.34279966417179 0.257321334715578 0.769152699558412 0.641787286226525 2.9673587620065 8.52793528794814 5.60234942159559 0.0536332607835378 5.49494581220649
0 1.53723701929618 0.241460977513149 0.613210123467711 0.535242109215487 1.77606777333647 10.0124693035994 6.80850936432416 0.0406011073029264 7.73910666753965
0.00335570469798658 1.38758618020821 0.247675311696933 0.71474384237012 0.588085023830871 2.42993468918502 9.26283987737416 6.28994272317771 0.0511548918305539 6.18843173255292
0 1.49386045692476 0.194568100809633 0.881639129227965 0.779321069516286 2.24362315201792 9.97353213744525 6.67289333471373 0.0368596138569921 7.5983592282693
0.00335570469798658 1.42949513491192 0.144649472671382 0.757940475323862 0.793383083386962 2.58728335033682 9.86166714309887 6.80052635226428 0.046834236665339 7.29022466729599
0 1.53840548077842 0.253293758249682 0.8667533037426 0.784525993536611 2.59781776205265 9.99540470981716 6.80751496601888 0.0412588458724735 7.67424585376629
0.00335570469798658 1.35752858263921 0.196703897850351 0.751492854500328 0.678994255988346 2.24354039136135 9.11041874242944 5.99531130550334 0.0443737395132104 6.01009205611847
0.00335570469798658 1.44452351405515 0.333801450459231 0.626222445328586 0.555582313903389 1.63196580469551 9.34945862896948 6.04092115582057 0.0365696187111707 6.37550170780253
0.00335570469798658 1.36107180263548 0.210705401476071 0.848270676614482 0.818507812911707 2.76535948857959 8.8273520086014 5.69345151581784 0.0435476084259672 5.77247900594244
0.00335570469798658 1.45519867194931 0.288484544414598 0.711996008391266 0.54006186398303 1.99534054337284 9.74938020510334 6.59268830631728 0.0425663221260412 6.90815519900346
0.00335570469798658 1.51852929943744 0.370633263073535 0.918577919640259 0.816361792002842 2.98847382010892 9.54458011844468 6.30933629072282 0.0393506090009292 6.64334692679007
0.00335570469798658 1.3669006064813 0.134040973726282 0.780406791650455 0.685283409866804 2.74986985200052 9.50749462880911 6.59415692890054 0.0542942093296455 6.5830057290559
0.00335570469798658 1.31036998509942 0.112706923340977 0.745967164528293 0.499959824578279 1.80889976198569 9.18300129182772 6.06818443262522 0.0443866354069649 6.13502361907935
0.00335570469798658 1.36107180263548 0.210705401476071 0.848270676614482 0.818507812911707 2.76535948857959 8.8273520086014 5.69345151581784 0.0435476084259672 5.77247900594244
0 1.53501937815969 0.329962923016932 0.884329942170995 0.657474759040696 2.09683195047281 9.89503089559646 6.5237972271584 0.0343472380919725 7.31859259755866
0.00335570469798658 1.38188892600673 0.141891900775332 0.945138887156451 0.606928650473504 2.0564867086088 9.67598118162334 6.36580397981123 0.0365097035948587 6.8258366632329
0 1.53889464326759 0.232174462304534 0.74132846974191 0.79915476394811 2.70306843827261 10.0446371740526 6.98297633405307 0.0468098868917608 7.71729677627251
0.00335570469798658 1.5370692693903 0.35963801394184 0.912617834615335 0.527461136298625 2.52741084226025 9.74343147009217 6.55748833133874 0.0413392387712183 6.97677748337221
0 1.57415103070724 0.363555186957257 0.9236866692152 0.567355933040887 2.53213172343041 9.91351114803211 6.68902696614134 0.0397762936180913 7.28418971203171
0 1.53889464326759 0.232174462304534 0.74132846974191 0.79915476394811 2.70306843827261 10.0446371740526 6.98297633405307 0.0468098868917608 7.71729677627251
0.00335570469798658 1.47324460608238 0.334218326007314 0.84882504982228 0.561487591396669 2.04219630514763 9.65871936507525 6.36123339055787 0.0369760092784901 6.70823059326656
0 1.4544572462469 0.193926278712494 0.888858790871948 0.774273748270461 2.06149578655771 9.92680751615773 6.5572327983381 0.0344042657538047 7.3462553411565
0 1.33503430533004 0.175895851388066 0.613755923480266 0.36250742465165 1.98151747389845 9.14130266665746 6.29235685129657 0.0579053316220104 6.00099347045386
0.00335570469798658 1.3285060217811 0.147501712259764 0.886255349823911 0.479443914910829 1.70515611890218 9.123516211503 5.78989510273833 0.0356637287254533 6.0570829371049
0.00335570469798658 1.4341968054694 0.316000033960528 0.717941658246531 0.552056985632307 2.26803125045647 9.17715373710037 6.10483787427567 0.0463137742180248 6.12952939806388
0.00335570469798658 1.43635731068529 0.268855088719446 0.682541999590238 0.462339574741516 1.91209878230994 9.75172235850716 6.6583704164627 0.0453496898241367 6.90861490939402
0 1.53493489086397 0.207729622327085 0.856193746142867 0.407515712613479 2.03501190058699 10.0320461010416 6.86317623558417 0.0420510944540393 7.799794301054
0.00335570469798658 1.43347846288557 0.299929275122672 0.677397210101575 0.761528164447388 2.9854374024531 9.17272070978985 6.24618751157551 0.0535824763454026 6.13997434704515
0.00335570469798658 1.4024737177197 0.311374530694709 0.664135107435978 0.625250764777766 1.92625495896852 9.15724253885338 5.93837793235639 0.0400004487373652 6.06413151190427
0 1.48264882563473 0.160634953621949 0.674237584113426 0.441012247199329 1.78551122128373 10.0500647276809 6.89590988833076 0.0426744525238674 7.81368228844616
0 1.35706589711747 0.110458329812545 0.656315271851254 0.635752688507803 2.24529444671461 9.76761966620107 6.82550938850701 0.0527542850001887 6.98227225839008
0 1.48264882563473 0.160634953621949 0.674237584113426 0.441012247199329 1.78551122128373 10.0500647276809 6.89590988833076 0.0426744525238674 7.81368228844616
0 1.34778578711255 0.189876744040649 0.700779944358785 0.873875038079201 1.80661313356884 9.28047065192437 5.84076277406948 0.0320740535007798 6.20012877715736
0 1.38643717217028 0.246140984899753 0.713488421129274 0.873878906812663 1.99452803627687 9.36075149694729 5.96681318366685 0.0335761826428704 6.32446648348243
0 1.40638154358603 0.311214094841853 0.890189894079231 0.583305011596531 1.85951992636546 9.03822733052469 5.59322328408914 0.0319046329423056 6.0065009319341
0.00335570469798658 1.30169813658032 0.141729421470019 0.76231842531104 0.764781801314544 2.68310215232946 8.81537000096066 5.80546231187663 0.0492962291304993 5.71538161049955
0 1.45422060452868 0.181556576794647 0.797418863827563 0.426981899307833 2.21845218257188 9.91961496711714 6.90378823699245 0.0490053045737012 7.41973533817187
0 1.62958364694032 0.385882018508477 0.809230828471481 0.63734373443546 2.95550297130718 9.98322344391559 6.92616477946489 0.0470258106871554 7.53042634573776
0.00335570469798658 1.51216346607989 0.312021970268697 0.914082358831253 0.416907750288883 2.14577853117755 9.87207015417437 6.64126049565476 0.03952548368489 7.12740473304207
0 1.43503211517098 0.302634335144064 0.889247278662012 0.808234286397423 2.04126790142337 9.40093263201649 5.89632935199294 0.0300586958641813 6.3523854641315
0.00335570469798658 1.36792195532122 0.147237962529951 0.821219930925851 0.885651793623679 2.37819055011555 9.61641073905505 6.34995926282863 0.0381415333573551 6.71560599606364
0.00335570469798658 1.28777786350583 0.166932734956804 0.726858283055196 0.379791127491383 1.7029917197826 8.75911582848384 5.63058824321971 0.0437822153951186 5.61661298240021
0 1.39047792469324 0.103996975266538 0.671390889032115 0.558885400201033 1.6934275096456 9.95688612926082 6.7726989146553 0.0414118911061604 7.48636804763882
0.00335570469798658 1.43890292633578 0.270362437795738 0.633984259046337 0.305783773285587 1.8586777376952 9.69412115884005 6.71995473993992 0.0510900039206113 6.82411276644548
0.00335570469798658 1.47637652043476 0.276666326586979 0.714982971475457 0.812291314545413 2.7647707604943 9.7877602481602 6.73251497381913 0.0471111641933654 7.00987010755972
0.00335570469798658 1.37721210040618 0.135639345319942 0.690263858751859 0.810493229515851 2.66164262732491 9.63665461842031 6.65646942172165 0.050783428070739 6.79081688651424
0 1.38678111797199 0.151603302336298 0.664506027300376 0.601500555686653 1.46918996283785 9.82100454335854 6.47469412865812 0.0352140399142981 7.10013029662471
0 1.4407347540321 0.338625268806422 0.603681686169565 0.530050460183001 1.32305149085001 9.46815120838406 6.02427049883316 0.0319404927308217 6.38983790140239
0.00335570469798658 1.45031385819787 0.293652727521249 0.824051520335441 0.509492640342325 2.17897014227908 9.60408949614468 6.44526620177744 0.0424756930726462 6.70633827335379
0 1.48570952069532 0.199120122509561 0.841206420336123 0.899010837121749 2.58789882954647 9.92834173743884 6.71896283105787 0.0403816862925605 7.47572889986716
0 1.43137197533878 0.104812640617182 0.7988173266834 0.756558703820989 2.60758325295052 9.9651814703989 6.93457603860123 0.048286395155627 7.56607859667239
0.00335570469798658 1.50897505373395 0.317500802062032 0.772441086775753 0.705195056407635 2.64408879663358 9.87628386483392 6.78696522677974 0.0455329682694472 7.08925983545553
0.00335570469798658 1.39862826596897 0.267692361911465 0.617030850093629 0.640826659385959 1.59904390077076 9.28374032957158 5.95617522632935 0.0358803637729934 6.16326903639693
0.00335570469798658 1.35456284746511 0.226877904627651 0.808733268594768 0.893369766771756 2.8604288098021 8.75441057346177 5.62627128221459 0.0437992190684038 5.71483231084279
0.00335570469798658 1.37906523029264 0.235644073328893 0.772882245136513 0.653228842070142 2.78127422240578 9.28112683401751 6.33029115288293 0.0522959849145481 6.21576742614204
0.00335570469798658 1.50498798812951 0.326397650957616 0.829543863503495 0.624328496500955 2.57420444331153 9.66235536540301 6.55303178250032 0.0446311343946869 6.81313057846891
0 1.35736774879235 0.222780963279459 0.897740132238385 0.806982256569686 2.39455975030696 8.93952907322214 5.62994156085632 0.0365312393308296 5.88442438088585
0 1.35736774879235 0.222780963279459 0.897740132238385 0.806982256569686 2.39455975030696 8.93952907322214 5.62994156085632 0.0365312393308296 5.88442438088585
0 1.30100710356177 0.194576291321121 0.767554846759038 0.892758944258984 2.34961371215329 8.68715638431685 5.41228360367772 0.0378216805733 5.60407488530116
0 1.47094979950949 0.200471264204348 0.657895598767922 0.717603468448206 2.5114275302238 9.98308306447117 6.98976778786597 0.0501209960120318 7.48647602907613
0.00335570469798658 1.50348641494176 0.326142417471794 0.854896755672838 0.527384210127383 2.12147324973998 9.68318246895813 6.42126448023094 0.0383148400671092 6.9453015140561
0.00335570469798658 1.40550102698617 0.315373285510577 0.83603930802783 0.882783848466352 2.81918051838875 8.97060239159004 5.73959996752159 0.0395178652676422 5.98363396799279
0.00335570469798658 1.45333981042907 0.321271551175383 0.765473294717915 0.615745227993244 2.96023742227025 9.32470423558691 6.41047089078281 0.0542456027685611 6.28908457409872
0 1.32825324914884 0.131690884148702 0.947239099035505 0.733124219672755 2.04543378204107 9.21179972327156 5.81977378267005 0.0336404542532676 6.15993189546391
0 1.35911919474532 0.29517358173515 0.678943178293982 0.300224641915007 2.13928513367536 8.78485417271035 5.8419779734076 0.0527138948231852 5.694943525989
0 1.36850506163228 0.288501347854847 0.745534124799936 0.503181231330537 2.00176061287422 8.6191565145731 5.44550508562005 0.0418505044250071 5.55848141010593
0.00335570469798658 1.46374677450384 0.332216542687202 0.918040046894571 0.497847261988361 2.48897649052367 9.42030356518466 6.26921223245704 0.042805386447856 6.42490209979803
0 1.45547897215001 0.291935711400583 0.624319376482163 0.799804301653057 1.63644685735926 9.75913042559645 6.30175892147108 0.0315124836873296 6.94069650574784
0.00335570469798658 1.45642382569013 0.195361505746138 0.779760425420524 0.751331707301234 2.78000597066021 9.76740363384995 6.77611131686748 0.0502224913891273 7.09692408804645
0.00335570469798658 1.37066861642254 0.246028335315158 0.765579974843481 0.561869691031225 2.11001237676611 9.02339098039754 5.88519659037155 0.0433610203519269 5.93208277508266
0 1.44170230589807 0.141455521038733 0.914885701891035 0.367493229964748 1.95799256442115 9.92381007876203 6.74039086949336 0.0414437078756998 7.5263194581919
0.00335570469798658 1.50348641494176 0.326142417471794 0.854896755672838 0.527384210127383 2.12147324973998 9.68318246895813 6.42126448023094 0.0383148400671092 6.9453015140561
0.00335570469798658 1.4208264973472 0.197988086643059 0.747869996003906 0.857138859959269 2.32933735990877 9.63523221975016 6.4181609999714 0.040072249374765 6.83287457244866
0.00335570469798658 1.39921011411756 0.244466919185773 0.611441558688645 0.717950393594391 1.74241945254634 9.51554960900436 6.22147336733092 0.0371023027829593 6.54509419986554
0.00335570469798658 1.46707205516765 0.295206640450747 0.866082958467446 0.788411123576148 2.75203111830043 9.6217469780496 6.45712201074982 0.0422299764667695 6.72865302446529
0.00335570469798658 1.33426203098761 0.140150533213245 0.728204802931512 0.379066307043454 1.79213016813526 9.66878790264689 6.61150885920258 0.0470154483281874 6.76487075809586
0.00335570469798658 1.46539977451105 0.234916481915628 0.81377771450994 0.611537708196777 2.48602073200742 9.693863450238 6.63605153705255 0.0469904018922442 6.9740110747592
0 1.51944462774073 0.25687021761679 0.605441171710919 0.524705537590612 1.88955042354175 10.0126457458381 6.86546537086901 0.042973124300112 7.64660720787194
0.00335570469798658 1.32588452019779 0.143352624661419 0.813299957714075 0.611692331050401 2.55947666121996 8.97691005024064 6.00483224676103 0.0511968228035856 5.94190547037976
0.00335570469798658 1.40831388845108 0.370678197289817 0.699874721688684 0.442705890163779 2.00701091950759 8.85516727588965 5.70329624535478 0.0427720241898337 5.80174066054727
0 1.49900328828624 0.265160759525968 0.789093864271472 0.539617753923088 1.75996115985189 9.90269924190093 6.5663910962805 0.0355680276057533 7.36344444337981
0 1.3969509532436 0.101734544644685 0.699051545758665 0.85104804103704 1.88629914599758 9.93624007627642 6.61427867282202 0.0360819909613564 7.43824871703587
0.00335570469798658 1.44541239276576 0.318307908785147 0.726610319957685 0.527972602876231 2.24989308053123 9.24550841298224 6.17170059741091 0.0462447277751966 6.22501212172091
0 1.47919790029248 0.25074245267019 0.815461790227688 0.828146980242782 2.39201448633411 9.91026757735929 6.65357377079185 0.038515527528538 7.28170865872114
0 1.35736774879235 0.222780963279459 0.897740132238385 0.806982256569686 2.39455975030696 8.93952907322214 5.62994156085632 0.0365312393308296 5.88442438088585
0 1.38647277272356 0.181964478529002 0.719249581147865 0.476300718866206 1.39508009729962 9.79353715438567 6.42503439242952 0.0344411653820614 7.03591512780475
0 1.31805477662225 0.254185260911481 0.776398503848261 0.629356045104805 2.49688641162636 8.47608203944774 5.41210148748709 0.0467014272833983 5.42611808446357
0 1.48091946557511 0.213833492114461 0.786295222589051 0.778936718857664 2.01925831027657 9.95233624673868 6.62320717939207 0.035824292030526 7.56395748825615
0.00335570469798658 1.38297511260153 0.150392877889738 0.882778731272826 0.7705495231281 2.70032174034183 9.58375187507539 6.47169693378914 0.0445093971013615 6.6979227417276
0 1.47777649398181 0.379246608647823 0.929320711164056 0.684221878456804 2.43476469728845 9.1762808767936 5.82558704272996 0.0350600198238205 6.21784286093212
0 1.53501937815969 0.329962923016932 0.884329942170995 0.657474759040696 2.09683195047281 9.89503089559646 6.5237972271584 0.0343472380919725 7.31859259755866
0.00335570469798658 1.34461061037755 0.183770124819481 0.721977628930783 0.729137524078583 2.3385386415637 9.06101345573831 5.95976961078906 0.0449932030051909 5.96170312017277
0 1.29912498909585 0.166749441881279 0.685978303467997 0.582033967939299 2.39611478779635 8.6641954003321 5.72514682584473 0.052916050476312 5.54577169722425
0.00335570469798658 1.49552825231613 0.299580526744002 0.862443386102605 0.579320171033626 2.01915546883159 9.75598614578532 6.4415322493572 0.0363538961499709 6.96021218182899
0 1.40551819333782 0.304495371925774 0.804541134398467 0.55315982260777 1.84009371670047 9.09137755902352 5.74828747449669 0.0353276235397962 6.04083763172528
0.00335570469798658 1.43347846288557 0.299929275122672 0.677397210101575 0.761528164447388 2.9854374024531 9.17272070978985 6.24618751157551 0.0535824763454026 6.13997434704515
0 1.29464116644673 0.143941295441688 0.892613445595611 0.619822469796994 2.35487794008105 8.63431675040642 5.4906580087072 0.0431247266716576 5.55457326931245
0 1.34007559217292 0.243092853830279 0.63042821145668 0.689455555351447 2.29672940046797 8.69609223140886 5.64190707093811 0.0471611338740697 5.58678038398289
0 1.54613169305527 0.208707826016991 0.817169962880897 0.642263661396188 2.56367881323054 10.0133396658496 6.95502047144925 0.0469665705891787 7.77324943518883
0.00335570469798658 1.43890292633578 0.270362437795738 0.633984259046337 0.305783773285587 1.8586777376952 9.69412115884005 6.71995473993992 0.0510900039206113 6.82411276644548
0.00335570469798658 1.49552825231613 0.299580526744002 0.862443386102605 0.579320171033626 2.01915546883159 9.75598614578532 6.4415322493572 0.0363538961499709 6.96021218182899
0.00335570469798658 1.4025832525635 0.246178239369705 0.86830146480292 0.346366662543372 2.39304822812664 9.28553287486141 6.2835898587363 0.0496904252112143 6.34157109126243
0.00335570469798658 1.49294850657215 0.29308729746508 0.718035710259102 0.723924186116453 2.7836424520412 9.78460716500935 6.80490272686408 0.050807848507851 6.96954627913834
0.00335570469798658 1.49552825231613 0.299580526744002 0.862443386102605 0.579320171033626 2.01915546883159 9.75598614578532 6.4415322493572 0.0363538961499709 6.96021218182899
0.00335570469798658 1.44309677766854 0.378638299257841 0.785549297031532 0.412201423682885 2.72212831558471 8.90693804798141 5.95640715529258 0.0523119265557997 5.84707441114858
0.00335570469798658 1.42472353271399 0.261610186762113 0.81661706964947 0.670501967792913 2.42639197199125 9.52879410309472 6.38412696091968 0.0430812615955473 6.60075862338656
0.00335570469798658 1.4118107506639 0.213364823811944 0.652171153640881 0.346352823239553 1.72674440881 9.75797153509439 6.72062216519096 0.047961850280665 6.95848799961091
0 1.33689196602941 0.110592076313188 0.733446978955158 0.81094114801112 1.7168146898685 9.71466365124619 6.29902583706009 0.0328554443486849 6.83098671932026
0 1.36997954558416 0.30367746427058 0.816621085196883 0.743330528839625 2.25881685373253 8.75973732843442 5.43581224832855 0.0360112071192015 5.72119936073013
0 1.54911518853945 0.349611068753162 0.600342571411996 0.796571638495952 2.00337001116157 9.96351944169846 6.64315177459334 0.0361395419903078 7.37086016653672
0.00335570469798658 1.44203365719057 0.32433819292297 0.791602835952898 0.385412777491223 2.66399314747999 9.26837536909731 6.36693568885999 0.0549440612092844 6.23158811845688
0 1.53709070976547 0.220790216605496 0.825363863039151 0.372495672848336 1.95977060845616 10.0184139040432 6.85055844903815 0.0420937731669934 7.76310807465591
0 1.43175572636123 0.134969624822967 0.856331446818873 0.360162270053986 2.10557979347124 9.90734510261342 6.85033800811219 0.0470282358683688 7.47995442054254
0.00335570469798658 1.46565475129829 0.249251357396945 0.849031294049661 0.607259442692328 2.30950107602814 9.76407489915247 6.60902574071133 0.0426363050068459 6.96675976555854
0.00335570469798658 1.40507117286364 0.19026670596694 0.693264229185636 0.788519460257961 1.87050277133692 9.72941626845368 6.41732034486388 0.0364397187936261 6.85761920948834
0.00335570469798658 1.34974579784973 0.162962124774737 0.907589155321281 0.407246735336328 2.14725026981973 9.19948162864131 6.08947899744194 0.0446008379864236 6.13136524026384
0.00335570469798658 1.4341968054694 0.316000033960528 0.717941658246531 0.552056985632307 2.26803125045647 9.17715373710037 6.10483787427567 0.0463137742180248 6.12952939806388
0 1.5381526027849 0.27009282909502 0.787709488192383 0.472861943248171 2.17485937878308 9.94401798455617 6.80791284400822 0.0434517070416368 7.56334596081545
0.00335570469798658 1.49190134718211 0.261491097238038 0.622343842976826 0.770271204104563 2.15776500869997 9.80182020871592 6.63410759549416 0.0420997863460751 7.22769154696325
0.00335570469798658 1.35747764746193 0.186526108090766 0.838175700989086 0.552615463687107 1.92526328191161 9.4333031069441 6.19326188040259 0.0391622805403217 6.43986142259966
0 1.4199823803436 0.383670876178544 0.604743222465014 0.353713157196013 2.43854126625344 8.87191222380645 6.00294835504927 0.0567577045546999 5.80742150941569
0 1.49342222624713 0.358613918125036 0.766480196265312 0.617812177026386 1.69697552665347 9.49006330330946 6.04886669541461 0.0320263394193355 6.54578939474193
0.00335570469798658 1.39784245543548 0.304879349230623 0.735812871675321 0.536287083345959 2.06407130417125 8.93907480822945 5.78646784127481 0.04274055827936 5.84423982735146
0.00335570469798658 1.37957711220495 0.199503478289143 0.721672883825443 0.620574403149748 2.00745187802065 9.51333461252957 6.36833964280541 0.0430671406858835 6.48639788820511
0 1.44788929026108 0.386759228608571 0.655498262960464 0.728387759020552 1.775823879987 9.12914983913664 5.68357976733868 0.0318865792207961 6.06874960981752
0 1.54178082224013 0.261704672434627 0.635918422563014 0.521699836984273 2.3917725264796 9.95532829704551 6.99514325171735 0.0518093292113239 7.59817875362049
0 1.45422060452868 0.181556576794647 0.797418863827563 0.426981899307833 2.21845218257188 9.91961496711714 6.90378823699245 0.0490053045737012 7.41973533817187
0.00335570469798658 1.32588452019779 0.143352624661419 0.813299957714075 0.611692331050401 2.55947666121996 8.97691005024064 6.00483224676103 0.0511968228035856 5.94190547037976
0 1.47094979950949 0.200471264204348 0.657895598767922 0.717603468448206 2.5114275302238 9.98308306447117 6.98976778786597 0.0501209960120318 7.48647602907613
0.00335570469798658 1.31497529581782 0.130437377137442 0.822878090244587 0.684630030118541 1.98095050219859 9.01729400950084 5.73724411477016 0.0376263794022738 5.9321346596778
0.00335570469798658 1.36410620271203 0.101726670279042 0.71938685364692 0.825567210644967 2.37875677360354 9.72196934643896 6.61786669233475 0.0448647597094417 6.97491790516293
0 1.53058291405554 0.239171956299701 0.932184428101565 0.872780338464805 2.84221294189822 10.020073427437 6.8161442488794 0.0406023562413341 7.66360492115348
0.00335570469798658 1.42472353271399 0.261610186762113 0.81661706964947 0.670501967792913 2.42639197199125 9.52879410309472 6.38412696091968 0.0430812615955473 6.60075862338656
0 1.4407347540321 0.338625268806422 0.603681686169565 0.530050460183001 1.32305149085001 9.46815120838406 6.02427049883316 0.0319404927308217 6.38983790140239
0 1.52624622337332 0.212883009713372 0.871545824849304 0.728569593410813 2.7479896285622 10.0054519077641 6.93127647402348 0.0462277304974787 7.70698171684324
0.00335570469798658 1.3406707214275 0.196862224754728 0.773724371768395 0.825794891164234 2.12691674636104 9.21986982219231 5.8999544295792 0.0361558906800716 6.14869084949834
0 1.39133202152461 0.20665661831709 0.860401286968 0.384057790481472 1.42440015722131 9.62847685800409 6.19925077610115 0.0324120153140486 6.79756087667443
0 1.44170230589807 0.141455521038733 0.914885701891035 0.367493229964748 1.95799256442115 9.92381007876203 6.74039086949336 0.0414437078756998 7.5263194581919
0 1.45547897215001 0.291935711400583 0.624319376482163 0.799804301653057 1.63644685735926 9.75913042559645 6.30175892147108 0.0315124836873296 6.94069650574784
0.00335570469798658 1.36107180263548 0.210705401476071 0.848270676614482 0.818507812911707 2.76535948857959 8.8273520086014 5.69345151581784 0.0435476084259672 5.77247900594244
0 1.35698475563686 0.28561721531133 0.896207908003289 0.370113225829002 2.01564509036137 8.54773452052887 5.3065128582412 0.0391160792586576 5.49802168612848
0.00335570469798658 1.37570721560623 0.101939561986364 0.695504452078603 0.828642538608983 2.19082608819008 9.86195739916731 6.68244100600855 0.041605771092206 7.24450444518484
0.00335570469798658 1.42207830496523 0.248694778456498 0.619864200169412 0.602976574309581 1.86093304127887 9.76441971921154 6.62430424305817 0.0432778000595287 6.85806070595828
0 1.52226474118944 0.214688631769773 0.643289170089406 0.636695027574568 2.27344539113802 10.0193603203477 6.96144769317891 0.0469856695400021 7.77041736006659
0.00335570469798658 1.42947935860319 0.32865040769951 0.643469597878224 0.893989476987456 2.20188935827719 9.19125336856014 5.86129891253118 0.0357947352649185 6.09910745612334
0.00335570469798658 1.35371797511996 0.130028382114226 0.84919287336857 0.427809339196829 1.63856335207234 9.66164950971642 6.37530870911318 0.0373904183736282 6.74162690208293
0 1.49386045692476 0.194568100809633 0.881639129227965 0.779321069516286 2.24362315201792 9.97353213744525 6.67289333471373 0.0368596138569921 7.5983592282693
0.00335570469798658 1.45707688305317 0.275587835068449 0.792879150470168 0.418045924881981 2.17413639380917 9.64592815475777 6.6006753952443 0.0475842830871432 6.77125739153416
0 1.47487863698043 0.272520078485832 0.772642235120293 0.353072721278295 1.4695782745257 9.84699021425522 6.4891745357266 0.0348112148425141 7.14018359317363
0 1.47094979950949 0.200471264204348 0.657895598767922 0.717603468448206 2.5114275302238 9.98308306447117 6.98976778786597 0.0501209960120318 7.48647602907613
0.00335570469798658 1.44754805188432 0.262760257592635 0.870784219363339 0.431261469766247 2.33991438464574 9.71453042898322 6.64646843388988 0.0465112065154103 6.85885910919431
0.00335570469798658 1.45709645081644 0.306736070712986 0.739710149598028 0.748512654644779 2.40357749919097 9.51852794964757 6.33980800540628 0.0416389211629691 6.6260000524727
0 1.49386045692476 0.194568100809633 0.881639129227965 0.779321069516286 2.24362315201792 9.97353213744525 6.67289333471373 0.0368596138569921 7.5983592282693
0 1.53068889848032 0.282327273647719 0.789592531389008 0.433791509448233 2.20013138017073 9.97703536783129 6.86589107488344 0.0445499479708637 7.56250460774552
0 1.53889464326759 0.232174462304534 0.74132846974191 0.79915476394811 2.70306843827261 10.0446371740526 6.98297633405307 0.0468098868917608 7.71729677627251
0.00335570469798658 1.53813185104122 0.335218359248036 0.803409027455406 0.506806651597326 2.45561625446373 9.81792530686651 6.72118470789877 0.0451962753650343 7.23822381512047
0 1.39112874754564 0.130710137496259 0.7416553304274 0.61246239777518 2.48042731824108 9.72825549959422 6.7973252456642 0.0533473884376098 6.99102667776664
0.00335570469798658 1.38791795759239 0.221308268723436 0.770953994699971 0.409820894701065 1.7800731970605 9.49871439247669 6.31633702784597 0.0414869082806745 6.60292704769539
0 1.50768393159378 0.316213967138901 0.708964752138127 0.524478285200894 1.79404761409387 9.94114503506169 6.66453916598355 0.0377561890236712 7.32739160817606
0 1.53723701929618 0.241460977513149 0.613210123467711 0.535242109215487 1.77606777333647 10.0124693035994 6.80850936432416 0.0406011073029264 7.73910666753965
0 1.54269249651983 0.24079516648091 0.891623754589575 0.624836444594816 2.66278942502875 9.99605185082821 6.89615767374986 0.0450539698840234 7.7358168239915
0.00335570469798658 1.42097196468507 0.223264501439405 0.920836806414845 0.722185719407494 2.8890550210082 9.52796800439337 6.44041476715589 0.0456134232055258 6.72440819651644
0.00335570469798658 1.38312295613449 0.235589238214512 0.724845790817238 0.839437052393774 2.1769930400673 9.10076810076408 5.8119867690266 0.0372992771551933 6.02649589510599
0.00335570469798658 1.37957711220495 0.199503478289143 0.721672883825443 0.620574403149748 2.00745187802065 9.51333461252957 6.36833964280541 0.0430671406858835 6.48639788820511
0 1.39769701877762 0.141735026383623 0.65269890686969 0.593219324815487 1.66323583656903 9.89878288590583 6.67740497019857 0.0399000414712459 7.3030840814981
0 1.34279966417179 0.257321334715578 0.769152699558412 0.641787286226525 2.9673587620065 8.52793528794814 5.60234942159559 0.0536332607835378 5.49494581220649
0 1.34545024205141 0.136970763655845 0.727164823930885 0.46726875831848 2.36977082634263 9.38845806946167 6.55111072971826 0.0585808551476584 6.37310191674126
0.00335570469798658 1.42275303780303 0.365545702316816 0.934480967656771 0.311303362961552 2.38603246114999 8.74647297950289 5.57934469214745 0.0421243935288104 5.73821676422044
0.00335570469798658 1.4432859169526 0.184729629531196 0.88670275159301 0.425898927871444 2.26001188889969 9.73011701556917 6.66708401079971 0.0467457000616061 7.08740660722021
0 1.35082080829889 0.242506302311085 0.816625990858301 0.723206656984985 2.68026215257123 8.59898758220706 5.51408685740953 0.0457345739839478 5.53998221239723
0.00335570469798658 1.3965665447692 0.219809867005861 0.866817774129597 0.68273324778 2.68100256551518 9.40241256971961 6.32195464062307 0.0459382153862405 6.40334238298834
0 1.39999239312901 0.232418304936516 0.622465682127841 0.464407591953534 1.19075224358552 9.59925429580755 6.18721592693203 0.0329739188170444 6.65905841314724
0 1.3431048439293 0.193280877374255 0.782774584192154 0.513625851887479 2.63246185149582 8.99925394259308 6.1106072022804 0.0556514725712341 5.90775014100573
0 1.45422060452868 0.181556576794647 0.797418863827563 0.426981899307833 2.21845218257188 9.91961496711714 6.90378823699245 0.0490053045737012 7.41973533817187
0 1.42127385824662 0.155401470051404 0.932632760740783 0.637389522460792 2.18540700780593 9.79727973924751 6.53081812693748 0.038141146753543 7.1889674873356
0.00335570469798658 1.31723661965167 0.12921518749988 0.904697911929694 0.318642603224053 1.75342206561091 9.33204349183041 6.09844874388191 0.0394155548300103 6.41458537170456
0.00335570469798658 1.37425185185019 0.165244912088968 0.845793405774284 0.804388210794233 2.5207853323854 9.47703179921788 6.29118326264826 0.0413431497384739 6.50712222766107
0.00335570469798658 1.41797249172006 0.327697033302725 0.792435620891211 0.555655274892602 2.17056442584046 8.96752277884833 5.75929601791945 0.0404282386811821 5.89784044507531
0.00335570469798658 1.41080206095142 0.27351842581404 0.869324157132803 0.68549236314581 2.91498757652675 9.14515310711657 6.1032295104388 0.0477429629028746 6.16053198822352
0.00335570469798658 1.49156858829897 0.368876526952155 0.813645528518844 0.428373360158183 2.3267671630283 9.46698832944756 6.36081876820379 0.0447721241847763 6.52014973517474
0.00335570469798658 1.44908948851815 0.24958462509627 0.91616907231288 0.747061138221251 2.33905457774474 9.67517964720547 6.3464036102771 0.0358369413279863 6.83148150162615
0 1.3969509532436 0.101734544644685 0.699051545758665 0.85104804103704 1.88629914599758 9.93624007627642 6.61427867282202 0.0360819909613564 7.43824871703587
0 1.47886519693573 0.206209142632481 0.746302898778622 0.635224654903187 2.07882236443565 9.91642450809126 6.73632618335461 0.0415815664235983 7.47800009244075
0 1.55736872192652 0.286692725855742 0.917344769194357 0.617397819928998 2.64617873603139 9.95559126844343 6.79811896846152 0.0425331162759792 7.60835462306712
0 1.47166663876892 0.162212978091616 0.90659479333873 0.33116196627974 1.73361797759998 9.89547050169229 6.61531523866527 0.0376224149836444 7.57229720253175
0.00335570469798658 1.41430551486701 0.233364076335816 0.885833127062817 0.626574996322552 2.11899183345411 9.32197118814737 6.0311859361842 0.0372246072205825 6.33046335117266
0.00335570469798658 1.4975910964368 0.304705458637524 0.650920425141812 0.697049479229844 1.88310407651233 9.75188063460151 6.46156192195946 0.0372419780153283 7.03027375140534
0 1.43434519213624 0.176634423830546 0.94485902354354 0.649224441451952 2.32934184418991 9.868795688646 6.65115835140871 0.0400495701949368 7.32605763589179
0 1.6183539069785 0.37899508347176 0.813567105749064 0.40802773624892 2.31278760118168 9.97270853133796 6.80892892467524 0.0422656911203324 7.56344978249143
0 1.52382081006932 0.188320648767493 0.867145339186731 0.641851194349864 2.58236386563998 9.96532837565631 6.88130862896715 0.0457748828954505 7.76213656400555
0.00335570469798658 1.37799062870916 0.248752935652548 0.712512154015969 0.410700471659325 2.00083841977375 9.09272364901969 6.06908674529299 0.0486240553867061 6.05921855628372
0.00335570469798658 1.45394849134609 0.299604720366187 0.736225692403968 0.70508061312139 2.89246300049126 9.41897112017145 6.45214358718338 0.0514663268370685 6.45125999976119
0.00335570469798658 1.51957602676679 0.317294743425911 0.84606786590011 0.757609092349558 2.55597304614696 9.86839701843883 6.64724729056771 0.0399091472142415 7.13731023325727
0 1.48319458993205 0.159794746801439 0.889120449207371 0.760011819989374 2.7300450643393 9.93587245468013 6.84411235667618 0.0454219369454408 7.60968379054942
0.00335570469798658 1.44756690908089 0.311626620108379 0.643015358413278 0.549291072252477 2.52936245164693 9.49334109583101 6.59661656450746 0.0552037423763844 6.4825455010819
0.00335570469798658 1.48700297396279 0.348560555004258 0.796929565765068 0.5352980353113 2.44998217084509 9.527059265801 6.45912167547259 0.0465169930910548 6.52704375721516
0 1.45467424271931 0.161907838095347 0.625235614743746 0.698631986692454 2.12075993949104 9.99827718871786 6.90327587365416 0.0452749529207686 7.64173098465326
0 1.30070924297571 0.141893416655763 0.849823266867744 0.508228871248851 1.49756050669982 9.12033056479037 5.68561850402853 0.0322346905280051 6.03871914135878
0.00335570469798658 1.47200590857458 0.241098210154542 0.72320583958682 0.602646134359933 2.0760500241978 9.8591886873668 6.69272869576987 0.0421525544912133 7.26936602179975
0 1.44920033420545 0.279721375257878 0.857704865874999 0.329260483978404 1.40963527712384 9.75758832591774 6.29025655009449 0.031200168740772 6.94933698484863
0.00335570469798658 1.48201548661813 0.329848534922313 0.668793012211564 0.361723430322762 1.85991395383232 9.72877100421822 6.65245004085953 0.0461286538564598 6.83589401186471
0 1.4972778367765 0.171285497819779 0.705653643907367 0.760803335670274 2.22823488598639 10.0160069819124 6.85479744211736 0.042374456479974 7.80848557273824
0.00335570469798658 1.39921011411756 0.244466919185773 0.611441558688645 0.717950393594391 1.74241945254634 9.51554960900436 6.22147336733092 0.0371023027829593 6.54509419986554
0.00335570469798658 1.4664099997376 0.299105450656541 0.709239803018155 0.635233549244678 2.12431458337587 9.68884526287928 6.5211217386091 0.0420993269957736 6.85473417700488
0.00335570469798658 1.36910206378933 0.243860347362814 0.664468812220537 0.730981620777526 1.79455108359352 9.24972983070275 5.93678205723371 0.0364086908410276 6.17925581161739
0.00335570469798658 1.3955380706815 0.160595757514238 0.731478865153622 0.794024039944634 2.89067386463284 9.60315108320442 6.66934579399749 0.0531942330829403 6.68875314016848
0.00335570469798658 1.39335912059857 0.251124344859213 0.711373544392921 0.603170839572269 1.64953413248171 9.40572252515801 6.07021914137512 0.0355966629177648 6.42258414121191
0 1.56092979014895 0.267499716661825 0.876320592784399 0.398392188426018 2.16716899573925 9.98815585333206 6.81774304027111 0.0419862618481453 7.67791905469061
0.00335570469798658 1.32015995289654 0.148708028315369 0.845816331513234 0.350795028301583 1.65898444622849 9.09339682759837 5.8617354404332 0.039491833030853 5.98629495777724
