0 1.22676858187187 0.27266409934964 0.682167564425617 0.836107511585579 1.81735310377553 7.2812311507419 3.79937979941224 0.0307504284550333 4.27723285181672
0 1.25372485674452 0.331310334801674 0.856010644021444 0.729032299714163 1.49902637163177 7.28534612266471 3.53259884802885 0.0234532248184125 4.30003166797227
0.00338983050847458 1.43877698462764 0.359669865916754 0.788641515110818 0.360788232143651 2.91679916314965 9.10686234258797 6.28269500409046 0.0593580614305452 6.05849020712487
0.00338983050847458 1.5381526027849 0.27009282909502 0.787709488192383 0.472861943248171 2.17485937878308 9.94401798455617 6.80791284400822 0.0434517070416368 7.56334596081545
0 1.21746505736373 0.144351121853106 0.869716801599134 0.86807577428408 2.17235574126244 7.62848520062781 4.26985283778201 0.0347827966752056 4.61578036510011
0.00338983050847458 1.49911597287282 0.106317439093255 0.827854083443526 0.745506019564345 1.66520499158651 10.0764408962475 6.61321284856308 0.0313284688254486 8.03635318783289
0.00338983050847458 1.48169967643589 0.396307545693873 0.928281243163881 0.783683610829692 1.9874393527544 9.231067816595 5.63976233765287 0.0275623248913893 6.23068647905153
0 1.17027298079338 0.325422719423659 0.674025550868828 0.492361189797521 2.88607646524906 6.49471610537374 3.40799242479498 0.0456512778235779 3.67110885176503
0.00338983050847458 1.43890292633578 0.270362437795738 0.633984259046337 0.305783773285587 1.8586777376952 9.69412115884005 6.71995473993992 0.0510900039206113 6.82411276644548
0.00338983050847458 1.62580416824718 0.179904765170351 0.937192286828812 0.622440118074884 2.57626268893332 10.0959508410069 6.9530345251809 0.0431567554725498 8.16934772409985
0.00338983050847458 1.53501937815969 0.329962923016932 0.884329942170995 0.657474759040696 2.09683195047281 9.89503089559646 6.5237972271584 0.0343472380919725 7.31859259755866
0 1.22578935928177 0.248717850935645 0.749401792581193 0.434883778262883 1.56420649169013 7.57046779765696 4.15664844555826 0.032915245084804 4.55287388248937
0 1.17916797960643 0.348991196369752 0.718508001894224 0.756427720701322 2.20937159843743 6.64695500822992 3.22753388761132 0.0327313769751693 3.78221139390616
0.00338983050847458 1.61448716381565 0.111549922614358 0.924979101237841 0.458497494226322 2.22141492087394 10.0846334184764 6.88669506125049 0.0408463277684613 8.24975286551994
0 1.57602962581441 0.289668510737829 0.850156899727881 0.87346122614108 1.3388161836192 10.0179162157359 6.18242217484799 0.0215906691614914 7.77801489415537
0.00338983050847458 1.47886519693573 0.206209142632481 0.746302898778622 0.635224654903187 2.07882236443565 9.91642450809126 6.73632618335461 0.0415815664235983 7.47800009244075
0 1.60959556335583 0.28272146366071 0.911030476482119 0.738809465803206 1.5413778196089 10.063052974722 6.38069864210573 0.0251636614120534 7.91753635394363
0 1.20498530797195 0.145355724659748 0.886185986315831 0.436376336077228 2.59831485757604 7.30863412869079 4.28858969925124 0.0487990501993972 4.29480862476689
0 1.31427920607384 0.234888278716244 0.891389314911794 0.730883316183463 1.24711010884494 8.51989786382337 4.68270976344351 0.0215541242468315 5.42173265937214
0 1.31643719316926 0.341362708178349 0.612016383581795 0.541150443954393 1.99890481773764 8.10921242168312 4.89144501874239 0.0400443614581636 5.05876386379895
0.00338983050847458 1.62351581676648 0.356808983744644 0.936567820359599 0.511138764282656 2.86429771544304 10.0384125985744 6.93274053167605 0.0447944036048726 7.71920980216998
0 1.19657618759666 0.393293534987606 0.773439308616798 0.364274535980076 1.58701426070184 6.7230672880266 3.09413683437306 0.0265445598687808 3.80464024438955
0.00338983050847458 1.31148765617982 0.10933371738065 0.777200382086448 0.615239450382069 2.08875111816451 9.30226984362103 6.18440658968907 0.0442516219513586 6.29837463326776
0.00338983050847458 1.32588452019779 0.143352624661419 0.813299957714075 0.611692331050401 2.55947666121996 8.97691005024064 6.00483224676103 0.0511968228035856 5.94190547037976
0 1.59008400326129 0.160525300493464 0.841695562726818 0.55101453945972 1.20077634369954 10.0776215156092 6.35791158819542 0.0242409984750654 8.16654575975851
0 1.39867235834245 0.341776982415468 0.818628622253891 0.557778843864799 1.36393241304904 8.80722250693637 5.16941808625008 0.0263100463909812 5.73623621950594
0 1.261519699567 0.308688191557303 0.685715255327523 0.546566438907757 2.71785456873477 7.32527509582443 4.31550032358744 0.0493027818653213 4.35643601261069
0.00338983050847458 1.40333421202399 0.295766638189895 0.757397240286008 0.858860364113625 1.92155908620705 9.11020428045516 5.61803189807091 0.0304346845322686 6.07280938936774
0 1.16154696766753 0.284357443032786 0.835567905940115 0.46326027601026 2.89478374598548 6.41562968368952 3.38635915549589 0.0483508958800928 3.57768801814532
0.00338983050847458 1.37721210040618 0.135639345319942 0.690263858751859 0.810493229515851 2.66164262732491 9.63665461842031 6.65646942172165 0.050783428070739 6.79081688651424
0 1.15149559183046 0.234466501767747 0.88632196491817 0.717783092753962 1.32795313326642 6.61192155338245 2.73002910782099 0.0206117815748596 3.73608105559823
0.00338983050847458 1.50348641494176 0.326142417471794 0.854896755672838 0.527384210127383 2.12147324973998 9.68318246895813 6.42126448023094 0.0383148400671092 6.9453015140561
0 1.53294929335825 0.247045181458816 0.615989689948037 0.419007337186486 2.84847015701234 10.0035129617892 7.27884975989866 0.0655682822731472 7.65673443850056
0.00338983050847458 1.59753226483852 0.173179144529846 0.835688061961911 0.487834512522041 2.35450674706833 10.0950950280913 6.97522699409715 0.0441629960493562 8.15092379614885
0.00338983050847458 1.39921011411756 0.244466919185773 0.611441558688645 0.717950393594391 1.74241945254634 9.51554960900436 6.22147336733092 0.0371023027829593 6.54509419986554
0.00338983050847458 1.45072305003349 0.359767533535113 0.868822277414617 0.638808936631035 2.55549881278598 9.18709426269528 5.97233269479196 0.0401649092855637 6.14276832119915
0 1.47567533862311 0.160672061261721 0.691538069490343 0.540155172441155 2.98547917092219 9.99202961506757 7.27267323905555 0.0659171666458507 7.62382521417451
0 1.21468814820983 0.194046095549129 0.622905193769839 0.809046410908923 1.07627554889768 7.57995635263526 3.74488986625686 0.021599902323155 4.5180006937321
0.00338983050847458 1.45735976377036 0.275158052286133 0.682879037538078 0.586832660017535 1.30613671522588 9.68943773171519 6.16129342838131 0.0293593473902943 6.90767364299695
0 1.44306869953871 0.238324238685891 0.943746182206087 0.542239069892094 1.33406897587702 9.71858184336813 6.02507694133542 0.0248846308247776 7.02649930398747
0.00338983050847458 1.29438652319427 0.151572149750077 0.872095176741769 0.653155262911608 1.86423368886013 8.54684691903356 5.16007648898926 0.0338177174119393 5.44654578243304
0.00338983050847458 1.38678111797199 0.151603302336298 0.664506027300376 0.601500555686653 1.46918996283785 9.82100454335854 6.47469412865812 0.0352140399142981 7.10013029662471
0.00338983050847458 1.35736774879235 0.222780963279459 0.897740132238385 0.806982256569686 2.39455975030696 8.93952907322214 5.62994156085632 0.0365312393308296 5.88442438088585
0 1.60268536848016 0.169541507400572 0.949904366233386 0.897230314509943 1.52254833700135 10.0854898917189 6.38259405644878 0.0246520347744322 8.13258309782698
0.00338983050847458 1.26462696129456 0.103484158148058 0.672802028991282 0.475316705089062 2.02699888451025 8.57041666262974 5.64183469894604 0.0534728107959581 5.37262939951259
0 1.60915995864198 0.231078233011067 0.727352293068543 0.500183378253132 2.96095694368705 10.0483616230803 7.2087039595343 0.0584456706237769 7.94850537680558
0.00338983050847458 1.58829110086205 0.218193952570204 0.622728872483841 0.458971943887661 1.9430309212723 10.0791877466149 6.92435149070554 0.0426453833504959 8.03940752376926
0.00338983050847458 1.51253231728915 0.199511142657138 0.923682458791882 0.339284291490912 1.80930229928344 9.98063376171278 6.68408658980717 0.037010738752083 7.73052622733559
0 1.189271589485 0.279865154763684 0.822977489221375 0.386278421524912 2.86755219008774 6.94163146801735 3.94326885994667 0.0498686560891037 4.08998725685314
0 1.23509857405443 0.294122914131731 0.699132434651256 0.4859531623777 2.40228217234835 7.57453566851898 4.50005655343237 0.0462136941294577 4.53879293839161
0.00338983050847458 1.5114461855678 0.391676022927804 0.709726343019514 0.591272266520819 2.35012654680808 9.71471954768718 6.59647727128106 0.0442348527702704 6.78270097364252
0.00338983050847458 1.28777786350583 0.166932734956804 0.726858283055196 0.379791127491383 1.7029917197826 8.75911582848384 5.63058824321971 0.0437822153951186 5.61661298240021
0.00338983050847458 1.32825324914884 0.131690884148702 0.947239099035505 0.733124219672755 2.04543378204107 9.21179972327156 5.81977378267005 0.0336404542532676 6.15993189546391
0 1.61989512373693 0.236066282284446 0.627570551563986 0.831408666400239 1.05820641713217 10.0835941581358 6.20975634769117 0.0207784723701189 8.11885065744688
0.00338983050847458 1.56340772962766 0.183925581559879 0.712500877379365 0.575646791496099 2.21496636768626 10.0828934044575 6.96456872592044 0.0442312078743146 8.04292715768405
0 1.19014252778143 0.291167917614803 0.705194234137889 0.554714712454006 1.73930880334228 7.02288704900066 3.57699653169856 0.0318763629468095 4.0732006102201
0.00338983050847458 1.64412844421933 0.373707686408361 0.894857224033091 0.730061793546872 2.1475834305497 10.0381180908786 6.5890365127449 0.0317748056574782 7.70515436091411
0.00338983050847458 1.40831388845108 0.370678197289817 0.699874721688684 0.442705890163779 2.00701091950759 8.85516727588965 5.70329624535478 0.0427720241898337 5.80174066054727
0 1.1543948860839 0.223785498156212 0.733115687291138 0.740697812335566 2.24586153449491 6.85897487086268 3.56160025274846 0.036980127023151 3.90615214707836
0.00338983050847458 1.3955380706815 0.160595757514238 0.731478865153622 0.794024039944634 2.89067386463284 9.60315108320442 6.66934579399749 0.0531942330829403 6.68875314016848
0 1.19912097146735 0.152995302178897 0.697311001468915 0.704699665680528 2.12119922507554 7.57386237156389 4.31600553357609 0.0384707587986164 4.58904080405821
0.00338983050847458 1.31088911821134 0.108506618067622 0.748550281487405 0.652616763487458 1.44097577221692 9.20895217483369 5.76024324567279 0.0317866487126823 6.05353993082874
0 1.15873966387007 0.336991459759884 0.813460125157144 0.378481572959572 2.38753336435184 6.40564159581817 3.08076252273857 0.0359768690623709 3.55606209222307
0.00338983050847458 1.49955852593868 0.370022344232052 0.641402769268629 0.850105623435935 2.31352593118529 9.44011469107975 6.17361942334484 0.0381398631186443 6.47185158173341
0 1.31784885048401 0.244675503927283 0.789274578529876 0.739153549214825 1.65946644172072 8.44032114631984 4.9269517071993 0.0297963481250169 5.3962755524391
0 1.22362376572564 0.191599534731358 0.880775816412643 0.829090936621651 1.4473387687467 7.61918118954209 3.90690354032195 0.0244218355025383 4.58670283702364
0 1.54659028861206 0.292197899776511 0.844417010201141 0.875991130247712 1.3876618091017 10.0294151091339 6.22689233725541 0.0223144066302239 7.66111287794107
0.00338983050847458 1.47077627946497 0.226190201357968 0.814495200408004 0.839195351439209 1.57469126361269 9.8617880898199 6.22396419334622 0.0263095339871012 7.23561914106675
0.00338983050847458 1.45968483496217 0.205536082380112 0.703240880869484 0.830870621748411 1.80222822646347 9.91604142193267 6.51604513610631 0.0333733939146759 7.38702831423502
0.00338983050847458 1.59242172047961 0.190699544851668 0.914022409927566 0.652018981100991 2.40015584276989 10.0740654213729 6.86639147104083 0.0404505940184993 8.06444148821192
0 1.16591286389157 0.393141169799492 0.933159202011302 0.700739861140028 1.93008515471593 6.62462947761157 2.93518577368596 0.0249858977336829 3.81109708683819
0.00338983050847458 1.3957798062243 0.129045294095928 0.729010448894984 0.687270249638767 2.04232667630053 9.79292215693616 6.63547983845047 0.0425343915015606 7.11500428980441
0.00338983050847458 1.63871900228745 0.216971375014832 0.708414363899063 0.349924945231871 2.53741035756131 10.0895437933744 7.12928152315994 0.0518053283962507 8.12038054258721
0.00338983050847458 1.35932378308798 0.208760622459184 0.712973929025614 0.616195809453289 2.05139148346532 9.26250869158075 6.11724274697414 0.0430554721535097 6.18641856238929
0.00338983050847458 1.47965657042532 0.16518140898613 0.668110705858027 0.651204630176983 1.49490849043964 10.0333694366555 6.63245877279331 0.0333428919635816 7.74735007743315
0 1.19698031535372 0.107784675736912 0.761895851651207 0.55232346248813 1.66072025103495 7.7113615830871 4.38144507024923 0.0357960934571655 4.63110989357599
0.00338983050847458 1.34859637341529 0.34141491461005 0.685517541936006 0.473430891112435 2.74231840424899 8.19871095989157 5.28056064495878 0.0540335399558887 5.19384534495133
0 1.33574024818372 0.388240259070881 0.721565979579464 0.497640187991783 1.56526742037386 7.87219068005256 4.37665509087197 0.0303324983273949 4.85043460377572
0.00338983050847458 1.40090062574096 0.121005642019039 0.783958980090076 0.81555844756109 1.48738234263931 9.91549023132728 6.34753514179782 0.0282134887895331 7.39305794551704
0.00338983050847458 1.46225705345221 0.178530999386075 0.60700366234616 0.714185547359935 1.77771590901354 9.99549450904558 6.74100170574716 0.0386003936916268 7.61691640623815
0 1.18162285930011 0.350461139739491 0.824639574706089 0.728479894855991 2.3024856899865 6.47718213109658 3.03582673075587 0.0320212542823184 3.6453312088682
0.00338983050847458 1.36484622327249 0.21164556935244 0.900655381594064 0.689618365335723 2.97796461580327 9.1368256304198 6.12383455129625 0.0491444637248226 6.10697743422983
0.00338983050847458 1.42398933194176 0.113701341536628 0.815749642047426 0.734288979368986 2.48675200968351 9.90103955864259 6.82782423174101 0.046272135370982 7.48990385748143
0.00338983050847458 1.58169857049361 0.29089956022799 0.866213928314391 0.458240903075784 1.62278888979927 10.0341833035264 6.54910696064888 0.0306514183224072 7.80101481734459
0 1.19146051546559 0.273678476223722 0.780297957092989 0.800997425615787 2.09361323947087 6.8947131521733 3.43261357789553 0.03136384212455 3.98977175830252
0.00338983050847458 1.51571192892734 0.267833151738159 0.725568355398718 0.482932770391926 2.62954865768552 9.94594820372489 7.0640237147804 0.0560268359889781 7.40275635240116
0.00338983050847458 1.27279822584242 0.208568703359924 0.617471842688974 0.4528427075129 2.32064989674836 8.22433105892291 5.34512143274584 0.0561791478192885 5.12421196452542
0.00338983050847458 1.53719314029204 0.152051006191089 0.650486313962713 0.8763422301936 2.06470199660789 10.0766465123508 6.81458770012735 0.0383094448172704 8.03509384590864
0.00338983050847458 1.43967006455728 0.33594628492804 0.748077921611242 0.762696314149487 1.4836728027688 9.29677797327691 5.65205048756585 0.0261285292813795 6.24129059978873
0 1.24360201237723 0.288688418851234 0.748023667314555 0.575972599256784 2.05196389043704 7.35565469815069 4.00655919138578 0.0351161020175105 4.36783060144067
0 1.20899875285104 0.108139314688742 0.931298551498912 0.373205275833607 2.96431692969054 7.37482908857984 4.49767974407244 0.0562950120032009 4.3868024463514
0 1.20707035691012 0.108388291019946 0.893977516086306 0.79076846530661 1.66336059058085 7.78829052495732 4.20646787283074 0.0278249368288061 4.74617359345131
0 1.21936038809363 0.228757464233786 0.694151609065011 0.547929126676172 2.82286024279892 7.35963014519638 4.45409986336842 0.0547197660090184 4.34821678825756
0 1.21883983232547 0.194446384091862 0.722884284949396 0.569263077992946 1.09249626193196 7.86226622367599 4.10539439840869 0.0233566900233567 4.79505565671561
0 1.1656659897184 0.28095983362291 0.837732630048413 0.629913240484893 1.04687011614442 6.7778795339905 2.74230522565253 0.017675525995704 3.91338571288408
0.00338983050847458 1.34545024205141 0.136970763655845 0.727164823930885 0.46726875831848 2.36977082634263 9.38845806946167 6.55111072971826 0.0585808551476584 6.37310191674126
0 1.27864385708235 0.290189444832504 0.714016824413557 0.770795007236302 1.65143958386034 7.4217503428474 3.84059556183181 0.0278435265073426 4.3947117942012
0 1.54972077484708 0.350247058249079 0.793413848092314 0.837558411480859 1.60320825641975 9.97349111310476 6.29876540642891 0.0253563596491228 7.48148809399035
0.00338983050847458 1.52921017213195 0.306919189099286 0.945805751829641 0.369201350754509 2.59908604382885 9.80054927096727 6.74880739667107 0.0472765029028241 7.1625240516002
0 1.33012545024976 0.286377430707216 0.880820542678703 0.691431337036192 1.52685587434098 8.25628431180668 4.58542089060307 0.0254544825159091 5.20315162075706
0.00338983050847458 1.49386045692476 0.194568100809633 0.881639129227965 0.779321069516286 2.24362315201792 9.97353213744525 6.67289333471373 0.0368596138569921 7.5983592282693
0.00338983050847458 1.45547897215001 0.291935711400583 0.624319376482163 0.799804301653057 1.63644685735926 9.75913042559645 6.30175892147108 0.0315124836873296 6.94069650574784
0.00338983050847458 1.6379647314879 0.271915506731576 0.66091530860227 0.68474403321158 1.78976149821224 10.0872863510045 6.66688045363761 0.0326991597421811 8.08476584706939
0.00338983050847458 1.48469132931282 0.274098794817161 0.804261402893103 0.402507883610203 2.05478729135637 9.9196189834435 6.79380926030695 0.043901371271476 7.28319589820227
0.00338983050847458 1.4153115166058 0.39076759995312 0.848616311811431 0.589083591788418 2.12723996298019 8.72808924741418 5.34739320419463 0.0340237644802654 5.70464876598416
0 1.17969218057115 0.379283068166114 0.80290529965423 0.805406125355512 2.03194661112502 6.41659610766361 2.80965366788232 0.0271346860956013 3.61260567675794
0.00338983050847458 1.49552825231613 0.299580526744002 0.862443386102605 0.579320171033626 2.01915546883159 9.75598614578532 6.4415322493572 0.0363538961499709 6.96021218182899
0 1.3782665851526 0.189306504605338 0.946247580193449 0.855012453580275 1.46700928732753 9.56931980140448 5.76352635659425 0.022241542726424 6.61775760241727
0.00338983050847458 1.31912037703124 0.138382561617538 0.805075202278805 0.475535774222641 1.67249338140915 9.27506705475807 6.03714428886302 0.03924533223028 6.1736049280703
0.00338983050847458 1.43400289613629 0.194841725387977 0.778595975333224 0.854692704325122 1.59171272217912 9.88831706031802 6.30060229158905 0.0276614711090174 7.25958048191491
0 1.1691574889468 0.320819535781629 0.643549577065278 0.671905392408371 1.76245385687798 6.50682637833808 2.97457989854876 0.029239156856617 3.63144740502806
0 1.53305035582744 0.332854903792031 0.896405830990989 0.588986049313098 1.46472928626463 9.86850990483537 6.20285935138764 0.0255875198187292 7.27614137884888
0.00338983050847458 1.29464116644673 0.143941295441688 0.892613445595611 0.619822469796994 2.35487794008105 8.63431675040642 5.4906580087072 0.0431247266716576 5.55457326931245
0.00338983050847458 1.37422048205044 0.234198620193638 0.768593858357053 0.523285649344325 2.52000872464851 9.18585298832491 6.24548641806713 0.052846353285988 6.14225243623005
0.00338983050847458 1.407600878831 0.360012332093902 0.727401438087691 0.426683938410133 1.57720926776528 8.74141697539553 5.35937406787382 0.0339779699329052 5.67086565964306
0 1.58979688349646 0.350141297769733 0.70455436904449 0.840026156650856 1.6284344936721 9.97279903992631 6.37706702611989 0.0274405889323269 7.56989671097843
0.00338983050847458 1.53709070976547 0.220790216605496 0.825363863039151 0.372495672848336 1.95977060845616 10.0184139040432 6.85055844903815 0.0420937731669934 7.76310807465591
0 1.52862040405162 0.268103052792139 0.633135610970203 0.522868224279955 1.18782134586945 10.0484861942184 6.4725317487097 0.0279886993334129 7.70793457729432
0 1.36341998467688 0.258200277597643 0.822723490779754 0.747196359280497 1.12973619904369 9.05914066706963 5.17309422179396 0.0205263378296009 5.98196961254618
0.00338983050847458 1.42963337511597 0.345309952255344 0.722791140674045 0.687248133601445 1.69716891743872 9.27044625182629 5.80624082391645 0.0312978639582593 6.17565510453095
0 1.26020514345728 0.307418597117066 0.654686876351479 0.371542418422177 2.83410239731893 7.37282655136435 4.5316839517755 0.0583589469464119 4.4012554636705
0.00338983050847458 1.39286581053132 0.122211585121567 0.813844319043355 0.599165746115049 1.44023304810884 9.89533740888388 6.41150378581622 0.0306895331252614 7.37783869227908
0 1.2946569878608 0.36139028344769 0.612845476984512 0.35022516134195 1.11937592690811 7.635696321324 3.99206571310168 0.0261572048008531 4.59301325571746
0.00338983050847458 1.48444108286881 0.345638301476874 0.838769573592822 0.452913375024019 1.30697433912037 9.75243326441259 6.12557612853328 0.0265996522688567 6.88147416048609
0 1.61312523353845 0.100075461925007 0.676853810600005 0.50557231111452 2.68606345402077 10.1037873610464 7.18682537458535 0.0540977877160085 8.27341316525158
0 1.2895685786847 0.259553956217133 0.856413121090736 0.552098075766116 1.52672106958926 8.21575583623207 4.70444975007991 0.0298578919798807 5.16466691921774
0.00338983050847458 1.51957602676679 0.317294743425911 0.84606786590011 0.757609092349558 2.55597304614696 9.86839701843883 6.64724729056771 0.0399091472142415 7.13731023325727
0.00338983050847458 1.51220073641744 0.385578397405334 0.724314195045736 0.722929996624589 1.39719240460545 9.6551146508636 5.97731491150354 0.0252785330528453 6.69984510830852
0.00338983050847458 1.34067877298221 0.283918047323823 0.66703762387624 0.448896276438609 2.43031282350421 8.55101087290825 5.61953092220861 0.0533180716089389 5.44871816721556
0.00338983050847458 1.45551828210684 0.131107953132272 0.729294331995009 0.759916446426176 1.8138312536732 10.0082409451565 6.6725752938428 0.0355908872037845 7.66634618310519
0.00338983050847458 1.34279966417179 0.257321334715578 0.769152699558412 0.641787286226525 2.9673587620065 8.52793528794814 5.60234942159559 0.0536332607835378 5.49494581220649
0 1.62476034902502 0.101369530544616 0.655635894928127 0.822579458355904 1.31249115196988 10.1047360031436 6.4423776678897 0.0256718983370464 8.31998587926731
0.00338983050847458 1.63783100105356 0.215038636303507 0.701407636224758 0.370022365171462 2.2127081877552 10.0915948396663 6.98734249832123 0.0448580445299483 8.15540806987554
0 1.30744089602958 0.399547703424469 0.83917300371686 0.401984318392351 1.68196896184236 7.6044262437157 4.03459455781633 0.0281605931063346 4.60256680011798
0.00338983050847458 1.43503211517098 0.302634335144064 0.889247278662012 0.808234286397423 2.04126790142337 9.40093263201649 5.89632935199294 0.0300586958641813 6.3523854641315
0.00338983050847458 1.39999239312901 0.232418304936516 0.622465682127841 0.464407591953534 1.19075224358552 9.59925429580755 6.18721592693203 0.0329739188170444 6.65905841314724
0 1.41846978603862 0.381452966737561 0.68516197380377 0.891985163837671 1.03281147312373 8.78517430487283 4.73171292907694 0.017362173503094 5.71447342160112
0.00338983050847458 1.4199823803436 0.383670876178544 0.604743222465014 0.353713157196013 2.43854126625344 8.87191222380645 6.00294835504927 0.0567577045546999 5.80742150941569
0.00338983050847458 1.43878080041613 0.393752444116399 0.653981502656825 0.535760480258614 1.36920474655926 8.82377111762429 5.29391995699732 0.0293092779169595 5.75709753342392
0.00338983050847458 1.47919790029248 0.25074245267019 0.815461790227688 0.828146980242782 2.39201448633411 9.91026757735929 6.65357377079185 0.038515527528538 7.28170865872114
0 1.18721066168509 0.137466748571023 0.821703540231101 0.379511583829299 1.78011183394119 7.50556902365338 4.26790693892617 0.0392555640828856 4.50727527328903
0 1.31159550158773 0.274340832582675 0.765775535278954 0.341339428676292 2.5972617934458 7.9889034538986 5.08114553231834 0.0545980057523656 4.9651729200195
0.00338983050847458 1.58892929542348 0.285063936343902 0.740991526053635 0.505821445221761 1.93646280846996 10.0397721516071 6.78024003868133 0.0384063636554021 7.80249545682585
0.00338983050847458 1.49119164726066 0.364301475468174 0.915395352164625 0.38450788244421 2.03873288945954 9.56190938614626 6.27738726029449 0.0374584812568343 6.61254494010956
0 1.22670400082134 0.212489820178598 0.715944030194078 0.821391566516832 2.58203954109922 7.254637429658 4.0796538468121 0.0417947902307991 4.30507809345963
0.00338983050847458 1.61571925877784 0.321419375472861 0.638921693546634 0.581260554267656 2.45875610390172 10.0365777228364 6.98843163201389 0.0474468049718432 7.80338605615998
0.00338983050847458 1.47355535605595 0.219953986625313 0.849292859711534 0.557361869589777 1.73538941799473 9.92574913890683 6.54909585998603 0.0341615929569158 7.38526890279806
0.00338983050847458 1.63413158508276 0.251516874920639 0.682469214121646 0.569056685991262 2.19756616402306 10.090316436054 6.895662454628 0.040980703007497 8.10261064550317
0.00338983050847458 1.30786661661696 0.240457940497436 0.72424098883057 0.732471052184701 2.75367938680574 8.13706605066363 5.13216229737852 0.0495435225002645 5.08851527195606
0 1.2155768122524 0.339930247003213 0.601518098544329 0.654870573291555 1.91933923680335 7.09627287837512 3.71306380748117 0.0339383691638773 4.14280398387157
0 1.16680592796765 0.168069858872332 0.613126961269882 0.46656302944757 2.84427232248709 7.00829650820401 4.23224673095354 0.0622840579710145 4.06265100437788
0 1.33942560895812 0.133367767487653 0.749044521595351 0.891204001754522 1.30077925371006 9.45010083912226 5.66613215898874 0.0227322949590186 6.38680767842698
0 1.23039788971655 0.385001148516312 0.74520611326443 0.343834577221423 1.90389707125723 6.89764180982264 3.47093071967683 0.0324936338573563 3.97773271545618
0 1.18230860910844 0.274358878959902 0.915197112096939 0.41199123300612 2.09692454105243 6.69868832225267 3.35229357467199 0.0352110703381047 3.84432799265679
0 1.26415618390311 0.225668823509477 0.643221467942931 0.628495885943994 2.12921656714752 7.88861378688508 4.75542270032359 0.0435785123307563 4.83086367493557
0.00338983050847458 1.42205679961743 0.175758407478497 0.744438581644153 0.47570380227114 1.68977409224131 9.87575349443589 6.64631258973372 0.0395796213837086 7.22715401798549
0.00338983050847458 1.3965665447692 0.219809867005861 0.866817774129597 0.68273324778 2.68100256551518 9.40241256971961 6.32195464062307 0.0459382153862405 6.40334238298834
0.00338983050847458 1.57717134219129 0.39624838642776 0.802832908998243 0.620736660249531 1.63798310048878 9.8406148431634 6.28663104126939 0.028610434017739 7.20806725733394
0.00338983050847458 1.48793506400697 0.287553332685129 0.791410428474472 0.600858930170251 2.31068777795419 9.77758867232717 6.65247585763786 0.043931977171477 7.03834484868574
0 1.56321114148013 0.388034006278031 0.861624986655079 0.313230056734756 1.26402432564646 9.92774592451623 6.27803350027229 0.0259986042720986 7.27683298963791
0.00338983050847458 1.50591562336776 0.257585293240845 0.835191910341382 0.741775868134573 1.83865505317226 9.97287844004229 6.51010648254044 0.0313427606914581 7.53325707628641
0 1.29691536838654 0.251340588601306 0.682655131095089 0.840958694647998 1.23471486382186 8.42321446525951 4.63699866835388 0.0226812701885275 5.32580834340429
0.00338983050847458 1.46848761360946 0.318103522584442 0.77088330674791 0.591749717460258 2.91049945957008 9.39275525774819 6.49632239909418 0.0552198461476929 6.36780975664229
0 1.28101009069942 0.170465772389434 0.948356440290809 0.781968961609528 1.93587987171486 8.35360997027078 4.8453347216366 0.0299485236746932 5.2784334859509
0 1.34595297810156 0.321358177065849 0.938509616232477 0.756838407414034 2.59147709608078 7.89804742971437 4.57599880868781 0.0360788441149384 4.9072789416006
0 1.28483254541643 0.394396131043322 0.637195595027879 0.80175748122856 2.9193937946111 7.21641881793977 4.0561233494019 0.0424132074605628 4.23892579103321
0 1.31631940985098 0.270511742774397 0.808378920680843 0.644312027329579 1.73712210403755 8.42354611767995 4.95912715385978 0.0312911814538902 5.36100468547171
0 1.44450098110829 0.137420707405545 0.667724017077126 0.668196941027418 2.96784353954718 9.93971615642911 7.17957236958956 0.0632826684905354 7.45460183959264
0 1.29564581599552 0.392300892667845 0.935505598119926 0.779834766173735 1.91558827878907 7.40441574278519 3.75405552707419 0.0259817680518642 4.45648075682332
0 1.58896678660531 0.189631323958747 0.608121837186627 0.337624196335673 2.48617208283395 10.0637466806049 7.23507144067399 0.059091083347887 8.00458598156782
0 1.33184049637057 0.315409529069439 0.939299671910703 0.494134137360379 2.68291436182335 7.92540096392841 4.78868151091763 0.0434250223136899 4.90042554935725
0 1.21582025589887 0.21603039028123 0.733411608962342 0.611940680723637 2.24972651340067 7.29873722269439 4.12493254929315 0.0418440915589307 4.32443363443633
0 1.18458263212815 0.282633794471622 0.618370602920186 0.743602414196357 1.25688400538638 6.95101067401672 3.13549421592915 0.022026335836326 4.05533594778642
0 1.63910400550812 0.318151484709233 0.81419056262821 0.51941299228929 1.34305833373219 10.0798979654092 6.40418220335804 0.0253312678721273 7.98155896193838
0 1.24079036407638 0.376082254876383 0.86043487744173 0.377784237731248 2.06556595722213 6.9811639185139 3.56201273323515 0.0327402135231317 4.08722709445324
0 1.60749226689804 0.105858375248499 0.821724823815748 0.663107616780326 1.2497340766713 10.0993240365498 6.39892765787882 0.0247137285337508 8.27466292630184
0.00338983050847458 1.3760901076952 0.283071120339446 0.63525837387424 0.335924320528284 1.61026714835316 9.15907930048515 6.04345657691491 0.0443508802079417 6.01281659368202
0 1.19799913184252 0.334467251226306 0.733355143957306 0.654137241700664 1.27123139705509 6.85395043463554 3.05259513544853 0.0223404733036957 3.9710944818135
0 1.47189656444825 0.103220810764469 0.875109813630115 0.337805392546579 1.3087152922526 10.0696475453105 6.55030860876784 0.0296190087418125 7.99892661899565
0 1.34035005196929 0.358948385273106 0.619953288324177 0.80011164941825 1.44430244620889 8.08141061835474 4.41026984698728 0.0254474236899409 5.03152665312763
0 1.23472741418518 0.158603812754154 0.772112342168111 0.569832848478109 2.71422248380259 7.65021297556967 4.73292913612412 0.0540803789832535 4.66124273917686
0 1.28351182814222 0.288858225871809 0.777894820377696 0.73910274063237 1.19355257833377 7.76896467009845 3.93502180004767 0.0216241859662742 4.73350955191019
0 1.17107745467219 0.180780085059814 0.712886938964948 0.557695863721892 2.37372560426593 6.85893844779048 3.75653810258775 0.0449411984319582 3.97822680588478
0.00338983050847458 1.62679220351816 0.330686534567153 0.668220858477435 0.538695072101835 2.08773535367184 10.0439336086782 6.82992345882798 0.0401951012654818 7.82802209574387
0.00338983050847458 1.44170230589807 0.141455521038733 0.914885701891035 0.367493229964748 1.95799256442115 9.92381007876203 6.74039086949336 0.0414437078756998 7.5263194581919
0 1.27623742397409 0.134747458714992 0.82026958289789 0.852050001779571 1.59430748410523 8.51270586568551 4.90308382786958 0.0270620733739698 5.40859757881033
0 1.27537631532177 0.292600450455211 0.818864944460802 0.552043055417016 2.30140362307429 7.52391576590302 4.28717830472223 0.0392918774872921 4.49229357239432
0 1.59284615200013 0.15152268554084 0.733378251385875 0.803615280333907 1.59416155563667 10.0983205142671 6.57521530088853 0.0295076651622736 8.20598316123358
0.00338983050847458 1.44405166208744 0.331136743910611 0.844048986269627 0.409297386836261 1.47271684883162 9.52719728154369 6.03572551951857 0.0304560151633404 6.51519632295885
0.00338983050847458 1.61847078751307 0.14270739578642 0.935980954300612 0.650598953571171 2.25879243714735 10.0980637139971 6.85029564330886 0.0388608457716357 8.21798359833445
0 1.21258281052578 0.237824569060467 0.615071576891933 0.534910086030141 2.37823253730312 7.15386934007592 4.09092964712203 0.0467500621912648 4.16525478633236
0 1.26149556422606 0.375179593195207 0.899355610506609 0.526819252129644 1.54382205661386 7.20993501152516 3.4938690375083 0.0243294926802616 4.26053428234847
0 1.31379310702905 0.279779750644229 0.781018441531341 0.637421187199652 1.28084570076317 8.35557498255582 4.67004109868598 0.025083779322763 5.2454550927957
0 1.46787339830771 0.390138903539628 0.753616862697527 0.695081452606246 1.03131427941844 9.30552508936497 5.37388855339511 0.0196115512673408 6.29467542117739
0.00338983050847458 1.49661485496945 0.248497549465336 0.724991644286515 0.368475429911604 2.6983639294762 9.86383303101589 7.09192886121435 0.0625427991748584 7.26231369894911
0.00338983050847458 1.29050674743859 0.139047595021623 0.803847234898758 0.642013258413753 2.52415093263392 8.66253243705579 5.68736049017859 0.0510386573118723 5.56391067776241
0.00338983050847458 1.40195100729532 0.271251278184795 0.767322663343108 0.630823891476085 2.83983714865365 9.06952998016995 6.15413596497881 0.0541826780283059 5.99948231870157
0.00338983050847458 1.45394849134609 0.299604720366187 0.736225692403968 0.70508061312139 2.89246300049126 9.41897112017145 6.45214358718338 0.0514663268370685 6.45125999976119
0.00338983050847458 1.54911518853945 0.349611068753162 0.600342571411996 0.796571638495952 2.00337001116157 9.96351944169846 6.64315177459334 0.0361395419903078 7.37086016653672
0 1.23023606077768 0.100968380831182 0.701123519462999 0.578820558032021 2.99713787902147 7.94510868676303 5.21399013106098 0.0651463790446841 4.91361350539726
0.00338983050847458 1.53549375790171 0.388261002674699 0.793207194376737 0.477731437236071 1.57643395522609 9.82296923177662 6.33256889605576 0.0304886640264112 7.08417612745512
0 1.18041411750019 0.281268504541367 0.87923684483394 0.823258035443723 1.26093765115365 6.97531007990406 3.03815298943794 0.019503582926576 4.01978064568569
0 1.30497897181194 0.222922541340813 0.609029494330753 0.399719927832484 2.4388672709465 8.33440891889022 5.57025108203168 0.0630291578364948 5.24393004574219
0.00338983050847458 1.40286359207236 0.143185131167547 0.870631707534477 0.335005480252007 1.74268479646707 9.78983995924052 6.57823028287599 0.0402917044406159 7.18202639666605
0.00338983050847458 1.36850506163228 0.288501347854847 0.745534124799936 0.503181231330537 2.00176061287422 8.6191565145731 5.44550508562005 0.0418505044250071 5.55848141010593
0.00338983050847458 1.58375957179531 0.150576282389393 0.769668019585412 0.679466207751563 2.49906940395341 10.0830885752963 7.02190359914218 0.0468321673253439 8.1086785402154
0 1.61168738452252 0.260971270594746 0.687878698646091 0.762536242324859 1.499259498436 10.0587673322994 6.46220132590124 0.0274177132248553 8.01136187801508
0.00338983050847458 1.42127385824662 0.155401470051404 0.932632760740783 0.637389522460792 2.18540700780593 9.79727973924751 6.53081812693748 0.038141146753543 7.1889674873356
0.00338983050847458 1.4405915309675 0.248067115875892 0.814615799894091 0.47435403498821 1.29094219021499 9.74287269150186 6.2027379258517 0.0290094173457645 6.88477320259021
0.00338983050847458 1.46870522314373 0.24354059114599 0.738584302375207 0.471298302987044 2.60456837661764 9.78514986308777 6.92824394540945 0.0574462289339439 7.10986312306949
0 1.24390200057533 0.342966816201806 0.601359435450286 0.774838784756139 2.23257132200524 7.08588327245919 3.74386158853129 0.0353653877640124 4.10587206739317
0.00338983050847458 1.37066861642254 0.246028335315158 0.765579974843481 0.561869691031225 2.11001237676611 9.02339098039754 5.88519659037155 0.0433610203519269 5.93208277508266
0 1.53606208225247 0.160018321149983 0.749605556635652 0.83601970653981 1.4120035241358 10.0288271505093 6.3999805520494 0.0265467858613186 7.97456152002098
0 1.22615466509014 0.35781656424515 0.666960300260689 0.570180573407561 1.98094717180356 6.98298116706836 3.58115207344584 0.0333122829175876 4.03931154769447
0 1.22469194859732 0.101556759700179 0.634426913736388 0.445103449886665 2.91910079307854 7.92610713601817 5.30746147795068 0.0729015295965595 4.86950031651627
0 1.49275974030606 0.229337236844003 0.93917139043333 0.350556133501232 1.04133680230007 9.92616545403156 6.12249280951439 0.0222887626510724 7.55458623266466
0 1.52083924107719 0.26655690765474 0.902941072604153 0.803891320712864 1.23239914467558 9.9966098862041 6.12034137402887 0.0207280274345023 7.57865685059476
0.00338983050847458 1.646823116056 0.287490313136517 0.935960016266753 0.831971824398987 2.82986046024498 10.0773912785985 6.86570336175027 0.0402885521214917 7.98973670498637
0 1.26197001032997 0.17600913727656 0.796791198523715 0.892683561472222 1.6930021205917 8.27955302463104 4.66365347936318 0.0268927231116005 5.19547892032292
0.00338983050847458 1.54848482247908 0.204450380196795 0.913678556797095 0.395555316656828 2.52288614865392 10.0475991518578 7.0052267578597 0.0477215407965105 7.89950221659167
0.00338983050847458 1.4407347540321 0.338625268806422 0.603681686169565 0.530050460183001 1.32305149085001 9.46815120838406 6.02427049883316 0.0319404927308217 6.38983790140239
0.00338983050847458 1.59280388543848 0.14265894733835 0.713538147730287 0.408520695660263 2.03456795262173 10.067022632245 6.91185104652987 0.0426310854797622 8.15929130461466
0.00338983050847458 1.47487863698043 0.272520078485832 0.772642235120293 0.353072721278295 1.4695782745257 9.84699021425522 6.4891745357266 0.0348112148425141 7.14018359317363
0 1.30275881928392 0.347966039180756 0.708293624431826 0.578789137070999 1.88218699255958 7.69215991122497 4.30296134033273 0.0337357028426661 4.67435351552723
0.00338983050847458 1.43620376775648 0.259434453340266 0.8243519070812 0.448900874422981 1.35712770664801 9.66747245464476 6.1595357425437 0.0299586640604185 6.81007353925131
0 1.28206935441121 0.378762138192542 0.650493605900556 0.818711923342198 1.67706227209419 7.21785803201183 3.62201939972244 0.0274376634143231 4.22841928547667
0 1.29321856515016 0.275560359819792 0.918205208983272 0.70752992508933 2.36791911069304 7.8413591004384 4.52617303082476 0.0363272885438972 4.80628565679768
0 1.1825504518114 0.138654714589939 0.756822852231562 0.393543701246381 1.46570479031652 7.59655971010794 4.20077593288142 0.0335142761490267 4.52695121112785
0 1.27394702271558 0.267863723891787 0.641762482363265 0.425642054574564 2.56601447751746 7.89303392109063 5.02204284804734 0.0566427616385074 4.85384547589018
0 1.19189094144385 0.166194929322228 0.67005284500774 0.757915029348806 1.08236601063982 7.63751293137079 3.83969123267568 0.0224195552508677 4.58383304859996
0 1.57481660225894 0.179391758237034 0.847052488708869 0.696193320304155 1.40482142055407 10.0930246810336 6.43851935497531 0.0258742936567689 8.13865235024593
0.00338983050847458 1.40809563770998 0.279304017318109 0.765959360685315 0.567560327400691 2.79842406188599 9.05199041130737 6.14571726254576 0.0546791315990819 6.00816111509621
0 1.40389012880623 0.174897357728332 0.655255127884448 0.564141349168494 2.84031203621998 9.6668115223346 6.96550422137362 0.0671177123116585 6.80653583709448
0.00338983050847458 1.60260957663619 0.286444818647074 0.682237565308835 0.599049484409552 1.89696241739702 10.0556987434406 6.73347477547866 0.0360725183548064 7.92999329310844
0 1.2981321254978 0.297314439364709 0.754179031273816 0.694647405529395 1.36873340280727 7.93271370482749 4.20560600048659 0.0240623306629956 4.912354720643
0.00338983050847458 1.36107180263548 0.210705401476071 0.848270676614482 0.818507812911707 2.76535948857959 8.8273520086014 5.69345151581784 0.0435476084259672 5.77247900594244
0 1.49534419025294 0.226483991323039 0.738387275696732 0.407545319851488 2.82455965410918 9.93682955994101 7.19394644466618 0.0643844512477966 7.42106760425987
0 1.27474076275248 0.331854296219535 0.723441689170431 0.588371583586559 1.52298142760992 7.59585565491138 4.01474367612296 0.0278447182977946 4.6085734791198
0.00338983050847458 1.55668496248139 0.390649959374651 0.702897115498476 0.562515492791538 2.45723471937536 9.8340624447914 6.76589213061902 0.0465061687372043 7.0795886936617
0.00338983050847458 1.3669006064813 0.134040973726282 0.780406791650455 0.685283409866804 2.74986985200052 9.50749462880911 6.59415692890054 0.0542942093296455 6.5830057290559
0.00338983050847458 1.44395546618288 0.283461207236913 0.627095722099586 0.843777118535042 1.73235925518828 9.51063901967066 6.04798664743231 0.0313465090478737 6.64018951011518
0 1.20192753882147 0.233920825412497 0.606488381267991 0.651608746591955 1.59757256461307 7.23515588021687 3.80135743754063 0.0322641541814687 4.21810616325082
0.00338983050847458 1.53732218319106 0.218840203017919 0.876209677777838 0.693359553438171 2.12948161801191 10.0073611469477 6.70428929712469 0.0367700416915378 7.78378508339827
0 1.56291390743572 0.24752042517066 0.933252533909399 0.527268853364512 1.56221705209464 10.0481390300571 6.49307436610882 0.0285795267914852 7.86649541512054
0 1.63914078995585 0.37912893097382 0.6668920216267 0.448564065853134 1.39012275496498 10.0317277212928 6.4831073514572 0.0287642963830877 7.76466112025545
0.00338983050847458 1.30292797322294 0.147642341002921 0.841891565140608 0.410550527054368 1.38242254305027 8.88707508386043 5.44634544534344 0.0320412982315113 5.74059644777892
0 1.36789686381817 0.349036438949406 0.76309129622532 0.638689283234999 1.31413694517687 8.37155547879667 4.65276916478737 0.0242633981289132 5.32341640060306
0.00338983050847458 1.4594573698554 0.378051076413078 0.644965444513116 0.54560928986064 2.48596049145007 9.04197142325802 6.0650866869786 0.0509513136625162 5.98212103210483
0.00338983050847458 1.3969509532436 0.101734544644685 0.699051545758665 0.85104804103704 1.88629914599758 9.93624007627642 6.61427867282202 0.0360819909613564 7.43824871703587
0 1.38365834983997 0.118053982197307 0.718137450364884 0.328180769551545 2.96538327727467 9.69282138939969 7.13780823859728 0.077691210358828 6.98693607685658
0 1.18383452398702 0.226895609055646 0.687132319959346 0.714510319149122 1.4654639121145 7.2009601163324 3.60028579831318 0.0273053037796118 4.24631896262676
0 1.22407871680334 0.2902872110717 0.807615714566782 0.505180192412809 1.80058530764654 7.10184406427251 3.66460767132963 0.0321534220787952 4.16111273868694
0.00338983050847458 1.6183539069785 0.37899508347176 0.813567105749064 0.40802773624892 2.31278760118168 9.97270853133796 6.80892892467524 0.0422656911203324 7.56344978249143
0 1.47104031555355 0.233154860488139 0.657168503140565 0.514746759273112 2.97253205021843 9.91877805470475 7.21792754046909 0.0671483777949356 7.30843562501812
0.00338983050847458 1.47543122570496 0.299214476905763 0.72239665145753 0.652919172216207 2.7866005836986 9.55518885823591 6.61144946203894 0.0526684119860374 6.72664099314325
0 1.28378777471371 0.140864704712294 0.619492666726001 0.41696420093067 2.56502171885222 8.59248617545167 5.92419766970794 0.0693708515803311 5.46134160313928
0 1.15281822611578 0.392490405123681 0.67528994246386 0.718536248942837 2.90454411692917 6.25640416383587 3.00026742871938 0.0385369894066873 3.47069517615908
0 1.18138955566101 0.204154323623516 0.799899302620906 0.662939679762349 1.74793243920431 7.07628294905462 3.57193448181848 0.0300663561801921 4.14468211548172
0 1.29174619631376 0.215435269637965 0.855432212748565 0.352877163514495 2.38143033673987 7.84635366787859 4.8454985620564 0.0497445133529464 4.80674955938646
0.00338983050847458 1.319081997592 0.244300430943258 0.67245806112187 0.771742557641119 2.35089330701157 8.40985003529658 5.25227342804663 0.0425286799941914 5.32713718749441
0.00338983050847458 1.36154053558745 0.201579111589087 0.856105231653846 0.412422587399237 2.31254830869359 8.97626225560919 5.96761086822858 0.0493581989853947 5.87366875626821
0 1.54052266860381 0.315151168499142 0.607142925204244 0.782095811935142 1.09289289265871 10.0104316137236 6.20504249355249 0.0222505373484102 7.57814547241947
0 1.39922819924541 0.391925659170374 0.895865045825485 0.624096645321697 1.65616901172325 8.4861482454099 4.81575520805491 0.0254664587098425 5.47050440886139
0 1.25382504318841 0.208023002906702 0.696941734966822 0.343009067326784 2.55982580780983 7.96209003232521 5.13349399357751 0.0590957636169455 4.92235829440961
0 1.50875885863788 0.38649067459628 0.819814336916897 0.877055820822716 1.43817638931796 9.52044956590089 5.67668530677183 0.021412845947488 6.55504389830984
0.00338983050847458 1.37838812056037 0.339849349953145 0.820537153465197 0.397798226845143 2.14277039699011 8.48121776661359 5.28442126135593 0.0408929948666064 5.43764443176914
0 1.2627943204483 0.242641197657213 0.728957123251166 0.801312465872616 1.17953147692606 7.87598043301084 4.07753744390572 0.0224056305222917 4.81236500752719
0.00338983050847458 1.37957711220495 0.199503478289143 0.721672883825443 0.620574403149748 2.00745187802065 9.51333461252957 6.36833964280541 0.0430671406858835 6.48639788820511
0.00338983050847458 1.55728394707977 0.389733461161127 0.75254470332661 0.760354797185802 2.55587174626138 9.86812575154171 6.66279380572283 0.0405454405143607 7.17589560847181
0.00338983050847458 1.6227151946125 0.142921809480776 0.888581598417835 0.601283099243767 2.53915282752052 10.0911006400104 7.00050536636275 0.0454748763504739 8.18507147753228
0.00338983050847458 1.47138514091613 0.100377453035287 0.757844687104696 0.754990952244703 1.9877966325745 10.0625315974428 6.82206121577177 0.0391454774525675 7.90222544525228
0 1.21076150306035 0.310585432196967 0.707934655586723 0.433617136627436 1.04258966026828 7.02130715366625 3.13368097880497 0.0204939373651715 4.07329115302427
0 1.64901162122842 0.182931880117394 0.786075966758653 0.409848765190691 1.12386137107387 10.1054049658843 6.34341405803938 0.0232374307079628 8.2731282239296
0 1.15531133671757 0.366368126426823 0.616832140414044 0.562034074310213 1.17409536987543 6.43760280144974 2.55596457105372 0.0206170220684009 3.5526867159399
0.00338983050847458 1.51020810803801 0.204278652234043 0.912845616065524 0.611542401507235 1.77062056163223 9.96399546165955 6.51239890502226 0.0316949931097841 7.71683489500485
0 1.21823796336539 0.230500458157621 0.762530914251693 0.488568129809573 2.52909581642598 7.28827546994654 4.23245824313954 0.0470842265510921 4.2898365822058
0.00338983050847458 1.34245277317527 0.241605625404859 0.642903210116015 0.483068617789555 2.19095120745865 8.94600007480876 6.00413898800471 0.0527674325254732 5.82786460134975
0.00338983050847458 1.4117247744929 0.117882050853223 0.939974156382959 0.434933167090639 2.8205539197661 9.87398149890335 6.99295772918312 0.0560773231712027 7.3092263102631
0.00338983050847458 1.38188892600673 0.141891900775332 0.945138887156451 0.606928650473504 2.0564867086088 9.67598118162334 6.36580397981123 0.0365097035948587 6.8258366632329
0 1.18221579664387 0.340481298044324 0.644094570248853 0.504059848375618 1.54162046220154 6.76011822309306 3.20670908610832 0.0286268801552644 3.89182029811063
0.00338983050847458 1.4222166182939 0.283774886094034 0.893644231487997 0.4837529535871 1.58215617388487 9.40557143859352 5.90346938394751 0.0301339735410651 6.45945722717867
0.00338983050847458 1.63028874727628 0.196586157746375 0.656624424700498 0.518037956390451 2.53948684884141 10.0914929257984 7.0988548625876 0.0501549501176627 8.14919726342255
0 1.22093999069184 0.111211520596407 0.772000851447228 0.442233621329069 2.50612320983782 7.79647858813809 4.88572464451564 0.054434673719033 4.75711063284121
0.00338983050847458 1.39339212190511 0.290969305671881 0.749370058713107 0.489777183378619 1.0905104446421 9.26338386855982 5.60969603557159 0.0258954543607132 6.18309637005303
0.00338983050847458 1.53493489086397 0.207729622327085 0.856193746142867 0.407515712613479 2.03501190058699 10.0320461010416 6.86317623558417 0.0420510944540393 7.799794301054
0 1.16510704611428 0.347274976200424 0.731667206517886 0.593422867264599 2.17780169472098 6.58020754470164 3.20455149758005 0.0341956769757331 3.72970144863419
0 1.28629310391843 0.299190226104111 0.668866607092787 0.70146295633167 2.31485896371305 7.66563627410865 4.47259072108895 0.0410466705721539 4.6124353969795
0.00338983050847458 1.54437977173449 0.110323445941647 0.800341668495577 0.876605824657519 2.93247389722696 10.0848579768749 7.09399771051933 0.0502441947361522 8.08087536268242
0.00338983050847458 1.3824056813959 0.107104403758422 0.792473354260437 0.436715035373345 1.27421834506094 9.89698174169035 6.42079232336515 0.0309250291430655 7.40103189740261
0.00338983050847458 1.35735154787148 0.306887379866232 0.719654440729732 0.372652212667346 2.76397009679689 8.3830785383494 5.56013202946281 0.0594305717619603 5.35408024926411
0.00338983050847458 1.45811391673666 0.261131164562925 0.711658571683521 0.520937560169451 2.79615778921278 9.57419011537362 6.78610728398351 0.0615390816883946 6.64123438769836
0.00338983050847458 1.59461311865598 0.105569360801019 0.713218288158532 0.597988886805251 1.85239825071767 10.1019194710791 6.80722751120812 0.0370794652514291 8.26287883928864
0.00338983050847458 1.40638154358603 0.311214094841853 0.890189894079231 0.583305011596531 1.85951992636546 9.03822733052469 5.59322328408914 0.0319046329423056 6.0065009319341
0.00338983050847458 1.23040976396296 0.100910625257529 0.635428327915724 0.781868675211445 1.57418177183717 8.48301573961465 5.0588833059076 0.0325775319011468 5.30318355619921
0.00338983050847458 1.35747764746193 0.186526108090766 0.838175700989086 0.552615463687107 1.92526328191161 9.4333031069441 6.19326188040259 0.0391622805403217 6.43986142259966
0.00338983050847458 1.46794888923413 0.367310566388353 0.890207334975569 0.873925119872899 1.87686720023685 9.59156436419346 5.92015485391939 0.0254405858959544 6.64623147755315
0.00338983050847458 1.4341968054694 0.316000033960528 0.717941658246531 0.552056985632307 2.26803125045647 9.17715373710037 6.10483787427567 0.0463137742180248 6.12952939806388
0 1.21899332546163 0.375915242033079 0.686996488529257 0.344671311741695 1.89354654215276 6.84126655812095 3.44641785195496 0.0335456290350724 3.8922367045293
0.00338983050847458 1.39126573756485 0.358813718716257 0.762246607013564 0.78813328081657 2.71114455149777 8.36320440324572 5.17291610000676 0.041160002666235 5.32021863050114
0 1.23356445457321 0.332049974333495 0.680848026426975 0.752633148338646 2.95519208721817 7.06979502392189 3.94271009392275 0.0438454236215489 4.12412912357963
0.00338983050847458 1.35082080829889 0.242506302311085 0.816625990858301 0.723206656984985 2.68026215257123 8.59898758220706 5.51408685740953 0.0457345739839478 5.53998221239723
0 1.18831910062581 0.142293034447357 0.734522903279867 0.651887510810047 2.06693046865985 7.41790067144326 4.22504788555172 0.0410545837836395 4.41239417129028
0 1.26708939156961 0.353541336674243 0.916802084562369 0.470349678536877 2.77628582995385 7.15816453581418 3.97336765607684 0.0413866514147721 4.22817352961448
0 1.54365212270059 0.155845075496472 0.700696916982997 0.774987099319697 1.09926005359739 10.0465709293576 6.25063139759885 0.0224617923326394 8.05233470320238
0 1.42755102317315 0.103659349982627 0.725477601541206 0.624422341352329 1.16344123473391 10.0100571242251 6.39739054189936 0.0269798069824463 7.77561535652354
0 1.43608725895174 0.240886784717441 0.672278021951206 0.431938850646839 2.74722270248458 9.67436442443922 6.94071625239832 0.0649817919586925 6.916613884599
0.00338983050847458 1.48832875842456 0.247016099181981 0.938782744105748 0.446117426955249 1.86518391323998 9.82554586746056 6.44691767633636 0.0340941933861214 7.32937491156125
0 1.64987247725949 0.250770123815164 0.672295171185397 0.395299870893359 2.95944215916097 10.0705338679383 7.22950538925001 0.058365607302026 8.05434470298859
0.00338983050847458 1.4544572462469 0.193926278712494 0.888858790871948 0.774273748270461 2.06149578655771 9.92680751615773 6.5572327983381 0.0344042657538047 7.3462553411565
0.00338983050847458 1.32354671179783 0.122034440864809 0.641650915285572 0.45101934154518 1.21537537686527 9.66362294911699 6.34292801821493 0.0361277167616664 6.65000949954134
0.00338983050847458 1.38088639531449 0.237573663954634 0.615260738961066 0.866892683078211 2.75542334862529 8.97470505998509 5.97067705999655 0.0495869294075146 5.89503394820186
0 1.25890292120166 0.276238088239916 0.807200278271921 0.589851287333295 2.05309084476903 7.75590700213 4.45837335260944 0.0369742464891507 4.75464522900975
0.00338983050847458 1.48264882563473 0.160634953621949 0.674237584113426 0.441012247199329 1.78551122128373 10.0500647276809 6.89590988833076 0.0426744525238674 7.81368228844616
0.00338983050847458 1.54774544332307 0.232478422207534 0.907733081714279 0.389885392678128 1.50597196256884 10.0097638986931 6.50889332200754 0.03017110572438 7.76646103546366
0 1.3048529798165 0.294634978636168 0.675852116092574 0.706599357398227 1.74339435482398 7.97118333461999 4.5634419838843 0.0331159132020806 4.92441411864913
0.00338983050847458 1.43347846288557 0.299929275122672 0.677397210101575 0.761528164447388 2.9854374024531 9.17272070978985 6.24618751157551 0.0535824763454026 6.13997434704515
0.00338983050847458 1.4969249184709 0.179237480438314 0.616927265352569 0.633192425128073 1.481019068975 10.0604396618359 6.66597560723798 0.0335585348958547 7.85478534576832
0.00338983050847458 1.37570721560623 0.101939561986364 0.695504452078603 0.828642538608983 2.19082608819008 9.86195739916731 6.68244100600855 0.041605771092206 7.24450444518484
0 1.48133094722871 0.156258665630594 0.604646516323555 0.821809903811664 1.36978329531848 10.0438319339564 6.49096629714253 0.0286424430983688 7.85508720895161
0.00338983050847458 1.47264882281745 0.117173011200169 0.763037428865237 0.68372215416511 1.94288758174967 10.0622037822036 6.83140256341678 0.039525817270817 7.86069385892748
0.00338983050847458 1.32709402297623 0.216854448360391 0.651647010631859 0.794148534536362 1.35994299454615 9.14392008142059 5.5429777613245 0.0272979868820048 5.98356887483081
0 1.29116569573525 0.204554183641449 0.874930701579433 0.834450754662976 1.85181196872145 8.40767273495383 4.87047610971037 0.0290947764241152 5.33384879492652
0 1.63999204731081 0.15865311245434 0.908251388580538 0.388305470393971 1.17929621180519 10.1015711380798 6.36446970995036 0.023823055990585 8.26592832458936
0.00338983050847458 1.52585044323157 0.183998746017971 0.789746503261872 0.736278179128373 1.93697674593482 10.033993017489 6.69690563857364 0.0355403226101361 7.90755194539993
0 1.57183721798938 0.396313848602586 0.850164066592697 0.450164914643392 1.30425154557452 9.90799167942441 6.22152291141278 0.025060339853559 7.31902662745725
0.00338983050847458 1.58865925700775 0.239236936307413 0.728995080548205 0.828853924559032 2.39230468998702 10.0798019356708 6.86164851128189 0.0400289064589336 7.97371351338807
0.00338983050847458 1.50153847584536 0.112257365361796 0.786637330039933 0.839764497032217 2.60347010097983 10.0543856269443 6.98057968962789 0.0462448146346663 7.89012241135097
0.00338983050847458 1.32365255228285 0.229446681392959 0.654404708386465 0.606410080719029 2.75120162236945 8.42356908938357 5.57878598448152 0.0581468771448181 5.33090555614119
0 1.18905333043076 0.286095636500977 0.877609295933507 0.640162755874917 2.10605618776754 6.97743318709574 3.56526549814676 0.0329696549031516 4.02659676248761
0 1.22056294369977 0.332508516404778 0.932879281206988 0.44169990378432 1.01877914555371 7.14299923723043 3.10964308752787 0.0177147766323024 4.18899576341938
0 1.21445789895952 0.331254753423855 0.793362281576265 0.624214852787554 1.98595560062677 7.1429756115218 3.70643282169484 0.0321757315285943 4.20095429728036
0.00338983050847458 1.42304670354351 0.241628065914847 0.678802940319292 0.733720474736765 1.70314986072481 9.58327953355406 6.20689845535214 0.0341708930327632 6.76057690272363
0.00338983050847458 1.46545839531678 0.332388064125224 0.80787521341802 0.392573340640355 2.42028737915334 9.4645328768407 6.46327903575768 0.0497246824153495 6.5170506963472
0 1.20785686697345 0.379988694144413 0.702170424780343 0.623750896286219 2.75115756457672 6.74510846406952 3.53209850656918 0.0402353242102571 3.89492107578887
0 1.17031106199138 0.133002511039376 0.748000301152933 0.775280825514346 2.95866904966533 7.2456253477045 4.27347817253987 0.0511932713169079 4.3199849937349
0.00338983050847458 1.44452351405515 0.333801450459231 0.626222445328586 0.555582313903389 1.63196580469551 9.34945862896948 6.04092115582057 0.0365696187111707 6.37550170780253
0 1.16017063728068 0.111853582272306 0.923615954618435 0.367031206190586 2.24245019163936 7.17224183192597 4.00949534823697 0.0423093793405951 4.21071566682853
0.00338983050847458 1.4382861001417 0.305606075795367 0.764330976002384 0.520824071997777 1.25929541653022 9.44057221130223 5.83164305668023 0.0270808307273809 6.44198756353184
0 1.34104624330066 0.159642177517526 0.815057241264731 0.828635768266395 1.08065448375419 9.32096679429675 5.39520329863651 0.0197270695883023 6.36309847404118
0 1.51013052042108 0.113447992433794 0.863047546369489 0.890153707517311 1.72128147259355 10.0714272731654 6.53698732434194 0.0291750919593378 7.98053331724479
0 1.63370531527326 0.346706398040988 0.869940119679086 0.334804815100506 1.5144658042118 10.0141260152944 6.46745024803127 0.0288202859288929 7.81090403210935
0.00338983050847458 1.46622313983503 0.203832570917793 0.908271223546645 0.823385622335446 2.72203307058791 9.82412293123658 6.64014257162486 0.0414204582486862 7.22252132841496
0 1.54872859558091 0.375802790839225 0.871588848263491 0.840999947860837 1.41833209106699 9.86957600081045 6.0119532135353 0.0211181422159049 7.2236311448047
0.00338983050847458 1.38807621968444 0.300011374265887 0.653919862909243 0.560985608864576 1.80832788487896 8.99130814922314 5.77597392892251 0.0401419153383716 5.86398622619654
0.00338983050847458 1.53889464326759 0.232174462304534 0.74132846974191 0.79915476394811 2.70306843827261 10.0446371740526 6.98297633405307 0.0468098868917608 7.71729677627251
0 1.28020491006318 0.255799799994566 0.692834945814684 0.737846649158746 2.46215514605865 7.87842941953608 4.73227137462389 0.043017079481248 4.83931681064663
0 1.25989660059568 0.288914503296837 0.609264615608845 0.736730330809951 2.46246870933101 7.33591914335087 4.22744183285153 0.0446689204784598 4.38150566565975
0 1.19235290724318 0.232381674693897 0.844587780616712 0.887629802757874 2.77043579053134 6.91727503932273 3.67299306139432 0.0389965546942291 3.99859950526372
0 1.33444970238488 0.209625012311153 0.772576697589829 0.746714593749493 1.27922896388918 9.04561124208436 5.34304661143115 0.0246602009944358 5.95423758978286
0.00338983050847458 1.51442584672477 0.362110518245026 0.941573002864607 0.608329167449847 1.59741728007793 9.77162008094933 6.10588592966448 0.025585380846823 6.97703382394625
0.00338983050847458 1.26993511158098 0.12885568364707 0.887246783603964 0.552645879624992 1.66346078287191 8.43475316803185 5.0310601989483 0.0332502507989368 5.34756094264997
0 1.52467287445907 0.134817146626301 0.627823150076438 0.372346241399646 2.99860669719055 10.0636416045809 7.42213707207589 0.0712539849335785 7.969790024909
0 1.41633513066918 0.15276435050182 0.659105501824524 0.345664619794115 2.80184639664367 9.77999135279331 7.20817093415856 0.0763963454303737 7.07130168044976
0.00338983050847458 1.56606860491447 0.356117933010683 0.861416067660321 0.46465242463164 1.48592678690329 9.88721181843387 6.30111601536374 0.0277062903514335 7.37069652822736
0 1.62544497356284 0.301217499817722 0.665425590972882 0.892529507540166 1.6950276773423 10.0794086701491 6.50422829150423 0.0280103728454205 7.97418866928601
0 1.23407036529388 0.149794586119242 0.898524353199173 0.468087067175657 1.87112649809569 7.84572158419345 4.56840499216345 0.0377293643671357 4.83181977907061
0 1.57891404614784 0.337889279145747 0.75795871616574 0.597550335852429 1.23519048281014 10.0166778354088 6.2648448348489 0.0234746772990905 7.72219045674928
0 1.37035038273316 0.332422173093073 0.736110267310869 0.483971307612956 1.37926634820178 8.48106018638211 4.95906125855021 0.0295403271291596 5.40860572044216
0.00338983050847458 1.50381572535258 0.18758609898045 0.739521758538654 0.362976331311215 1.70414381062781 10.0540640714984 6.82689131218181 0.0396694956046832 7.84439917493973
0 1.15613289931789 0.157420019106939 0.711290245305281 0.300808380637318 1.70791393565014 7.37167509842063 4.09963358097389 0.0379289154388121 4.36454517501891
0 1.39380041146651 0.296262053842656 0.645782786712516 0.344848123798147 2.70827504200861 8.91820759348325 6.21444481978684 0.0669531087714695 5.89277109948165
0.00338983050847458 1.57115019792331 0.202405261034249 0.741420115191675 0.678424157437091 2.16883771444227 10.0690258254754 6.86521740345748 0.0406072595374227 8.01399810314693
0 1.18585795674007 0.118646304332651 0.663336752413306 0.807677308749408 1.44694269774482 7.71393001978126 4.15122300578014 0.0283619445223333 4.62679513725099
0.00338983050847458 1.40320310573865 0.29769325604344 0.646562857531154 0.634265961866962 2.51628493343602 9.14305489299641 6.18118619181836 0.0517221735218001 6.05897080688874
0.00338983050847458 1.32984269803856 0.166320360661484 0.759922331187408 0.89436856568791 2.00161610124633 9.00243608916711 5.60476252360113 0.0334510010678414 5.92256872060146
0 1.46920206628274 0.103103267354891 0.650080412148964 0.549725835816935 2.84434404782951 10.0103579277821 7.26206743373168 0.0640372397307668 7.80751004221619
0 1.19354304890148 0.252220145426691 0.760389529820532 0.656166382692754 1.28798996424302 6.98094512792635 3.22753388761132 0.0234376578506051 3.9853542785137
0 1.28122299453244 0.242127517680638 0.90540175717324 0.41473531848751 1.88359331013635 8.06346309371033 4.71645064415691 0.0351893271066043 5.01976020187326
0 1.59943253183737 0.147595757688396 0.826896176917944 0.685760254506022 1.781172697898 10.0952659190818 6.68135643494725 0.0329122785004482 8.19589642269355
0 1.21269840861205 0.295797568443231 0.702356182073709 0.543797510443255 1.16379694873467 7.15595126974019 3.36268752690028 0.0225219758309205 4.15086491246045
0 1.19613991640508 0.371036700578407 0.912785862653982 0.306507629435509 1.11913368152454 6.70816371119714 2.71383056401771 0.018419725562014 3.82816869499128
0.00338983050847458 1.59975811959904 0.121949587319751 0.75927565177195 0.644586108939782 2.4296099767163 10.0809264602768 6.98684934217227 0.045316815236116 8.19334945005189
0 1.45005252931733 0.283136665006168 0.65901790271746 0.387585093593225 2.91898560523987 9.47892524825673 6.8709668055343 0.0736848220947442 6.50140978344667
0.00338983050847458 1.4632610732725 0.223879542188853 0.837866520366906 0.892859069075969 1.71826638746889 9.91614083451883 6.3104747096607 0.0271693406107333 7.3519700316944
0 1.25618350713048 0.392780001135543 0.774323365231976 0.59976892573759 2.46292312536389 6.99940305436721 3.67872165493219 0.0361282056259828 4.08149641974425
0 1.15113055459224 0.199323752848431 0.867153893923387 0.42722445060499 1.3966963076964 6.73088248703445 3.09516617054218 0.0263650419073969 3.86550298979325
0.00338983050847458 1.39008654860155 0.120344338105575 0.758499684822122 0.418632312485272 2.54766292663252 9.84940418530217 7.07971079352691 0.0626812203738706 7.10498255266653
0.00338983050847458 1.54613169305527 0.208707826016991 0.817169962880897 0.642263661396188 2.56367881323054 10.0133396658496 6.95502047144925 0.0469665705891787 7.77324943518883
0.00338983050847458 1.4972778367765 0.171285497819779 0.705653643907367 0.760803335670274 2.22823488598639 10.0160069819124 6.85479744211736 0.042374456479974 7.80848557273824
0 1.18783767123241 0.262424779497087 0.941281753545627 0.443233416695148 2.53837836161256 6.85924174321421 3.67263714801251 0.0413119037066412 3.96861335671654
0 1.24031244099606 0.331123175215907 0.86167923087487 0.416284960415214 1.56359126232564 7.23239486718904 3.61378900275887 0.0268200412142835 4.26746314475617
0 1.24484575688839 0.234153082640842 0.855215890239924 0.31862629596144 1.94194417633116 7.65160637573497 4.42184812886055 0.0395670630934249 4.66021778777232
0.00338983050847458 1.41430551486701 0.233364076335816 0.885833127062817 0.626574996322552 2.11899183345411 9.32197118814737 6.0311859361842 0.0372246072205825 6.33046335117266
0.00338983050847458 1.61015462218435 0.361306642010309 0.741390138315521 0.505445514891472 1.79837490695865 10.0600792506526 6.66916808617407 0.0336779767391353 7.78602010363804
0 1.1839419497177 0.199773205444217 0.739573542622384 0.556136824004352 1.43193093175068 7.2086347649234 3.65277017449688 0.0285566744126001 4.19597720776591
0.00338983050847458 1.4813495222792 0.200958238793635 0.800644033866261 0.6305807718054 2.9517454775039 9.98461428782398 7.10088625845028 0.0559258803912679 7.49034326897502
0.00338983050847458 1.31997619124595 0.231615211535245 0.753543596342206 0.411186297610402 2.22105880454183 8.50456377501609 5.50210818934643 0.0496649619390011 5.42852292220298
0.00338983050847458 1.49509890840854 0.207763458392583 0.925062550266739 0.7919861856848 2.86205225111917 9.86727989556662 6.73390176687901 0.0435703620754013 7.37713371283395
0 1.18681129170582 0.146601323946379 0.712553757207934 0.451038742018864 2.90301167638972 7.13546513303516 4.32920218089976 0.0604304022520187 4.15851964523101
0.00338983050847458 1.53723701929618 0.241460977513149 0.613210123467711 0.535242109215487 1.77606777333647 10.0124693035994 6.80850936432416 0.0406011073029264 7.73910666753965
0 1.32999731434975 0.232274660421535 0.88719502313761 0.692088815197349 1.64934216998518 8.68724247202651 5.12723849570009 0.0284387116323593 5.62040086571715
0 1.32864936159458 0.257095951656811 0.716482787870336 0.404865777818486 2.98132866900414 8.28320606042088 5.56344703452931 0.0658906304493967 5.22531647366355
0.00338983050847458 1.44012440894462 0.24264825109242 0.835792047166449 0.559894706663595 1.70539506159679 9.68408317525875 6.29872413148336 0.0338654809724285 6.86484777797086
0 1.430807590927 0.393493571970612 0.821286553167738 0.80779760023579 1.8692245814018 8.79301438458917 5.20153671837974 0.0275575794185524 5.79183072886879
0.00338983050847458 1.5378661376657 0.263176695234142 0.886502587643918 0.801042110938579 1.77094714203849 10.0099727480044 6.45050333366156 0.0284539179504564 7.67160359334001
0.00338983050847458 1.41959433185402 0.272030993388034 0.783429870824329 0.680572212673724 1.56056931288913 9.54367503850699 6.02018091019071 0.0294961914218156 6.55058458535768
0 1.60181501354091 0.383520707441494 0.865507179219276 0.402226256998256 1.01067418931052 10.0111588656316 6.11250756935157 0.0202692302053861 7.55476235229651
0 1.32425036546774 0.379620087239891 0.727019875939004 0.549112484464422 2.11881327303126 7.82339780081355 4.55450827118586 0.0380486555287827 4.82060409423225
0 1.25398042970337 0.332403227617033 0.75148796052672 0.437990146083757 1.31655556568876 7.32682310142144 3.69969037021815 0.0265923225391379 4.36420573810377
0.00338983050847458 1.54967625471227 0.210297897938988 0.685901796426964 0.624663982610379 2.05887943428561 10.041889440021 6.85631460531374 0.0413544669842577 7.9206426355627
0.00338983050847458 1.40090500666554 0.126192948359429 0.843021363488 0.450518901595042 2.09604522285263 9.90839942783463 6.82747122274193 0.045916616825278 7.34462484213219
0.00338983050847458 1.54269249651983 0.24079516648091 0.891623754589575 0.624836444594816 2.66278942502875 9.99605185082821 6.89615767374986 0.0450539698840234 7.7358168239915
0.00338983050847458 1.50224224989554 0.217620954104984 0.792077311817783 0.766090471610821 1.78354291345895 10.0245124930685 6.58233601826001 0.0319949732388254 7.68278335113121
0.00338983050847458 1.49190134718211 0.261491097238038 0.622343842976826 0.770271204104563 2.15776500869997 9.80182020871592 6.63410759549416 0.0420997863460751 7.22769154696325
0.00338983050847458 1.37799062870916 0.248752935652548 0.712512154015969 0.410700471659325 2.00083841977375 9.09272364901969 6.06908674529299 0.0486240553867061 6.05921855628372
0 1.16830602402333 0.262912732339464 0.873581169371027 0.678445727471262 1.4638870744966 6.73721520989605 2.99921457538987 0.0238016437751669 3.84816642226065
0.00338983050847458 1.29924418669854 0.229102751132917 0.812120378032053 0.313363851875327 2.21504717203427 8.15281004403418 5.13616601654347 0.0489652690300522 5.10960040266522
0.00338983050847458 1.39712087793478 0.154427896347842 0.650320029675949 0.849030680915755 2.49394406640744 9.61054165040925 6.55807959251601 0.0472424673982854 6.71477714199965
0 1.25621760436334 0.356704647582956 0.892373261391185 0.684786181105301 1.03099989425391 7.51391705624111 3.41459923774917 0.0165839848315628 4.52152974438291
0.00338983050847458 1.38441385186743 0.315163210709579 0.805229528329801 0.567126986430958 1.67916866671294 8.83906217482487 5.3788830143876 0.0314241315528548 5.75782864307329
0.00338983050847458 1.51944462774073 0.25687021761679 0.605441171710919 0.524705537590612 1.88955042354175 10.0126457458381 6.86546537086901 0.042973124300112 7.64660720787194
0.00338983050847458 1.59754170234794 0.193464001517484 0.663771458840304 0.356465887394259 1.82674653100863 10.0894806941392 6.85854402616732 0.0395204638936445 8.13270648969326
0 1.49988968551625 0.152084850636311 0.683308861916885 0.50521087073721 2.83917425433174 10.0102527811226 7.25161445060876 0.0633780095320009 7.81076622350906
0 1.3672986707883 0.282206642627716 0.920984432811383 0.666447689943016 1.27313422504812 8.77045890618816 4.94543461524637 0.0218179055471323 5.69659357576477
0 1.29437009219546 0.280143313598819 0.909729085979052 0.594684625742957 2.97485355380923 7.80066365062139 4.75779589411303 0.0476979071883531 4.77856311203774
0.00338983050847458 1.35976213021637 0.2811197022868 0.796124157598839 0.892959192102579 2.0062498204754 8.59466430652415 5.11481143518995 0.0308119440194912 5.53056223210859
0 1.49151979617309 0.322417935798876 0.640372951410245 0.304413207666948 2.88289521308616 9.675198130851 7.05993316865687 0.0731484045662943 6.7915653613941
0 1.27935193954036 0.398003619047813 0.822585461300332 0.662658386025578 2.79773534741253 7.18731066922229 3.9943707467769 0.0410510065845436 4.28157304183618
0.00338983050847458 1.40249123810492 0.101583347697038 0.739426492477716 0.489210229504017 2.16975142240583 9.90935540932458 6.95978234664541 0.0523620564930642 7.36009043816744
0 1.36014193363953 0.140552377747372 0.880528150207829 0.895325865643099 1.08751600096002 9.6091736086802 5.59376178706392 0.0180355256018505 6.71589904961799
0 1.20436367646325 0.392236129404046 0.623500714136753 0.492049133358523 1.36021099193022 6.66660167878911 2.89681093017719 0.0230568874681821 3.79731662735208
0.00338983050847458 1.61139259186571 0.177421671365895 0.652302089313154 0.688080663786985 2.36717792128723 10.0889009911999 6.9914896257019 0.045165969381482 8.14300579572621
0 1.30051027969457 0.315716962469742 0.651344742707442 0.752572294324636 1.61807023081928 7.88653722492426 4.33185253458335 0.0285903883207944 4.8560116892188
0.00338983050847458 1.44920033420545 0.279721375257878 0.857704865874999 0.329260483978404 1.40963527712384 9.75758832591774 6.29025655009449 0.031200168740772 6.94933698484863
0 1.55612709592096 0.232683618855663 0.921630972239655 0.457027597585693 1.36075233109295 10.0433417710441 6.4054982816353 0.0263090185111578 7.86965912187099
0.00338983050847458 1.61265099277985 0.290503549008709 0.600688493514148 0.669090597593527 1.86988513926832 10.0669914967476 6.74878299387566 0.0362176574985352 7.92428945661464
0 1.21292654236313 0.221264673117548 0.818158680968918 0.561087758280337 1.60860710125417 7.54078408711082 4.02535169073515 0.0297349428924384 4.52798054729696
0 1.17224958559964 0.141835866868496 0.856988802214619 0.551502060703933 2.73282390786335 7.00488198971286 3.96513283074209 0.0478468899521531 4.07367792541354
0 1.28273479358759 0.327760742837563 0.917978558014147 0.684547962527722 2.85464818961918 7.19224748661172 3.97642564776939 0.0401223461676862 4.25345188168929
0.00338983050847458 1.40550102698617 0.315373285510577 0.83603930802783 0.882783848466352 2.81918051838875 8.97060239159004 5.73959996752159 0.0395178652676422 5.98363396799279
0.00338983050847458 1.42479447831865 0.170456727128476 0.923268757597543 0.815519825974479 2.43763274373487 9.74399525066157 6.45821032429151 0.0374112085215882 7.0394635822172
0 1.53405433052685 0.170612950017676 0.914118118258193 0.836303286021575 1.00401904713362 10.0585423949138 6.05781392764952 0.01830230140393 7.99548186614098
0.00338983050847458 1.32870086873882 0.201809092191979 0.865492307161912 0.729404760617763 2.20276703219861 8.60870506426263 5.31215732122757 0.0370107176141659 5.52579195091569
0.00338983050847458 1.61363306220632 0.302860332358547 0.800591383900638 0.357328396029991 1.95480838251694 10.0628884259455 6.80773602889006 0.0385749415079024 7.90628937223731
0 1.21624188914429 0.264110252121463 0.75259187357733 0.428966966830194 1.53598950477317 7.34435194425487 3.86597906692674 0.0308575792735765 4.35145026943612
0.00338983050847458 1.60638284587767 0.258922174945474 0.801214307534974 0.619675894081593 1.77302844915539 10.060039062349 6.60708252515869 0.0316519178329347 8.0002555942025
0 1.18153122402728 0.250262644561008 0.932036232436076 0.750126507086679 1.3692502938211 7.07676642171624 3.18910366653453 0.0204931877040874 4.11523592125348
0 1.15752762763295 0.16391357043758 0.882756697607692 0.716794993216172 2.43736682645977 6.99992199513897 3.79976041830314 0.0407556182824883 4.05343989232666
0 1.29735690294765 0.323740373528563 0.709073886636179 0.844308882253245 2.69122167769819 7.7527379614119 4.56086992709151 0.0410950322621061 4.79199547462819
0.00338983050847458 1.4243849754629 0.338122173794919 0.685616719247971 0.403805480195263 2.09900878614292 9.09552028937462 6.05487041172615 0.0478038127678277 6.10574940778664
0 1.42308892423753 0.135328003508039 0.694487278815359 0.34309986778535 2.82931795390323 9.79368293611196 7.17968121989717 0.0732408673836023 7.25128708619758
0.00338983050847458 1.5066724153934 0.186692103301175 0.827785834553652 0.688380539277568 2.5080831903033 9.99673196374536 6.91411501293472 0.0458391407723211 7.67644582959059
0 1.17417046006303 0.177365964837372 0.869296954700258 0.755845695594326 2.11450293194503 6.9736054395445 3.54063721097284 0.0322909514595427 4.06807663540149
0 1.19609927826095 0.349256815738045 0.884597018058412 0.517348091863096 2.95643245149404 6.80951223109317 3.6281432189261 0.0415287628053586 3.92667701381525
0 1.30347507118713 0.353392207738943 0.790270355017856 0.546942119579762 2.89004484983161 7.55011387128132 4.52643614544559 0.0486220704907297 4.54719511224159
0 1.48291155402549 0.340054772188887 0.804423679667525 0.456080540874973 1.08429638948292 9.6063623947101 5.88019089163712 0.0240848683957522 6.65751316186743
0.00338983050847458 1.32087893676562 0.130555015540565 0.716116294149823 0.742544656359014 1.74358364887385 9.32496673977365 5.97248114936901 0.0349972570555703 6.18995896314754
0 1.60015079597943 0.263237887038849 0.832989854679909 0.549218894680962 1.02065746625885 10.0708671995827 6.20391108887386 0.020921956719785 7.98611724015129
0.00338983050847458 1.4183932679272 0.352981676390991 0.880186659555612 0.702038721948725 2.00216198130889 8.7985994898805 5.30927749249862 0.030521558854425 5.76876732474561
0 1.35479674264789 0.358806343586184 0.931356242124457 0.592663245135918 2.3937963321805 8.02006499477385 4.70896697966973 0.0364761004479882 5.0158991932158
0 1.24033583779819 0.283202320244163 0.626990938186646 0.526255149766803 2.24686948908493 7.44035904926042 4.33798581280042 0.0449424167478578 4.43081679884331
0.00338983050847458 1.33699183221906 0.30853087301366 0.668447191035375 0.74480179916136 2.32116430765018 8.43437571564607 5.25149335334278 0.041465962777711 5.39758488948319
0.00338983050847458 1.55623178484384 0.190820361045189 0.739268040657043 0.639417748712003 1.79166348278522 10.0146738205987 6.68105950763083 0.0356639710897319 7.92817801710332
0.00338983050847458 1.30300910893363 0.117084590780141 0.766254139054811 0.31843934073769 2.10092102410566 9.03139560739654 6.14966949726328 0.0560379516286162 5.92074026688332
0.00338983050847458 1.47094979950949 0.200471264204348 0.657895598767922 0.717603468448206 2.5114275302238 9.98308306447117 6.98976778786597 0.0501209960120318 7.48647602907613
0.00338983050847458 1.58442142336447 0.294502402197691 0.709593902907703 0.461142793487924 2.50099994245853 10.0565416313162 7.0829515108335 0.0511194554946507 7.75501313856932
0.00338983050847458 1.34450028974097 0.261311693000607 0.626076017529704 0.768616832653061 1.65898892423138 8.76381018424942 5.36003942517603 0.033247664362866 5.63105247004789
0.00338983050847458 1.42472353271399 0.261610186762113 0.81661706964947 0.670501967792913 2.42639197199125 9.52879410309472 6.38412696091968 0.0430812615955473 6.60075862338656
0.00338983050847458 1.44436268706118 0.246092144954485 0.911236020598079 0.676466081311438 1.66503871122859 9.66774196893853 6.11051661846767 0.0285178420578107 6.83419660648518
0.00338983050847458 1.60776523077105 0.186411206652263 0.625741362208235 0.495007331582828 2.44710448752284 10.0788801595049 7.12252789154658 0.0520082838667667 8.08277907510435
0.00338983050847458 1.49501479194727 0.196022460296964 0.681257060249171 0.415372099537965 2.35752187613513 9.97740043423237 7.09207483843876 0.0558366064122937 7.62847871531219
0 1.6372295394307 0.365356301423162 0.815883371338714 0.536662926804274 1.29931471077725 10.0388895694516 6.31849953551233 0.0242245176188235 7.80491211990611
0.00338983050847458 1.39738209851076 0.148153751135849 0.887471008664633 0.88297251877507 2.93817741265225 9.45466142201102 6.31644993076839 0.0433602788320644 6.52811019647588
0.00338983050847458 1.4489443115051 0.282015688071151 0.767822682819868 0.593030289852922 1.32648374370321 9.73696886997422 6.15038952609554 0.0276928964679007 6.90153597916822
0 1.63514080105815 0.182963678473607 0.903792064846493 0.59447193746455 1.68058003298938 10.095674402554 6.60316923122325 0.030424557890775 8.20134677258868
0.00338983050847458 1.62738003579434 0.337086163111962 0.900144878984429 0.305528981192037 1.79097380721942 10.0467572485871 6.66203375265468 0.0338870109467515 7.80700564500084
0.00338983050847458 1.40784291012678 0.314590169116855 0.726638492825441 0.857168852398172 2.98475708765909 8.78714704350126 5.73457029480852 0.0472370494326302 5.74492441798738
0.00338983050847458 1.60753575137521 0.229270717694743 0.854896302638743 0.323019634848521 1.82449708542914 10.0826229163549 6.77181866376592 0.0364868173330297 8.06167354873058
0.00338983050847458 1.50950627259444 0.325109247211367 0.808473588700872 0.404383391048759 2.51566844107583 9.59013615733453 6.63107908570689 0.0518678017436555 6.71443748456517
0.00338983050847458 1.55736872192652 0.286692725855742 0.917344769194357 0.617397819928998 2.64617873603139 9.95559126844343 6.79811896846152 0.0425331162759792 7.60835462306712
0 1.30242122404743 0.265395042253658 0.837774035730399 0.718129422934726 1.45230093505234 8.10269763535532 4.42301188117393 0.0252309022951225 5.04355677382155
0 1.33291198904626 0.318797473725863 0.882907580293249 0.821701931767166 1.00002074195072 8.32898331201954 4.23853324932061 0.0167317015490126 5.27258084192411
0.00338983050847458 1.56580235955247 0.184195460130098 0.881924815082017 0.413802180638267 1.54999572177356 10.0536603309942 6.6045127684123 0.0317727090836335 8.01157399067761
0.00338983050847458 1.63672425073757 0.198799728190127 0.82967065403786 0.300872227096975 2.01232108139569 10.0797340266605 6.84308874965187 0.0392954997434461 8.18256485376797
0 1.32990016203839 0.354576535033993 0.672002565127332 0.572152204345912 2.11021355818957 7.95992360732413 4.74764583423485 0.0402647946750082 4.93836324244626
0.00338983050847458 1.46251396716107 0.298850422701798 0.778866099286824 0.697971616499126 1.85883365012705 9.58249685604061 6.20366847838381 0.0340873688708766 6.62917829577901
0 1.62338602039963 0.298881761310622 0.670288887131028 0.389594442816451 1.33720454666764 10.0764378357909 6.53111083668217 0.0288591840391249 7.98622608294838
0 1.17373385848477 0.249876616708934 0.710988414904568 0.725965635571629 1.53727631643414 6.68287726981972 3.0638156406581 0.0268078203705285 3.82170036713486
0.00338983050847458 1.47407296926249 0.155001714872196 0.66034645041218 0.506202195771039 1.4341060705483 10.0462111917108 6.66990409879565 0.0341734212696081 7.8499242617631
0.00338983050847458 1.40507117286364 0.19026670596694 0.693264229185636 0.788519460257961 1.87050277133692 9.72941626845368 6.41732034486388 0.0364397187936261 6.85761920948834
0.00338983050847458 1.50768393159378 0.316213967138901 0.708964752138127 0.524478285200894 1.79404761409387 9.94114503506169 6.66453916598355 0.0377561890236712 7.32739160817606
0.00338983050847458 1.41517588870453 0.244510095432587 0.723354258764021 0.65871423786766 1.81573243777022 9.40725057335318 6.11975903677634 0.037347416620715 6.40597029782747
0 1.58991833552718 0.17443558331579 0.816375669115223 0.645952195767313 1.00784926908091 10.08718482926 6.19109379135712 0.0203211911601695 8.13742506939526
0 1.51098534904886 0.179042734461837 0.632332892692648 0.729763490427285 1.0549438437447 10.0709035716931 6.31568344584711 0.0233953001321214 7.96126559373783
0.00338983050847458 1.33426203098761 0.140150533213245 0.728204802931512 0.379066307043454 1.79213016813526 9.66878790264689 6.61150885920258 0.0470154483281874 6.76487075809586
0 1.24112818853464 0.259579108282924 0.819051967794076 0.749194434983656 1.10344171151519 7.47487427588156 3.52812367523454 0.0193173697523792 4.44100283977418
0.00338983050847458 1.33821043591015 0.175824146787636 0.810506447940133 0.713211716059595 2.44503602385521 8.84347999356175 5.72302869631833 0.0441372449073591 5.87499049478452
0.00338983050847458 1.57460134176383 0.345433632002022 0.889446663481883 0.571539174856592 2.09540536763753 9.96380342081074 6.60345590070692 0.0347231898411933 7.58005668836045
0.00338983050847458 1.54498038954498 0.199215952236214 0.74916648380163 0.451531499429326 2.76687918064575 10.0173854999809 7.17575512505252 0.058330487832639 7.79292173900841
0.00338983050847458 1.29548885689384 0.266148705644855 0.721883020045941 0.307056367819937 1.5237517485377 8.29454951514368 4.981418277411 0.0364020117600774 5.22081575379748
0 1.28609216676559 0.304095552279614 0.761985898332205 0.589015778806061 1.37040427001193 7.77634668008315 4.11488054732974 0.0256948130897135 4.76912685695031
0.00338983050847458 1.58877088582386 0.34060695341267 0.721136870356258 0.478001932419233 2.05198557708415 9.98767611579994 6.79382481264124 0.0410136105324893 7.60402757128958
0 1.45322742240969 0.397058464610018 0.802527635940351 0.348597490042448 1.12706539593637 9.08758047225176 5.36634977693986 0.0242041615600649 6.02789290372153
0 1.21247455393895 0.16928285555914 0.693489160446916 0.423006306029856 1.23449586657807 7.87721177330305 4.39060088164402 0.0306044182969075 4.77294196176732
0.00338983050847458 1.61506748723115 0.17830043701124 0.945928453817863 0.8608562267678 2.41330662870893 10.0911415333192 6.81075967965594 0.0376138910624527 8.14724772516946
0 1.20704839306418 0.336084376554936 0.773838620586321 0.459882710175589 2.78935667173937 6.79104666592702 3.68330840906448 0.0447019454086857 3.89091285703202
0 1.30400160255376 0.299357141228393 0.785788753186353 0.83705119905062 2.52302063023672 7.90288078796604 4.64663877992852 0.038532932718778 4.86802532831867
0 1.17890192228369 0.218286745180376 0.853830818866845 0.784169515175745 1.08734756521881 7.33843023470163 3.36886200101922 0.0188815838073428 4.32743844438948
0.00338983050847458 1.48712612034287 0.144753823126666 0.608567043673247 0.784093676693738 1.65642942674458 10.027152809513 6.65608364405339 0.0343528887797059 7.85716352191911
0.00338983050847458 1.37588499030098 0.187496630847454 0.811584659467917 0.706335209682584 1.42612207634374 9.41963665412471 5.83361656448219 0.0277083881690579 6.45760229508738
0 1.34151041889563 0.389949567662552 0.837005404289812 0.739348416449502 2.95280069345608 7.78552968956081 4.59814557105113 0.041279712663269 4.79876133504028
0 1.16864551845938 0.151974297035486 0.720774618501309 0.860052325855941 2.83899621386081 7.10592617849866 4.02839583311638 0.0460729004121154 4.17476243403435
0 1.25467587108724 0.133291267952882 0.935516110423487 0.400089658331126 1.37903956882656 8.48527168714772 4.92709614281738 0.0284907574492535 5.41213118260729
0 1.28767156959511 0.298166958754882 0.80109190447256 0.624355733161792 2.13724180450663 7.83809158913206 4.5378476512345 0.0368741712962186 4.80871874802232
0.00338983050847458 1.43906632719087 0.220870572276499 0.696813181602755 0.588862979691239 1.86022895160927 9.7471319436384 6.57510373421338 0.0419184921456174 6.89270255302251
0 1.42697782835457 0.336821570317261 0.848293872864451 0.753297611000016 1.29014226980507 9.1738224519642 5.33508216216453 0.0215206941148829 6.12789352339363
0.00338983050847458 1.49163050092876 0.255558417522436 0.818856336445855 0.63279649222264 2.76056116779964 9.82214082833582 6.82304670305517 0.0498321896484769 7.16079932172831
0 1.20303965287749 0.179096045880578 0.730119169666432 0.881557651469484 2.1826088312082 7.22503082713813 3.86022833223842 0.03456884296661 4.2285701582761
0 1.27275223212782 0.240546957077459 0.710156741586979 0.528355909790844 1.69844832736999 8.00314014289117 4.6936388339757 0.036534388585442 4.93552254381775
0.00338983050847458 1.59651357003022 0.294920406746678 0.74021960622631 0.611768442811444 1.92170012416318 10.0780205235548 6.72091954862086 0.0348361034358229 7.92304392804543
0.00338983050847458 1.44788929026108 0.386759228608571 0.655498262960464 0.728387759020552 1.775823879987 9.12914983913664 5.68357976733868 0.0318865792207961 6.06874960981752
0.00338983050847458 1.44203365719057 0.32433819292297 0.791602835952898 0.385412777491223 2.66399314747999 9.26837536909731 6.36693568885999 0.0549440612092844 6.23158811845688
0.00338983050847458 1.44461635812186 0.282856818963774 0.611387704394292 0.659076498867944 1.10460730316117 9.84491541476922 6.17212656436232 0.0254055188650665 7.03042431784415
0.00338983050847458 1.63337774549389 0.204096049650247 0.866825019754993 0.70083983756244 2.65093117254691 10.0822219006707 6.97306518619842 0.0446385825434443 8.13409045686671
0 1.29924816542771 0.137237906758674 0.834019094274845 0.821890956675634 1.22814464149997 9.06832813362571 5.27179861950353 0.0224485441797845 5.97678282810391
0 1.1758327195188 0.265945432311855 0.626505725376774 0.48379747797735 1.35579388495535 7.07566184299088 3.46912688604229 0.0271457452674141 4.11762224709145
0 1.50647951194551 0.387411370920017 0.682419332058635 0.832620778027922 1.37043615430593 9.69559215498429 5.9370611582286 0.0233179694001664 6.84381391284536
0 1.31042314062361 0.310681593162008 0.898276346770581 0.739935962436721 1.17322725709528 7.95822719232231 4.00239677877765 0.0191427655357351 4.90496608882338
0.00338983050847458 1.29941756252665 0.146304918685928 0.756278538436163 0.542326734540984 2.81136563140899 8.61988300105436 5.84760792343202 0.0625196058630662 5.51237212054437
0 1.37923749615438 0.118054312304594 0.618689530645497 0.740476247342303 1.11918796785176 9.95818157961092 6.31398115977929 0.0261423043675133 7.50733206977283
0 1.16803992537316 0.227331039076671 0.91161066518398 0.356012723827735 1.91361426655203 6.82354516958144 3.45300641604884 0.0343711147948612 3.92385746307515
0.00338983050847458 1.4664099997376 0.299105450656541 0.709239803018155 0.635233549244678 2.12431458337587 9.68884526287928 6.5211217386091 0.0420993269957736 6.85473417700488
0 1.24808360261377 0.148267329810187 0.80593930586474 0.538602802483365 1.98343344591558 8.08596262269474 4.90375847792047 0.0414940952594168 5.04137022114259
0 1.48316892234143 0.125279787764885 0.860650761367287 0.362168228672817 2.84937655366957 9.94495652139681 7.16697488677016 0.0621638502037212 7.65233247927617
0 1.61389637945686 0.171211756882258 0.933272820943966 0.682654895307496 1.29303150204942 10.0876745558024 6.33464784504908 0.0234466720559095 8.18431033857606
0.00338983050847458 1.54237968414091 0.332310524047352 0.73914457699284 0.466430798638612 2.7904646540992 9.82566437987139 6.94532077686828 0.0561154780743854 7.20422363871454
0.00338983050847458 1.39748886682856 0.230581433217202 0.927430430891259 0.412700460256937 1.99644301550003 9.40364896863657 6.17735117006643 0.0397042200452148 6.40475609146561
0 1.28362841680646 0.138630595314316 0.648552919598296 0.463244338519871 2.9474848699756 8.24980085279809 5.65336598874218 0.0745388461949615 5.15892467417352
0.00338983050847458 1.5422365171602 0.166492359130643 0.836896367417648 0.865862458571792 2.01967809349298 10.0286879096836 6.6297136624762 0.0334075202483461 7.92853839469467
0.00338983050847458 1.51680368264425 0.163395484810979 0.897611988416935 0.808216692428807 2.1783076141364 10.05553310268 6.73609505501848 0.0361731536318211 7.92012769260538
0 1.19789193079341 0.240337590686977 0.712098125531338 0.417986021144316 2.47697298880666 7.14222054365336 4.14865655157584 0.050108531694934 4.16287220922985
0 1.24894965507556 0.22116447284352 0.78055074979784 0.61583513491787 1.92906342679635 7.95599091840589 4.63517019714921 0.0361231725291798 4.9051064140976
0 1.15328715832438 0.337205081433058 0.931134966120589 0.343660775246099 2.11850269231945 6.30856339560369 2.82061871913582 0.0305636257989541 3.51186294954967
0 1.24836345538497 0.19394630829338 0.836552607023623 0.820899306284264 1.61799561744556 7.80180040190897 4.18753833912005 0.0269367955485804 4.74553861781882
0.00338983050847458 1.35857188478112 0.106761990929954 0.612919812905602 0.519711681129411 2.15322479791939 9.73418219290746 6.8988648118069 0.0586998926405879 6.92274869680009
0.00338983050847458 1.62764813480899 0.337017862545326 0.606104636308737 0.415318841440603 1.44928969955072 10.0494744275789 6.60783866886201 0.0320122781137955 7.87487599793358
0.00338983050847458 1.42183558419347 0.162791688600555 0.710450306872372 0.465698717487976 1.06270087463781 9.93269856297958 6.32227208150971 0.0270403122147686 7.46709114436097
0 1.44941063327715 0.316120680817403 0.80531794935232 0.662764819851145 1.12728053098544 9.71445311468849 5.8929141233787 0.0218940801538614 6.76906775920824
0.00338983050847458 1.5461874312319 0.107855726019662 0.77940294232299 0.8562139844513 1.93010742185608 10.0891261020223 6.73744134131246 0.0350252951236184 8.15283739654835
0 1.2988246700028 0.25767927756533 0.652861032565124 0.416796449990943 2.66259325202554 8.01339834923486 5.19214633732763 0.0595313620566007 4.97327950755249
0 1.20845934047829 0.287659423868172 0.755066512618214 0.385885004326701 1.71939689712599 7.0547086919383 3.61361696961339 0.0320296986963654 4.11480057078948
0 1.32265787709039 0.257861446635798 0.767189838597551 0.380299957981333 1.5478419684805 8.31946261401244 4.95774583017588 0.0346756771727691 5.25441297480361
0.00338983050847458 1.37488873983676 0.167610215569343 0.804645364063268 0.450473233013085 1.58871877247759 9.58479909999513 6.27595274907089 0.0365583249129898 6.74660396129583
0 1.5731477745343 0.114149016258307 0.869290771998931 0.524871286097914 1.05550951417536 10.0917091865993 6.2806633259218 0.022125027156478 8.19649306148114
0 1.42023165719584 0.399136009626091 0.842223229189403 0.883117633173242 1.58171023754403 8.76854006361528 4.99369257336594 0.0229405890386667 5.73275858289272
0.00338983050847458 1.57042727125314 0.178759259582062 0.949345896394211 0.669776569472182 2.51016503749813 10.0717431458678 6.89570294045796 0.0417506522350937 8.0448187540245
0.00338983050847458 1.5401489459051 0.163039211219292 0.864415153621744 0.815900703090321 2.32376744046608 10.0564335069731 6.81236709613565 0.039004961974217 7.97933889526233
0 1.15859306543134 0.171752389078029 0.829971278004814 0.55812011458911 2.68010011641309 6.84314837943844 3.84193062860778 0.04972647702407 3.97415478653515
0.00338983050847458 1.48201548661813 0.329848534922313 0.668793012211564 0.361723430322762 1.85991395383232 9.72877100421822 6.65245004085953 0.0461286538564598 6.83589401186471
0.00338983050847458 1.30070924297571 0.141893416655763 0.849823266867744 0.508228871248851 1.49756050669982 9.12033056479037 5.68561850402853 0.0322346905280051 6.03871914135878
0 1.23634340798017 0.303627245500684 0.758611711126286 0.621062249131501 1.75741358008236 7.24620125039729 3.73004181623448 0.0297133323221599 4.26267987704132
0 1.62918293625116 0.301163988839835 0.728874614788219 0.355935960542411 1.33154717646539 10.0840784459291 6.50778504635593 0.0279792140576413 8.02846168512331
0 1.33814149242826 0.285494342446327 0.781568409479223 0.645436030626297 1.39899447187781 8.4203839719465 4.77033145476395 0.0259897638337426 5.32969490224029
0 1.19032229073346 0.325266759376973 0.888226923812181 0.746135314973071 1.58852880448103 6.66964564124292 2.89681093017719 0.0229868098793119 3.80355689721217
0.00338983050847458 1.52635776020275 0.36823062432482 0.724098904109692 0.743572305726581 1.57059161986318 9.7760317139184 6.18487886499141 0.027566532050516 6.99462081200372
0.00338983050847458 1.45422060452868 0.181556576794647 0.797418863827563 0.426981899307833 2.21845218257188 9.91961496711714 6.90378823699245 0.0490053045737012 7.41973533817187
0.00338983050847458 1.36456744977346 0.303942783476327 0.868028822316581 0.895249275661902 2.38787163052279 8.48848502727949 5.048118387351 0.0320529312888066 5.45166415191014
0 1.22520525821019 0.286444057966583 0.857595917815343 0.892901464411989 2.04685320472345 7.30568092553268 3.78972981429388 0.029719522935232 4.35983782938473
0.00338983050847458 1.32002887250671 0.10796088835204 0.77424099008992 0.355395868179295 1.09746653641783 9.65948975734101 6.15851044843161 0.0301678253313057 6.76432704951435
0 1.15113055366091 0.26707219730597 0.638661507074721 0.633997754473239 1.71511477883905 6.57486661369228 3.08990544357124 0.0306549487340448 3.71296212462989
0.00338983050847458 1.45846200776458 0.19030467481192 0.720087459131609 0.494249109187228 1.51559292799136 9.98464141658705 6.64874660271576 0.0355827320395127 7.51177009644636
0.00338983050847458 1.64464148050174 0.31674729003571 0.673185198300052 0.67363565932028 2.7134172343649 10.0663799123001 7.0234561484342 0.0476952358294177 7.92809606823862
0.00338983050847458 1.43434519213624 0.176634423830546 0.94485902354354 0.649224441451952 2.32934184418991 9.868795688646 6.65115835140871 0.0400495701949368 7.32605763589179
0.00338983050847458 1.59330695993579 0.344477365474068 0.803675733579434 0.466922050077536 2.24885325563303 9.98607993011403 6.80261696085883 0.0414418943392822 7.63125706155583
0 1.26367890238762 0.242306321067736 0.668627368740272 0.488859629770741 2.8320175097324 7.78574742560385 4.94467732630446 0.0583631781403369 4.7629010753497
0.00338983050847458 1.61053871525602 0.263566259263427 0.926932157793478 0.498136204256715 2.36430369973742 10.068209304039 6.87570718101324 0.0410689826260639 7.91392327725897
0.00338983050847458 1.45296928517055 0.203701596148312 0.626430720987264 0.408496773429215 1.23006180208176 10.011963410472 6.60386252048237 0.0331040088715191 7.54782863358015
0 1.22008885557298 0.337808873993345 0.612793298473116 0.550781769817695 2.26825318392366 6.975698324232 3.81148177620627 0.0422472275256936 4.05819160246596
0.00338983050847458 1.64462836486416 0.325716717981895 0.658166343171096 0.696849011315967 2.07890808957577 10.0485752876666 6.74082664099566 0.0365984771753618 7.91264279708693
0.00338983050847458 1.51391578009352 0.110707144252956 0.619920810114127 0.315318347979337 1.55964758899063 10.0583924668075 6.83938903328167 0.0399948959793602 8.05392600497762
0 1.17219765644986 0.142772353230976 0.799119930050801 0.704630461614579 2.25466424133629 7.55375261597758 4.33620082246846 0.0400529963310232 4.56752600722891
0 1.33569390685298 0.191116426698864 0.720154915761668 0.442508625565097 2.84394113253802 8.87467716970054 6.15246104169388 0.065728929181573 5.83319190849166
0.00338983050847458 1.6103497219004 0.182003179807613 0.787133639905408 0.517188106506575 2.08625843288639 10.0898276906719 6.88428192279649 0.0405367719316884 8.14342440525104
0.00338983050847458 1.63872283636592 0.272839885391295 0.652169269125443 0.409078120719641 2.03144326340407 10.0855374057553 6.89560172280957 0.0411745190776828 8.06453584177997
0.00338983050847458 1.61872111784156 0.129740544079352 0.756407718447395 0.613922266166202 2.40983630426896 10.0961702132167 7.01239104227449 0.0457858965468488 8.23476531866121
0 1.19115314257797 0.375299270707183 0.927996993635315 0.641721378033981 1.00355237815529 6.70416922688346 2.46053805877104 0.0143553703249707 3.83346068292504
0 1.29155114325695 0.140458674845286 0.921454130357597 0.447548856027424 1.20831682020798 8.76075995339489 5.10181056685921 0.0257595618573034 5.66966079603976
0 1.33629805417731 0.394859415665269 0.655706403637305 0.650152058294043 2.7663017087616 8.00295358336677 4.94658644896618 0.0470583416951652 4.98542213788329
0 1.36831955772359 0.28802526271902 0.743798186187632 0.757040158426389 1.2024038429372 8.84861842761591 5.0598063381027 0.0226224593525118 5.74843711519663
0 1.15484347390011 0.357202772283927 0.609112564101815 0.382084294455126 1.30657445825636 6.71330330238135 3.03357841604411 0.0252299149748395 3.82428409112014
0 1.29242263627239 0.198599723074585 0.88503747722134 0.431027602683753 1.5900644636713 8.24877936081959 4.82273297639316 0.0325152397416068 5.17073100010301
0 1.17420623938087 0.346813989337534 0.643824147596024 0.877021756628528 1.31037701899186 6.63466464452575 2.70008203145303 0.0195538591496418 3.73993462491422
0 1.55240246418398 0.152798911114223 0.936365005746484 0.826883965451271 1.28278224123642 10.0894351802428 6.31251231340356 0.022893028047772 8.1227951877914
0 1.62717561433092 0.197043821820989 0.786838478571735 0.319096773164347 1.43014302197844 10.096157291448 6.57800622437155 0.029654213162907 8.19456304286157
0.00338983050847458 1.35205667230766 0.160915467748418 0.607999608921818 0.628471133904532 1.81909584579989 9.42282397405098 6.32099308912621 0.0449667979475707 6.39644342591473
0 1.19158615600318 0.171177429007366 0.769325825409032 0.781226828601211 2.68069178797305 7.09234855901335 3.99781836559113 0.0452962879562107 4.15920855122259
0 1.20975461890921 0.142603395786136 0.876162898226175 0.644528959086165 2.75006251968443 7.53100325411363 4.51593905226015 0.0490426867545512 4.56001973149532
0.00338983050847458 1.4170902274549 0.231369756092317 0.765654842625372 0.565350220352411 1.15360153233632 9.69254855844085 6.03845523118188 0.0258849560309818 6.80953474575585
0.00338983050847458 1.57359507177025 0.275506439176388 0.768975816469174 0.424802472721785 1.85984290344641 10.058313718457 6.8022614211013 0.0385402435211636 7.821554910641
0 1.16309148105793 0.141150466841646 0.788867332704831 0.487179394857958 1.68694676132873 6.91493457426317 3.4745113879147 0.0320511188615361 4.00312855395044
