0.00334448160535117 1.31723661965167 0.12921518749988 0.904697911929694 0.318642603224053 1.75342206561091 9.33204349183041 6.09844874388191 0.0394155548300103 6.41458537170456
0 1.42210094520559 0.334951562475784 0.75546250398671 0.347138504901913 1.84439120279988 9.04402837553379 5.87375025908843 0.0419919176364165 5.97202685321551
0 1.39210400332207 0.279692640294435 0.671257448018735 0.381882106846405 1.51685897793054 9.07533646716611 5.85327948580211 0.039872955920855 5.96603989580931
0 1.32588452019779 0.143352624661419 0.813299957714075 0.611692331050401 2.55947666121996 8.97691005024064 6.00483224676103 0.0511968228035856 5.94190547037976
0 1.41430551486701 0.233364076335816 0.885833127062817 0.626574996322552 2.11899183345411 9.32197118814737 6.0311859361842 0.0372246072205825 6.33046335117266
0.00334448160535117 1.31723661965167 0.12921518749988 0.904697911929694 0.318642603224053 1.75342206561091 9.33204349183041 6.09844874388191 0.0394155548300103 6.41458537170456
0 1.5370692693903 0.35963801394184 0.912617834615335 0.527461136298625 2.52741084226025 9.74343147009217 6.55748833133874 0.0413392387712183 6.97677748337221
0.00334448160535117 1.33426203098761 0.140150533213245 0.728204802931512 0.379066307043454 1.79213016813526 9.66878790264689 6.61150885920258 0.0470154483281874 6.76487075809586
0 1.39784245543548 0.304879349230623 0.735812871675321 0.536287083345959 2.06407130417125 8.93907480822945 5.78646784127481 0.04274055827936 5.84423982735146
0.00334448160535117 1.3760901076952 0.283071120339446 0.63525837387424 0.335924320528284 1.61026714835316 9.15907930048515 6.04345657691491 0.0443508802079417 6.01281659368202
0.00334448160535117 1.35205667230766 0.160915467748418 0.607999608921818 0.628471133904532 1.81909584579989 9.42282397405098 6.32099308912621 0.0449667979475707 6.39644342591473
0 1.47437035415313 0.231600041225607 0.948970648511416 0.613150840191546 2.72737040837589 9.73487124824307 6.63919586413745 0.0452444447600887 7.090859862464
0 1.37743658330308 0.252775677661821 0.818454671800087 0.596534603329303 2.29888916125307 8.94085560848523 5.80532320421116 0.0434766005384454 5.87111963890668
0.00334448160535117 1.41705298463025 0.26594326566212 0.756618706029753 0.599297663898652 2.22429115588747 9.25971734158982 6.14606701990516 0.0444384442950882 6.22427550382433
0 1.29631081185458 0.120940821363988 0.823903677899008 0.655922768636079 2.10727987615279 9.06797493707061 5.87874844009403 0.0412037298256029 5.92777672785072
0.00334448160535117 1.33714838080086 0.155427998080007 0.650773823155235 0.89582321259552 2.37842043041057 9.2598584457583 6.09751232654594 0.0423263219044862 6.17061267110852
0.00334448160535117 1.38297511260153 0.150392877889738 0.882778731272826 0.7705495231281 2.70032174034183 9.58375187507539 6.47169693378914 0.0445093971013615 6.6979227417276
0 1.43635731068529 0.268855088719446 0.682541999590238 0.462339574741516 1.91209878230994 9.75172235850716 6.6583704164627 0.0453496898241367 6.90861490939402
0 1.38088639531449 0.237573663954634 0.615260738961066 0.866892683078211 2.75542334862529 8.97470505998509 5.97067705999655 0.0495869294075146 5.89503394820186
0.00334448160535117 1.3475981278249 0.132049534557212 0.754277288700603 0.796460089297263 2.61256173267194 9.29647601840349 6.25650951016201 0.0478364915955946 6.31769102233596
0 1.46903571655432 0.313912663920175 0.706437981820392 0.757850108590761 2.24451624911467 9.65471086356832 6.44149971898196 0.0402272301968569 6.75726455998637
0 1.47437035415313 0.231600041225607 0.948970648511416 0.613150840191546 2.72737040837589 9.73487124824307 6.63919586413745 0.0452444447600887 7.090859862464
0.00334448160535117 1.35913839036392 0.173708546458093 0.816729176380736 0.38480373057547 1.89159155334605 9.27584522294166 6.17902409773982 0.0451926360257173 6.21535781731274
0.00334448160535117 1.36505397814489 0.192883251953418 0.758012642881402 0.494963212082452 1.77089062821542 9.54220996919251 6.34165182491116 0.0407394591353629 6.58889591004815
0.00334448160535117 1.4341968054694 0.316000033960528 0.717941658246531 0.552056985632307 2.26803125045647 9.17715373710037 6.10483787427567 0.0463137742180248 6.12952939806388
0 1.48201548661813 0.329848534922313 0.668793012211564 0.361723430322762 1.85991395383232 9.72877100421822 6.65245004085953 0.0461286538564598 6.83589401186471
0 1.39210400332207 0.279692640294435 0.671257448018735 0.381882106846405 1.51685897793054 9.07533646716611 5.85327948580211 0.039872955920855 5.96603989580931
0.00334448160535117 1.45709645081644 0.306736070712986 0.739710149598028 0.748512654644779 2.40357749919097 9.51852794964757 6.33980800540628 0.0416389211629691 6.6260000524727
0.00334448160535117 1.33426203098761 0.140150533213245 0.728204802931512 0.379066307043454 1.79213016813526 9.66878790264689 6.61150885920258 0.0470154483281874 6.76487075809586
0.00334448160535117 1.31071995472666 0.101248077549662 0.601540165631867 0.755875364020133 1.92824800492088 9.53565987359839 6.38950633710841 0.0430172734208416 6.53102946265125
0 1.3759836389276 0.136075514543558 0.730705714461338 0.865920175808638 2.26739940289997 9.65395419027629 6.42932440329903 0.0397705024090437 6.75648140954586
0 1.32588452019779 0.143352624661419 0.813299957714075 0.611692331050401 2.55947666121996 8.97691005024064 6.00483224676103 0.0511968228035856 5.94190547037976
0.00334448160535117 1.42926005333955 0.340838692557893 0.714873343099348 0.632180817606964 2.45104697407095 9.06569025190324 5.98692299987671 0.0460159477652905 5.99203729972055
0.00334448160535117 1.31036998509942 0.112706923340977 0.745967164528293 0.499959824578279 1.80889976198569 9.18300129182772 6.06818443262522 0.0443866354069649 6.13502361907935
0 1.50787899388134 0.352445929660062 0.697230319315705 0.804152646726566 2.48689226778746 9.65707665370856 6.44999637615284 0.0404746155647191 6.81304891684323
0.00334448160535117 1.38758618020821 0.247675311696933 0.71474384237012 0.588085023830871 2.42993468918502 9.26283987737416 6.28994272317771 0.0511548918305539 6.18843173255292
0.00334448160535117 1.41532165690536 0.272838632174268 0.810940341612784 0.589339098384634 2.38904772062126 9.40351119539344 6.28997527744208 0.0444435285098385 6.42700612279862
0 1.43574277110924 0.293680612265365 0.711464447785444 0.508316388402957 2.46720061073594 9.3777862068183 6.44044801128414 0.0530066344196865 6.43190123605823
0 1.43906632719087 0.220870572276499 0.696813181602755 0.588862979691239 1.86022895160927 9.7471319436384 6.57510373421338 0.0419184921456174 6.89270255302251
0 1.46565475129829 0.249251357396945 0.849031294049661 0.607259442692328 2.30950107602814 9.76407489915247 6.60902574071133 0.0426363050068459 6.96675976555854
0.00334448160535117 1.39748886682856 0.230581433217202 0.927430430891259 0.412700460256937 1.99644301550003 9.40364896863657 6.17735117006643 0.0397042200452148 6.40475609146561
0 1.43906632719087 0.220870572276499 0.696813181602755 0.588862979691239 1.86022895160927 9.7471319436384 6.57510373421338 0.0419184921456174 6.89270255302251
0 1.32588452019779 0.143352624661419 0.813299957714075 0.611692331050401 2.55947666121996 8.97691005024064 6.00483224676103 0.0511968228035856 5.94190547037976
0 1.4208264973472 0.197988086643059 0.747869996003906 0.857138859959269 2.32933735990877 9.63523221975016 6.4181609999714 0.040072249374765 6.83287457244866
0 1.39784245543548 0.304879349230623 0.735812871675321 0.536287083345959 2.06407130417125 8.93907480822945 5.78646784127481 0.04274055827936 5.84423982735146
0 1.46539977451105 0.234916481915628 0.81377771450994 0.611537708196777 2.48602073200742 9.693863450238 6.63605153705255 0.0469904018922442 6.9740110747592
0.00334448160535117 1.47742888795383 0.331866839157024 0.834592414090463 0.442449294386571 1.99251966554532 9.46433849750533 6.23284888242617 0.0394986172080425 6.53757851560953
0.00334448160535117 1.35205667230766 0.160915467748418 0.607999608921818 0.628471133904532 1.81909584579989 9.42282397405098 6.32099308912621 0.0449667979475707 6.39644342591473
0 1.3864171212649 0.110860544900122 0.761886310793487 0.769940842627566 2.18751359372597 9.74257059326617 6.57189562065397 0.0419752561912628 7.01733454276923
0.00334448160535117 1.38960642748927 0.24610617552776 0.877006006398215 0.829121826366672 2.86665166847269 9.09000061324024 5.92095076278032 0.0420435265687731 6.02838105278487
0.00334448160535117 1.35752858263921 0.196703897850351 0.751492854500328 0.678994255988346 2.24354039136135 9.11041874242944 5.99531130550334 0.0443737395132104 6.01009205611847
0 1.40668093775849 0.214769541597194 0.670151917398017 0.684670288502131 2.49713129434895 9.57994615114384 6.61617227444541 0.0516237275111874 6.68205847088021
0 1.37066861642254 0.246028335315158 0.765579974843481 0.561869691031225 2.11001237676611 9.02339098039754 5.88519659037155 0.0433610203519269 5.93208277508266
0.00334448160535117 1.4341968054694 0.316000033960528 0.717941658246531 0.552056985632307 2.26803125045647 9.17715373710037 6.10483787427567 0.0463137742180248 6.12952939806388
0.00334448160535117 1.37799062870916 0.248752935652548 0.712512154015969 0.410700471659325 2.00083841977375 9.09272364901969 6.06908674529299 0.0486240553867061 6.05921855628372
0.00334448160535117 1.42472353271399 0.261610186762113 0.81661706964947 0.670501967792913 2.42639197199125 9.52879410309472 6.38412696091968 0.0430812615955473 6.60075862338656
0 1.51852929943744 0.370633263073535 0.918577919640259 0.816361792002842 2.98847382010892 9.54458011844468 6.30933629072282 0.0393506090009292 6.64334692679007
0 1.41430551486701 0.233364076335816 0.885833127062817 0.626574996322552 2.11899183345411 9.32197118814737 6.0311859361842 0.0372246072205825 6.33046335117266
0 1.41430551486701 0.233364076335816 0.885833127062817 0.626574996322552 2.11899183345411 9.32197118814737 6.0311859361842 0.0372246072205825 6.33046335117266
0.00334448160535117 1.49156858829897 0.368876526952155 0.813645528518844 0.428373360158183 2.3267671630283 9.46698832944756 6.36081876820379 0.0447721241847763 6.52014973517474
0 1.36334581582476 0.213913522596879 0.71216344429766 0.711043505811838 2.65815816601598 9.1688909161505 6.21121103056755 0.0519392825662836 6.09086713210121
0.00334448160535117 1.35205667230766 0.160915467748418 0.607999608921818 0.628471133904532 1.81909584579989 9.42282397405098 6.32099308912621 0.0449667979475707 6.39644342591473
0 1.40044279333282 0.201756360820219 0.943246731923998 0.869047994243417 2.71494402982029 9.39802598866508 6.12363433608751 0.0378398820234226 6.544990400406
0 1.45394849134609 0.299604720366187 0.736225692403968 0.70508061312139 2.89246300049126 9.41897112017145 6.45214358718338 0.0514663268370685 6.45125999976119
0.00334448160535117 1.4139150768657 0.217879098594446 0.890173134202618 0.659271264460454 2.85566503851727 9.55240191554683 6.52780872401373 0.0485775790213744 6.59775803768846
0 1.46692355314436 0.290541866894129 0.834132653658795 0.518005339401557 2.04822717958812 9.61152968522156 6.38140984355811 0.0395527584359936 6.76674455720645
0.00334448160535117 1.36476145204625 0.170693591564685 0.830949770313809 0.743214835504544 2.26878816781165 9.39656229854011 6.170525585852 0.0397145876098788 6.41133922578457
0.00334448160535117 1.41705298463025 0.26594326566212 0.756618706029753 0.599297663898652 2.22429115588747 9.25971734158982 6.14606701990516 0.0444384442950882 6.22427550382433
0 1.43574277110924 0.293680612265365 0.711464447785444 0.508316388402957 2.46720061073594 9.3777862068183 6.44044801128414 0.0530066344196865 6.43190123605823
0 1.39145605692911 0.268616955693514 0.821900517487123 0.485667999314737 2.26662410294569 8.88589131111349 5.79197518669166 0.0453241115444044 5.83586778674909
0 1.40668093775849 0.214769541597194 0.670151917398017 0.684670288502131 2.49713129434895 9.57994615114384 6.61617227444541 0.0516237275111874 6.68205847088021
0.00334448160535117 1.33426203098761 0.140150533213245 0.728204802931512 0.379066307043454 1.79213016813526 9.66878790264689 6.61150885920258 0.0470154483281874 6.76487075809586
0 1.36410620271203 0.101726670279042 0.71938685364692 0.825567210644967 2.37875677360354 9.72196934643896 6.61786669233475 0.0448647597094417 6.97491790516293
0.00334448160535117 1.43075476981501 0.310840509159062 0.718460748033945 0.476547073471019 1.92278417475962 9.47528745194837 6.31459821929001 0.042396509948886 6.46723277905857
0 1.4024737177197 0.311374530694709 0.664135107435978 0.625250764777766 1.92625495896852 9.15724253885338 5.93837793235639 0.0400004487373652 6.06413151190427
0 1.51852929943744 0.370633263073535 0.918577919640259 0.816361792002842 2.98847382010892 9.54458011844468 6.30933629072282 0.0393506090009292 6.64334692679007
0 1.36340479579323 0.242339610075222 0.673761519477047 0.590527353475491 1.81008178660879 9.12169356749465 5.90581587757429 0.0401201053539762 5.98875253960451
0 1.36410620271203 0.101726670279042 0.71938685364692 0.825567210644967 2.37875677360354 9.72196934643896 6.61786669233475 0.0448647597094417 6.97491790516293
0.00334448160535117 1.48479741513681 0.331109980725559 0.67792201993397 0.599350331859097 2.37853895387505 9.53308765552402 6.49723660677533 0.0480337663988272 6.66570971510469
0.00334448160535117 1.44630653691513 0.306675270095087 0.902258134575056 0.445863616682118 2.17910970334167 9.40044449108628 6.17374358599126 0.0396882182404817 6.46484257868974
0.00334448160535117 1.37084191910743 0.137836932241555 0.938035973449861 0.550565926667415 2.57179912009458 9.61045936318173 6.56557791010989 0.0476019547185661 6.81991931969371
0 1.54051269758102 0.393085241269385 0.84841114454713 0.713196390424834 2.65136513580074 9.55055051188367 6.32183218267934 0.0396082309833873 6.62004599527578
0.00334448160535117 1.37799062870916 0.248752935652548 0.712512154015969 0.410700471659325 2.00083841977375 9.09272364901969 6.06908674529299 0.0486240553867061 6.05921855628372
0 1.41430551486701 0.233364076335816 0.885833127062817 0.626574996322552 2.11899183345411 9.32197118814737 6.0311859361842 0.0372246072205825 6.33046335117266
0 1.45519867194931 0.288484544414598 0.711996008391266 0.54006186398303 1.99534054337284 9.74938020510334 6.59268830631728 0.0425663221260412 6.90815519900346
0 1.42191244640153 0.161256515284146 0.858935665213062 0.753409301072509 2.76485820898657 9.72163713473876 6.66451530721877 0.0470228404864208 6.96034772910131
0.00334448160535117 1.45961422732071 0.307807658771053 0.610171036016138 0.546146771928375 1.88801811656413 9.58770911462731 6.47552516235382 0.0445036552704873 6.63770354146649
0 1.32588452019779 0.143352624661419 0.813299957714075 0.611692331050401 2.55947666121996 8.97691005024064 6.00483224676103 0.0511968228035856 5.94190547037976
0.00334448160535117 1.38791795759239 0.221308268723436 0.770953994699971 0.409820894701065 1.7800731970605 9.49871439247669 6.31633702784597 0.0414869082806745 6.60292704769539
0.00334448160535117 1.39604261235199 0.262068225754242 0.888475226269207 0.594396153198681 2.63839391869704 8.9972456514123 5.91383389407674 0.0458027219989948 5.94269223992197
0.00334448160535117 1.47635778491303 0.329734043793517 0.710166086341505 0.619279180925577 2.65679418495543 9.36659205015697 6.39410253341897 0.0511757487313854 6.37960355064125
0.00334448160535117 1.37119965932651 0.188451858881741 0.87071371134936 0.726921436482995 2.65752797495779 9.1898889092318 6.08373982321715 0.0447730409136626 6.1129905690432
0 1.51852929943744 0.370633263073535 0.918577919640259 0.816361792002842 2.98847382010892 9.54458011844468 6.30933629072282 0.0393506090009292 6.64334692679007
0.00334448160535117 1.38006611609931 0.176658160568083 0.781990445599681 0.721035437797264 2.52037431969556 9.44119128795785 6.37311081043934 0.0465103468834601 6.44924453644965
0.00334448160535117 1.42777073402051 0.295736717750057 0.921211520392369 0.480150231522016 2.70797129516815 9.1575132703285 6.10795786254379 0.047379984481479 6.14061704251042
0 1.41430551486701 0.233364076335816 0.885833127062817 0.626574996322552 2.11899183345411 9.32197118814737 6.0311859361842 0.0372246072205825 6.33046335117266
0 1.41517588870453 0.244510095432587 0.723354258764021 0.65871423786766 1.81573243777022 9.40725057335318 6.11975903677634 0.037347416620715 6.40597029782747
0.00334448160535117 1.38820054850244 0.247380297631619 0.696010971991459 0.385637759279679 1.71580442486321 9.46640224345303 6.34384456676383 0.0440443729680031 6.41756560200522
0 1.37531963771953 0.125576899605632 0.60994738413939 0.859411158493514 2.24057324566621 9.76654393087991 6.64123545334258 0.0439233821565941 6.98737717599228
0.00334448160535117 1.39801336227544 0.21276514966571 0.66779187124683 0.856122057227105 2.30962714981392 9.53906253761196 6.34935304011238 0.0411838332079729 6.61860273816638
0 1.41043488531452 0.21673850021986 0.773916611758587 0.51130759478761 2.02326053382917 9.72277897989781 6.59435762190287 0.043786866507332 6.90605996519844
0.00334448160535117 1.37425185185019 0.165244912088968 0.845793405774284 0.804388210794233 2.5207853323854 9.47703179921788 6.29118326264826 0.0413431497384739 6.50712222766107
0 1.41430551486701 0.233364076335816 0.885833127062817 0.626574996322552 2.11899183345411 9.32197118814737 6.0311859361842 0.0372246072205825 6.33046335117266
0.00334448160535117 1.35205667230766 0.160915467748418 0.607999608921818 0.628471133904532 1.81909584579989 9.42282397405098 6.32099308912621 0.0449667979475707 6.39644342591473
0 1.42877072198329 0.211341890844303 0.643488531818006 0.553582733130579 1.66516901940866 9.67416038117364 6.46541446115171 0.0404072554407463 6.97444072851263
0.00334448160535117 1.35205667230766 0.160915467748418 0.607999608921818 0.628471133904532 1.81909584579989 9.42282397405098 6.32099308912621 0.0449667979475707 6.39644342591473
0 1.31588948703796 0.115547875469608 0.605774563795222 0.448067731297191 1.26437810677697 9.46701862990887 6.18963211235201 0.0377267262136924 6.49135560582119
0 1.46037519991008 0.383915345057664 0.676831428699957 0.67060343249673 2.11347955969979 9.34240493933834 6.09514865838486 0.0388807394438398 6.29545048626629
0.00334448160535117 1.50498798812951 0.326397650957616 0.829543863503495 0.624328496500955 2.57420444331153 9.66235536540301 6.55303178250032 0.0446311343946869 6.81313057846891
0 1.44754805188432 0.262760257592635 0.870784219363339 0.431261469766247 2.33991438464574 9.71453042898322 6.64646843388988 0.0465112065154103 6.85885910919431
0 1.38809384450802 0.167533984908973 0.79866959566298 0.4161247098819 1.68314901545846 9.69328336294342 6.48023626134256 0.0402338297330855 6.89557726034069
0 1.41430551486701 0.233364076335816 0.885833127062817 0.626574996322552 2.11899183345411 9.32197118814737 6.0311859361842 0.0372246072205825 6.33046335117266
0 1.50116930109298 0.306658457103885 0.770345307665231 0.702397798054997 2.74455499433242 9.75017202387303 6.70213234138592 0.047451853976003 7.01096147576055
0 1.4664099997376 0.299105450656541 0.709239803018155 0.635233549244678 2.12431458337587 9.68884526287928 6.5211217386091 0.0420993269957736 6.85473417700488
0.00334448160535117 1.45707688305317 0.275587835068449 0.792879150470168 0.418045924881981 2.17413639380917 9.64592815475777 6.6006753952443 0.0475842830871432 6.77125739153416
0 1.37722490552858 0.291659201377146 0.901365711049998 0.557759662907545 2.81460474904303 8.9136567961698 5.8604894082905 0.0472091576179878 5.86084557593049
0.00334448160535117 1.3760901076952 0.283071120339446 0.63525837387424 0.335924320528284 1.61026714835316 9.15907930048515 6.04345657691491 0.0443508802079417 6.01281659368202
0 1.42896671494427 0.273502366062358 0.707076248308647 0.721107567453935 1.92485060028445 9.45695009969516 6.17327576962191 0.0374902518647047 6.48811880110016
0.00334448160535117 1.50996340219173 0.395089954750924 0.617341762983214 0.648979404930587 2.46311581479927 9.4271181043913 6.35960847014986 0.0465369045817137 6.50434805198342
0 1.42300341551174 0.2396052020934 0.747696048936859 0.502596882395745 1.73030442321609 9.68119114229657 6.44619589651906 0.0393603920677226 6.78861131768641
0 1.36410620271203 0.101726670279042 0.71938685364692 0.825567210644967 2.37875677360354 9.72196934643896 6.61786669233475 0.0448647597094417 6.97491790516293
0.00334448160535117 1.40663590490835 0.217535471360631 0.897323633848203 0.880039882955616 2.93598935465996 9.38679810343455 6.21572747169011 0.0419586515829215 6.36708881320513
0 1.54362015028271 0.366778520398083 0.928617742236616 0.552948900528363 2.79819017664992 9.70504636986226 6.58895398747149 0.0443300553165335 6.862423128984
0.00334448160535117 1.44541239276576 0.318307908785147 0.726610319957685 0.527972602876231 2.24989308053123 9.24550841298224 6.17170059741091 0.0462447277751966 6.22501212172091
0 1.42207830496523 0.248694778456498 0.619864200169412 0.602976574309581 1.86093304127887 9.76441971921154 6.62430424305817 0.0432778000595287 6.85806070595828
0.00334448160535117 1.34922610130162 0.162552643238592 0.943054514361592 0.582492422805857 2.68019863605753 9.11596787740761 6.03891452791846 0.0460948822385999 6.0725163608473
0 1.41430551486701 0.233364076335816 0.885833127062817 0.626574996322552 2.11899183345411 9.32197118814737 6.0311859361842 0.0372246072205825 6.33046335117266
0.00334448160535117 1.40291734233333 0.190047220234049 0.928836508332256 0.570431894001102 2.82645599889897 9.31544840678381 6.31151255400309 0.0495914989151343 6.43343212994712
0 1.37722490552858 0.291659201377146 0.901365711049998 0.557759662907545 2.81460474904303 8.9136567961698 5.8604894082905 0.0472091576179878 5.86084557593049
0 1.29631081185458 0.120940821363988 0.823903677899008 0.655922768636079 2.10727987615279 9.06797493707061 5.87874844009403 0.0412037298256029 5.92777672785072
0.00334448160535117 1.41080206095142 0.27351842581404 0.869324157132803 0.68549236314581 2.91498757652675 9.14515310711657 6.1032295104388 0.0477429629028746 6.16053198822352
0 1.42195752425052 0.227166100943879 0.845690995050687 0.39839905849679 2.45319808835345 9.54080773491061 6.57538888754499 0.051538877800476 6.70771023809747
0.00334448160535117 1.37799062870916 0.248752935652548 0.712512154015969 0.410700471659325 2.00083841977375 9.09272364901969 6.06908674529299 0.0486240553867061 6.05921855628372
0.00334448160535117 1.48700297396279 0.348560555004258 0.796929565765068 0.5352980353113 2.44998217084509 9.527059265801 6.45912167547259 0.0465169930910548 6.52704375721516
0.00334448160535117 1.3965665447692 0.219809867005861 0.866817774129597 0.68273324778 2.68100256551518 9.40241256971961 6.32195464062307 0.0459382153862405 6.40334238298834
0.00334448160535117 1.39422446077179 0.291755760834357 0.628383161701744 0.417389030762021 1.93502453676305 9.25776579578718 6.2532517220144 0.049562832358035 6.15757203003891
0 1.4594573698554 0.378051076413078 0.644965444513116 0.54560928986064 2.48596049145007 9.04197142325802 6.0650866869786 0.0509513136625162 5.98212103210483
0.00334448160535117 1.44340319877532 0.359791722991011 0.728776499387909 0.604323011814807 2.31010217071227 9.26840710332958 6.1345926012628 0.0435513532770391 6.23212720811051
0 1.48922468530223 0.396280225712642 0.843077319314965 0.701914810054566 2.47739225511971 9.29239766439508 6.00176135258535 0.0372301518721937 6.29633553998044
0 1.46041678422266 0.233122652000384 0.824562124771816 0.776300343221938 2.86970958796977 9.75424132619108 6.69964811249404 0.0471418935470426 6.99521655475213
0.00334448160535117 1.449700191514 0.343318537983825 0.911630126878865 0.447465004798796 2.3101313237829 9.3042277218561 6.09271161412427 0.0402954746566937 6.2839475765008
0 1.44624936107489 0.214871582877232 0.690389426352552 0.749672414080682 2.43579910117548 9.70259835247796 6.6407291444567 0.0468001342243368 6.98941050061262
0.00334448160535117 1.48549892429282 0.351674621380179 0.89786297959727 0.582280439833909 2.57011934014419 9.49972100106354 6.3281867524844 0.0419392033542977 6.50817283403213
0 1.39210400332207 0.279692640294435 0.671257448018735 0.381882106846405 1.51685897793054 9.07533646716611 5.85327948580211 0.039872955920855 5.96603989580931
0.00334448160535117 1.37284427421006 0.15898141760763 0.63181306925314 0.594607937065082 1.81435907650544 9.49367387264532 6.37986458174568 0.0444313805119606 6.62360320064758
0 1.47437035415313 0.231600041225607 0.948970648511416 0.613150840191546 2.72737040837589 9.73487124824307 6.63919586413745 0.0452444447600887 7.090859862464
0 1.39769305458756 0.183931668563436 0.770059951476552 0.549276413109494 2.1733459592087 9.65670845091777 6.58707202350389 0.0464380353852162 6.85265237418449
0 1.4024737177197 0.311374530694709 0.664135107435978 0.625250764777766 1.92625495896852 9.15724253885338 5.93837793235639 0.0400004487373652 6.06413151190427
0 1.4664099997376 0.299105450656541 0.709239803018155 0.635233549244678 2.12431458337587 9.68884526287928 6.5211217386091 0.0420993269957736 6.85473417700488
0.00334448160535117 1.36799491639333 0.177537300077695 0.778353515842483 0.694468864713407 2.667703395099 9.41684546871558 6.43300439935314 0.0505981092816344 6.45141784050022
0.00334448160535117 1.47318155133647 0.340592252383793 0.774732930301075 0.364417266507946 2.14013571775412 9.50638339407184 6.43682321887782 0.0464415765235086 6.53556052338537
0 1.38616374669897 0.136528071659623 0.690115649070609 0.713775119717427 2.07846428780108 9.78134413134385 6.65973861409436 0.0440863302053104 6.99701752223115
0.00334448160535117 1.31036998509942 0.112706923340977 0.745967164528293 0.499959824578279 1.80889976198569 9.18300129182772 6.06818443262522 0.0443866354069649 6.13502361907935
0 1.46565475129829 0.249251357396945 0.849031294049661 0.607259442692328 2.30950107602814 9.76407489915247 6.60902574071133 0.0426363050068459 6.96675976555854
0.00334448160535117 1.40914484744843 0.267845075724209 0.857770085542918 0.307240821711772 1.94093793619277 9.28590769542528 6.14091670615369 0.0430673121129351 6.27378068615504
0.00334448160535117 1.44562011464128 0.276737643377689 0.920077449447061 0.519106666521289 2.60146272283839 9.42474827840743 6.33852340432775 0.0456740546577916 6.47450778986152
0 1.45519867194931 0.288484544414598 0.711996008391266 0.54006186398303 1.99534054337284 9.74938020510334 6.59268830631728 0.0425663221260412 6.90815519900346
0.00334448160535117 1.35752858263921 0.196703897850351 0.751492854500328 0.678994255988346 2.24354039136135 9.11041874242944 5.99531130550334 0.0443737395132104 6.01009205611847
0 1.37721210040618 0.135639345319942 0.690263858751859 0.810493229515851 2.66164262732491 9.63665461842031 6.65646942172165 0.050783428070739 6.79081688651424
0.00334448160535117 1.42097196468507 0.223264501439405 0.920836806414845 0.722185719407494 2.8890550210082 9.52796800439337 6.44041476715589 0.0456134232055258 6.72440819651644
0.00334448160535117 1.33426203098761 0.140150533213245 0.728204802931512 0.379066307043454 1.79213016813526 9.66878790264689 6.61150885920258 0.0470154483281874 6.76487075809586
0.00334448160535117 1.38758618020821 0.247675311696933 0.71474384237012 0.588085023830871 2.42993468918502 9.26283987737416 6.28994272317771 0.0511548918305539 6.18843173255292
0.00334448160535117 1.36505397814489 0.192883251953418 0.758012642881402 0.494963212082452 1.77089062821542 9.54220996919251 6.34165182491116 0.0407394591353629 6.58889591004815
0 1.37066861642254 0.246028335315158 0.765579974843481 0.561869691031225 2.11001237676611 9.02339098039754 5.88519659037155 0.0433610203519269 5.93208277508266
0 1.32588452019779 0.143352624661419 0.813299957714075 0.611692331050401 2.55947666121996 8.97691005024064 6.00483224676103 0.0511968228035856 5.94190547037976
0 1.4664099997376 0.299105450656541 0.709239803018155 0.635233549244678 2.12431458337587 9.68884526287928 6.5211217386091 0.0420993269957736 6.85473417700488
0.00334448160535117 1.48700297396279 0.348560555004258 0.796929565765068 0.5352980353113 2.44998217084509 9.527059265801 6.45912167547259 0.0465169930910548 6.52704375721516
0.00334448160535117 1.39616860351824 0.236084253560661 0.70749456425394 0.632399459275074 1.9299328375627 9.30832689142883 6.11644384963496 0.0410944155341273 6.25642959327553
0 1.48201548661813 0.329848534922313 0.668793012211564 0.361723430322762 1.85991395383232 9.72877100421822 6.65245004085953 0.0461286538564598 6.83589401186471
0.00334448160535117 1.31723661965167 0.12921518749988 0.904697911929694 0.318642603224053 1.75342206561091 9.33204349183041 6.09844874388191 0.0394155548300103 6.41458537170456
0.00334448160535117 1.45707688305317 0.275587835068449 0.792879150470168 0.418045924881981 2.17413639380917 9.64592815475777 6.6006753952443 0.0475842830871432 6.77125739153416
0.00334448160535117 1.34461061037755 0.183770124819481 0.721977628930783 0.729137524078583 2.3385386415637 9.06101345573831 5.95976961078906 0.0449932030051909 5.96170312017277
0 1.38616374669897 0.136528071659623 0.690115649070609 0.713775119717427 2.07846428780108 9.78134413134385 6.65973861409436 0.0440863302053104 6.99701752223115
0 1.4432859169526 0.184729629531196 0.88670275159301 0.425898927871444 2.26001188889969 9.73011701556917 6.66708401079971 0.0467457000616061 7.08740660722021
0 1.36154053558745 0.201579111589087 0.856105231653846 0.412422587399237 2.31254830869359 8.97626225560919 5.96761086822858 0.0493581989853947 5.87366875626821
0.00334448160535117 1.47395580023327 0.347204864160252 0.689826179473897 0.692340257744965 2.5443301221896 9.23945722993317 6.17709694354924 0.0467771573332382 6.17862133408833
0 1.43730176135343 0.20883170764607 0.729008913641788 0.848911391513027 2.51482280126323 9.71365667120747 6.57769444532185 0.0434579173714392 6.87797625249301
0 1.34061331796164 0.23552765237517 0.641872609251284 0.383012392187433 1.53216151993576 9.04649458219635 5.86007371898257 0.0413194947221684 5.95161863856078
0.00334448160535117 1.35865327552399 0.172758091714945 0.857848535912983 0.737765501267071 2.68942587652377 9.14671604276688 6.06936092688025 0.0460809744506018 6.19960245780432
0.00334448160535117 1.38575927814474 0.180402601032873 0.944808427254578 0.713350019037383 2.9470756292267 9.39300520317807 6.3124967692413 0.045935895342599 6.40790256536708
0 1.41430551486701 0.233364076335816 0.885833127062817 0.626574996322552 2.11899183345411 9.32197118814737 6.0311859361842 0.0372246072205825 6.33046335117266
0.00334448160535117 1.31036998509942 0.112706923340977 0.745967164528293 0.499959824578279 1.80889976198569 9.18300129182772 6.06818443262522 0.0443866354069649 6.13502361907935
0.00334448160535117 1.41080206095142 0.27351842581404 0.869324157132803 0.68549236314581 2.91498757652675 9.14515310711657 6.1032295104388 0.0477429629028746 6.16053198822352
0.00334448160535117 1.40267425964326 0.280251353349974 0.804637029644666 0.525885032137686 2.4130620638061 9.17478573056232 6.11659827786475 0.0469727584527547 6.13113952918046
0.00334448160535117 1.35175379802173 0.177511125050756 0.713152858386779 0.824483298206195 2.5470458377256 9.15024876025854 6.07464613604437 0.0461618017785083 6.10182882737692
0 1.36154053558745 0.201579111589087 0.856105231653846 0.412422587399237 2.31254830869359 8.97626225560919 5.96761086822858 0.0493581989853947 5.87366875626821
0.00334448160535117 1.34635745207278 0.155185448285093 0.697504253211303 0.883671040591701 2.44258095160169 9.26357698522921 6.11860184308016 0.0430679946113155 6.27248384750827
0 1.42125915155884 0.146356927415539 0.830035052788177 0.758255759130805 2.38138606527218 9.6975722391883 6.53556052338537 0.0423404783376868 7.05569240891426
0 1.48659995333886 0.305892966763836 0.697288103173712 0.521862569089919 2.02361231805342 9.76095130615232 6.63851436322821 0.044049690932005 6.93419847388911
0.00334448160535117 1.3965665447692 0.219809867005861 0.866817774129597 0.68273324778 2.68100256551518 9.40241256971961 6.32195464062307 0.0459382153862405 6.40334238298834
0.00334448160535117 1.37957711220495 0.199503478289143 0.721672883825443 0.620574403149748 2.00745187802065 9.51333461252957 6.36833964280541 0.0430671406858835 6.48639788820511
0 1.42195752425052 0.227166100943879 0.845690995050687 0.39839905849679 2.45319808835345 9.54080773491061 6.57538888754499 0.051538877800476 6.70771023809747
0.00334448160535117 1.45564614706118 0.266531356127265 0.847919701957048 0.780087302122048 2.77527329664417 9.50076268653284 6.36966122806195 0.0436696704243556 6.58498474385786
0.00334448160535117 1.37218748532184 0.196156731020336 0.791796564988569 0.591039635330928 2.27785121900623 9.10684206690565 6.0212709905682 0.0457039260154542 6.00197039144664
0.00334448160535117 1.42004757414112 0.363066739904749 0.664431187441707 0.310662532073015 1.95626719736319 9.02644157198787 5.95863139001274 0.0465229201221124 5.97827798530381
0.00334448160535117 1.40914484744843 0.267845075724209 0.857770085542918 0.307240821711772 1.94093793619277 9.28590769542528 6.14091670615369 0.0430673121129351 6.27378068615504
0.00334448160535117 1.3542317004975 0.138197870084918 0.654298803027937 0.758114271262013 2.41421312650856 9.52984735157327 6.53007406821181 0.0497983572042819 6.63931545275275
0.00334448160535117 1.41743722820238 0.299361348240766 0.641833206621088 0.402357697441851 1.52719155837801 9.46702082182153 6.2439727070521 0.0398334560803075 6.4321037302238
0.00334448160535117 1.35932378308798 0.208760622459184 0.712973929025614 0.616195809453289 2.05139148346532 9.26250869158075 6.11724274697414 0.0430554721535097 6.18641856238929
0.00334448160535117 1.48700297396279 0.348560555004258 0.796929565765068 0.5352980353113 2.44998217084509 9.527059265801 6.45912167547259 0.0465169930910548 6.52704375721516
0.00334448160535117 1.4243849754629 0.338122173794919 0.685616719247971 0.403805480195263 2.09900878614292 9.09552028937462 6.05487041172615 0.0478038127678277 6.10574940778664
0.00334448160535117 1.46707205516765 0.295206640450747 0.866082958467446 0.788411123576148 2.75203111830043 9.6217469780496 6.45712201074982 0.0422299764667695 6.72865302446529
0 1.39769305458756 0.183931668563436 0.770059951476552 0.549276413109494 2.1733459592087 9.65670845091777 6.58707202350389 0.0464380353852162 6.85265237418449
0 1.35747764746193 0.186526108090766 0.838175700989086 0.552615463687107 1.92526328191161 9.4333031069441 6.19326188040259 0.0391622805403217 6.43986142259966
0 1.42300341551174 0.2396052020934 0.747696048936859 0.502596882395745 1.73030442321609 9.68119114229657 6.44619589651906 0.0393603920677226 6.78861131768641
0 1.4024737177197 0.311374530694709 0.664135107435978 0.625250764777766 1.92625495896852 9.15724253885338 5.93837793235639 0.0400004487373652 6.06413151190427
0.00334448160535117 1.35205667230766 0.160915467748418 0.607999608921818 0.628471133904532 1.81909584579989 9.42282397405098 6.32099308912621 0.0449667979475707 6.39644342591473
0.00334448160535117 1.49562177797183 0.349661682774777 0.705077665813837 0.566437552969386 2.43111160867334 9.60345485750111 6.57766662387986 0.0485195614435322 6.6804279880216
0 1.42195752425052 0.227166100943879 0.845690995050687 0.39839905849679 2.45319808835345 9.54080773491061 6.57538888754499 0.051538877800476 6.70771023809747
0 1.35399567132512 0.134690383284039 0.875550270878811 0.884876083128583 2.41880496957978 9.49228885125208 6.21389951410227 0.0376889120770153 6.61150885920258
0 1.41430551486701 0.233364076335816 0.885833127062817 0.626574996322552 2.11899183345411 9.32197118814737 6.0311859361842 0.0372246072205825 6.33046335117266
0 1.38809384450802 0.167533984908973 0.79866959566298 0.4161247098819 1.68314901545846 9.69328336294342 6.48023626134256 0.0402338297330855 6.89557726034069
0 1.43574277110924 0.293680612265365 0.711464447785444 0.508316388402957 2.46720061073594 9.3777862068183 6.44044801128414 0.0530066344196865 6.43190123605823
0.00334448160535117 1.37799062870916 0.248752935652548 0.712512154015969 0.410700471659325 2.00083841977375 9.09272364901969 6.06908674529299 0.0486240553867061 6.05921855628372
0 1.42207830496523 0.248694778456498 0.619864200169412 0.602976574309581 1.86093304127887 9.76441971921154 6.62430424305817 0.0432778000595287 6.85806070595828
0.00334448160535117 1.34974579784973 0.162962124774737 0.907589155321281 0.407246735336328 2.14725026981973 9.19948162864131 6.08947899744194 0.0446008379864236 6.13136524026384
0.00334448160535117 1.38758618020821 0.247675311696933 0.71474384237012 0.588085023830871 2.42993468918502 9.26283987737416 6.28994272317771 0.0511548918305539 6.18843173255292
0 1.42019619113892 0.219611791743782 0.782476191159496 0.847917780572466 2.5289650288007 9.75983336433923 6.57936940833433 0.0415663656818338 6.95644412089605
0 1.39210400332207 0.279692640294435 0.671257448018735 0.381882106846405 1.51685897793054 9.07533646716611 5.85327948580211 0.039872955920855 5.96603989580931
0.00334448160535117 1.38761859631244 0.263438776579257 0.679031326025642 0.551552426871317 2.14660513423483 9.24536075331079 6.21628016912028 0.0483600807150852 6.11476521242907
0.00334448160535117 1.4025832525635 0.246178239369705 0.86830146480292 0.346366662543372 2.39304822812664 9.28553287486141 6.2835898587363 0.0496904252112143 6.34157109126243
0 1.48201548661813 0.329848534922313 0.668793012211564 0.361723430322762 1.85991395383232 9.72877100421822 6.65245004085953 0.0461286538564598 6.83589401186471
0 1.40320310573865 0.29769325604344 0.646562857531154 0.634265961866962 2.51628493343602 9.14305489299641 6.18118619181836 0.0517221735218001 6.05897080688874
0 1.36154053558745 0.201579111589087 0.856105231653846 0.412422587399237 2.31254830869359 8.97626225560919 5.96761086822858 0.0493581989853947 5.87366875626821
0 1.38584816144048 0.143487300151571 0.866043570342912 0.896053482187297 2.58594624931634 9.58067378678727 6.3408192853366 0.0391695938034765 6.7849979354228
0 1.4664099997376 0.299105450656541 0.709239803018155 0.635233549244678 2.12431458337587 9.68884526287928 6.5211217386091 0.0420993269957736 6.85473417700488
0.00334448160535117 1.42976149868658 0.304837507762574 0.617858979516201 0.491705044145529 1.95873312924066 9.54848264188662 6.4923004392446 0.0470670450817919 6.51236920631564
0 1.41043488531452 0.21673850021986 0.773916611758587 0.51130759478761 2.02326053382917 9.72277897989781 6.59435762190287 0.043786866507332 6.90605996519844
0 1.45394849134609 0.299604720366187 0.736225692403968 0.70508061312139 2.89246300049126 9.41897112017145 6.45214358718338 0.0514663268370685 6.45125999976119
0 1.45394849134609 0.299604720366187 0.736225692403968 0.70508061312139 2.89246300049126 9.41897112017145 6.45214358718338 0.0514663268370685 6.45125999976119
0.00334448160535117 1.35205667230766 0.160915467748418 0.607999608921818 0.628471133904532 1.81909584579989 9.42282397405098 6.32099308912621 0.0449667979475707 6.39644342591473
0.00334448160535117 1.29062931862184 0.126037419162673 0.668876196347462 0.542419750075963 1.8336747291206 9.06920682271155 5.98583763457618 0.045804671825738 5.97148857145451
0.00334448160535117 1.41932636346122 0.293735895497073 0.74622290329544 0.595809726919243 2.24544674392317 9.18450140256984 6.07640294362417 0.0446858465744203 6.1249021853377
0.00334448160535117 1.44627987891846 0.364633139160157 0.840016169738972 0.384255187530491 2.36614112271 8.99756218501379 5.89026204159882 0.0447215342228499 5.97120869211965
0 1.38088639531449 0.237573663954634 0.615260738961066 0.866892683078211 2.75542334862529 8.97470505998509 5.97067705999655 0.0495869294075146 5.89503394820186
0.00334448160535117 1.42162094190669 0.247583129768142 0.841838413438633 0.46575014178004 2.45694033627761 9.40140195654483 6.40191719672719 0.0498127272757312 6.47887823786331
0 1.37721210040618 0.135639345319942 0.690263858751859 0.810493229515851 2.66164262732491 9.63665461842031 6.65646942172165 0.050783428070739 6.79081688651424
0.00334448160535117 1.51188072477546 0.399185485725761 0.777204793570151 0.703770967793114 2.89139251160068 9.37972865335824 6.29821368227699 0.0458896824190852 6.40029066734833
0.00334448160535117 1.31723661965167 0.12921518749988 0.904697911929694 0.318642603224053 1.75342206561091 9.33204349183041 6.09844874388191 0.0394155548300103 6.41458537170456
0.00334448160535117 1.35205667230766 0.160915467748418 0.607999608921818 0.628471133904532 1.81909584579989 9.42282397405098 6.32099308912621 0.0449667979475707 6.39644342591473
0.00334448160535117 1.40250761233106 0.268624297244397 0.803999812238446 0.339916818072076 2.15743058145569 9.19489368378716 6.16419862387711 0.048282067531117 6.21572747169011
0.00334448160535117 1.33714838080086 0.155427998080007 0.650773823155235 0.89582321259552 2.37842043041057 9.2598584457583 6.09751232654594 0.0423263219044862 6.17061267110852
0 1.38088639531449 0.237573663954634 0.615260738961066 0.866892683078211 2.75542334862529 8.97470505998509 5.97067705999655 0.0495869294075146 5.89503394820186
0 1.41430551486701 0.233364076335816 0.885833127062817 0.626574996322552 2.11899183345411 9.32197118814737 6.0311859361842 0.0372246072205825 6.33046335117266
0.00334448160535117 1.41379955145656 0.20786721918426 0.939333766472282 0.658449081602198 2.90383887345247 9.40304945776764 6.35350009728881 0.047380271003604 6.46034254306621
0 1.38809384450802 0.167533984908973 0.79866959566298 0.4161247098819 1.68314901545846 9.69328336294342 6.48023626134256 0.0402338297330855 6.89557726034069
0 1.38590117072233 0.116497571913292 0.881523695452439 0.750527895723317 2.79518278276197 9.62617142570232 6.58058011586015 0.0475681761391234 6.85585709844036
0.00334448160535117 1.44059757437448 0.348211881771126 0.757797311106426 0.620262084268739 2.66840082416782 9.07955947897145 6.03600760985865 0.0476652876078458 6.02547942569526
0 1.48201548661813 0.329848534922313 0.668793012211564 0.361723430322762 1.85991395383232 9.72877100421822 6.65245004085953 0.0461286538564598 6.83589401186471
0 1.43635731068529 0.268855088719446 0.682541999590238 0.462339574741516 1.91209878230994 9.75172235850716 6.6583704164627 0.0453496898241367 6.90861490939402
0 1.44754805188432 0.262760257592635 0.870784219363339 0.431261469766247 2.33991438464574 9.71453042898322 6.64646843388988 0.0465112065154103 6.85885910919431
0 1.38590117072233 0.116497571913292 0.881523695452439 0.750527895723317 2.79518278276197 9.62617142570232 6.58058011586015 0.0475681761391234 6.85585709844036
0.00334448160535117 1.40093989594262 0.2417688641781 0.813527131766053 0.603211744598805 2.21635583085039 9.26350571299048 6.10251385088328 0.0423836814576846 6.2259831564437
0 1.38406086401733 0.176281203028096 0.707014646955603 0.788557858951796 2.01226621223921 9.59717587880977 6.33367828720087 0.0382543656107142 6.56255938740458
0.00334448160535117 1.42926005333955 0.340838692557893 0.714873343099348 0.632180817606964 2.45104697407095 9.06569025190324 5.98692299987671 0.0460159477652905 5.99203729972055
0 1.48518246105653 0.257352726513368 0.903458690052053 0.763155875881872 2.87758328501007 9.73756755182931 6.624012105539 0.0444426606100242 7.09647300328133
0.00334448160535117 1.34461061037755 0.183770124819481 0.721977628930783 0.729137524078583 2.3385386415637 9.06101345573831 5.95976961078906 0.0449932030051909 5.96170312017277
0 1.46565475129829 0.249251357396945 0.849031294049661 0.607259442692328 2.30950107602814 9.76407489915247 6.60902574071133 0.0426363050068459 6.96675976555854
0.00334448160535117 1.50672681900145 0.376358653542286 0.796375781010883 0.523412530681172 2.42275442338081 9.53391117036438 6.43020323197907 0.04488247203076 6.58944903698655
0 1.32188574333252 0.161022766810025 0.825631976043922 0.663218325011321 2.56279474061253 8.9238548056476 5.89014677446711 0.0481368139810394 5.87129585553611
0.00334448160535117 1.4722868133235 0.386860807091009 0.94699231626055 0.484863129401545 2.9440024680236 9.04042711285743 5.95173570487899 0.0455615368751911 6.05654979376392
0.00334448160535117 1.39440343004506 0.262348385715609 0.69500850688078 0.508925649382144 2.12539255099906 9.280735459898 6.25939024119408 0.048735614186174 6.15213677249688
0.00334448160535117 1.39171408090824 0.256093282968897 0.622849429938887 0.54492923764884 1.77560071102474 9.29773058876158 6.14475479856386 0.0427247974746984 6.2433740364002
0 1.40668093775849 0.214769541597194 0.670151917398017 0.684670288502131 2.49713129434895 9.57994615114384 6.61617227444541 0.0516237275111874 6.68205847088021
0.00334448160535117 1.44983485580403 0.326613367553984 0.834937308731206 0.503578667934059 2.10559266741155 9.3583254999404 6.14171009630054 0.0400905191162574 6.34708458700496
0.00334448160535117 1.45564614706118 0.266531356127265 0.847919701957048 0.780087302122048 2.77527329664417 9.50076268653284 6.36966122806195 0.0436696704243556 6.58498474385786
0 1.37721210040618 0.135639345319942 0.690263858751859 0.810493229515851 2.66164262732491 9.63665461842031 6.65646942172165 0.050783428070739 6.79081688651424
0 1.37040197649374 0.158697492679807 0.760705880032789 0.704510034857657 2.71469869911111 9.27562470867417 6.3325022390173 0.0527009145520334 6.33520199472061
0.00334448160535117 1.3402184933072 0.148164796006096 0.883182264943112 0.474844295052528 2.46111057371063 9.06637663569245 6.05488875081592 0.0492183929510396 6.05203910509302
0.00334448160535117 1.37461788547611 0.205161032415301 0.691377390772565 0.887060987063238 2.75121694028227 9.17449080345748 6.1171790086462 0.0470139085332015 6.14212700730777
0 1.48793506400697 0.287553332685129 0.791410428474472 0.600858930170251 2.31068777795419 9.77758867232717 6.65247585763786 0.043931977171477 7.03834484868574
0 1.37722490552858 0.291659201377146 0.901365711049998 0.557759662907545 2.81460474904303 8.9136567961698 5.8604894082905 0.0472091576179878 5.86084557593049
0.00334448160535117 1.34653415929698 0.137497345612805 0.788454680732213 0.448988606675766 1.95240103805853 9.57668204219967 6.49263369684066 0.0457735738134061 6.62435734980274
0.00334448160535117 1.43272191957174 0.284670896790688 0.875469576537434 0.506997406900857 2.52096264629519 9.42012653786987 6.33682573114644 0.045807804120965 6.46579553451295
0 1.36410620271203 0.101726670279042 0.71938685364692 0.825567210644967 2.37875677360354 9.72196934643896 6.61786669233475 0.0448647597094417 6.97491790516293
0.00334448160535117 1.46707205516765 0.295206640450747 0.866082958467446 0.788411123576148 2.75203111830043 9.6217469780496 6.45712201074982 0.0422299764667695 6.72865302446529
0 1.45394849134609 0.299604720366187 0.736225692403968 0.70508061312139 2.89246300049126 9.41897112017145 6.45214358718338 0.0514663268370685 6.45125999976119
0.00334448160535117 1.41705298463025 0.26594326566212 0.756618706029753 0.599297663898652 2.22429115588747 9.25971734158982 6.14606701990516 0.0444384442950882 6.22427550382433
0 1.31588948703796 0.115547875469608 0.605774563795222 0.448067731297191 1.26437810677697 9.46701862990887 6.18963211235201 0.0377267262136924 6.49135560582119
0.00334448160535117 1.37930767075628 0.216538871538465 0.727332102789845 0.858754162069257 2.40198484756524 9.12436255159195 5.93489419561959 0.0411937655379097 6.10576931838804
0.00334448160535117 1.4647789875605 0.286794970730752 0.898836778878997 0.550387028388645 2.62090908989619 9.60571803779102 6.52215282037839 0.0457956936490463 6.72420030878528
0 1.36410620271203 0.101726670279042 0.71938685364692 0.825567210644967 2.37875677360354 9.72196934643896 6.61786669233475 0.0448647597094417 6.97491790516293
0 1.44272101122485 0.288328579751532 0.667104228616971 0.431053380536394 1.95085548490737 9.72190812029961 6.68123101950845 0.0478025114155251 6.79695778749947
0.00334448160535117 1.41705298463025 0.26594326566212 0.756618706029753 0.599297663898652 2.22429115588747 9.25971734158982 6.14606701990516 0.0444384442950882 6.22427550382433
0.00334448160535117 1.35752858263921 0.196703897850351 0.751492854500328 0.678994255988346 2.24354039136135 9.11041874242944 5.99531130550334 0.0443737395132104 6.01009205611847
0 1.48422178912991 0.313344829272168 0.794287139932283 0.486744115641012 2.14682706381189 9.7221371240444 6.57524319061256 0.042985435351013 6.94260105140774
0.00334448160535117 1.37957711220495 0.199503478289143 0.721672883825443 0.620574403149748 2.00745187802065 9.51333461252957 6.36833964280541 0.0430671406858835 6.48639788820511
0 1.42896671494427 0.273502366062358 0.707076248308647 0.721107567453935 1.92485060028445 9.45695009969516 6.17327576962191 0.0374902518647047 6.48811880110016
0.00334448160535117 1.47635778491303 0.329734043793517 0.710166086341505 0.619279180925577 2.65679418495543 9.36659205015697 6.39410253341897 0.0511757487313854 6.37960355064125
0 1.352772063476 0.114406000656398 0.930364240389386 0.519133415751001 1.9549226305354 9.61438780899673 6.34973480875954 0.0382101917109845 6.74990458070291
0 1.38584816144048 0.143487300151571 0.866043570342912 0.896053482187297 2.58594624931634 9.58067378678727 6.3408192853366 0.0391695938034765 6.7849979354228
0 1.45394849134609 0.299604720366187 0.736225692403968 0.70508061312139 2.89246300049126 9.41897112017145 6.45214358718338 0.0514663268370685 6.45125999976119
0.00334448160535117 1.46374677450384 0.332216542687202 0.918040046894571 0.497847261988361 2.48897649052367 9.42030356518466 6.26921223245704 0.042805386447856 6.42490209979803
0.00334448160535117 1.4487903031738 0.329714368538993 0.745648474860385 0.354142559664263 1.87987227289174 9.4095006508955 6.2773337528196 0.0436231678052125 6.36010335208544
0.00334448160535117 1.47786660554279 0.398009720560396 0.808581168147975 0.63550576780345 2.65102674930678 9.2880788885777 6.14444311170506 0.0431257170348988 6.26943713470087
0.00334448160535117 1.38687270070808 0.20574418642737 0.690153202877926 0.446749120395438 1.58822235325054 9.61243592060083 6.41185247621071 0.0407384284356544 6.6355090146602
0.00334448160535117 1.45707688305317 0.275587835068449 0.792879150470168 0.418045924881981 2.17413639380917 9.64592815475777 6.6006753952443 0.0475842830871432 6.77125739153416
0.00334448160535117 1.47347952497295 0.37386236807962 0.768443251520791 0.802219186529581 2.77543488485496 9.09206001880039 5.92610936606386 0.0421740298939447 6.07848442746282
0.00334448160535117 1.38820054850244 0.247380297631619 0.696010971991459 0.385637759279679 1.71580442486321 9.46640224345303 6.34384456676383 0.0440443729680031 6.41756560200522
0 1.41430551486701 0.233364076335816 0.885833127062817 0.626574996322552 2.11899183345411 9.32197118814737 6.0311859361842 0.0372246072205825 6.33046335117266
0.00334448160535117 1.37930767075628 0.216538871538465 0.727332102789845 0.858754162069257 2.40198484756524 9.12436255159195 5.93489419561959 0.0411937655379097 6.10576931838804
0.00334448160535117 1.42752300304818 0.24958905605949 0.944292833522772 0.404323341866123 2.51291740187675 9.62277974273325 6.55877659026874 0.0467003718195378 6.74422743734228
0 1.352772063476 0.114406000656398 0.930364240389386 0.519133415751001 1.9549226305354 9.61438780899673 6.34973480875954 0.0382101917109845 6.74990458070291
0 1.41517588870453 0.244510095432587 0.723354258764021 0.65871423786766 1.81573243777022 9.40725057335318 6.11975903677634 0.037347416620715 6.40597029782747
0.00334448160535117 1.48700297396279 0.348560555004258 0.796929565765068 0.5352980353113 2.44998217084509 9.527059265801 6.45912167547259 0.0465169930910548 6.52704375721516
0.00334448160535117 1.34922610130162 0.162552643238592 0.943054514361592 0.582492422805857 2.68019863605753 9.11596787740761 6.03891452791846 0.0460948822385999 6.0725163608473
0.00334448160535117 1.41205620180594 0.253824857733523 0.728027498598459 0.679165520185476 2.21389426263031 9.5338359172171 6.38721596302851 0.0429972140815514 6.55367696089067
0.00334448160535117 1.38960642748927 0.24610617552776 0.877006006398215 0.829121826366672 2.86665166847269 9.09000061324024 5.92095076278032 0.0420435265687731 6.02838105278487
0.00334448160535117 1.37930767075628 0.216538871538465 0.727332102789845 0.858754162069257 2.40198484756524 9.12436255159195 5.93489419561959 0.0411937655379097 6.10576931838804
0 1.32588452019779 0.143352624661419 0.813299957714075 0.611692331050401 2.55947666121996 8.97691005024064 6.00483224676103 0.0511968228035856 5.94190547037976
0 1.38088639531449 0.237573663954634 0.615260738961066 0.866892683078211 2.75542334862529 8.97470505998509 5.97067705999655 0.0495869294075146 5.89503394820186
0 1.44754805188432 0.262760257592635 0.870784219363339 0.431261469766247 2.33991438464574 9.71453042898322 6.64646843388988 0.0465112065154103 6.85885910919431
0.00334448160535117 1.39440343004506 0.262348385715609 0.69500850688078 0.508925649382144 2.12539255099906 9.280735459898 6.25939024119408 0.048735614186174 6.15213677249688
0 1.4317549553197 0.203860816122715 0.930162540540451 0.596401869535414 2.49839126050709 9.75099233500803 6.61147635930484 0.0433037528987389 6.96932063464029
0.00334448160535117 1.35205667230766 0.160915467748418 0.607999608921818 0.628471133904532 1.81909584579989 9.42282397405098 6.32099308912621 0.0449667979475707 6.39644342591473
0.00334448160535117 1.37957711220495 0.199503478289143 0.721672883825443 0.620574403149748 2.00745187802065 9.51333461252957 6.36833964280541 0.0430671406858835 6.48639788820511
0.00334448160535117 1.38820054850244 0.247380297631619 0.696010971991459 0.385637759279679 1.71580442486321 9.46640224345303 6.34384456676383 0.0440443729680031 6.41756560200522
0 1.43574277110924 0.293680612265365 0.711464447785444 0.508316388402957 2.46720061073594 9.3777862068183 6.44044801128414 0.0530066344196865 6.43190123605823
0.00334448160535117 1.42926005333955 0.340838692557893 0.714873343099348 0.632180817606964 2.45104697407095 9.06569025190324 5.98692299987671 0.0460159477652905 5.99203729972055
0.00334448160535117 1.46517584741534 0.35398941492603 0.603124307166693 0.457120735064498 1.95936634553014 9.34539385563221 6.282603138908 0.0467570273580768 6.30162947536182
0 1.46903571655432 0.313912663920175 0.706437981820392 0.757850108590761 2.24451624911467 9.65471086356832 6.44149971898196 0.0402272301968569 6.75726455998637
0 1.37531963771953 0.125576899605632 0.60994738413939 0.859411158493514 2.24057324566621 9.76654393087991 6.64123545334258 0.0439233821565941 6.98737717599228
0 1.32588452019779 0.143352624661419 0.813299957714075 0.611692331050401 2.55947666121996 8.97691005024064 6.00483224676103 0.0511968228035856 5.94190547037976
0 1.37531963771953 0.125576899605632 0.60994738413939 0.859411158493514 2.24057324566621 9.76654393087991 6.64123545334258 0.0439233821565941 6.98737717599228
0.00334448160535117 1.40982504568636 0.264085818908765 0.85210257776858 0.615044217406014 2.28472676311981 9.27221846956819 6.09043222306116 0.041511439193674 6.31572697798582
0 1.48659995333886 0.305892966763836 0.697288103173712 0.521862569089919 2.02361231805342 9.76095130615232 6.63851436322821 0.044049690932005 6.93419847388911
0.00334448160535117 1.4025832525635 0.246178239369705 0.86830146480292 0.346366662543372 2.39304822812664 9.28553287486141 6.2835898587363 0.0496904252112143 6.34157109126243
0 1.40320310573865 0.29769325604344 0.646562857531154 0.634265961866962 2.51628493343602 9.14305489299641 6.18118619181836 0.0517221735218001 6.05897080688874
0.00334448160535117 1.31036998509942 0.112706923340977 0.745967164528293 0.499959824578279 1.80889976198569 9.18300129182772 6.06818443262522 0.0443866354069649 6.13502361907935
0 1.41430551486701 0.233364076335816 0.885833127062817 0.626574996322552 2.11899183345411 9.32197118814737 6.0311859361842 0.0372246072205825 6.33046335117266
0 1.29631081185458 0.120940821363988 0.823903677899008 0.655922768636079 2.10727987615279 9.06797493707061 5.87874844009403 0.0412037298256029 5.92777672785072
0 1.44370169144216 0.351634285994863 0.810276836728919 0.53817493409653 2.66864414151567 8.95647984799991 5.92012964950336 0.0480097963392627 5.98136370492855
0.00334448160535117 1.41705298463025 0.26594326566212 0.756618706029753 0.599297663898652 2.22429115588747 9.25971734158982 6.14606701990516 0.0444384442950882 6.22427550382433
0 1.32718829423186 0.222273827665571 0.685020844260347 0.542823775861103 2.16830737886791 8.95014105398663 5.93075203080394 0.0488310438855123 5.84257776640026
0 1.4208264973472 0.197988086643059 0.747869996003906 0.857138859959269 2.32933735990877 9.63523221975016 6.4181609999714 0.040072249374765 6.83287457244866
0 1.42300341551174 0.2396052020934 0.747696048936859 0.502596882395745 1.73030442321609 9.68119114229657 6.44619589651906 0.0393603920677226 6.78861131768641
0 1.42207830496523 0.248694778456498 0.619864200169412 0.602976574309581 1.86093304127887 9.76441971921154 6.62430424305817 0.0432778000595287 6.85806070595828
0 1.54051269758102 0.393085241269385 0.84841114454713 0.713196390424834 2.65136513580074 9.55055051188367 6.32183218267934 0.0396082309833873 6.62004599527578
0.00334448160535117 1.37084191910743 0.137836932241555 0.938035973449861 0.550565926667415 2.57179912009458 9.61045936318173 6.56557791010989 0.0476019547185661 6.81991931969371
0.00334448160535117 1.4025832525635 0.246178239369705 0.86830146480292 0.346366662543372 2.39304822812664 9.28553287486141 6.2835898587363 0.0496904252112143 6.34157109126243
0.00334448160535117 1.3965665447692 0.219809867005861 0.866817774129597 0.68273324778 2.68100256551518 9.40241256971961 6.32195464062307 0.0459382153862405 6.40334238298834
0.00334448160535117 1.44340319877532 0.359791722991011 0.728776499387909 0.604323011814807 2.31010217071227 9.26840710332958 6.1345926012628 0.0435513532770391 6.23212720811051
0.00334448160535117 1.46368615334615 0.320819953286617 0.774294457136033 0.476722180849182 2.21461301661419 9.4224535154865 6.32651448994992 0.0452325180221895 6.50202482955163
0 1.32588452019779 0.143352624661419 0.813299957714075 0.611692331050401 2.55947666121996 8.97691005024064 6.00483224676103 0.0511968228035856 5.94190547037976
0 1.48010552674651 0.336792650174738 0.85994380447333 0.434290890649523 2.78370734065919 9.49850432830328 6.54985100830226 0.0524102382651562 6.50270008684694
0 1.32015995289654 0.148708028315369 0.845816331513234 0.350795028301583 1.65898444622849 9.09339682759837 5.8617354404332 0.039491833030853 5.98629495777724
0.00334448160535117 1.37957711220495 0.199503478289143 0.721672883825443 0.620574403149748 2.00745187802065 9.51333461252957 6.36833964280541 0.0430671406858835 6.48639788820511
0 1.45519867194931 0.288484544414598 0.711996008391266 0.54006186398303 1.99534054337284 9.74938020510334 6.59268830631728 0.0425663221260412 6.90815519900346
0 1.42303084862658 0.260591743822651 0.656536311418533 0.769931262713954 2.03638707228609 9.56815752049369 6.33055725400148 0.0392579908675799 6.57105444480592
0.00334448160535117 1.45707688305317 0.275587835068449 0.792879150470168 0.418045924881981 2.17413639380917 9.64592815475777 6.6006753952443 0.0475842830871432 6.77125739153416
0.00334448160535117 1.37425185185019 0.165244912088968 0.845793405774284 0.804388210794233 2.5207853323854 9.47703179921788 6.29118326264826 0.0413431497384739 6.50712222766107
0.00334448160535117 1.31036998509942 0.112706923340977 0.745967164528293 0.499959824578279 1.80889976198569 9.18300129182772 6.06818443262522 0.0443866354069649 6.13502361907935
0 1.41990173032849 0.255695411120836 0.921722784499178 0.573806122904496 2.19107022697886 9.50751784508341 6.22179057589821 0.0374133656087391 6.4831073514572
0.00334448160535117 1.4341968054694 0.316000033960528 0.717941658246531 0.552056985632307 2.26803125045647 9.17715373710037 6.10483787427567 0.0463137742180248 6.12952939806388
0.00334448160535117 1.37425185185019 0.165244912088968 0.845793405774284 0.804388210794233 2.5207853323854 9.47703179921788 6.29118326264826 0.0413431497384739 6.50712222766107
0 1.37066861642254 0.246028335315158 0.765579974843481 0.561869691031225 2.11001237676611 9.02339098039754 5.88519659037155 0.0433610203519269 5.93208277508266
0 1.32588452019779 0.143352624661419 0.813299957714075 0.611692331050401 2.55947666121996 8.97691005024064 6.00483224676103 0.0511968228035856 5.94190547037976
0.00334448160535117 1.49310796219515 0.377608636235786 0.808615813939101 0.357125015657207 2.4619516659877 9.42901314423463 6.42606765695947 0.0496406369533214 6.40002486012345
0.00334448160535117 1.35205667230766 0.160915467748418 0.607999608921818 0.628471133904532 1.81909584579989 9.42282397405098 6.32099308912621 0.0449667979475707 6.39644342591473
0.00334448160535117 1.49156858829897 0.368876526952155 0.813645528518844 0.428373360158183 2.3267671630283 9.46698832944756 6.36081876820379 0.0447721241847763 6.52014973517474
0 1.34170049680515 0.143111353825891 0.708453793525106 0.658403003248771 1.74179378874835 9.4992748513283 6.22363109823605 0.0377925323371349 6.52941883826223
0.00334448160535117 1.36505397814489 0.192883251953418 0.758012642881402 0.494963212082452 1.77089062821542 9.54220996919251 6.34165182491116 0.0407394591353629 6.58889591004815
0 1.40320310573865 0.29769325604344 0.646562857531154 0.634265961866962 2.51628493343602 9.14305489299641 6.18118619181836 0.0517221735218001 6.05897080688874
0.00334448160535117 1.34653415929698 0.137497345612805 0.788454680732213 0.448988606675766 1.95240103805853 9.57668204219967 6.49263369684066 0.0457735738134061 6.62435734980274
0.00334448160535117 1.42097196468507 0.223264501439405 0.920836806414845 0.722185719407494 2.8890550210082 9.52796800439337 6.44041476715589 0.0456134232055258 6.72440819651644
0.00334448160535117 1.35205667230766 0.160915467748418 0.607999608921818 0.628471133904532 1.81909584579989 9.42282397405098 6.32099308912621 0.0449667979475707 6.39644342591473
0.00334448160535117 1.47635778491303 0.329734043793517 0.710166086341505 0.619279180925577 2.65679418495543 9.36659205015697 6.39410253341897 0.0511757487313854 6.37960355064125
0 1.4594573698554 0.378051076413078 0.644965444513116 0.54560928986064 2.48596049145007 9.04197142325802 6.0650866869786 0.0509513136625162 5.98212103210483
0 1.33618922043866 0.156025703996955 0.709829781380155 0.721263337379009 1.87680295314231 9.25145936586602 5.99672243926545 0.0385909715861793 6.12182515724103
0.00334448160535117 1.3475981278249 0.132049534557212 0.754277288700603 0.796460089297263 2.61256173267194 9.29647601840349 6.25650951016201 0.0478364915955946 6.31769102233596
0.00334448160535117 1.46374677450384 0.332216542687202 0.918040046894571 0.497847261988361 2.48897649052367 9.42030356518466 6.26921223245704 0.042805386447856 6.42490209979803
0.00334448160535117 1.37957711220495 0.199503478289143 0.721672883825443 0.620574403149748 2.00745187802065 9.51333461252957 6.36833964280541 0.0430671406858835 6.48639788820511
0 1.33821043591015 0.175824146787636 0.810506447940133 0.713211716059595 2.44503602385521 8.84347999356175 5.72302869631833 0.0441372449073591 5.87499049478452
0 1.38616374669897 0.136528071659623 0.690115649070609 0.713775119717427 2.07846428780108 9.78134413134385 6.65973861409436 0.0440863302053104 6.99701752223115
0.00334448160535117 1.4243849754629 0.338122173794919 0.685616719247971 0.403805480195263 2.09900878614292 9.09552028937462 6.05487041172615 0.0478038127678277 6.10574940778664
0 1.36563970588178 0.233436817855502 0.718502837364133 0.461265403108551 1.5392208169309 9.27117767705628 5.99231418606256 0.0376710459704571 6.15443337538612
0 1.44624936107489 0.214871582877232 0.690389426352552 0.749672414080682 2.43579910117548 9.70259835247796 6.6407291444567 0.0468001342243368 6.98941050061262
0 1.42896671494427 0.273502366062358 0.707076248308647 0.721107567453935 1.92485060028445 9.45695009969516 6.17327576962191 0.0374902518647047 6.48811880110016
0.00334448160535117 1.35325242462017 0.137468724814004 0.845348444558958 0.564792950870486 2.02338389653303 9.62008381494391 6.43196829164733 0.0412495315224862 6.6965454450944
0.00334448160535117 1.40914484744843 0.267845075724209 0.857770085542918 0.307240821711772 1.94093793619277 9.28590769542528 6.14091670615369 0.0430673121129351 6.27378068615504
0 1.32015995289654 0.148708028315369 0.845816331513234 0.350795028301583 1.65898444622849 9.09339682759837 5.8617354404332 0.039491833030853 5.98629495777724
0.00334448160535117 1.47646173219235 0.385958055462727 0.70789741061531 0.7019522146193 2.29947710306008 9.24657385536219 6.02913156993494 0.0400573826979914 6.17790089043321
0.00334448160535117 1.33426203098761 0.140150533213245 0.728204802931512 0.379066307043454 1.79213016813526 9.66878790264689 6.61150885920258 0.0470154483281874 6.76487075809586
0 1.36154053558745 0.201579111589087 0.856105231653846 0.412422587399237 2.31254830869359 8.97626225560919 5.96761086822858 0.0493581989853947 5.87366875626821
0 1.44370169144216 0.351634285994863 0.810276836728919 0.53817493409653 2.66864414151567 8.95647984799991 5.92012964950336 0.0480097963392627 5.98136370492855
0 1.4317549553197 0.203860816122715 0.930162540540451 0.596401869535414 2.49839126050709 9.75099233500803 6.61147635930484 0.0433037528987389 6.96932063464029
0.00334448160535117 1.31723661965167 0.12921518749988 0.904697911929694 0.318642603224053 1.75342206561091 9.33204349183041 6.09844874388191 0.0394155548300103 6.41458537170456
0.00334448160535117 1.47742888795383 0.331866839157024 0.834592414090463 0.442449294386571 1.99251966554532 9.46433849750533 6.23284888242617 0.0394986172080425 6.53757851560953
0.00334448160535117 1.37425185185019 0.165244912088968 0.845793405774284 0.804388210794233 2.5207853323854 9.47703179921788 6.29118326264826 0.0413431497384739 6.50712222766107
0.00334448160535117 1.38758618020821 0.247675311696933 0.71474384237012 0.588085023830871 2.42993468918502 9.26283987737416 6.28994272317771 0.0511548918305539 6.18843173255292
0 1.41430551486701 0.233364076335816 0.885833127062817 0.626574996322552 2.11899183345411 9.32197118814737 6.0311859361842 0.0372246072205825 6.33046335117266
0 1.43906632719087 0.220870572276499 0.696813181602755 0.588862979691239 1.86022895160927 9.7471319436384 6.57510373421338 0.0419184921456174 6.89270255302251
0 1.4118107506639 0.213364823811944 0.652171153640881 0.346352823239553 1.72674440881 9.75797153509439 6.72062216519096 0.047961850280665 6.95848799961091
0.00334448160535117 1.48426365717434 0.397620886084516 0.708255882289147 0.721409395999975 2.97724663393399 9.13343988900637 6.12931161380011 0.0495819573166649 6.11770064365312
0 1.44754805188432 0.262760257592635 0.870784219363339 0.431261469766247 2.33991438464574 9.71453042898322 6.64646843388988 0.0465112065154103 6.85885910919431
0 1.37722490552858 0.291659201377146 0.901365711049998 0.557759662907545 2.81460474904303 8.9136567961698 5.8604894082905 0.0472091576179878 5.86084557593049
0 1.37531963771953 0.125576899605632 0.60994738413939 0.859411158493514 2.24057324566621 9.76654393087991 6.64123545334258 0.0439233821565941 6.98737717599228
0.00334448160535117 1.37957711220495 0.199503478289143 0.721672883825443 0.620574403149748 2.00745187802065 9.51333461252957 6.36833964280541 0.0430671406858835 6.48639788820511
0 1.39131397398016 0.188446727037246 0.769523619142371 0.720922739783882 2.18849432068179 9.67506814022528 6.48327000333375 0.0410979047995904 6.82979373751242
0 1.32588452019779 0.143352624661419 0.813299957714075 0.611692331050401 2.55947666121996 8.97691005024064 6.00483224676103 0.0511968228035856 5.94190547037976
0 1.46539977451105 0.234916481915628 0.81377771450994 0.611537708196777 2.48602073200742 9.693863450238 6.63605153705255 0.0469904018922442 6.9740110747592
0.00334448160535117 1.50996340219173 0.395089954750924 0.617341762983214 0.648979404930587 2.46311581479927 9.4271181043913 6.35960847014986 0.0465369045817137 6.50434805198342
0.00334448160535117 1.34980639034174 0.191560232593548 0.649475620136627 0.64429479175392 2.10753696573444 9.29255955556059 6.24120945730247 0.0472950283324986 6.22682483593211
0 1.48659995333886 0.305892966763836 0.697288103173712 0.521862569089919 2.02361231805342 9.76095130615232 6.63851436322821 0.044049690932005 6.93419847388911
0.00334448160535117 1.46707205516765 0.295206640450747 0.866082958467446 0.788411123576148 2.75203111830043 9.6217469780496 6.45712201074982 0.0422299764667695 6.72865302446529
0 1.37721210040618 0.135639345319942 0.690263858751859 0.810493229515851 2.66164262732491 9.63665461842031 6.65646942172165 0.050783428070739 6.79081688651424
0.00334448160535117 1.35205667230766 0.160915467748418 0.607999608921818 0.628471133904532 1.81909584579989 9.42282397405098 6.32099308912621 0.0449667979475707 6.39644342591473
0 1.4664099997376 0.299105450656541 0.709239803018155 0.635233549244678 2.12431458337587 9.68884526287928 6.5211217386091 0.0420993269957736 6.85473417700488
0.00334448160535117 1.3965665447692 0.219809867005861 0.866817774129597 0.68273324778 2.68100256551518 9.40241256971961 6.32195464062307 0.0459382153862405 6.40334238298834
0.00334448160535117 1.40907238704973 0.323582083258844 0.664597926613343 0.426164352962049 1.74281847754308 9.19105769111708 6.0033830348378 0.0412677210897092 6.08566093433383
0 1.32588452019779 0.143352624661419 0.813299957714075 0.611692331050401 2.55947666121996 8.97691005024064 6.00483224676103 0.0511968228035856 5.94190547037976
0.00334448160535117 1.42097196468507 0.223264501439405 0.920836806414845 0.722185719407494 2.8890550210082 9.52796800439337 6.44041476715589 0.0456134232055258 6.72440819651644
0.00334448160535117 1.35575526069504 0.127590177986542 0.794778683371082 0.376645439706256 1.81783538321415 9.67076072799486 6.57550965319938 0.0452636464726776 6.80952974254128
0 1.38200735735988 0.281226001545289 0.84249518098743 0.384957308640692 2.26467244800073 8.91207987813033 5.85036170612998 0.0468072032642149 5.87885560272533
0.00334448160535117 1.39748886682856 0.230581433217202 0.927430430891259 0.412700460256937 1.99644301550003 9.40364896863657 6.17735117006643 0.0397042200452148 6.40475609146561
0 1.36154053558745 0.201579111589087 0.856105231653846 0.412422587399237 2.31254830869359 8.97626225560919 5.96761086822858 0.0493581989853947 5.87366875626821
0.00334448160535117 1.36322919517485 0.146888786451969 0.778023013162502 0.658588914046888 2.17956861470995 9.52780863744576 6.41324510679052 0.0443978812332147 6.65086945865841
0 1.32588452019779 0.143352624661419 0.813299957714075 0.611692331050401 2.55947666121996 8.97691005024064 6.00483224676103 0.0511968228035856 5.94190547037976
0 1.4317549553197 0.203860816122715 0.930162540540451 0.596401869535414 2.49839126050709 9.75099233500803 6.61147635930484 0.0433037528987389 6.96932063464029
0.00334448160535117 1.39311660694572 0.231387896857739 0.82090622724699 0.82213611396617 2.95948342173093 9.02468182504723 5.96740183812749 0.047015403970288 5.98347352005472
0.00334448160535117 1.34822213408198 0.109046170297044 0.82263091698421 0.823164158961571 2.90535107106888 9.24002052607759 6.21810198767645 0.0487076811066618 6.24392415275624
0 1.43906632719087 0.220870572276499 0.696813181602755 0.588862979691239 1.86022895160927 9.7471319436384 6.57510373421338 0.0419184921456174 6.89270255302251
0 1.41430551486701 0.233364076335816 0.885833127062817 0.626574996322552 2.11899183345411 9.32197118814737 6.0311859361842 0.0372246072205825 6.33046335117266
0 1.33821043591015 0.175824146787636 0.810506447940133 0.713211716059595 2.44503602385521 8.84347999356175 5.72302869631833 0.0441372449073591 5.87499049478452
0 1.46539977451105 0.234916481915628 0.81377771450994 0.611537708196777 2.48602073200742 9.693863450238 6.63605153705255 0.0469904018922442 6.9740110747592
0 1.45394849134609 0.299604720366187 0.736225692403968 0.70508061312139 2.89246300049126 9.41897112017145 6.45214358718338 0.0514663268370685 6.45125999976119
0.00334448160535117 1.3760901076952 0.283071120339446 0.63525837387424 0.335924320528284 1.61026714835316 9.15907930048515 6.04345657691491 0.0443508802079417 6.01281659368202
0.00334448160535117 1.34922610130162 0.162552643238592 0.943054514361592 0.582492422805857 2.68019863605753 9.11596787740761 6.03891452791846 0.0460948822385999 6.0725163608473
0 1.42300341551174 0.2396052020934 0.747696048936859 0.502596882395745 1.73030442321609 9.68119114229657 6.44619589651906 0.0393603920677226 6.78861131768641
0 1.4432859169526 0.184729629531196 0.88670275159301 0.425898927871444 2.26001188889969 9.73011701556917 6.66708401079971 0.0467457000616061 7.08740660722021
0 1.42300341551174 0.2396052020934 0.747696048936859 0.502596882395745 1.73030442321609 9.68119114229657 6.44619589651906 0.0393603920677226 6.78861131768641
0.00334448160535117 1.45707688305317 0.275587835068449 0.792879150470168 0.418045924881981 2.17413639380917 9.64592815475777 6.6006753952443 0.0475842830871432 6.77125739153416
0 1.37906523029264 0.235644073328893 0.772882245136513 0.653228842070142 2.78127422240578 9.28112683401751 6.33029115288293 0.0522959849145481 6.21576742614204
0 1.45568977912038 0.226080835977304 0.91681403800822 0.437618832106206 2.4156236323439 9.73198481174935 6.64935457778108 0.0458385318878324 7.0447449705059
0.00334448160535117 1.35752858263921 0.196703897850351 0.751492854500328 0.678994255988346 2.24354039136135 9.11041874242944 5.99531130550334 0.0443737395132104 6.01009205611847
0 1.40320310573865 0.29769325604344 0.646562857531154 0.634265961866962 2.51628493343602 9.14305489299641 6.18118619181836 0.0517221735218001 6.05897080688874
0.00334448160535117 1.3760901076952 0.283071120339446 0.63525837387424 0.335924320528284 1.61026714835316 9.15907930048515 6.04345657691491 0.0443508802079417 6.01281659368202
0.00334448160535117 1.39982185329527 0.25670446405135 0.718619129824412 0.746665344890064 2.44780703918542 9.17797212694345 6.06749923338398 0.0445798688219801 6.11058002799814
0.00334448160535117 1.40663590490835 0.217535471360631 0.897323633848203 0.880039882955616 2.93598935465996 9.38679810343455 6.21572747169011 0.0419586515829215 6.36708881320513
0.00334448160535117 1.50996340219173 0.395089954750924 0.617341762983214 0.648979404930587 2.46311581479927 9.4271181043913 6.35960847014986 0.0465369045817137 6.50434805198342
0 1.41430551486701 0.233364076335816 0.885833127062817 0.626574996322552 2.11899183345411 9.32197118814737 6.0311859361842 0.0372246072205825 6.33046335117266
0.00334448160535117 1.35205667230766 0.160915467748418 0.607999608921818 0.628471133904532 1.81909584579989 9.42282397405098 6.32099308912621 0.0449667979475707 6.39644342591473
0 1.34496024359123 0.160105010173548 0.706195605270158 0.731711261555161 2.46635064066723 9.03738481693255 6.03028453895756 0.0494348183592396 6.00917143412219
0.00334448160535117 1.38960642748927 0.24610617552776 0.877006006398215 0.829121826366672 2.86665166847269 9.09000061324024 5.92095076278032 0.0420435265687731 6.02838105278487
0.00334448160535117 1.42472353271399 0.261610186762113 0.81661706964947 0.670501967792913 2.42639197199125 9.52879410309472 6.38412696091968 0.0430812615955473 6.60075862338656
0.00334448160535117 1.49192819630886 0.351122919198086 0.780933766418153 0.421224673234669 2.18438324330612 9.70008410155332 6.58937552471908 0.0445693633305404 6.79419799612013
0 1.38616374669897 0.136528071659623 0.690115649070609 0.713775119717427 2.07846428780108 9.78134413134385 6.65973861409436 0.0440863302053104 6.99701752223115
0 1.37722490552858 0.291659201377146 0.901365711049998 0.557759662907545 2.81460474904303 8.9136567961698 5.8604894082905 0.0472091576179878 5.86084557593049
0.00334448160535117 1.34974579784973 0.162962124774737 0.907589155321281 0.407246735336328 2.14725026981973 9.19948162864131 6.08947899744194 0.0446008379864236 6.13136524026384
0 1.43635731068529 0.268855088719446 0.682541999590238 0.462339574741516 1.91209878230994 9.75172235850716 6.6583704164627 0.0453496898241367 6.90861490939402
0.00334448160535117 1.37957711220495 0.199503478289143 0.721672883825443 0.620574403149748 2.00745187802065 9.51333461252957 6.36833964280541 0.0430671406858835 6.48639788820511
0.00334448160535117 1.45577212725597 0.331104076985042 0.87199269797561 0.678921207924269 2.63449607905637 9.34334037343743 6.16010967308569 0.0414515211205953 6.43919061393066
0 1.39784245543548 0.304879349230623 0.735812871675321 0.536287083345959 2.06407130417125 8.93907480822945 5.78646784127481 0.04274055827936 5.84423982735146
0.00334448160535117 1.34821683173974 0.215743779072696 0.718037703293605 0.559646021988045 2.10675696977833 9.1051544442516 6.03513961061064 0.0464204662677945 6.01481230356957
0.00334448160535117 1.35205667230766 0.160915467748418 0.607999608921818 0.628471133904532 1.81909584579989 9.42282397405098 6.32099308912621 0.0449667979475707 6.39644342591473
0.00334448160535117 1.40992221868711 0.265811661045878 0.715963533415905 0.308031276568321 1.79068106080443 9.34643776308714 6.27549866952571 0.0463775815127166 6.31618319755321
0 1.4118107506639 0.213364823811944 0.652171153640881 0.346352823239553 1.72674440881 9.75797153509439 6.72062216519096 0.047961850280665 6.95848799961091
0 1.43311124413953 0.275182497470658 0.932566166009949 0.617453590494215 2.45102488116858 9.55134375599781 6.33331515148741 0.040033903174014 6.65631512851281
0 1.40877891252579 0.323802330695008 0.744662985262971 0.365024177719515 2.21878622213601 8.96983524219262 5.94119114062118 0.0483811936571552 5.94333487904868
0.00334448160535117 1.35205667230766 0.160915467748418 0.607999608921818 0.628471133904532 1.81909584579989 9.42282397405098 6.32099308912621 0.0449667979475707 6.39644342591473
0.00334448160535117 1.42926005333955 0.340838692557893 0.714873343099348 0.632180817606964 2.45104697407095 9.06569025190324 5.98692299987671 0.0460159477652905 5.99203729972055
0.00334448160535117 1.34076188516677 0.143825337420342 0.78818243328763 0.57392992478621 2.02973651369699 9.37379457825196 6.24523627122329 0.0437808703488674 6.29710931993394
0 1.42191244640153 0.161256515284146 0.858935665213062 0.753409301072509 2.76485820898657 9.72163713473876 6.66451530721877 0.0470228404864208 6.96034772910131
0 1.4118107506639 0.213364823811944 0.652171153640881 0.346352823239553 1.72674440881 9.75797153509439 6.72062216519096 0.047961850280665 6.95848799961091
0 1.41517588870453 0.244510095432587 0.723354258764021 0.65871423786766 1.81573243777022 9.40725057335318 6.11975903677634 0.037347416620715 6.40597029782747
0 1.34061331796164 0.23552765237517 0.641872609251284 0.383012392187433 1.53216151993576 9.04649458219635 5.86007371898257 0.0413194947221684 5.95161863856078
0 1.4317549553197 0.203860816122715 0.930162540540451 0.596401869535414 2.49839126050709 9.75099233500803 6.61147635930484 0.0433037528987389 6.96932063464029
0 1.36410620271203 0.101726670279042 0.71938685364692 0.825567210644967 2.37875677360354 9.72196934643896 6.61786669233475 0.0448647597094417 6.97491790516293
0.00334448160535117 1.33426203098761 0.140150533213245 0.728204802931512 0.379066307043454 1.79213016813526 9.66878790264689 6.61150885920258 0.0470154483281874 6.76487075809586
0 1.37066861642254 0.246028335315158 0.765579974843481 0.561869691031225 2.11001237676611 9.02339098039754 5.88519659037155 0.0433610203519269 5.93208277508266
0.00334448160535117 1.50498798812951 0.326397650957616 0.829543863503495 0.624328496500955 2.57420444331153 9.66235536540301 6.55303178250032 0.0446311343946869 6.81313057846891
0 1.38809384450802 0.167533984908973 0.79866959566298 0.4161247098819 1.68314901545846 9.69328336294342 6.48023626134256 0.0402338297330855 6.89557726034069
0 1.43906632719087 0.220870572276499 0.696813181602755 0.588862979691239 1.86022895160927 9.7471319436384 6.57510373421338 0.0419184921456174 6.89270255302251
0.00334448160535117 1.42472353271399 0.261610186762113 0.81661706964947 0.670501967792913 2.42639197199125 9.52879410309472 6.38412696091968 0.0430812615955473 6.60075862338656
0.00334448160535117 1.34461061037755 0.183770124819481 0.721977628930783 0.729137524078583 2.3385386415637 9.06101345573831 5.95976961078906 0.0449932030051909 5.96170312017277
0 1.4594573698554 0.378051076413078 0.644965444513116 0.54560928986064 2.48596049145007 9.04197142325802 6.0650866869786 0.0509513136625162 5.98212103210483
0 1.352772063476 0.114406000656398 0.930364240389386 0.519133415751001 1.9549226305354 9.61438780899673 6.34973480875954 0.0382101917109845 6.74990458070291
0 1.34061331796164 0.23552765237517 0.641872609251284 0.383012392187433 1.53216151993576 9.04649458219635 5.86007371898257 0.0413194947221684 5.95161863856078
0.00334448160535117 1.38297511260153 0.150392877889738 0.882778731272826 0.7705495231281 2.70032174034183 9.58375187507539 6.47169693378914 0.0445093971013615 6.6979227417276
0.00334448160535117 1.42472353271399 0.261610186762113 0.81661706964947 0.670501967792913 2.42639197199125 9.52879410309472 6.38412696091968 0.0430812615955473 6.60075862338656
0 1.32588452019779 0.143352624661419 0.813299957714075 0.611692331050401 2.55947666121996 8.97691005024064 6.00483224676103 0.0511968228035856 5.94190547037976
0.00334448160535117 1.45709645081644 0.306736070712986 0.739710149598028 0.748512654644779 2.40357749919097 9.51852794964757 6.33980800540628 0.0416389211629691 6.6260000524727
0.00334448160535117 1.47347952497295 0.37386236807962 0.768443251520791 0.802219186529581 2.77543488485496 9.09206001880039 5.92610936606386 0.0421740298939447 6.07848442746282
0.00334448160535117 1.40914484744843 0.267845075724209 0.857770085542918 0.307240821711772 1.94093793619277 9.28590769542528 6.14091670615369 0.0430673121129351 6.27378068615504
0.00334448160535117 1.47742888795383 0.331866839157024 0.834592414090463 0.442449294386571 1.99251966554532 9.46433849750533 6.23284888242617 0.0394986172080425 6.53757851560953
0.00334448160535117 1.3590567995437 0.208943350447247 0.901651509079829 0.509406081918555 2.32272375876723 9.0939093474726 5.96078596921546 0.0435814630578258 6.06719354511461
0.00334448160535117 1.39748886682856 0.230581433217202 0.927430430891259 0.412700460256937 1.99644301550003 9.40364896863657 6.17735117006643 0.0397042200452148 6.40475609146561
0 1.41517588870453 0.244510095432587 0.723354258764021 0.65871423786766 1.81573243777022 9.40725057335318 6.11975903677634 0.037347416620715 6.40597029782747
0.00334448160535117 1.37119965932651 0.188451858881741 0.87071371134936 0.726921436482995 2.65752797495779 9.1898889092318 6.08373982321715 0.0447730409136626 6.1129905690432
0 1.4317549553197 0.203860816122715 0.930162540540451 0.596401869535414 2.49839126050709 9.75099233500803 6.61147635930484 0.0433037528987389 6.96932063464029
0 1.4664099997376 0.299105450656541 0.709239803018155 0.635233549244678 2.12431458337587 9.68884526287928 6.5211217386091 0.0420993269957736 6.85473417700488
0.00334448160535117 1.35932378308798 0.208760622459184 0.712973929025614 0.616195809453289 2.05139148346532 9.26250869158075 6.11724274697414 0.0430554721535097 6.18641856238929
0 1.45339034709256 0.296425651706307 0.833204354095905 0.630684974444944 2.43962640992495 9.74859254814901 6.58898261946033 0.0424422933730454 6.90225035875585
0.00334448160535117 1.45279552990223 0.286138071743406 0.773441362706392 0.622607239858592 2.241909177758 9.60533314906722 6.4485664280232 0.0425631373368548 6.69799120963732
0.00334448160535117 1.35205667230766 0.160915467748418 0.607999608921818 0.628471133904532 1.81909584579989 9.42282397405098 6.32099308912621 0.0449667979475707 6.39644342591473
0 1.38088639531449 0.237573663954634 0.615260738961066 0.866892683078211 2.75542334862529 8.97470505998509 5.97067705999655 0.0495869294075146 5.89503394820186
0 1.37722490552858 0.291659201377146 0.901365711049998 0.557759662907545 2.81460474904303 8.9136567961698 5.8604894082905 0.0472091576179878 5.86084557593049
0.00334448160535117 1.40663590490835 0.217535471360631 0.897323633848203 0.880039882955616 2.93598935465996 9.38679810343455 6.21572747169011 0.0419586515829215 6.36708881320513
0.00334448160535117 1.38758618020821 0.247675311696933 0.71474384237012 0.588085023830871 2.42993468918502 9.26283987737416 6.28994272317771 0.0511548918305539 6.18843173255292
0 1.38997906263417 0.263492885518562 0.714545573682984 0.376633471599423 2.00711970926529 9.04290742767598 6.03956002559474 0.0496206896551724 5.92458996617286
0 1.4432859169526 0.184729629531196 0.88670275159301 0.425898927871444 2.26001188889969 9.73011701556917 6.66708401079971 0.0467457000616061 7.08740660722021
0 1.37531963771953 0.125576899605632 0.60994738413939 0.859411158493514 2.24057324566621 9.76654393087991 6.64123545334258 0.0439233821565941 6.98737717599228
0.00334448160535117 1.45709645081644 0.306736070712986 0.739710149598028 0.748512654644779 2.40357749919097 9.51852794964757 6.33980800540628 0.0416389211629691 6.6260000524727
0.00334448160535117 1.45707688305317 0.275587835068449 0.792879150470168 0.418045924881981 2.17413639380917 9.64592815475777 6.6006753952443 0.0475842830871432 6.77125739153416
0 1.42207830496523 0.248694778456498 0.619864200169412 0.602976574309581 1.86093304127887 9.76441971921154 6.62430424305817 0.0432778000595287 6.85806070595828
0.00334448160535117 1.45528327543387 0.334734783473113 0.774602066383809 0.598951728653984 2.38795596394771 9.30461001060526 6.17503532330237 0.0437363949416484 6.30828057428483
0.00334448160535117 1.37926435753048 0.202721405962385 0.704500354932763 0.34809945266348 1.61538676750038 9.46418692505486 6.33633003308722 0.0438115896829571 6.45072315481754
0.00334448160535117 1.39440343004506 0.262348385715609 0.69500850688078 0.508925649382144 2.12539255099906 9.280735459898 6.25939024119408 0.048735614186174 6.15213677249688
0.00334448160535117 1.40815977682792 0.232231157647109 0.664683998826056 0.784450323874856 2.48262755498943 9.50155293958309 6.43103526770266 0.0463971301498984 6.53185887994182
0.00334448160535117 1.34922610130162 0.162552643238592 0.943054514361592 0.582492422805857 2.68019863605753 9.11596787740761 6.03891452791846 0.0460948822385999 6.0725163608473
0.00334448160535117 1.36476145204625 0.170693591564685 0.830949770313809 0.743214835504544 2.26878816781165 9.39656229854011 6.170525585852 0.0397145876098788 6.41133922578457
0 1.36853884545194 0.127776502159575 0.86200627329942 0.81146440744041 2.34617025952196 9.61015964030989 6.37478142199314 0.0393453210045125 6.73711220128461
0.00334448160535117 1.3965665447692 0.219809867005861 0.866817774129597 0.68273324778 2.68100256551518 9.40241256971961 6.32195464062307 0.0459382153862405 6.40334238298834
0 1.42195752425052 0.227166100943879 0.845690995050687 0.39839905849679 2.45319808835345 9.54080773491061 6.57538888754499 0.051538877800476 6.70771023809747
0 1.41430551486701 0.233364076335816 0.885833127062817 0.626574996322552 2.11899183345411 9.32197118814737 6.0311859361842 0.0372246072205825 6.33046335117266
0 1.32588452019779 0.143352624661419 0.813299957714075 0.611692331050401 2.55947666121996 8.97691005024064 6.00483224676103 0.0511968228035856 5.94190547037976
0 1.3759836389276 0.136075514543558 0.730705714461338 0.865920175808638 2.26739940289997 9.65395419027629 6.42932440329903 0.0397705024090437 6.75648140954586
0.00334448160535117 1.42162094190669 0.247583129768142 0.841838413438633 0.46575014178004 2.45694033627761 9.40140195654483 6.40191719672719 0.0498127272757312 6.47887823786331
0.00334448160535117 1.45709645081644 0.306736070712986 0.739710149598028 0.748512654644779 2.40357749919097 9.51852794964757 6.33980800540628 0.0416389211629691 6.6260000524727
0.00334448160535117 1.37425185185019 0.165244912088968 0.845793405774284 0.804388210794233 2.5207853323854 9.47703179921788 6.29118326264826 0.0413431497384739 6.50712222766107
0 1.32588452019779 0.143352624661419 0.813299957714075 0.611692331050401 2.55947666121996 8.97691005024064 6.00483224676103 0.0511968228035856 5.94190547037976
0 1.51852929943744 0.370633263073535 0.918577919640259 0.816361792002842 2.98847382010892 9.54458011844468 6.30933629072282 0.0393506090009292 6.64334692679007
0 1.51852929943744 0.370633263073535 0.918577919640259 0.816361792002842 2.98847382010892 9.54458011844468 6.30933629072282 0.0393506090009292 6.64334692679007
0 1.44451288050973 0.240123198431725 0.604643619903576 0.647464603432014 1.72604764369483 9.67171632843406 6.44549303630262 0.0397071783754575 6.88071961747278
0 1.42877072198329 0.211341890844303 0.643488531818006 0.553582733130579 1.66516901940866 9.67416038117364 6.46541446115171 0.0404072554407463 6.97444072851263
0 1.38070312808775 0.258009711028423 0.760918591978067 0.366340314220639 2.01451336952767 8.9354695015282 5.88911368230121 0.0475318237196992 5.88427019970786
0.00334448160535117 1.39732207011606 0.192580047740793 0.912117626175445 0.365488114946513 2.30237554410007 9.59994850526208 6.5510803350434 0.0474125569779323 6.71404141601793
0.00334448160535117 1.3965665447692 0.219809867005861 0.866817774129597 0.68273324778 2.68100256551518 9.40241256971961 6.32195464062307 0.0459382153862405 6.40334238298834
0.00334448160535117 1.37084191910743 0.137836932241555 0.938035973449861 0.550565926667415 2.57179912009458 9.61045936318173 6.56557791010989 0.0476019547185661 6.81991931969371
0 1.4118107506639 0.213364823811944 0.652171153640881 0.346352823239553 1.72674440881 9.75797153509439 6.72062216519096 0.047961850280665 6.95848799961091
0 1.35747764746193 0.186526108090766 0.838175700989086 0.552615463687107 1.92526328191161 9.4333031069441 6.19326188040259 0.0391622805403217 6.43986142259966
0 1.51852929943744 0.370633263073535 0.918577919640259 0.816361792002842 2.98847382010892 9.54458011844468 6.30933629072282 0.0393506090009292 6.64334692679007
0 1.41517588870453 0.244510095432587 0.723354258764021 0.65871423786766 1.81573243777022 9.40725057335318 6.11975903677634 0.037347416620715 6.40597029782747
0 1.39210400332207 0.279692640294435 0.671257448018735 0.381882106846405 1.51685897793054 9.07533646716611 5.85327948580211 0.039872955920855 5.96603989580931
0 1.42191244640153 0.161256515284146 0.858935665213062 0.753409301072509 2.76485820898657 9.72163713473876 6.66451530721877 0.0470228404864208 6.96034772910131
0.00334448160535117 1.40663590490835 0.217535471360631 0.897323633848203 0.880039882955616 2.93598935465996 9.38679810343455 6.21572747169011 0.0419586515829215 6.36708881320513
0.00334448160535117 1.37799062870916 0.248752935652548 0.712512154015969 0.410700471659325 2.00083841977375 9.09272364901969 6.06908674529299 0.0486240553867061 6.05921855628372
0 1.37722490552858 0.291659201377146 0.901365711049998 0.557759662907545 2.81460474904303 8.9136567961698 5.8604894082905 0.0472091576179878 5.86084557593049
0 1.37721210040618 0.135639345319942 0.690263858751859 0.810493229515851 2.66164262732491 9.63665461842031 6.65646942172165 0.050783428070739 6.79081688651424
0 1.42191244640153 0.161256515284146 0.858935665213062 0.753409301072509 2.76485820898657 9.72163713473876 6.66451530721877 0.0470228404864208 6.96034772910131
0 1.43906632719087 0.220870572276499 0.696813181602755 0.588862979691239 1.86022895160927 9.7471319436384 6.57510373421338 0.0419184921456174 6.89270255302251
0.00334448160535117 1.41109246546058 0.322104635438956 0.743816755602081 0.835684759619942 2.62408936004867 9.13116945085297 5.93911806673577 0.0410874981869979 6.08468162881912
0.00334448160535117 1.38758618020821 0.247675311696933 0.71474384237012 0.588085023830871 2.42993468918502 9.26283987737416 6.28994272317771 0.0511548918305539 6.18843173255292
0 1.35747764746193 0.186526108090766 0.838175700989086 0.552615463687107 1.92526328191161 9.4333031069441 6.19326188040259 0.0391622805403217 6.43986142259966
0.00334448160535117 1.35216471341971 0.192040720157939 0.721607476076112 0.512863145369161 1.81369513302308 9.31536529941569 6.15467738473199 0.0423965658264486 6.30790464681502
0.00334448160535117 1.44541239276576 0.318307908785147 0.726610319957685 0.527972602876231 2.24989308053123 9.24550841298224 6.17170059741091 0.0462447277751966 6.22501212172091
0.00334448160535117 1.36166327117173 0.182201464366624 0.702943224296873 0.380537105711207 1.50630792625216 9.50810271733335 6.29106747053358 0.0400736909188781 6.6003522425663
0.00334448160535117 1.37425185185019 0.165244912088968 0.845793405774284 0.804388210794233 2.5207853323854 9.47703179921788 6.29118326264826 0.0413431497384739 6.50712222766107
0.00334448160535117 1.4783880476785 0.328673716851223 0.724364350490882 0.530032743002114 2.05170770921103 9.49619424367466 6.35206036578995 0.0431042414205539 6.54663900001957
0.00334448160535117 1.3343237108274 0.11372822580377 0.772842784566941 0.819732741244412 2.65966399595386 9.14122898697327 6.09613164058603 0.0475916788840236 6.11433562678805
0.00334448160535117 1.35932378308798 0.208760622459184 0.712973929025614 0.616195809453289 2.05139148346532 9.26250869158075 6.11724274697414 0.0430554721535097 6.18641856238929
0 1.43574277110924 0.293680612265365 0.711464447785444 0.508316388402957 2.46720061073594 9.3777862068183 6.44044801128414 0.0530066344196865 6.43190123605823
0 1.37066861642254 0.246028335315158 0.765579974843481 0.561869691031225 2.11001237676611 9.02339098039754 5.88519659037155 0.0433610203519269 5.93208277508266
0.00334448160535117 1.49045960344193 0.3951486538856 0.668451367293914 0.695423485578602 2.53332206013726 9.38440291683044 6.27878405384075 0.0447967869056322 6.40506315511287
0.00334448160535117 1.42466229072354 0.246549213149263 0.69210690351848 0.746849830772213 2.17898338058898 9.56467497946272 6.38600351508259 0.0416409398610191 6.61072296225588
0 1.39127685584819 0.280837714746893 0.890730048603021 0.369483858056803 2.33347385251734 8.87342518012193 5.80396634929215 0.0464462833540568 5.79020978088295
0 1.39287778782158 0.172214327131146 0.832353847919376 0.336459735809484 1.94246933601541 9.73069756848993 6.65929391968364 0.0463560415676153 6.89318018876371
0.00334448160535117 1.42655193424258 0.307496361628345 0.77775461633471 0.760062601859799 2.38942768285768 9.21852478808368 5.9974963193397 0.0399139868560172 6.21891879400928
0 1.33821043591015 0.175824146787636 0.810506447940133 0.713211716059595 2.44503602385521 8.84347999356175 5.72302869631833 0.0441372449073591 5.87499049478452
0.00334448160535117 1.34635745207278 0.155185448285093 0.697504253211303 0.883671040591701 2.44258095160169 9.26357698522921 6.11860184308016 0.0430679946113155 6.27248384750827
0.00334448160535117 1.4475097777595 0.350640055847192 0.687211286577298 0.31706567727765 1.92506024809067 9.34023121727125 6.2894126209313 0.0473201724122481 6.31572697798582
0.00334448160535117 1.46706414067733 0.262076474909625 0.873824044537129 0.481237369709389 2.52387474756683 9.57149215490031 6.53493885470507 0.0480000464582145 6.77607930685707
0 1.33821043591015 0.175824146787636 0.810506447940133 0.713211716059595 2.44503602385521 8.84347999356175 5.72302869631833 0.0441372449073591 5.87499049478452
0.00334448160535117 1.35205667230766 0.160915467748418 0.607999608921818 0.628471133904532 1.81909584579989 9.42282397405098 6.32099308912621 0.0449667979475707 6.39644342591473
0.00334448160535117 1.34653415929698 0.137497345612805 0.788454680732213 0.448988606675766 1.95240103805853 9.57668204219967 6.49263369684066 0.0457735738134061 6.62435734980274
0 1.37066861642254 0.246028335315158 0.765579974843481 0.561869691031225 2.11001237676611 9.02339098039754 5.88519659037155 0.0433610203519269 5.93208277508266
0 1.38616374669897 0.136528071659623 0.690115649070609 0.713775119717427 2.07846428780108 9.78134413134385 6.65973861409436 0.0440863302053104 6.99701752223115
0.00334448160535117 1.45031385819787 0.293652727521249 0.824051520335441 0.509492640342325 2.17897014227908 9.60408949614468 6.44526620177744 0.0424756930726462 6.70633827335379
0.00334448160535117 1.36857279963581 0.200117545415264 0.784019786330988 0.673515594479788 2.32908803258998 9.18038991858125 6.05683384008033 0.0440004209307832 6.13979283855627
0.00334448160535117 1.48700297396279 0.348560555004258 0.796929565765068 0.5352980353113 2.44998217084509 9.527059265801 6.45912167547259 0.0465169930910548 6.52704375721516
0 1.46969218367347 0.385368153462613 0.691158092920034 0.67859896868483 2.1087294038226 9.29040954083808 6.00989368257635 0.0376088509657898 6.2832008898878
0.00334448160535117 1.43156065665148 0.343113869002159 0.827178379959655 0.63988837297326 2.72848469445995 9.02502473740141 5.93753620508243 0.0456163747138445 5.98981318435875
0.00334448160535117 1.48169527818348 0.351154030655246 0.658701331340083 0.552159413603428 1.97490900738121 9.62888358760757 6.47160413354161 0.04254131940469 6.64952844353866
0.00334448160535117 1.33426203098761 0.140150533213245 0.728204802931512 0.379066307043454 1.79213016813526 9.66878790264689 6.61150885920258 0.0470154483281874 6.76487075809586
0 1.41430551486701 0.233364076335816 0.885833127062817 0.626574996322552 2.11899183345411 9.32197118814737 6.0311859361842 0.0372246072205825 6.33046335117266
0 1.38088639531449 0.237573663954634 0.615260738961066 0.866892683078211 2.75542334862529 8.97470505998509 5.97067705999655 0.0495869294075146 5.89503394820186
0 1.33821043591015 0.175824146787636 0.810506447940133 0.713211716059595 2.44503602385521 8.84347999356175 5.72302869631833 0.0441372449073591 5.87499049478452
0.00334448160535117 1.35752858263921 0.196703897850351 0.751492854500328 0.678994255988346 2.24354039136135 9.11041874242944 5.99531130550334 0.0443737395132104 6.01009205611847
0.00334448160535117 1.41882447102476 0.24902145415073 0.74231100230547 0.720902105914475 2.58568439779858 9.53072766854421 6.48932898541306 0.0477680304094191 6.53867129891895
0.00334448160535117 1.41284686174461 0.213512901988269 0.667313609895451 0.840469536884311 2.47445546277363 9.55027802566897 6.44774950421278 0.044935438406674 6.64423234351458
0 1.37721210040618 0.135639345319942 0.690263858751859 0.810493229515851 2.66164262732491 9.63665461842031 6.65646942172165 0.050783428070739 6.79081688651424
0 1.48659995333886 0.305892966763836 0.697288103173712 0.521862569089919 2.02361231805342 9.76095130615232 6.63851436322821 0.044049690932005 6.93419847388911
0.00334448160535117 1.36505397814489 0.192883251953418 0.758012642881402 0.494963212082452 1.77089062821542 9.54220996919251 6.34165182491116 0.0407394591353629 6.58889591004815
0 1.41430551486701 0.233364076335816 0.885833127062817 0.626574996322552 2.11899183345411 9.32197118814737 6.0311859361842 0.0372246072205825 6.33046335117266
0.00334448160535117 1.36476145204625 0.170693591564685 0.830949770313809 0.743214835504544 2.26878816781165 9.39656229854011 6.170525585852 0.0397145876098788 6.41133922578457
0.00334448160535117 1.34886233038592 0.125548841439625 0.749100917473788 0.745945358331876 2.1840364143345 9.54876256954125 6.39790743790038 0.0428154983208241 6.66629278178064
0.00334448160535117 1.37957711220495 0.199503478289143 0.721672883825443 0.620574403149748 2.00745187802065 9.51333461252957 6.36833964280541 0.0430671406858835 6.48639788820511
0 1.38088639531449 0.237573663954634 0.615260738961066 0.866892683078211 2.75542334862529 8.97470505998509 5.97067705999655 0.0495869294075146 5.89503394820186
0 1.31588948703796 0.115547875469608 0.605774563795222 0.448067731297191 1.26437810677697 9.46701862990887 6.18963211235201 0.0377267262136924 6.49135560582119
0.00334448160535117 1.38960642748927 0.24610617552776 0.877006006398215 0.829121826366672 2.86665166847269 9.09000061324024 5.92095076278032 0.0420435265687731 6.02838105278487
