0 1.22676858187187 0.27266409934964 0.682167564425617 0.836107511585579 1.81735310377553 0.875 7.74975340627444 4.19612725653204 0.028620668431095 4.75972894580469 207.141782472452
0 1.25372485674452 0.331310334801674 0.856010644021444 0.729032299714163 1.49902637163177 0.625 7.17915551885963 3.33932197794407 0.0214971794480866 4.2570301444992 210.05717897056
0 1.59635191210546 0.318802205310203 0.710185165796429 0.588153053401038 2.90293969446793 1 10.039612454107 7.10434949506281 0.0531167499399996 7.72073894099036 133.367617661344
0.0169491525423729 1.47577610970475 0.215336757549085 0.811741191335022 0.412222352670506 2.23732862435281 1 9.81880074436893 6.79542609400822 0.0486368088811493 7.29199675063867 169.736325817758
0 1.21746505736373 0.144351121853106 0.869716801599134 0.86807577428408 2.17235574126244 0.5 7.55498940252768 4.23410650459726 0.0361209265802905 4.48300255201388 208.626816891501
0 1.49911597287282 0.106317439093255 0.827854083443526 0.745506019564345 1.66520499158651 1 10.0699496350775 6.61405513420479 0.0315590621180131 7.97017891980425 107.054660736409
0.0169491525423729 1.41854234794155 0.378328891657293 0.894926086789928 0.673757089767605 2.98303882032633 0.875 8.36524009513247 5.27299955856375 0.0454001197365795 5.36062124988419 211.207983980724
0 1.17027298079338 0.325422719423659 0.674025550868828 0.492361189797521 2.88607646524906 0.875 6.54555489378819 3.44316158076119 0.0449415144674738 3.6070494358663 215.522806721137
0.0169491525423729 1.3062613948878 0.186710092912279 0.722483991607501 0.559635147768112 1.25192682784861 0.875 8.69930043953344 5.23492104998924 0.0312924198042438 5.51112194006707 257.920798165584
0 1.53872502371669 0.125716263917275 0.944375636370387 0.590225414698944 2.64734846446663 1 10.0697749972521 7.03295518596622 0.0479872556180073 7.98087880488308 101.309674556445
0 1.61166795655154 0.390753676812165 0.891565699467901 0.686253002285957 2.2667832095176 1 10.052855384187 6.68289149892251 0.0343908793385583 7.50851301024873 148.219605421958
0 1.22578935928177 0.248717850935645 0.749401792581193 0.434883778262883 1.56420649169013 0.75 7.55590509361135 4.13249632818648 0.0326011157601116 4.52540521751923 228.286111483774
0 1.17916797960643 0.348991196369752 0.718508001894224 0.756427720701322 2.20937159843743 1 6.33594038358972 2.81839825827108 0.0296722763507529 3.50405476710186 184.016633441248
0 1.61448716381565 0.111549922614358 0.924979101237841 0.458497494226322 2.22141492087394 1 10.1118524353125 6.89909286840348 0.040245400018268 8.28235654151098 78.89297872837
0 1.57602962581441 0.289668510737829 0.850156899727881 0.87346122614108 1.3388161836192 1 10.0055476277273 6.18749380593062 0.0219705178563366 7.86691391108347 121.230119601311
0.0169491525423729 1.31064732481232 0.195710149182173 0.759543096343477 0.73599268601467 2.83526360139616 1 8.54407852019762 5.52942908751142 0.0490630323679727 5.43044151947508 259.713039832339
0 1.60959556335583 0.28272146366071 0.911030476482119 0.738809465803206 1.5413778196089 1 9.93703716728928 6.22998920046049 0.0245498884920131 7.7354879838745 142.372579991033
0 1.20498530797195 0.145355724659748 0.886185986315831 0.436376336077228 2.59831485757604 0.875 7.05752904715252 4.00473240353241 0.0472266633870373 4.26669594669621 194.324767244033
0.0169491525423729 1.34171011095886 0.385336847779519 0.883613661748425 0.501351762080538 2.24719272284366 0.875 7.85709386490249 4.58642414316704 0.0379809818664308 4.80050197951806 212.698833300625
0.0169491525423729 1.31643719316926 0.341362708178349 0.612016383581795 0.541150443954393 1.99890481773764 1 7.95708978461406 4.68559743510071 0.0379497505033704 4.98017608661155 217.518959515654
0 1.5946026032092 0.231501434394158 0.838262703665532 0.587508736085147 2.54395131999627 1 9.99661353052561 6.91609540325714 0.0459354500728863 7.88160712138082 122.702273438037
0 1.19657618759666 0.393293534987606 0.773439308616798 0.364274535980076 1.58701426070184 0.875 6.65027904858742 2.82477447541035 0.0218074293106635 3.81299162482197 188.829530667835
0.0169491525423729 1.34048900480254 0.17006856330439 0.671198390097502 0.409951129839953 2.24028787575575 1 9.62051935231057 6.77164914598515 0.0579097099538016 6.65060241156518 202.097596968432
0 1.51033816519193 0.110373916034587 0.823042191716377 0.59015061208047 1.93211330194026 1 10.0729032694263 6.84641164874108 0.0396965252350452 8.01981836537437 104.086036272242
0 1.59008400326129 0.160525300493464 0.841695562726818 0.55101453945972 1.20077634369954 0.875 10.1046717524959 6.37014557130933 0.0238844853065731 8.22220832790184 85.827554442836
0.0169491525423729 1.39867235834245 0.341776982415468 0.818628622253891 0.557778843864799 1.36393241304904 1 9.0418329590156 5.38162397267445 0.025727135544575 5.97444554193839 220.797400534558
0.0169491525423729 1.261519699567 0.308688191557303 0.685715255327523 0.546566438907757 2.71785456873477 1 7.64712981872089 4.6936388339757 0.0521573073939249 4.6225188243227 205.102004312272
0 1.34607226736844 0.224192523164675 0.756822102924343 0.690397043712437 1.42028605332598 0.875 7.3992233192624 3.81928095372953 0.0278773049025605 4.43421238784445 236.771077106795
0 1.16154696766753 0.284357443032786 0.835567905940115 0.46326027601026 2.89478374598548 1 6.74817320915767 3.67630067190708 0.0463343108504399 3.85545265393975 196.621950420584
0.0169491525423729 1.30377726341596 0.292659082389787 0.760945086448819 0.593295156814531 1.94203047797787 0.875 7.92593192564527 4.55687989686031 0.0344222531867678 4.87628724156518 230.643848685444
0 1.15149559183046 0.234466501767747 0.88632196491817 0.717783092753962 1.32795313326642 1 6.79668404371635 2.9509963797126 0.0213716999580947 3.90197266957464 201.284965352395
0 1.6333254077239 0.313488397980109 0.739545928675216 0.697654188098386 2.3743764529936 1 10.0653459514316 6.91324020921271 0.0427619862740616 7.86032972293354 111.600460852414
0.0169491525423729 1.53294929335825 0.247045181458816 0.615989689948037 0.419007337186486 2.84847015701234 1 9.71028956118732 7.10476017268665 0.0738640240804907 7.16162200293919 218.691762201002
0.0169491525423729 1.54885832648724 0.302872675913386 0.727331146388315 0.570195151353255 2.40573393832892 1 9.9649529972325 6.95475813257747 0.0492820744902817 7.22693601849329 168.721872267643
0 1.48877793699503 0.127476022625342 0.697007625270635 0.806293087732047 2.88344244845212 1 10.0810530254057 7.16026343892625 0.053891118798047 7.9486943154214 108.093739376321
0.0169491525423729 1.45510330366344 0.283907960242654 0.737043310949537 0.592655088276041 1.80941320491556 1 9.68623287770206 6.43815156975773 0.0388486750132033 6.70945676766504 223.148999750738
0 1.47567533862311 0.160672061261721 0.691538069490343 0.540155172441155 2.98547917092219 1 10.0566270069616 7.34034905447855 0.0661204002616931 7.70261257057276 139.890754480832
0 1.21468814820983 0.194046095549129 0.622905193769839 0.809046410908923 1.07627554889768 1 7.71540233373955 3.89944422322129 0.0220166099994426 4.68213122712422 202.398675637156
0.0169491525423729 1.45735976377036 0.275158052286133 0.682879037538078 0.586832660017535 1.30613671522588 1 9.57931437150193 6.07792889950694 0.0301555747623163 6.74155310406807 209.28192567984
0.0169491525423729 1.44306869953871 0.238324238685891 0.943746182206087 0.542239069892094 1.33406897587702 1 9.81574863822812 6.15113567546662 0.0256140829694323 7.12105049424153 178.898166963929
0.0169491525423729 1.28358508902926 0.169898746910797 0.69838285902874 0.737579020009253 2.1741032798472 0.875 8.28176014696929 5.14915422823182 0.0436040205365536 5.18418836107026 236.040339885434
0.0169491525423729 1.38678111797199 0.151603302336298 0.664506027300376 0.601500555686653 1.46918996283785 0.875 9.9119445482686 6.55880552084981 0.034974396022353 7.34259424389022 181.071646731237
0.0169491525423729 1.28749090520446 0.120831974263731 0.777809684685421 0.494006593926288 1.91814820965358 0.875 8.25649610785858 5.10073712879344 0.0426060516167309 5.18738580584075 229.499519594624
0 1.60268536848016 0.169541507400572 0.949904366233386 0.897230314509943 1.52254833700135 1 10.0980361369702 6.39045037661839 0.0245366892705364 8.20852579255532 84.6023994544033
0.0169491525423729 1.26462696129456 0.103484158148058 0.672802028991282 0.475316705089062 2.02699888451025 1 8.57071026138103 5.61404009915534 0.0519917533590843 5.3630511811146 238.218590895613
0 1.60915995864198 0.231078233011067 0.727352293068543 0.500183378253132 2.96095694368705 1 10.0603470601743 7.24047046672564 0.0596132989266614 7.91026957760491 126.529382170797
0 1.54542044035625 0.350999539345503 0.734417914540972 0.463361604278907 1.35808141995221 1 10.0300155724452 6.46497763598999 0.0282959120172265 7.52449376583402 148.838577468902
0 1.51253231728915 0.199511142657138 0.923682458791882 0.339284291490912 1.80930229928344 1 10.073167033981 6.76892415326271 0.0367270080384835 7.83429332730784 121.961657367562
0 1.189271589485 0.279865154763684 0.822977489221375 0.386278421524912 2.86755219008774 0.875 6.85811475335787 3.84098723231139 0.0489416003603063 4.00212484012533 195.743559729479
0 1.23509857405443 0.294122914131731 0.699132434651256 0.4859531623777 2.40228217234835 1 7.03229322654223 3.91202300542815 0.0441452378324688 4.04305126783455 222.574757564492
0.0169491525423729 1.54961113580802 0.378076914245384 0.819867069960103 0.896013733896376 2.07469081748946 1 9.75245388477546 6.19568008853667 0.0285307223179304 6.90173720665657 194.935883954978
0.0169491525423729 1.30564332401335 0.240745029463899 0.631684848069767 0.451383270554376 2.54643253934818 1 7.79564653633459 4.92089291859539 0.0564300411522634 4.72849340202009 222.007380474919
0.0169491525423729 1.31856561598497 0.154558302034792 0.908183655283224 0.877127899529056 2.53519349442996 0.875 8.96863271179939 5.69757275802189 0.0379661633618337 5.88491284608 236.247748235927
0 1.61989512373693 0.236066282284446 0.627570551563986 0.831408666400239 1.05820641713217 1 10.0989206922817 6.21285656538339 0.0205259748938489 8.18493207556649 86.394137432987
0.0169491525423729 1.29758216124028 0.197775524109602 0.611768176930491 0.425920602260157 1.96388040063903 1 8.12400244418346 5.2217062641762 0.0548970217810046 5.00058495824275 249.313523356987
0 1.19014252778143 0.291167917614803 0.705194234137889 0.554714712454006 1.73930880334228 0.875 6.64805888116297 3.01693448120459 0.0264863863678459 3.6959969218828 183.512605836922
0.0169491525423729 1.55341718602264 0.311421249937351 0.843152038594056 0.427466428731891 2.39623681652229 1 9.86817768205869 6.79989163310619 0.0465007866674436 7.14213546222233 170.630556958254
0.0169491525423729 1.40909100833924 0.266216187735101 0.864454562424998 0.485118280983887 1.97683615125539 1 9.61462978923062 6.36281256307191 0.0387038103104481 6.62423121667902 221.383962731048
0 1.1543948860839 0.223785498156212 0.733115687291138 0.740697812335566 2.24586153449491 0.75 6.17690623123818 2.67414864942653 0.0301142263759086 3.36729582998647 181.904916348819
0.0169491525423729 1.50397601301971 0.249786966026434 0.612006002733275 0.876699222049802 2.77419038281701 0.875 9.55234827887151 6.54288356783923 0.0493180711154408 6.60336293582434 233.711324126597
0.0169491525423729 1.36519702954908 0.197748844225543 0.656303028403258 0.780020683986303 1.95257933774949 1 9.4263082395413 6.16436688198544 0.0383139447046382 6.29710931993394 260.080784589664
0.0169491525423729 1.4095959754767 0.215487385295461 0.705572285397296 0.688142697986757 1.68517736750837 1 9.92718576843893 6.56226752443397 0.0345648418855326 7.16016632797692 184.733360234372
0 1.15873966387007 0.336991459759884 0.813460125157144 0.378481572959572 2.38753336435184 1 6.42971947803914 3.2088254890147 0.0399193548387097 3.59731226058845 180.968762612709
0 1.58274639011361 0.342839196207933 0.633938620577101 0.86065266863443 1.96503941901028 1 10.0551189903076 6.63922202536912 0.0328469309387369 7.57584102894671 136.958602210527
0.0169491525423729 1.21189284663887 0.22478423265491 0.641422508903358 0.59811845948668 1.69519429724595 1 7.92321238235079 4.58751525074937 0.0355897668100521 4.90897164031976 227.474694299759
0 1.22362376572564 0.191599534731358 0.880775816412643 0.829090936621651 1.4473387687467 1 7.62260279485475 3.93182563272433 0.0249526022873219 4.58624217610257 218.30141078368
0 1.54659028861206 0.292197899776511 0.844417010201141 0.875991130247712 1.3876618091017 1 10.0622792319594 6.27805227097873 0.0227264244007785 7.71093330222465 136.007847790609
0.0169491525423729 1.53058148308546 0.32572873614197 0.769808331969111 0.807366903607077 2.40853235818353 1 9.84864850570735 6.5897858055919 0.0384320819743566 7.1349904481996 173.616061177419
0 1.44707457334734 0.125635808543302 0.705385259399191 0.745099645480514 2.23569259559736 0.875 10.041701713865 6.96871597877182 0.0462827602938706 7.5999019592085 139.705955731642
0 1.59242172047961 0.190699544851668 0.914022409927566 0.652018981100991 2.40015584276989 1 10.0767473419208 6.90148566596854 0.0417831690037211 8.03114147774889 100.131364971108
0 1.16591286389157 0.393141169799492 0.933159202011302 0.700739861140028 1.93008515471593 0.875 6.1284275450342 2.56494935746154 0.0283400809716599 3.31678003984957 190.160611023008
0.0169491525423729 1.5259326855019 0.255226936939523 0.932010388432812 0.802229933464829 2.91180140953889 1 9.97986393205021 6.83154895297688 0.0429243944666732 7.5061796072272 151.451773972386
0.0169491525423729 1.40715649012122 0.169552923264624 0.850785387396701 0.744454756235043 2.45141752511023 1 9.53552593881239 6.36625564803133 0.0420342595017292 6.64101897104582 195.841753170678
0 1.28750526006334 0.120701865293086 0.667415434843861 0.767806996498257 2.74961918359622 0.75 8.79477442168859 5.91440350097152 0.0561139451487449 5.70489296894023 244.267241774467
0.0169491525423729 1.29752601453505 0.199316458030547 0.643531091460358 0.36555653496398 2.19381453691124 1 8.65817178467581 5.82747394699875 0.0589716866423484 5.49408972106611 239.532476714697
0.0169491525423729 1.19698031535372 0.107784675736912 0.761895851651207 0.55232346248813 1.66072025103495 1 7.68230962054105 4.39906810052873 0.0375064815348274 4.54063166485052 232.501011366107
0.0169491525423729 1.27275974496369 0.340501870582658 0.772579767869838 0.335784036252672 2.1338099391918 1 7.38654829316682 4.19154689017846 0.0409664679005653 4.43970574626056 211.425953006591
0.0169491525423729 1.33574024818372 0.388240259070881 0.721565979579464 0.497640187991783 1.56526742037386 1 7.91013195976942 4.33073334028633 0.0278924671988256 4.90527477843843 214.63740807442
0 1.52206782738212 0.11733582415618 0.737163825123571 0.498654214432463 2.17076617712155 0.875 10.1003399285248 6.98180202477177 0.0442217776708769 8.14243740236942 92.1630711135082
0.0169491525423729 1.411930197943 0.132168760267086 0.664742266875692 0.453605659352615 1.41867143055424 1 10.0429668462743 6.76128337508188 0.0375649640115685 7.56157674087591 155.543426412387
0 1.18162285930011 0.350461139739491 0.824639574706089 0.728479894855991 2.3024856899865 1 6.19949446061214 2.83321334405622 0.0345177664974619 3.4578927253387 190.386225331857
0.0169491525423729 1.43178842074703 0.258484016754664 0.920212284557056 0.752592172566801 2.51803541230038 1 9.25507470331635 5.96774802049067 0.0373535739899594 6.19389505682465 235.60288761048
0 1.49027984749991 0.188143981504254 0.918294289836194 0.735002107545734 1.7488689692691 0.875 9.98726394068247 6.46725497193688 0.0295991696992787 7.61972421378267 135.501076588494
0 1.58169857049361 0.29089956022799 0.866213928314391 0.458240903075784 1.62278888979927 1 9.99750143796838 6.51933163672882 0.0308638463464033 7.74071874826654 128.303147481155
0 1.19146051546559 0.273678476223722 0.780297957092989 0.800997425615787 2.09361323947087 1 6.88908201371652 3.50405476710186 0.0338767193071829 3.99590448940885 219.738889373072
0.0169491525423729 1.51571192892734 0.267833151738159 0.725568355398718 0.482932770391926 2.62954865768552 1 9.93388944587841 7.0339473042199 0.0550264037007621 7.41645364173195 175.183004680541
0 1.27279822584242 0.208568703359924 0.617471842688974 0.4528427075129 2.32064989674836 0.75 7.61628356158038 4.70953020131233 0.0546528803545052 4.48488402011359 192.553025925273
0 1.63516419879161 0.136417487543076 0.673784090427216 0.869953113561496 2.26678379066288 1 10.0920137788286 6.8932759577173 0.0408136856543906 8.21568261102792 83.6953042140399
0.0169491525423729 1.6207394682343 0.382183690254124 0.689369484676356 0.637155066789526 2.09058786523999 1 9.77166184725666 6.54552924190983 0.0397107794550731 7.10373316222358 186.83696610256
0.0169491525423729 1.31913210459367 0.317148196074106 0.851263253972783 0.349268698477131 2.15097477488529 1 8.1179462106213 4.9469852670198 0.0419632542019156 5.08450514266271 210.90425640176
0 1.20899875285104 0.108139314688742 0.931298551498912 0.373205275833607 2.96431692969054 0.875 7.76702204175976 4.92828834639798 0.0584996975196612 4.85537288541631 206.4357654168
0.0169491525423729 1.28176468352642 0.19331238703451 0.805088852945313 0.764660998519575 1.49967796590225 1 8.08959749842008 4.49841981604121 0.0275658474868688 5.00310702767546 246.919813696299
0 1.21936038809363 0.228757464233786 0.694151609065011 0.547929126676172 2.82286024279892 0.875 6.94436269032493 4.05550472890584 0.0556397190469632 4.04305126783455 213.202277154026
0 1.21883983232547 0.194446384091862 0.722884284949396 0.569263077992946 1.09249626193196 0.875 7.63675211243578 3.8255309740747 0.0221211494728137 4.54481338544719 230.792978244586
0 1.1656659897184 0.28095983362291 0.837732630048413 0.629913240484893 1.04687011614442 0.875 6.47190459838064 2.50843714719819 0.0189971283410647 3.63758615972639 207.369361181212
0.0169491525423729 1.30003603742048 0.108311531858504 0.715760410751284 0.706491590863341 1.19586926880251 1 9.58518302903558 5.97189939161314 0.0269631640903584 6.57907758582684 250.860995801214
0.0169491525423729 1.27864385708235 0.290189444832504 0.714016824413557 0.770795007236302 1.65143958386034 1 8.29082569878355 4.68328796525204 0.0271185377935229 5.20743487007086 224.741213629046
0 1.54972077484708 0.350247058249079 0.793413848092314 0.837558411480859 1.60320825641975 1 10.0042713610289 6.34826448323486 0.0258354712204604 7.39172344857825 165.512696488731
0 1.57093742394354 0.29232193720527 0.887281466787681 0.469285287056118 2.31795753957704 1 9.93861938876798 6.76388490856244 0.0418052027202346 7.55033258763191 146.438757616498
0.0169491525423729 1.33012545024976 0.286377430707216 0.880820542678703 0.691431337036192 1.52685587434098 1 8.54718879145162 4.88940883666211 0.025789703527585 5.48686947309263 236.471752975042
0.0169491525423729 1.39861332346855 0.16566083327845 0.894856600306056 0.824675201038208 1.97609504561169 0.875 9.84701545774722 6.37575465807969 0.0310778230408199 7.07990624257171 188.250574751931
0.0169491525423729 1.38674201387183 0.2761249991009 0.818387124469189 0.501739583493082 2.08136750415812 1 8.48019201327175 5.27938935666252 0.040729499053104 5.37063802812766 249.336544273171
0.0169491525423729 1.31457315257874 0.286928184588106 0.869191113447243 0.494058633790322 1.86744277414132 1 7.99606467465435 4.58751525074937 0.0330891639302854 5.01230057341532 212.010815995324
0.0169491525423729 1.54330882462673 0.343617307348177 0.868522167531773 0.344359047571197 1.70328604988754 1 9.93556744599954 6.58254439463794 0.0349784524501259 7.1833963992541 181.320543567411
0.0169491525423729 1.52908026122022 0.381147007294931 0.767773451376706 0.47852113279514 2.9421167075634 1 9.53784393861464 6.6767685502069 0.0572072072072072 6.57298159899651 205.454957789699
0 1.17969218057115 0.379283068166114 0.80290529965423 0.805406125355512 2.03194661112502 0.875 6.87109129461055 3.16607763930123 0.0245998814463545 3.97298370521783 181.067258266607
0.0169491525423729 1.33579203903494 0.219937184550561 0.768987986046537 0.659294161902143 2.06755416449919 1 8.6982222466231 5.44673737166631 0.0387166757061204 5.54517744447956 245.196043687642
0.0169491525423729 1.42001070930368 0.269386826809208 0.916646768771847 0.718965318212683 1.34188479109468 1 9.63107989663547 5.84824350393594 0.0227580490286999 6.72563370219085 209.008481696971
0.0169491525423729 1.3617274136981 0.187040400784463 0.755110028258059 0.515614526672289 1.73864263575524 1 9.20447319369813 5.9622931698077 0.0390786098677262 6.07993319509559 236.810099344879
0.0169491525423729 1.36776043938615 0.202780477223693 0.812707374701472 0.61016307067054 2.08280426342226 1 9.3754839789924 6.15883108295319 0.0400890160546813 6.28553243675889 233.864514969013
0 1.1691574889468 0.320819535781629 0.643549577065278 0.671905392408371 1.76245385687798 0.875 6.91501458066373 3.50512830451039 0.0330449581619628 4.07268306544092 201.08494457507
0.0169491525423729 1.53305035582744 0.332854903792031 0.896405830990989 0.588986049313098 1.46472928626463 1 9.84101356544744 6.22998920046049 0.0270241500898144 7.08694694276716 176.558905219707
0.0169491525423729 1.45251459231901 0.399445021109293 0.791968955416941 0.568322042557932 2.43466993416794 1 8.94185616882793 5.71538161049955 0.0396972025571015 5.91181238816036 207.540803449601
0.0169491525423729 1.37422048205044 0.234198620193638 0.768593858357053 0.523285649344325 2.52000872464851 1 9.42718412114186 6.43534876512009 0.0501952260194018 6.52594566047232 217.943740117843
0.0169491525423729 1.407600878831 0.360012332093902 0.727401438087691 0.426683938410133 1.57720926776528 1 9.1690885976138 5.81039220971446 0.0347805697760757 6.06116550117861 222.648987530757
0 1.58979688349646 0.350141297769733 0.70455436904449 0.840026156650856 1.6284344936721 1 9.98434146955192 6.35654159431086 0.0265745875462605 7.5969571871798 140.802766149952
0.0169491525423729 1.47166227328517 0.356791701661312 0.813326927593821 0.338344933606704 2.46088876102513 1 9.42842112894793 6.4852075908927 0.0526961153826825 6.36625564803133 215.69079628293
0 1.52862040405162 0.268103052792139 0.633135610970203 0.522868224279955 1.18782134586945 1 10.083770574596 6.37778930856372 0.0245760898496417 7.91899248816525 108.084663097009
