0.00900900900900901 1.53061613597285 0.39055265714324 0.89535141377 1 2437.1 30.14 466.001497501034
0 1.47295102085918 0.179369553318247 -0.4893589746207 0.98 5591.30612244898 147.020408163265 280.195878357261
0 1.261481194105 0.20786013212055 -0.432635337579995 0.86 1086.6976744186 26.6046511627907 329.040995282455
0.00900900900900901 1.43690150026232 0.295492571592331 -0.681281392462552 0.96 3495.14583333333 95.9375 533.511599104439
0.00900900900900901 1.40690118968487 0.203304237150587 -0.937065762002021 1 5029.36 165.74 400.037962024144
0.00900900900900901 1.50134638353443 0.338102704240144 0.741351147199872 1 2760.98 37.2 547.825356345991
0.00900900900900901 1.527244016435 0.311937038251199 0.0193728976882994 0.96 4786.25 94.5 417.678599776027
0 1.3165939274244 0.335254266671836 0.250939531251788 0.92 621.608695652174 10.0434782608696 274.882755232377
0 1.60928787384182 0.210843255510554 0.108842641115189 1 5595.28 111.22 224.741513772087
0.00900900900900901 1.40999695369974 0.252390892058611 -0.897580857854337 1 3866.32 120.9 503.044997564102
0 1.32461091373116 0.18821009802632 0.376295943744481 0.92 1468.30434782609 26.0652173913043 359.332355400993
0 1.63084337105975 0.242912217555568 0.154478763695806 0.98 5679.5306122449 109.857142857143 232.925275076959
0.00900900900900901 1.35829603831044 0.218507439329745 -0.223732408854354 0.92 2940.15217391304 70.2391304347826 504.239119578492
0.00900900900900901 1.41342240869999 0.297248065867461 -0.501826157327741 0.92 3103.95652173913 78.2173913043478 486.109571097304
0.00900900900900901 1.4626996562274 0.364397762124834 0.226458287786418 0.96 1536.72916666667 27.1458333333333 413.086411127276
0 1.46573607567698 0.117624951060861 -0.63068566005677 1 5378.34 156.98 274.270043552151
0 1.27813977235928 0.31152822447475 -0.365032403729856 0.92 589.608695652174 11.2826086956522 229.474455394486
0.00900900900900901 1.48365895882837 0.29820912071032 -0.21019167469999 1 4348.98 99.18 484.477488220064
0 1.26057889796793 0.228412026446313 0.076311815995723 0.92 663.065217391304 12.2173913043478 282.42894140335
0.00900900900900901 1.36120490789415 0.289234802279125 -0.517500928040592 0.94 1357.23404255319 33.2340425531915 380.516845879425
0.00900900900900901 1.39607489608325 0.27686606318164 0.896621798290087 1 1594.76 21.52 378.733088220251
0 1.46681262189522 0.181289382977411 -0.782082420308143 1 5524.38 167.22 306.878713126724
0.00900900900900901 1.4261775826413 0.356245635868903 0.206518130741334 1 1452.12 24.26 396.388514105121
0.00900900900900901 1.30805548178032 0.234629331063479 0.541321433149278 0.98 744.081632653061 11.6734693877551 273.356216377297
0.00900900900900901 1.45328999514761 0.35087415763993 0.773695660931951 0.98 1449.73469387755 19.6326530612245 374.100830997586
0 1.55403656736016 0.199002916226164 0.544169162865728 0.96 5360.08333333333 88.3333333333333 246.74782393815
0.00900900900900901 1.47344744565853 0.350050679687433 0.299088744873642 1 2293.54 39.24 466.332205229899
0.00900900900900901 1.31843220694938 0.349757221800934 -0.468810655739719 0.96 775.791666666667 16.3541666666667 290.486363089819
0 1.26769503084943 0.112601810530759 0.987733057700098 0.82 1491.51219512195 20.9756097560976 319.753931439105
0 1.34119814233854 0.393338953657076 -0.158966134767979 0.96 593.145833333333 10.5625 261.102165280543
0.00900900900900901 1.54434087106281 0.185967169983133 0.927401353409949 1 5293.28 71.18 276.589186067822
0.00900900900900901 1.37286974005401 0.174713428178802 0.731547606643289 0.98 3772.48979591837 55.4285714285714 463.82456443357
0 1.31769343651831 0.39429280620534 -0.128348025493324 0.84 462.261904761905 7.19047619047619 214.449626214055
0.00900900900900901 1.36927708424628 0.28822614941746 0.760506309568882 0.96 853.666666666667 11.4583333333333 291.94788127787
0.00900900900900901 1.31624957975 0.152209964999929 0.205864364281297 0.92 2269.19565217391 45.2826086956522 441.320242832592
0 1.62827191380784 0.380157619109377 -0.817562407348305 1 5387.22 148.98 309.000567678534
0.00900900900900901 1.42921409143745 0.114119014786864 -0.007423338484426 0.98 5330.20408163265 118.857142857143 355.136877059947
0 1.49918393390253 0.173546391213313 -0.934803545940667 1 5351.58 175.56 265.861072898957
0 1.33374621085823 0.32544403153006 -0.522740813437849 0.9 794.711111111111 16.7333333333333 291.647135963415
0.00900900900900901 1.5484943959862 0.355141474190168 0.986095189116895 0.98 3311.77551020408 41.5714285714286 516.913426387629
0 1.63119736965746 0.315940658980981 0.0331717352382839 1 5699.88 113.9 294.391534997189
0 1.38285408634692 0.151599822659045 0.252186194527894 0.9 3748.97777777778 73.4888888888889 413.014984509896
0 1.51621720893309 0.145473558362573 -0.0327333617024124 0.98 5577 125.938775510204 257.420683494665
0.00900900900900901 1.51723753453346 0.309007624969176 0.55159928363777 1 4632.4 73.24 513.770133710913
0.00900900900900901 1.40436500688586 0.321631156555511 -0.241715110512699 0.94 1639.02127659574 35.5744680851064 412.91007481045
0.00900900900900901 1.33177699537484 0.350201858478298 -0.430457210274522 0.98 767.591836734694 15.469387755102 295.959989916166
0 1.51428269045427 0.21179328255821 -0.75568526238203 0.98 5260.12244897959 156.69387755102 282.025388136214
0 1.57156162699684 0.141879225056618 -0.947639788500965 1 5588.74 181.72 213.319252073172
0.00900900900900901 1.55443487449362 0.367151810721658 -0.213203395787622 1 4617.74 101.02 520.715990372491
0.00900900900900901 1.39740396722174 0.185623925828725 -0.732523225488653 0.94 4867.31914893617 144.553191489362 443.174333967636
0 1.5394428265281 0.149200803716667 0.605433438904583 0.96 5695.72916666667 86.9791666666667 233.391036202998
0 1.6372055945918 0.253440954745747 0.386801371816546 0.98 5693.81632653061 96.7142857142857 238.797487672938
0.00900900900900901 1.57616767631141 0.257637951370563 0.73429002070235 1 5126.1 74.86 316.328889039038
0.00900900900900901 1.34173045512289 0.306412384985015 -0.881499219685793 0.94 1242.14893617021 32.6170212765957 374.872911720705
0.00900900900900901 1.38857590220869 0.36674864673987 0.900749118532985 1 863.72 10.26 283.374196641609
0.00900900900900901 1.39938166569918 0.378716166736558 -0.85677328472957 0.94 923.63829787234 23.9787234042553 316.141286382993
0.00900900900900901 1.50847613720905 0.395643539007424 0.418965043206 1 2309.38 36.14 543.402841177362
0.00900900900900901 1.48260246713719 0.222033360581143 -0.430613598212291 0.96 5194.77083333333 130.708333333333 338.509411068505
0 1.58398448480293 0.143721942813136 -0.409185445401818 0.98 5667.14285714286 148.571428571429 208.696602525682
0.00900900900900901 1.41941226019933 0.370409762164952 -0.518618257768853 0.96 1125.79166666667 24.2916666666667 367.400914113815
0 1.55412992853671 0.209260803251527 0.0856524189002812 1 5699.54 114.82 283.13874924416
0 1.33445967622101 0.168316922034137 -0.618031083606184 0.9 4032.93333333333 114.311111111111 448.397853390151
0 1.35161575544626 0.128811926371418 0.773552840109915 0.9 3194.57777777778 48.3111111111111 412.248616839305
0.00900900900900901 1.49489192092939 0.17776000368242 0.669792408698112 0.96 4931.3125 77.6458333333333 329.086697993317
0.00900900900900901 1.48387754833392 0.389212735124545 -0.689231863753012 0.96 2576.29166666667 65.4583333333333 542.953633312484
0 1.52090323260054 0.12331390415784 -0.338089263997972 0.96 5685.72916666667 146.0625 215.906628034632
0 1.34784895591438 0.114380404073745 0.844878218136728 0.8 2800.675 41.85 378.640495893291
0.00900900900900901 1.43832982630665 0.160415786527385 0.822257421236681 1 5046.98 73.2 371.177801662453
0 1.28277935627848 0.332890186295845 0.262928286101669 0.92 609.108695652174 9.67391304347826 235.119672258304
0 1.26671474426985 0.267099899356253 0.0477361320517957 0.94 483.787234042553 8.46808510638298 227.810222148842
0 1.48146506603807 0.209274026541971 -0.463919006288052 0.96 5372.91666666667 142.520833333333 323.914705147432
0 1.49593151491135 0.211939367465675 -0.60386124625802 0.98 5409.02040816327 149.714285714286 310.166336413065
0.00900900900900901 1.41018403818009 0.19586575429184 -0.514552365335518 0.96 4650.16666666667 127.583333333333 417.864636701581
0.00900900900900901 1.33246054397896 0.133481271727942 -0.93863373529166 0.96 4236.70833333333 138.208333333333 413.359648638605
0.00900900900900901 1.36848768690957 0.296731695116605 0.720163410770667 0.96 996.395833333333 12.8958333333333 303.14482525035
0.00900900900900901 1.36478374577783 0.346004680352192 0.053502549653102 0.98 815.326530612245 14.1632653061224 322.884789497423
0.00900900900900901 1.3561041357387 0.309311867221289 0.168206081475222 1 1068.88 17.92 333.809443111389
0.00900900900900901 1.41544413141787 0.143191599216564 0.598645177172214 0.94 4622.53191489362 77.7446808510638 345.085331675172
0 1.26856440212578 0.169715397525579 0.912313432432711 0.88 1021.77272727273 14 318.218308994477
0.00900900900900901 1.57305344104028 0.310590252279892 -0.0261892516072151 0.96 5266.5 109.791666666667 351.452516086541
0.00900900900900901 1.35666978174785 0.246198964304286 -0.182364492221731 0.96 2723.60416666667 59.625 461.180899579436
0.00900900900900901 1.54699861859946 0.349206667376407 -0.756512683015907 0.98 5032.20408163265 136.69387755102 464.530279955226
0.00900900900900901 1.30252233017236 0.250037049828097 -0.181103317067027 0.96 1256 28.0833333333333 364.36645853602
0 1.60076914578676 0.195779675478116 0.527237526141107 0.98 5580.18367346939 91.7959183673469 234.254329690991
0 1.28480940079316 0.177538755256683 0.457344655413181 0.96 1001.52083333333 14.6875 276.192570978213
0 1.60773804569617 0.29625074127689 -0.930107783991843 1 5571.66 174.08 252.132111494469
0 1.285983875487 0.333494963869453 0.493922629393637 0.94 583.787234042553 7.91489361702128 254.643103632751
0.00900900900900901 1.31378156793846 0.237118309915594 -0.445041605452029 0.98 1269.20408163265 29.8163265306122 357.685688982803
0 1.61488117463887 0.20801341785118 0.739895206410438 0.98 5466.67346938776 80.3877551020408 245.342368643977
0.00900900900900901 1.59459597571669 0.363300373580513 0.890097888838976 1 4854.08 62.68 504.790778134573
0 1.2726295016706 0.387432407960296 -0.188434673473239 0.96 544.25 9.5 227.865716496963
0 1.27615129975602 0.116060881991871 0.529741350095719 0.9 1610.91111111111 26.5333333333333 338.955222955684
0.00900900900900901 1.59726842733809 0.312788347534148 0.267637932720252 0.98 5512.16326530612 100.65306122449 339.202274661284
0.00900900900900901 1.50537675713167 0.299456106364119 -0.0467914838318879 0.98 4993.95918367347 107.204081632653 478.919510531531
0.00900900900900901 1.4840570345521 0.186418962711468 0.373394431080669 0.98 5175.26530612245 91.3469387755102 309.549693885084
0.00900900900900901 1.4914554326795 0.264388762577437 0.100310178939253 0.98 5226.36734693878 108.020408163265 445.452816634748
0.00900900900900901 1.54185022059828 0.325258871796541 -0.878394111059606 1 5497.16 154.04 387.816097296823
0 1.27545190593228 0.301656120410189 0.0440594558604062 0.94 610.170212765957 10.1063829787234 252.242213175838
0.00900900900900901 1.46503248107322 0.239361085248798 -0.131718833986073 0.98 5013.16326530612 112.938775510204 399.224917380921
0 1.32594683617353 0.132249236386269 -0.820406172424555 0.9 4067.6 127.822222222222 385.362057324208
0.00900900900900901 1.47726981844753 0.330566386203282 -0.5963573330082 0.98 4395.73469387755 113.857142857143 499.792156630486
0 1.64814348602667 0.120292822271585 0.278760191984475 0.96 5727.25 107.0625 174.821053132147
0 1.42343904944137 0.199726725416258 -0.996573709882796 0.98 4994.75510204082 162.122448979592 343.178414174466
0 1.52075296230614 0.147667556931265 -0.521184336859733 0.98 5691.18367346939 158.061224489796 235.097233325998
0 1.55645837523043 0.14679413496051 0.311460542026907 1 5597.12 103.98 230.911565668665
0.00900900900900901 1.39983131380919 0.295107132831058 -0.0645793841401733 0.92 1612.54347826087 32.9782608695652 408.170413842359
0 1.28289643414319 0.297509797499515 0.0960984397679567 0.86 619.093023255814 9.46511627906977 223.274227275253
0 1.27763771284372 0.365075926622376 -0.6947085512802 0.94 487.829787234043 9.27659574468085 242.318321091236
0.00900900900900901 1.49105858549698 0.32017708833016 0.144012195876826 0.96 3535.27083333333 67.7916666666667 463.642821230735
0.00900900900900901 1.52331426563738 0.275118619613352 0.0593425726546355 1 5343.64 107.44 386.947209704347
0.00900900900900901 1.41612243568357 0.259707353389488 -0.73205334780791 0.98 3994.16326530612 117.714285714286 476.796519317285
0 1.31181620378047 0.269916785578244 -0.464072601869702 0.92 955 20.6304347826087 309.264519616174
0 1.36645972225815 0.1074356012512 0.126434702891856 0.88 4479.97727272727 94.9772727272727 389.169375827609
0.00900900900900901 1.42425372769137 0.374137256947581 0.296216386048872 0.96 959.770833333333 15.5 316.084655845848
0.00900900900900901 1.35476390440017 0.258544345712289 0.94376009888947 0.94 1292.48936170213 17.0212765957447 368.537091031951
0.00900900900900901 1.41298688966781 0.314651629072614 0.644433043897152 0.96 1666.45833333333 24.8333333333333 382.112631394331
0.00900900900900901 1.33644871944562 0.11991018706467 -0.941310298629105 0.96 4118.70833333333 138.1875 351.228835491865
0 1.32529646418989 0.349736735923216 0.306146413087845 0.92 736.913043478261 11.3478260869565 279.655099287854
0.00900900900900901 1.44275545654818 0.142422462906688 0.675295038614422 0.98 5164.30612244898 80.9183673469388 336.71341347873
0 1.55826926073059 0.149930364289321 -0.912838994525373 0.98 5674.20408163265 184.326530612245 205.596070299374
0 1.2880143458955 0.357798761990853 -0.625337379984558 0.92 604.826086956522 12.6086956521739 257.719108751768
0 1.29930097814649 0.29066428586375 -0.749234852846712 0.9 867.644444444444 21 314.442490017125
0 1.35583528848365 0.375966366822831 0.230671720579267 0.94 804.234042553191 11.4893617021277 269.630471146659
0 1.35921598328277 0.214940727152862 0.129280627239496 0.88 2673.75 54.6818181818182 499.733875810692
0.00900900900900901 1.56475044693798 0.262359853414819 -0.0785211627371609 1 5383.8 114.92 308.039181706705
0 1.29522183043882 0.142771459720097 0.263847175985575 0.84 2240.16666666667 41.5714285714286 424.666162541958
0 1.57201419305056 0.113245796621777 0.00436446629464626 0.98 5668.73469387755 123.734693877551 196.65260724405
0.00900900900900901 1.39521146686748 0.343326688813977 -0.187986074481159 0.94 1288.63829787234 27.1702127659574 366.649458049632
0 1.34213886922225 0.370358492364176 0.130260623991489 0.94 560.489361702128 8.95744680851064 253.377872530528
0 1.56773499622941 0.189769336464815 -0.538262648042291 0.98 5687.16326530612 157.65306122449 236.571118392131
0 1.2577233822085 0.295504733663984 -0.829510207753628 0.88 637.590909090909 16.2045454545455 267.649526775211
0 1.25369748882949 0.219608002877794 -0.225870515219867 0.9 728.2 14.4666666666667 259.418228191147
0 1.63737856764346 0.287739705876447 -0.00139422994107008 1 5716.88 118.36 260.682280607303
0.00900900900900901 1.43290758134774 0.208982179739321 0.253660685575715 0.98 4263.32653061224 81.2040816326531 400.56240032307
0.00900900900900901 1.57061180993915 0.363374868757091 0.744247927330434 1 4454.62 60.58 537.239350903061
0.00900900900900901 1.40070933334465 0.279132261991256 -0.0804447798952092 0.96 2130.16666666667 45.7916666666667 450.632345138223
0 1.47536111632362 0.211884881113656 -0.976404221728444 0.96 5475.4375 176.270833333333 307.674029650319
0 1.46512638097629 0.115668172785081 0.127563901245594 0.98 5371.14285714286 113.163265306122 279.310184798041
0.00900900900900901 1.44857827182859 0.250011889799498 0.204245266038924 0.96 3978.52083333333 76.4166666666667 449.419128693879
0 1.49162120921537 0.163433063239791 -0.03852828592062 1 5388.72 120.2 256.402926019638
0 1.37903537712991 0.119106678618118 0.304790217895061 0.88 4555.40909090909 89.1136363636364 355.398226792123
0.00900900900900901 1.49041531309485 0.246901053935289 0.119565854780376 0.98 4955.9387755102 99.6122448979592 428.7754089645
0.00900900900900901 1.44004058824117 0.257769491235144 0.966709413655846 0.98 3206.42857142857 41.5918367346939 446.546696419056
0.00900900900900901 1.33147652845665 0.353078181675175 -0.192448159945909 0.98 677.061224489796 12.7142857142857 285.765059915501
0 1.63461933750659 0.248421486467123 0.426184398122132 0.98 5583.85714285714 95.6122448979592 243.760998503025
0 1.27148441504687 0.340851917024702 -0.135373282246292 0.9 492.644444444444 8.35555555555556 207.746016297495
0.00900900900900901 1.45926050844933 0.294937797513478 -0.431760448767926 0.94 4315.14893617021 104.723404255319 467.490177446833
0 1.37308005709201 0.140178575390019 -0.509436720516533 0.88 4666.13636363636 128.363636363636 401.639047072124
0.00900900900900901 1.51594287569623 0.204956288630703 0.072442879501167 1 5374.12 112.9 314.822648399825
0.00900900900900901 1.39500487614423 0.314930788916536 -0.144660559017211 0.92 1988.08695652174 40.9565217391304 487.48718745527
0.00900900900900901 1.46321373088587 0.333504918082807 0.452628355577114 1 2261.12 36.42 459.760696124014
0.00900900900900901 1.42429581908509 0.121680970001034 -0.136965055484325 0.96 4899 114.75 299.970694991133
0 1.43171324403957 0.117589606251568 -0.660747342277318 1 5482 161.94 286.669835621499
0 1.32601719237864 0.287590504996479 0.826259035151452 0.98 735.081632653061 9.89795918367347 261.410685819329
0.00900900900900901 1.40788444706634 0.346111057156198 -0.129693824679579 0.98 1197.44897959184 23.8571428571429 355.210795810821
0 1.30676924409345 0.310241409903392 0.794818099588156 0.9 555.711111111111 7.51111111111111 226.524032105559
0.00900900900900901 1.36808406394081 0.193721702771776 0.0202790038366371 0.96 2954.64583333333 63.875 449.367802596331
0.00900900900900901 1.35050931274891 0.239705667062663 -0.559357831720263 0.92 2070.5 58.1304347826087 438.841072317889
0.00900900900900901 1.57237111631739 0.369286987868227 -0.891265646674503 1 4687.14 132.42 405.089882156699
0.00900900900900901 1.36369385439903 0.189753424050286 0.858026425354183 0.92 2065.34782608696 29.2826086956522 415.493642696237
0.00900900900900901 1.50582240149379 0.243432633648627 0.231720230542123 0.98 5261.61224489796 99.5510204081633 351.963702886034
0.00900900900900901 1.60234579397365 0.318285272875801 0.560379764996469 1 5514.98 86.74 373.698405847214
0.00900900900900901 1.59107310402143 0.391642744679871 -0.0300543846810567 0.98 4645.77551020408 90.7551020408163 496.908205915636
0 1.30341596351936 0.366064012958668 0.587900290731341 0.98 468.469387755102 5.69387755102041 197.900873998061
0.00900900900900901 1.36089912048889 0.167767426699011 -0.131028146052235 0.96 3112.91666666667 72.2291666666667 399.24402956702
0 1.37374105146155 0.35777151430957 0.964040684979409 0.94 685.255319148936 8.91489361702128 254.634699523721
0 1.50167559850961 0.196295308298431 -0.681329402141273 0.98 5592.20408163265 160.795918367347 258.67406420129
0 1.2574429249391 0.168742145132273 0.364303598180413 0.9 934.888888888889 15.8666666666667 301.05570131413
0.00900900900900901 1.57824150468712 0.220726405917201 0.622111926918009 0.98 5431.08163265306 83.265306122449 281.72551747222
0 1.29687171149999 0.325375866680406 -0.906742369756103 0.96 682.791666666667 16.5208333333333 268.769707487335
0.00900900900900901 1.44067710163277 0.243764558909024 -0.379879095916366 0.94 5169.53191489362 131.021276595745 459.82768924413
0 1.2966918066144 0.104559050337411 0.450294566806406 0.88 3192.88636363636 59.5454545454545 391.447968616459
0 1.37707882011309 0.365154422307387 0.71337385289371 0.98 713.244897959184 9.22448979591837 258.575588622319
0 1.28406968936324 0.322109659668058 0.102060807403177 0.94 422.553191489362 6.74468085106383 211.402193853702
0 1.35118792895228 0.153410065011121 -0.199440572410822 0.88 4391.38636363636 106.477272727273 493.737462028985
0 1.39329781001434 0.357483932957985 -0.559301842004061 0.92 952.45652173913 21.9565217391304 344.471697187044
0.00900900900900901 1.45384821079764 0.226480294095047 0.610867425768513 0.98 4570.10204081633 73.9387755102041 466.629496974459
0 1.53930546389893 0.124442147929221 -0.525158246979117 1 5687.38 155.76 219.966108022563
0 1.47742901910096 0.114388926513493 -0.281577447429299 0.96 5263.77083333333 132.895833333333 234.408424679665
0 1.36604440482333 0.180740531906486 -0.291285820771009 0.9 3835.37777777778 96.9555555555555 443.844795389672
0.00900900900900901 1.33968511359441 0.256384985216436 0.376877035409945 0.98 1200.20408163265 19.6326530612245 349.447259219899
0 1.6275487812236 0.202922574104741 -0.878895100206137 1 5671.32 176.4 205.331278979847
0.00900900900900901 1.45899854346757 0.315188889512223 -0.324327548733661 0.98 3266.5306122449 74.5102040816327 520.917550893975
0.00900900900900901 1.44262157212943 0.141539528453723 0.93606824753806 0.96 4844.375 69 334.511693389346
0 1.54603823358193 0.158368095406331 -0.0285712378099561 0.96 5568.45833333333 121.1875 222.030028412682
0 1.37203653166071 0.394925615238026 -0.724203502759337 0.94 809.255319148936 18.8723404255319 300.598995953785
0.00900900900900901 1.50150437690318 0.348570418474265 -0.0681163896806538 1 3544.26 72.94 574.286273833616
0.00900900900900901 1.42240893391723 0.30334320053273 0.794201660511847 0.96 1338.33333333333 17.9791666666667 374.277891588947
0 1.61154555175453 0.19930171018932 0.146551994141191 1 5568.16 109.02 222.790625160612
0 1.29758796924725 0.262595957587473 0.765443439595401 0.84 706.666666666667 9.52380952380952 255.604187364393
0.00900900900900901 1.34685448185698 0.127076475119422 0.0862374522523548 0.96 3385.16666666667 71.0416666666667 383.841736924924
0 1.46015202747658 0.143849844299257 0.138335799798369 0.94 5474.6170212766 112.851063829787 289.026194460315
0 1.64889448294416 0.161020930041559 -0.147652698680758 0.98 5701.63265306122 129.408163265306 191.260556372328
0.00900900900900901 1.42464725663885 0.312177099101245 -0.833086777944118 0.96 2911.9375 81.9791666666667 514.044740831213
0 1.25055215265602 0.20185414464213 0.550905674695969 0.9 681.777777777778 11 248.990250579523
0 1.25040013696998 0.220546870469116 -0.371059758588672 0.86 703.093023255814 15 274.888259194477
0.00900900900900901 1.44860237631947 0.171434443513863 0.593886597082019 1 5137.78 85.16 375.812324065802
0.00900900900900901 1.42656492311507 0.378107571485452 0.00656582228839397 1 1173.04 20.22 350.686359827034
0.00900900900900901 1.55879418715388 0.399330039796026 -0.20716076225173 1 3917 80.98 536.221951036965
0 1.62362306509167 0.16080924263224 0.831152734346688 1 5726.76 80.08 207.515381773655
0 1.29727034242824 0.324207738460973 -0.947304252535105 0.92 669.695652173913 14.9347826086957 276.920186830825
0.00900900900900901 1.41731520174071 0.106393202557229 0.915099315810949 0.94 4928.42553191489 70.2340425531915 317.457751467376
0 1.29309286940843 0.355107986321673 -0.878131714649498 0.92 538 12.1521739130435 264.498975598724
0 1.50371900284663 0.104868788132444 0.849491863045841 0.96 5386.66666666667 80.2291666666667 243.712793673484
0 1.33162496332079 0.338869101693854 0.654410826973617 0.96 603.270833333333 7 239.273425886998
0.00900900900900901 1.34014874128625 0.121523191011511 0.382300760131329 0.98 3056.71428571429 57.6530612244898 422.458168042952
0.00900900900900901 1.41477710325271 0.162442866968922 0.702691250946373 0.96 4283 66.2083333333333 378.318826051349
0 1.33282267199829 0.395487682824023 -0.784524575807154 0.94 666.021276595745 13.7446808510638 276.389133141864
0.00900900900900901 1.55680215684697 0.268418671260588 -0.0127238957211375 1 5484.84 114.48 322.554611421692
0.00900900900900901 1.34812797005944 0.222529888385373 0.237487513674724 0.94 2217.76595744681 43.3829787234043 452.406792091095
0 1.53406884120777 0.150682208221406 0.733055865392089 0.98 5483.73469387755 83.3877551020408 233.71754858773
0 1.52187151936814 0.114706319081597 0.986810322850943 0.98 5143.12244897959 69.1224489795918 243.901089485891
0.00900900900900901 1.33133315537125 0.130144243012182 -0.866819645743817 1 4163.44 136.04 389.293779587951
0 1.58093345724046 0.239806910883635 0.251762978266925 1 5478.54 103.3 277.223056757451
0.00900900900900901 1.46468557353749 0.399286054238527 -0.0930807693648807 0.96 1368.33333333333 24.5625 394.102793863288
0.00900900900900901 1.43727398440242 0.143823002162389 0.329862145707011 0.98 4748.12244897959 91.0204081632653 319.021861603252
0 1.46708708414808 0.138221323816106 0.014436783734709 0.96 5150.375 112.3125 262.530716579753
0 1.64016212616116 0.139269784232602 -0.71967283450067 1 5694.18 161.78 173.830511048471
0 1.36219920953736 0.286095847585239 0.455602798610926 0.86 1225.41860465116 19.2558139534884 351.291137971071
0.00900900900900901 1.4742619571276 0.243636784749106 0.943569582421333 1 4539.14 62.02 473.830894678959
