0.00144927536231884 1.55210525437256 0.217166840040331 3.96915679573677 0.973333333333333 2797.17123287671 78.7602739726027 398.452377550222
0.00144927536231884 1.53804610435203 0.197938794754899 3.04892662726399 0.993333333333333 3125.91946308725 70.8523489932886 395.884321975589
0.00144927536231884 1.55210525437256 0.217166840040331 3.96915679573677 0.973333333333333 2797.17123287671 78.7602739726027 398.452377550222
0.00144927536231884 1.6054879502352 0.249904467866532 3.45839307125178 0.973333333333333 3402.36301369863 83.1575342465753 415.910431617837
0.00144927536231884 1.4711853743956 0.136166228815507 3.46057358230487 0.973333333333333 2969.65753424658 76.1301369863014 402.212256080841
0.00144927536231884 1.56339532138756 0.231196507822488 3.4125803714963 0.98 2817.07482993197 69.9387755102041 382.855667972908
0.00144927536231884 1.57523171505451 0.230152173787893 3.94918064055693 0.973333333333333 2823.10273972603 78.1301369863014 396.979732453845
0.00144927536231884 1.63704078233153 0.295615838825639 2.50575248557309 0.986666666666667 3150.66891891892 59.6756756756757 413.255657363622
0.00144927536231884 1.60778917020708 0.260675866376796 3.15060127488658 0.98 2980.74829931973 68.2312925170068 412.1192481495
0.00144927536231884 1.51935960593222 0.172645412048884 3.21196763365193 0.98 3342.69387755102 78.8979591836735 394.927412204642
0.00144927536231884 1.56247433759814 0.235910905248583 2.69068915720794 0.993333333333333 2894.73825503356 58.9194630872483 407.869815506615
0.00144927536231884 1.63704078233153 0.295615838825639 2.50575248557309 0.986666666666667 3150.66891891892 59.6756756756757 413.255657363622
0.00144927536231884 1.56455963414497 0.248065061632534 2.56562502627702 1 2739.35333333333 52.8933333333333 429.314157942362
0.00144927536231884 1.53008102390961 0.175575053300907 3.41050995560228 0.993333333333333 3377.72483221477 82.510067114094 405.918163142859
0.00144927536231884 1.55541897880504 0.224502502420545 3.66020294845373 0.973333333333333 2629 70.2945205479452 393.904108286953
0.00144927536231884 1.56339532138756 0.231196507822488 3.4125803714963 0.98 2817.07482993197 69.9387755102041 382.855667972908
0.00144927536231884 1.52878889220564 0.174451547350129 3.24859237308314 0.98 3521.34693877551 83.4489795918367 420.498234984972
0.00144927536231884 1.55189306715221 0.20950955116137 3.25999498033943 0.993333333333333 3081.87919463087 74.6107382550336 386.741319590109
0.00144927536231884 1.60778917020708 0.260675866376796 3.15060127488658 0.98 2980.74829931973 68.2312925170068 412.1192481495
0.00144927536231884 1.51059506899804 0.161957828438058 3.54178456807722 0.98 2999.2925170068 77.8299319727891 394.075669796682
0.00144927536231884 1.55541897880504 0.224502502420545 3.66020294845373 0.973333333333333 2629 70.2945205479452 393.904108286953
0.00144927536231884 1.60741028175753 0.257221840858487 3.67259766276447 0.973333333333333 2834.7602739726 73.1712328767123 404.138647413639
0.00144927536231884 1.53907897806288 0.212531316489333 2.296588384021 0.986666666666667 3254.2027027027 58.4054054054054 439.827721190591
0.00144927536231884 1.51873263387096 0.180251659170253 3.86734757349062 0.973333333333333 2888.78767123288 80.7671232876712 417.474256423216
0.00144927536231884 1.54097796316612 0.18696367555627 2.34284455898322 1 3690.98 67.74 428.805760605947
0.00144927536231884 1.53907897806288 0.212531316489333 2.296588384021 0.986666666666667 3254.2027027027 58.4054054054054 439.827721190591
0.00144927536231884 1.55719282089439 0.210420804078944 2.75821074787089 0.986666666666667 3260.39189189189 68.4054054054054 399.468543409268
0.00144927536231884 1.63832806266584 0.27550437021725 3.19273310785049 0.993333333333333 3288.01342281879 75.1275167785235 425.65131241342
0.00144927536231884 1.56654510859299 0.217692694738828 3.60412042313585 1 2935.06666666667 75.2466666666667 403.834095650026
0.00144927536231884 1.58745362835715 0.226773748046828 3.44317111067092 0.993333333333333 3421.60402684564 86.3825503355705 413.071117481564
0.00144927536231884 1.6054879502352 0.249904467866532 3.45839307125178 0.973333333333333 3402.36301369863 83.1575342465753 415.910431617837
0.00144927536231884 1.55210525437256 0.217166840040331 3.96915679573677 0.973333333333333 2797.17123287671 78.7602739726027 398.452377550222
0.00144927536231884 1.53907897806288 0.212531316489333 2.296588384021 0.986666666666667 3254.2027027027 58.4054054054054 439.827721190591
0.00144927536231884 1.56871149544668 0.23667032947137 3.78575095562518 0.973333333333333 2590.84931506849 69.986301369863 394.865852425203
0.00144927536231884 1.50238235394978 0.169439472808562 3.43785321724532 0.986666666666667 2502.52027027027 64.2297297297297 383.064677879679
0.00144927536231884 1.61490760566495 0.274751085040053 2.9938371088867 0.986666666666667 3124.12162162162 67.5608108108108 414.809511251197
0.00144927536231884 1.49237751658737 0.154367669168951 3.21604317718052 0.986666666666667 3106.46621621622 74.945945945946 409.797452041642
0.00144927536231884 1.59257391467091 0.249705475928682 3.85764720327129 0.98 2916.95238095238 79.3469387755102 398.641937824497
0.00144927536231884 1.62900248403029 0.270940694475382 3.98768860443364 0.993333333333333 2946.30201342282 83.2684563758389 392.984016004854
0.00144927536231884 1.59703231366428 0.270061494525845 2.70494848214429 0.993333333333333 2841.28859060403 56.738255033557 402.328317217356
0.00144927536231884 1.59644611954652 0.262789818816772 2.75592370883095 0.993333333333333 3098.57046979866 63.241610738255 391.210057203203
0.00144927536231884 1.53777301372691 0.18564008518325 2.68953346460781 0.98 3607.7619047619 72.8163265306122 415.614071981874
0.00144927536231884 1.4711853743956 0.136166228815507 3.46057358230487 0.973333333333333 2969.65753424658 76.1301369863014 402.212256080841
0.00144927536231884 1.4711853743956 0.136166228815507 3.46057358230487 0.973333333333333 2969.65753424658 76.1301369863014 402.212256080841
0.00144927536231884 1.56339532138756 0.231196507822488 3.4125803714963 0.98 2817.07482993197 69.9387755102041 382.855667972908
0.00144927536231884 1.51935960593222 0.172645412048884 3.21196763365193 0.98 3342.69387755102 78.8979591836735 394.927412204642
0.00144927536231884 1.54031150138878 0.188270007109356 2.98839098170234 0.98 3650.31292517007 79.530612244898 421.695921235935
0.00144927536231884 1.60741028175753 0.257221840858487 3.67259766276447 0.973333333333333 2834.7602739726 73.1712328767123 404.138647413639
0.00144927536231884 1.60189284729731 0.264237108083911 2.8859248363352 0.986666666666667 2998.10135135135 62.5878378378378 414.041101611388
0.00144927536231884 1.57990137413371 0.26014712887656 3.88146334733274 0.986666666666667 2632.91891891892 72.1689189189189 409.948103953241
0.00144927536231884 1.62900248403029 0.270940694475382 3.98768860443364 0.993333333333333 2946.30201342282 83.2684563758389 392.984016004854
0.00144927536231884 1.60150774781442 0.264839786349494 3.92750415847935 0.98 2790.40816326531 77.1360544217687 380.506373049572
0.00144927536231884 1.63704078233153 0.295615838825639 2.50575248557309 0.986666666666667 3150.66891891892 59.6756756756757 413.255657363622
0.00144927536231884 1.56339532138756 0.231196507822488 3.4125803714963 0.98 2817.07482993197 69.9387755102041 382.855667972908
0.00144927536231884 1.51347325011512 0.19519824810798 3.35187505773797 0.986666666666667 2823.52027027027 69.4594594594595 382.421727289064
0.00144927536231884 1.62435624156187 0.254569627701314 3.31139540619373 0.993333333333333 3352.75838926174 78.7315436241611 391.468886705154
0.00144927536231884 1.5940215971224 0.255309910959667 3.16782009553978 0.98 3137.02040816327 71.2040816326531 435.110427036499
0.00144927536231884 1.51935960593222 0.172645412048884 3.21196763365193 0.98 3342.69387755102 78.8979591836735 394.927412204642
0.00144927536231884 1.62034058058314 0.275752108235134 3.95198587105615 0.986666666666667 2660.69594594595 73.4797297297297 376.344974393711
0.00144927536231884 1.63704078233153 0.295615838825639 2.50575248557309 0.986666666666667 3150.66891891892 59.6756756756757 413.255657363622
0.00144927536231884 1.60778917020708 0.260675866376796 3.15060127488658 0.98 2980.74829931973 68.2312925170068 412.1192481495
0.00144927536231884 1.62670373329961 0.268126552861923 3.5316148016612 1 2872.02666666667 72.9666666666667 404.001187119502
0.00144927536231884 1.61910773914778 0.258424349308738 3.30248818471582 0.993333333333333 3262.29530201342 74.3557046979866 416.567042878936
0.00144927536231884 1.61004337761818 0.262821243074079 3.03710452884748 1 3271.98666666667 69.9133333333333 408.434286172117
0.00144927536231884 1.64197485104984 0.279653996346779 2.34728290918139 0.993333333333333 3659.01342281879 64.496644295302 423.014841214209
0.00144927536231884 1.5226203057586 0.189233978292174 3.90959034366928 0.966666666666667 2978.11724137931 83.8068965517241 418.319988644822
0.00144927536231884 1.51935960593222 0.172645412048884 3.21196763365193 0.98 3342.69387755102 78.8979591836735 394.927412204642
0.00144927536231884 1.63704078233153 0.295615838825639 2.50575248557309 0.986666666666667 3150.66891891892 59.6756756756757 413.255657363622
0.00144927536231884 1.59703231366428 0.270061494525845 2.70494848214429 0.993333333333333 2841.28859060403 56.738255033557 402.328317217356
0.00144927536231884 1.57940252935873 0.245771554531984 3.40765650409436 0.986666666666667 2642.61486486487 65.1283783783784 388.579379538297
0.00144927536231884 1.64051835378731 0.27672247189129 3.15733247587664 0.993333333333333 3704.71812080537 82.4161073825503 418.435644249357
0.00144927536231884 1.60778917020708 0.260675866376796 3.15060127488658 0.98 2980.74829931973 68.2312925170068 412.1192481495
0.00144927536231884 1.53804610435203 0.197938794754899 3.04892662726399 0.993333333333333 3125.91946308725 70.8523489932886 395.884321975589
0.00144927536231884 1.52213558297481 0.175058909126732 3.5244970974875 0.993333333333333 3156.28187919463 80.4496644295302 410.352661601911
0.00144927536231884 1.60189284729731 0.264237108083911 2.8859248363352 0.986666666666667 2998.10135135135 62.5878378378378 414.041101611388
0.00144927536231884 1.4711853743956 0.136166228815507 3.46057358230487 0.973333333333333 2969.65753424658 76.1301369863014 402.212256080841
0.00144927536231884 1.64556011771658 0.30850417414015 2.68214171322843 0.993333333333333 2900.6644295302 55.8187919463087 410.010822734363
0.00144927536231884 1.57936008893569 0.255689902943085 3.2249953613037 0.98 2662.77551020408 62.9251700680272 390.702744064437
0.00144927536231884 1.53907897806288 0.212531316489333 2.296588384021 0.986666666666667 3254.2027027027 58.4054054054054 439.827721190591
0.00144927536231884 1.4711853743956 0.136166228815507 3.46057358230487 0.973333333333333 2969.65753424658 76.1301369863014 402.212256080841
0.00144927536231884 1.53907897806288 0.212531316489333 2.296588384021 0.986666666666667 3254.2027027027 58.4054054054054 439.827721190591
0.00144927536231884 1.58044060510404 0.233200125090331 3.03154729496109 0.986666666666667 3167.57432432432 69.8108108108108 385.226944230327
0.00144927536231884 1.61004337761818 0.262821243074079 3.03710452884748 1 3271.98666666667 69.9133333333333 408.434286172117
0.00144927536231884 1.55210525437256 0.217166840040331 3.96915679573677 0.973333333333333 2797.17123287671 78.7602739726027 398.452377550222
0.00144927536231884 1.56049859799219 0.220868232091929 2.54503728793557 0.986666666666667 3339.37162162162 64.527027027027 403.079729815361
0.00144927536231884 1.60645343593592 0.255214056416249 3.13682519321011 0.993333333333333 3134.71812080537 71.2348993288591 383.266742567541
0.00144927536231884 1.56049859799219 0.220868232091929 2.54503728793557 0.986666666666667 3339.37162162162 64.527027027027 403.079729815361
0.00144927536231884 1.58453506025525 0.22182665336154 3.98020206550924 1 3451.07333333333 98.2533333333333 422.525494179439
0.00144927536231884 1.59644611954652 0.262789818816772 2.75592370883095 0.993333333333333 3098.57046979866 63.241610738255 391.210057203203
0.00144927536231884 1.63704078233153 0.295615838825639 2.50575248557309 0.986666666666667 3150.66891891892 59.6756756756757 413.255657363622
0.00144927536231884 1.63761850287873 0.281252183014107 3.33760283478538 0.986666666666667 3213.54054054054 74.5743243243243 417.229114230349
0.00144927536231884 1.64522868976755 0.278225286478669 2.9914997383253 0.993333333333333 3336.40268456376 71.0738255033557 417.643578495634
0.00144927536231884 1.55734407931107 0.22626497315406 2.83883353104655 0.986666666666667 3240.52027027027 67.777027027027 414.947769370393
0.00144927536231884 1.64522868976755 0.278225286478669 2.9914997383253 0.993333333333333 3336.40268456376 71.0738255033557 417.643578495634
0.00144927536231884 1.56339532138756 0.231196507822488 3.4125803714963 0.98 2817.07482993197 69.9387755102041 382.855667972908
0.00144927536231884 1.60778917020708 0.260675866376796 3.15060127488658 0.98 2980.74829931973 68.2312925170068 412.1192481495
0.00144927536231884 1.64197485104984 0.279653996346779 2.34728290918139 0.993333333333333 3659.01342281879 64.496644295302 423.014841214209
0.00144927536231884 1.60948233342853 0.256145938174281 3.61991979424624 0.993333333333333 3147.38926174497 79.9395973154362 405.772168724428
0.00144927536231884 1.4711853743956 0.136166228815507 3.46057358230487 0.973333333333333 2969.65753424658 76.1301369863014 402.212256080841
0.00144927536231884 1.62989820151001 0.269291048835129 3.37298821196885 0.993333333333333 3169.42953020134 76.6107382550336 414.636615071136
0.00144927536231884 1.53804610435203 0.197938794754899 3.04892662726399 0.993333333333333 3125.91946308725 70.8523489932886 395.884321975589
0.00144927536231884 1.51935960593222 0.172645412048884 3.21196763365193 0.98 3342.69387755102 78.8979591836735 394.927412204642
0.00144927536231884 1.5459921691313 0.191307502545309 3.09891645656964 0.98 3610.10204081633 83.3877551020408 422.735825341562
0.00144927536231884 1.54031150138878 0.188270007109356 2.98839098170234 0.98 3650.31292517007 79.530612244898 421.695921235935
0.00144927536231884 1.60391898872833 0.260001306788624 2.8394568278971 0.98 3403.53741496599 70.0952380952381 448.804311094145
0.00144927536231884 1.55210525437256 0.217166840040331 3.96915679573677 0.973333333333333 2797.17123287671 78.7602739726027 398.452377550222
0.00144927536231884 1.53907897806288 0.212531316489333 2.296588384021 0.986666666666667 3254.2027027027 58.4054054054054 439.827721190591
0.00144927536231884 1.59057202625898 0.242304739066803 2.09630448356118 0.993333333333333 3692.26174496644 62.4362416107383 433.886907389398
0.00144927536231884 1.60778917020708 0.260675866376796 3.15060127488658 0.98 2980.74829931973 68.2312925170068 412.1192481495
0.00144927536231884 1.59644611954652 0.262789818816772 2.75592370883095 0.993333333333333 3098.57046979866 63.241610738255 391.210057203203
0.00144927536231884 1.4711853743956 0.136166228815507 3.46057358230487 0.973333333333333 2969.65753424658 76.1301369863014 402.212256080841
0.00144927536231884 1.57728298080776 0.239274817747691 3.97243799077145 0.993333333333333 2568.73154362416 71.2953020134228 368.598609785504
0.00144927536231884 1.50238235394978 0.169439472808562 3.43785321724532 0.986666666666667 2502.52027027027 64.2297297297297 383.064677879679
0.00144927536231884 1.49237751658737 0.154367669168951 3.21604317718052 0.986666666666667 3106.46621621622 74.945945945946 409.797452041642
0.00144927536231884 1.56654510859299 0.217692694738828 3.60412042313585 1 2935.06666666667 75.2466666666667 403.834095650026
0.00144927536231884 1.60218356269159 0.242242588444624 2.86353968116576 0.986666666666667 3815.50675675676 80.0608108108108 434.952332601142
0.00144927536231884 1.60778917020708 0.260675866376796 3.15060127488658 0.98 2980.74829931973 68.2312925170068 412.1192481495
0.00144927536231884 1.62435624156187 0.254569627701314 3.31139540619373 0.993333333333333 3352.75838926174 78.7315436241611 391.468886705154
0.00144927536231884 1.55734407931107 0.22626497315406 2.83883353104655 0.986666666666667 3240.52027027027 67.777027027027 414.947769370393
0.00144927536231884 1.60778917020708 0.260675866376796 3.15060127488658 0.98 2980.74829931973 68.2312925170068 412.1192481495
0.00144927536231884 1.55210525437256 0.217166840040331 3.96915679573677 0.973333333333333 2797.17123287671 78.7602739726027 398.452377550222
0.00144927536231884 1.63761850287873 0.281252183014107 3.33760283478538 0.986666666666667 3213.54054054054 74.5743243243243 417.229114230349
0.00144927536231884 1.51059506899804 0.161957828438058 3.54178456807722 0.98 2999.2925170068 77.8299319727891 394.075669796682
0.00144927536231884 1.60778917020708 0.260675866376796 3.15060127488658 0.98 2980.74829931973 68.2312925170068 412.1192481495
0.00144927536231884 1.51347325011512 0.19519824810798 3.35187505773797 0.986666666666667 2823.52027027027 69.4594594594595 382.421727289064
0.00144927536231884 1.57551969536672 0.222144138398661 3.90342636029519 0.98 3210.44897959184 88.9523809523809 414.546990676963
0.00144927536231884 1.60778917020708 0.260675866376796 3.15060127488658 0.98 2980.74829931973 68.2312925170068 412.1192481495
0.00144927536231884 1.51935960593222 0.172645412048884 3.21196763365193 0.98 3342.69387755102 78.8979591836735 394.927412204642
0.00144927536231884 1.52703468451273 0.187517755697822 3.73038387555155 0.986666666666667 3042.93243243243 82.3243243243243 401.859168172035
0.00144927536231884 1.56339532138756 0.231196507822488 3.4125803714963 0.98 2817.07482993197 69.9387755102041 382.855667972908
0.00144927536231884 1.50238235394978 0.169439472808562 3.43785321724532 0.986666666666667 2502.52027027027 64.2297297297297 383.064677879679
0.00144927536231884 1.58453506025525 0.22182665336154 3.98020206550924 1 3451.07333333333 98.2533333333333 422.525494179439
0.00144927536231884 1.51347325011512 0.19519824810798 3.35187505773797 0.986666666666667 2823.52027027027 69.4594594594595 382.421727289064
0.00144927536231884 1.52703468451273 0.187517755697822 3.73038387555155 0.986666666666667 3042.93243243243 82.3243243243243 401.859168172035
0.00144927536231884 1.59008725829753 0.235585118198165 2.55250349026668 0.993333333333333 3916.53691275168 74.6241610738255 437.789917573567
0.00144927536231884 1.55549410949308 0.199006077653012 3.34522331488279 0.986666666666667 3568.93918918919 86.8243243243243 424.628875719135
0.00144927536231884 1.53907897806288 0.212531316489333 2.296588384021 0.986666666666667 3254.2027027027 58.4054054054054 439.827721190591
0.00144927536231884 1.60189284729731 0.264237108083911 2.8859248363352 0.986666666666667 2998.10135135135 62.5878378378378 414.041101611388
0.00144927536231884 1.63704078233153 0.295615838825639 2.50575248557309 0.986666666666667 3150.66891891892 59.6756756756757 413.255657363622
0.00144927536231884 1.62670373329961 0.268126552861923 3.5316148016612 1 2872.02666666667 72.9666666666667 404.001187119502
0.00144927536231884 1.55210525437256 0.217166840040331 3.96915679573677 0.973333333333333 2797.17123287671 78.7602739726027 398.452377550222
0.00144927536231884 1.4711853743956 0.136166228815507 3.46057358230487 0.973333333333333 2969.65753424658 76.1301369863014 402.212256080841
0.00144927536231884 1.5979189876145 0.252744803038481 3.51120839808258 0.986666666666667 3144.24324324324 78.5878378378378 408.907653915097
0.00144927536231884 1.64522868976755 0.278225286478669 2.9914997383253 0.993333333333333 3336.40268456376 71.0738255033557 417.643578495634
0.00144927536231884 1.60778917020708 0.260675866376796 3.15060127488658 0.98 2980.74829931973 68.2312925170068 412.1192481495
0.00144927536231884 1.49237751658737 0.154367669168951 3.21604317718052 0.986666666666667 3106.46621621622 74.945945945946 409.797452041642
0.00144927536231884 1.5474896246546 0.196519366097424 3.27864148894433 0.98 3442.99319727891 81.6938775510204 405.924291118672
0.00144927536231884 1.5979189876145 0.252744803038481 3.51120839808258 0.986666666666667 3144.24324324324 78.5878378378378 408.907653915097
0.00144927536231884 1.59644611954652 0.262789818816772 2.75592370883095 0.993333333333333 3098.57046979866 63.241610738255 391.210057203203
0.00144927536231884 1.52213558297481 0.175058909126732 3.5244970974875 0.993333333333333 3156.28187919463 80.4496644295302 410.352661601911
0.00144927536231884 1.5245353617951 0.197546655964441 3.74795962891253 0.98 2598.85034013605 73.5646258503401 389.237830293074
0.00144927536231884 1.53363998361048 0.189020474775756 3.98644384133797 0.986666666666667 2850.80405405405 82.3175675675676 405.992961340645
0.00144927536231884 1.64543663057099 0.269460856223127 3.39023423662848 1 3626.04 86.9066666666667 426.034666943507
0.00144927536231884 1.57990137413371 0.26014712887656 3.88146334733274 0.986666666666667 2632.91891891892 72.1689189189189 409.948103953241
0.00144927536231884 1.4711853743956 0.136166228815507 3.46057358230487 0.973333333333333 2969.65753424658 76.1301369863014 402.212256080841
0.00144927536231884 1.4711853743956 0.136166228815507 3.46057358230487 0.973333333333333 2969.65753424658 76.1301369863014 402.212256080841
0.00144927536231884 1.62900248403029 0.270940694475382 3.98768860443364 0.993333333333333 2946.30201342282 83.2684563758389 392.984016004854
0.00144927536231884 1.55210525437256 0.217166840040331 3.96915679573677 0.973333333333333 2797.17123287671 78.7602739726027 398.452377550222
0.00144927536231884 1.58453506025525 0.22182665336154 3.98020206550924 1 3451.07333333333 98.2533333333333 422.525494179439
0.00144927536231884 1.56163824875259 0.225549591048326 3.11617279755706 0.986666666666667 3357 74.8378378378378 429.403617229301
0.00144927536231884 1.4711853743956 0.136166228815507 3.46057358230487 0.973333333333333 2969.65753424658 76.1301369863014 402.212256080841
0.00144927536231884 1.63704078233153 0.295615838825639 2.50575248557309 0.986666666666667 3150.66891891892 59.6756756756757 413.255657363622
0.00144927536231884 1.59703231366428 0.270061494525845 2.70494848214429 0.993333333333333 2841.28859060403 56.738255033557 402.328317217356
0.00144927536231884 1.52703468451273 0.187517755697822 3.73038387555155 0.986666666666667 3042.93243243243 82.3243243243243 401.859168172035
0.00144927536231884 1.56339532138756 0.231196507822488 3.4125803714963 0.98 2817.07482993197 69.9387755102041 382.855667972908
0.00144927536231884 1.5646091089057 0.222946322518005 3.46158055941017 0.986666666666667 3134.84459459459 76.3445945945946 407.493764825495
0.00144927536231884 1.55719282089439 0.210420804078944 2.75821074787089 0.986666666666667 3260.39189189189 68.4054054054054 399.468543409268
0.00144927536231884 1.5979189876145 0.252744803038481 3.51120839808258 0.986666666666667 3144.24324324324 78.5878378378378 408.907653915097
0.00144927536231884 1.52213558297481 0.175058909126732 3.5244970974875 0.993333333333333 3156.28187919463 80.4496644295302 410.352661601911
0.00144927536231884 1.61677708091779 0.261176412504262 2.95630715278921 0.986666666666667 3521.74324324324 75.0472972972973 438.769206719438
0.00144927536231884 1.60741028175753 0.257221840858487 3.67259766276447 0.973333333333333 2834.7602739726 73.1712328767123 404.138647413639
0.00144927536231884 1.4711853743956 0.136166228815507 3.46057358230487 0.973333333333333 2969.65753424658 76.1301369863014 402.212256080841
0.00144927536231884 1.51347325011512 0.19519824810798 3.35187505773797 0.986666666666667 2823.52027027027 69.4594594594595 382.421727289064
0.00144927536231884 1.60778917020708 0.260675866376796 3.15060127488658 0.98 2980.74829931973 68.2312925170068 412.1192481495
0.00144927536231884 1.60131491518791 0.268682341212782 3.09843216173018 1 2702.47333333333 60.7733333333333 388.246229551583
0.00144927536231884 1.60778917020708 0.260675866376796 3.15060127488658 0.98 2980.74829931973 68.2312925170068 412.1192481495
0.00144927536231884 1.49237751658737 0.154367669168951 3.21604317718052 0.986666666666667 3106.46621621622 74.945945945946 409.797452041642
0.00144927536231884 1.55189306715221 0.20950955116137 3.25999498033943 0.993333333333333 3081.87919463087 74.6107382550336 386.741319590109
0.00144927536231884 1.4711853743956 0.136166228815507 3.46057358230487 0.973333333333333 2969.65753424658 76.1301369863014 402.212256080841
0.00144927536231884 1.53907897806288 0.212531316489333 2.296588384021 0.986666666666667 3254.2027027027 58.4054054054054 439.827721190591
0.00144927536231884 1.51347325011512 0.19519824810798 3.35187505773797 0.986666666666667 2823.52027027027 69.4594594594595 382.421727289064
0.00144927536231884 1.63704078233153 0.295615838825639 2.50575248557309 0.986666666666667 3150.66891891892 59.6756756756757 413.255657363622
0.00144927536231884 1.55210525437256 0.217166840040331 3.96915679573677 0.973333333333333 2797.17123287671 78.7602739726027 398.452377550222
0.00144927536231884 1.50238235394978 0.169439472808562 3.43785321724532 0.986666666666667 2502.52027027027 64.2297297297297 383.064677879679
0.00144927536231884 1.64556011771658 0.30850417414015 2.68214171322843 0.993333333333333 2900.6644295302 55.8187919463087 410.010822734363
0.00144927536231884 1.64634295678486 0.303162840827293 3.34199457691139 0.993333333333333 2827.79194630872 67.1140939597315 377.126043864296
0.00144927536231884 1.50238235394978 0.169439472808562 3.43785321724532 0.986666666666667 2502.52027027027 64.2297297297297 383.064677879679
0.00144927536231884 1.63704078233153 0.295615838825639 2.50575248557309 0.986666666666667 3150.66891891892 59.6756756756757 413.255657363622
0.00144927536231884 1.59644611954652 0.262789818816772 2.75592370883095 0.993333333333333 3098.57046979866 63.241610738255 391.210057203203
0.00144927536231884 1.59295697199197 0.22448688570076 3.94119111480299 1 3291.78666666667 90.84 413.606948349634
0.00144927536231884 1.51935960593222 0.172645412048884 3.21196763365193 0.98 3342.69387755102 78.8979591836735 394.927412204642
0.00144927536231884 1.4711853743956 0.136166228815507 3.46057358230487 0.973333333333333 2969.65753424658 76.1301369863014 402.212256080841
0.00144927536231884 1.59703231366428 0.270061494525845 2.70494848214429 0.993333333333333 2841.28859060403 56.738255033557 402.328317217356
0.00144927536231884 1.52213558297481 0.175058909126732 3.5244970974875 0.993333333333333 3156.28187919463 80.4496644295302 410.352661601911
0.00144927536231884 1.61166319560664 0.26497869053385 3.43819524710883 0.986666666666667 2957.41891891892 73.472972972973 415.019630616423
0.00144927536231884 1.4711853743956 0.136166228815507 3.46057358230487 0.973333333333333 2969.65753424658 76.1301369863014 402.212256080841
0.00144927536231884 1.60778917020708 0.260675866376796 3.15060127488658 0.98 2980.74829931973 68.2312925170068 412.1192481495
0.00144927536231884 1.5979189876145 0.252744803038481 3.51120839808258 0.986666666666667 3144.24324324324 78.5878378378378 408.907653915097
0.00144927536231884 1.51059506899804 0.161957828438058 3.54178456807722 0.98 2999.2925170068 77.8299319727891 394.075669796682
0.00144927536231884 1.61299647370249 0.249851017800128 3.73116859897458 0.993333333333333 3556.59060402685 90.9731543624161 416.465808095738
0.00144927536231884 1.60991035617945 0.246622117542105 3.02870370400532 0.993333333333333 3545.02684563758 76.8859060402685 410.339425437757
0.00144927536231884 1.56339532138756 0.231196507822488 3.4125803714963 0.98 2817.07482993197 69.9387755102041 382.855667972908
0.00144927536231884 1.60741028175753 0.257221840858487 3.67259766276447 0.973333333333333 2834.7602739726 73.1712328767123 404.138647413639
0.00144927536231884 1.50238235394978 0.169439472808562 3.43785321724532 0.986666666666667 2502.52027027027 64.2297297297297 383.064677879679
0.00144927536231884 1.58078662890797 0.247006065850785 3.22548211508629 0.986666666666667 2792.61486486487 64.722972972973 385.392500100354
0.00144927536231884 1.60675265328414 0.248149504031737 2.53759921729235 0.986666666666667 3670.78378378378 69.304054054054 432.159445780394
0.00144927536231884 1.60778917020708 0.260675866376796 3.15060127488658 0.98 2980.74829931973 68.2312925170068 412.1192481495
0.00144927536231884 1.55210525437256 0.217166840040331 3.96915679573677 0.973333333333333 2797.17123287671 78.7602739726027 398.452377550222
0.00144927536231884 1.55734407931107 0.22626497315406 2.83883353104655 0.986666666666667 3240.52027027027 67.777027027027 414.947769370393
0.00144927536231884 1.53008102390961 0.175575053300907 3.41050995560228 0.993333333333333 3377.72483221477 82.510067114094 405.918163142859
0.00144927536231884 1.60242989614374 0.263939323321778 3.66427640181972 0.986666666666667 2798.75 73.5405405405405 374.763281543719
0.00144927536231884 1.61004337761818 0.262821243074079 3.03710452884748 1 3271.98666666667 69.9133333333333 408.434286172117
0.00144927536231884 1.55734407931107 0.22626497315406 2.83883353104655 0.986666666666667 3240.52027027027 67.777027027027 414.947769370393
0.00144927536231884 1.4711853743956 0.136166228815507 3.46057358230487 0.973333333333333 2969.65753424658 76.1301369863014 402.212256080841
0.00144927536231884 1.60911348568795 0.249968137695743 3.72672638890089 0.993333333333333 3119.57718120805 81.2953020134228 404.743351206444
0.00144927536231884 1.51347325011512 0.19519824810798 3.35187505773797 0.986666666666667 2823.52027027027 69.4594594594595 382.421727289064
0.00144927536231884 1.51059506899804 0.161957828438058 3.54178456807722 0.98 2999.2925170068 77.8299319727891 394.075669796682
0.00144927536231884 1.57936008893569 0.255689902943085 3.2249953613037 0.98 2662.77551020408 62.9251700680272 390.702744064437
0.00144927536231884 1.56871149544668 0.23667032947137 3.78575095562518 0.973333333333333 2590.84931506849 69.986301369863 394.865852425203
0.00144927536231884 1.55961668163422 0.230911187853413 3.13996103174903 0.993333333333333 2844.77852348993 65.5234899328859 390.438922666644
0.00144927536231884 1.58044060510404 0.233200125090331 3.03154729496109 0.986666666666667 3167.57432432432 69.8108108108108 385.226944230327
0.00144927536231884 1.57728298080776 0.239274817747691 3.97243799077145 0.993333333333333 2568.73154362416 71.2953020134228 368.598609785504
0.00144927536231884 1.60741028175753 0.257221840858487 3.67259766276447 0.973333333333333 2834.7602739726 73.1712328767123 404.138647413639
0.00144927536231884 1.55961668163422 0.230911187853413 3.13996103174903 0.993333333333333 2844.77852348993 65.5234899328859 390.438922666644
0.00144927536231884 1.62286545734751 0.268447649754147 3.80197863742094 1 3170.09333333333 82.8 417.053716710643
0.00144927536231884 1.6261014058374 0.295217866899916 3.25589600186793 0.986666666666667 2696.72972972973 61.6756756756757 394.629501928829
0.00144927536231884 1.56676010435136 0.230190422295208 3.75497118431148 0.973333333333333 2791.1301369863 75.8904109589041 390.731341651268
0.00144927536231884 1.60778917020708 0.260675866376796 3.15060127488658 0.98 2980.74829931973 68.2312925170068 412.1192481495
0.00144927536231884 1.51347325011512 0.19519824810798 3.35187505773797 0.986666666666667 2823.52027027027 69.4594594594595 382.421727289064
0.00144927536231884 1.4711853743956 0.136166228815507 3.46057358230487 0.973333333333333 2969.65753424658 76.1301369863014 402.212256080841
0.00144927536231884 1.4711853743956 0.136166228815507 3.46057358230487 0.973333333333333 2969.65753424658 76.1301369863014 402.212256080841
0.00144927536231884 1.63704078233153 0.295615838825639 2.50575248557309 0.986666666666667 3150.66891891892 59.6756756756757 413.255657363622
0.00144927536231884 1.5474896246546 0.196519366097424 3.27864148894433 0.98 3442.99319727891 81.6938775510204 405.924291118672
0.00144927536231884 1.62435624156187 0.254569627701314 3.31139540619373 0.993333333333333 3352.75838926174 78.7315436241611 391.468886705154
0.00144927536231884 1.51935960593222 0.172645412048884 3.21196763365193 0.98 3342.69387755102 78.8979591836735 394.927412204642
0.00144927536231884 1.56339532138756 0.231196507822488 3.4125803714963 0.98 2817.07482993197 69.9387755102041 382.855667972908
0.00144927536231884 1.53777301372691 0.18564008518325 2.68953346460781 0.98 3607.7619047619 72.8163265306122 415.614071981874
0.00144927536231884 1.55210525437256 0.217166840040331 3.96915679573677 0.973333333333333 2797.17123287671 78.7602739726027 398.452377550222
0.00144927536231884 1.4711853743956 0.136166228815507 3.46057358230487 0.973333333333333 2969.65753424658 76.1301369863014 402.212256080841
0.00144927536231884 1.56339532138756 0.231196507822488 3.4125803714963 0.98 2817.07482993197 69.9387755102041 382.855667972908
0.00144927536231884 1.60911348568795 0.249968137695743 3.72672638890089 0.993333333333333 3119.57718120805 81.2953020134228 404.743351206444
0.00144927536231884 1.60131491518791 0.268682341212782 3.09843216173018 1 2702.47333333333 60.7733333333333 388.246229551583
0.00144927536231884 1.5459921691313 0.191307502545309 3.09891645656964 0.98 3610.10204081633 83.3877551020408 422.735825341562
0.00144927536231884 1.54097796316612 0.18696367555627 2.34284455898322 1 3690.98 67.74 428.805760605947
0.00144927536231884 1.63704078233153 0.295615838825639 2.50575248557309 0.986666666666667 3150.66891891892 59.6756756756757 413.255657363622
0.00144927536231884 1.60189284729731 0.264237108083911 2.8859248363352 0.986666666666667 2998.10135135135 62.5878378378378 414.041101611388
0.00144927536231884 1.57936008893569 0.255689902943085 3.2249953613037 0.98 2662.77551020408 62.9251700680272 390.702744064437
0.00144927536231884 1.55719282089439 0.210420804078944 2.75821074787089 0.986666666666667 3260.39189189189 68.4054054054054 399.468543409268
0.00144927536231884 1.58745362835715 0.226773748046828 3.44317111067092 0.993333333333333 3421.60402684564 86.3825503355705 413.071117481564
0.00144927536231884 1.53804610435203 0.197938794754899 3.04892662726399 0.993333333333333 3125.91946308725 70.8523489932886 395.884321975589
0.00144927536231884 1.59703231366428 0.270061494525845 2.70494848214429 0.993333333333333 2841.28859060403 56.738255033557 402.328317217356
0.00144927536231884 1.4711853743956 0.136166228815507 3.46057358230487 0.973333333333333 2969.65753424658 76.1301369863014 402.212256080841
0.00144927536231884 1.60131491518791 0.268682341212782 3.09843216173018 1 2702.47333333333 60.7733333333333 388.246229551583
0.00144927536231884 1.4711853743956 0.136166228815507 3.46057358230487 0.973333333333333 2969.65753424658 76.1301369863014 402.212256080841
0.00144927536231884 1.56654510859299 0.217692694738828 3.60412042313585 1 2935.06666666667 75.2466666666667 403.834095650026
0.00144927536231884 1.51935960593222 0.172645412048884 3.21196763365193 0.98 3342.69387755102 78.8979591836735 394.927412204642
0.00144927536231884 1.57936008893569 0.255689902943085 3.2249953613037 0.98 2662.77551020408 62.9251700680272 390.702744064437
0.00144927536231884 1.50238235394978 0.169439472808562 3.43785321724532 0.986666666666667 2502.52027027027 64.2297297297297 383.064677879679
0.00144927536231884 1.63704078233153 0.295615838825639 2.50575248557309 0.986666666666667 3150.66891891892 59.6756756756757 413.255657363622
0.00144927536231884 1.56339532138756 0.231196507822488 3.4125803714963 0.98 2817.07482993197 69.9387755102041 382.855667972908
0.00144927536231884 1.60500778965229 0.242382958808237 3.32025467146026 0.98 3473.71428571429 80.7278911564626 414.629339635152
0.00144927536231884 1.61472690109184 0.264168182448641 3.28924560926858 0.973333333333333 2764.65753424658 65.7602739726027 401.647291817313
0.00144927536231884 1.60911348568795 0.249968137695743 3.72672638890089 0.993333333333333 3119.57718120805 81.2953020134228 404.743351206444
0.00144927536231884 1.54097796316612 0.18696367555627 2.34284455898322 1 3690.98 67.74 428.805760605947
0.00144927536231884 1.60741028175753 0.257221840858487 3.67259766276447 0.973333333333333 2834.7602739726 73.1712328767123 404.138647413639
0.00144927536231884 1.54097796316612 0.18696367555627 2.34284455898322 1 3690.98 67.74 428.805760605947
0.00144927536231884 1.60741028175753 0.257221840858487 3.67259766276447 0.973333333333333 2834.7602739726 73.1712328767123 404.138647413639
0.00144927536231884 1.50238235394978 0.169439472808562 3.43785321724532 0.986666666666667 2502.52027027027 64.2297297297297 383.064677879679
0.00144927536231884 1.4711853743956 0.136166228815507 3.46057358230487 0.973333333333333 2969.65753424658 76.1301369863014 402.212256080841
0.00144927536231884 1.61004337761818 0.262821243074079 3.03710452884748 1 3271.98666666667 69.9133333333333 408.434286172117
0.00144927536231884 1.56654510859299 0.217692694738828 3.60412042313585 1 2935.06666666667 75.2466666666667 403.834095650026
0.00144927536231884 1.60778917020708 0.260675866376796 3.15060127488658 0.98 2980.74829931973 68.2312925170068 412.1192481495
0.00144927536231884 1.50238235394978 0.169439472808562 3.43785321724532 0.986666666666667 2502.52027027027 64.2297297297297 383.064677879679
0.00144927536231884 1.50238235394978 0.169439472808562 3.43785321724532 0.986666666666667 2502.52027027027 64.2297297297297 383.064677879679
0.00144927536231884 1.63704078233153 0.295615838825639 2.50575248557309 0.986666666666667 3150.66891891892 59.6756756756757 413.255657363622
0.00144927536231884 1.4711853743956 0.136166228815507 3.46057358230487 0.973333333333333 2969.65753424658 76.1301369863014 402.212256080841
0.00144927536231884 1.59896575948611 0.268444364017658 3.98940477289024 0.993333333333333 2291.94630872483 65.2751677852349 373.236670303687
0.00144927536231884 1.60778917020708 0.260675866376796 3.15060127488658 0.98 2980.74829931973 68.2312925170068 412.1192481495
0.00144927536231884 1.60507291242452 0.262103773930605 3.31444253566871 1 2879.67333333333 67.4866666666667 400.793080356379
0.00144927536231884 1.64051835378731 0.27672247189129 3.15733247587664 0.993333333333333 3704.71812080537 82.4161073825503 418.435644249357
0.00144927536231884 1.55809596362669 0.226851968531261 3.31712181285971 0.973333333333333 2828.93835616438 68.486301369863 399.56273723253
0.00144927536231884 1.59310604449368 0.221493953051607 3.50417459359172 0.986666666666667 3496.29054054054 88.2905405405405 425.563953340487
0.00144927536231884 1.61299647370249 0.249851017800128 3.73116859897458 0.993333333333333 3556.59060402685 90.9731543624161 416.465808095738
0.00144927536231884 1.59643497727625 0.232495662386824 3.99065550135977 0.993333333333333 3199.11409395973 88.9395973154362 410.726004547538
0.00144927536231884 1.60218356269159 0.242242588444624 2.86353968116576 0.986666666666667 3815.50675675676 80.0608108108108 434.952332601142
0.00144927536231884 1.59896575948611 0.268444364017658 3.98940477289024 0.993333333333333 2291.94630872483 65.2751677852349 373.236670303687
0.00144927536231884 1.4711853743956 0.136166228815507 3.46057358230487 0.973333333333333 2969.65753424658 76.1301369863014 402.212256080841
0.00144927536231884 1.59644611954652 0.262789818816772 2.75592370883095 0.993333333333333 3098.57046979866 63.241610738255 391.210057203203
0.00144927536231884 1.55719282089439 0.210420804078944 2.75821074787089 0.986666666666667 3260.39189189189 68.4054054054054 399.468543409268
0.00144927536231884 1.50238235394978 0.169439472808562 3.43785321724532 0.986666666666667 2502.52027027027 64.2297297297297 383.064677879679
0.00144927536231884 1.55210525437256 0.217166840040331 3.96915679573677 0.973333333333333 2797.17123287671 78.7602739726027 398.452377550222
0.00144927536231884 1.60778917020708 0.260675866376796 3.15060127488658 0.98 2980.74829931973 68.2312925170068 412.1192481495
0.00144927536231884 1.63761850287873 0.281252183014107 3.33760283478538 0.986666666666667 3213.54054054054 74.5743243243243 417.229114230349
0.00144927536231884 1.57057897631454 0.236334286304645 2.35568210410267 0.993333333333333 2979.77852348993 54.0671140939597 433.406274565763
0.00144927536231884 1.57936008893569 0.255689902943085 3.2249953613037 0.98 2662.77551020408 62.9251700680272 390.702744064437
0.00144927536231884 1.55644963437442 0.198636736518162 2.93384547033638 0.993333333333333 3703.58389261745 80.5503355704698 425.93464721574
0.00144927536231884 1.51935960593222 0.172645412048884 3.21196763365193 0.98 3342.69387755102 78.8979591836735 394.927412204642
0.00144927536231884 1.59419732002843 0.233188553612438 3.1095647586505 0.986666666666667 3568.07432432432 79.8513513513514 410.20666142606
0.00144927536231884 1.53907897806288 0.212531316489333 2.296588384021 0.986666666666667 3254.2027027027 58.4054054054054 439.827721190591
0.00144927536231884 1.52703468451273 0.187517755697822 3.73038387555155 0.986666666666667 3042.93243243243 82.3243243243243 401.859168172035
0.00144927536231884 1.64543663057099 0.269460856223127 3.39023423662848 1 3626.04 86.9066666666667 426.034666943507
0.00144927536231884 1.5940215971224 0.255309910959667 3.16782009553978 0.98 3137.02040816327 71.2040816326531 435.110427036499
0.00144927536231884 1.59419732002843 0.233188553612438 3.1095647586505 0.986666666666667 3568.07432432432 79.8513513513514 410.20666142606
0.00144927536231884 1.54097796316612 0.18696367555627 2.34284455898322 1 3690.98 67.74 428.805760605947
0.00144927536231884 1.54358342006736 0.212996567706129 2.77355960913136 0.973333333333333 2935.41095890411 61.7808219178082 413.350576116652
0.00144927536231884 1.63704078233153 0.295615838825639 2.50575248557309 0.986666666666667 3150.66891891892 59.6756756756757 413.255657363622
0.00144927536231884 1.57193011906245 0.235944556755636 3.37237307257849 0.993333333333333 2795.13422818792 69.3087248322148 379.607534834997
0.00144927536231884 1.5646091089057 0.222946322518005 3.46158055941017 0.986666666666667 3134.84459459459 76.3445945945946 407.493764825495
0.00144927536231884 1.55210525437256 0.217166840040331 3.96915679573677 0.973333333333333 2797.17123287671 78.7602739726027 398.452377550222
0.00144927536231884 1.4711853743956 0.136166228815507 3.46057358230487 0.973333333333333 2969.65753424658 76.1301369863014 402.212256080841
0.00144927536231884 1.60131491518791 0.268682341212782 3.09843216173018 1 2702.47333333333 60.7733333333333 388.246229551583
0.00144927536231884 1.49237751658737 0.154367669168951 3.21604317718052 0.986666666666667 3106.46621621622 74.945945945946 409.797452041642
0.00144927536231884 1.54031150138878 0.188270007109356 2.98839098170234 0.98 3650.31292517007 79.530612244898 421.695921235935
0.00144927536231884 1.51935960593222 0.172645412048884 3.21196763365193 0.98 3342.69387755102 78.8979591836735 394.927412204642
0.00144927536231884 1.55210525437256 0.217166840040331 3.96915679573677 0.973333333333333 2797.17123287671 78.7602739726027 398.452377550222
0.00144927536231884 1.58927238615273 0.231217454222848 3.70919516436073 0.986666666666667 3585.33108108108 92.7972972972973 423.819814575822
0.00144927536231884 1.60778917020708 0.260675866376796 3.15060127488658 0.98 2980.74829931973 68.2312925170068 412.1192481495
0.00144927536231884 1.62900248403029 0.270940694475382 3.98768860443364 0.993333333333333 2946.30201342282 83.2684563758389 392.984016004854
0.00144927536231884 1.64634295678486 0.303162840827293 3.34199457691139 0.993333333333333 2827.79194630872 67.1140939597315 377.126043864296
0.00144927536231884 1.63704078233153 0.295615838825639 2.50575248557309 0.986666666666667 3150.66891891892 59.6756756756757 413.255657363622
0.00144927536231884 1.4711853743956 0.136166228815507 3.46057358230487 0.973333333333333 2969.65753424658 76.1301369863014 402.212256080841
0.00144927536231884 1.51460930621425 0.184982903107495 3.59112319147305 0.98 2687.59183673469 71.6054421768708 384.28689349809
0.00144927536231884 1.59250045875573 0.242441863912597 2.37690387627516 1 3386.65333333333 61.7066666666667 404.967828509854
0.00144927536231884 1.60218356269159 0.242242588444624 2.86353968116576 0.986666666666667 3815.50675675676 80.0608108108108 434.952332601142
0.00144927536231884 1.57663162134294 0.254429921943041 2.93737845777693 0.986666666666667 2813.94594594595 62.0945945945946 401.303577100897
0.00144927536231884 1.56339532138756 0.231196507822488 3.4125803714963 0.98 2817.07482993197 69.9387755102041 382.855667972908
0.00144927536231884 1.63704078233153 0.295615838825639 2.50575248557309 0.986666666666667 3150.66891891892 59.6756756756757 413.255657363622
0.00144927536231884 1.4711853743956 0.136166228815507 3.46057358230487 0.973333333333333 2969.65753424658 76.1301369863014 402.212256080841
0.00144927536231884 1.55210525437256 0.217166840040331 3.96915679573677 0.973333333333333 2797.17123287671 78.7602739726027 398.452377550222
0.00144927536231884 1.50238235394978 0.169439472808562 3.43785321724532 0.986666666666667 2502.52027027027 64.2297297297297 383.064677879679
0.00144927536231884 1.5979189876145 0.252744803038481 3.51120839808258 0.986666666666667 3144.24324324324 78.5878378378378 408.907653915097
0.00144927536231884 1.60242989614374 0.263939323321778 3.66427640181972 0.986666666666667 2798.75 73.5405405405405 374.763281543719
0.00144927536231884 1.4711853743956 0.136166228815507 3.46057358230487 0.973333333333333 2969.65753424658 76.1301369863014 402.212256080841
0.00144927536231884 1.5979189876145 0.252744803038481 3.51120839808258 0.986666666666667 3144.24324324324 78.5878378378378 408.907653915097
0.00144927536231884 1.55950953296919 0.195955397938715 3.54528494069207 0.986666666666667 3445.49324324324 85.6283783783784 404.969928569872
0.00144927536231884 1.55210525437256 0.217166840040331 3.96915679573677 0.973333333333333 2797.17123287671 78.7602739726027 398.452377550222
0.00144927536231884 1.59572560560024 0.275581426630988 3.73169333831521 0.98 2564.12244897959 68.7210884353742 380.610129883119
0.00144927536231884 1.6054279035996 0.262146690138113 3.00626432259636 0.986666666666667 3024.60135135135 66.6013513513514 396.71712711799
0.00144927536231884 1.55643204975687 0.201542975703925 3.16889164799987 0.993333333333333 3603.75838926174 83.2617449664429 423.291852863881
0.00144927536231884 1.64634295678486 0.303162840827293 3.34199457691139 0.993333333333333 2827.79194630872 67.1140939597315 377.126043864296
0.00144927536231884 1.59114702675215 0.22809529450591 2.90443395011961 0.993333333333333 3637.53691275168 77.9798657718121 403.615803800213
0.00144927536231884 1.4711853743956 0.136166228815507 3.46057358230487 0.973333333333333 2969.65753424658 76.1301369863014 402.212256080841
0.00144927536231884 1.4711853743956 0.136166228815507 3.46057358230487 0.973333333333333 2969.65753424658 76.1301369863014 402.212256080841
0.00144927536231884 1.51935960593222 0.172645412048884 3.21196763365193 0.98 3342.69387755102 78.8979591836735 394.927412204642
0.00144927536231884 1.56339532138756 0.231196507822488 3.4125803714963 0.98 2817.07482993197 69.9387755102041 382.855667972908
0.00144927536231884 1.5092235305392 0.189679502783202 2.76366285049424 0.993333333333333 3061.26845637584 64.6375838926175 413.930870544412
0.00144927536231884 1.50238235394978 0.169439472808562 3.43785321724532 0.986666666666667 2502.52027027027 64.2297297297297 383.064677879679
0.00144927536231884 1.56140737927531 0.220324472282473 2.62935718400966 0.993333333333333 3422.26845637584 68.4563758389262 408.725648685161
0.00144927536231884 1.55210525437256 0.217166840040331 3.96915679573677 0.973333333333333 2797.17123287671 78.7602739726027 398.452377550222
0.00144927536231884 1.62670373329961 0.268126552861923 3.5316148016612 1 2872.02666666667 72.9666666666667 404.001187119502
0.00144927536231884 1.50238235394978 0.169439472808562 3.43785321724532 0.986666666666667 2502.52027027027 64.2297297297297 383.064677879679
0.00144927536231884 1.64522868976755 0.278225286478669 2.9914997383253 0.993333333333333 3336.40268456376 71.0738255033557 417.643578495634
0.00144927536231884 1.51935960593222 0.172645412048884 3.21196763365193 0.98 3342.69387755102 78.8979591836735 394.927412204642
0.00144927536231884 1.51059506899804 0.161957828438058 3.54178456807722 0.98 2999.2925170068 77.8299319727891 394.075669796682
0.00144927536231884 1.51935960593222 0.172645412048884 3.21196763365193 0.98 3342.69387755102 78.8979591836735 394.927412204642
0.00144927536231884 1.57728298080776 0.239274817747691 3.97243799077145 0.993333333333333 2568.73154362416 71.2953020134228 368.598609785504
0.00144927536231884 1.55719282089439 0.210420804078944 2.75821074787089 0.986666666666667 3260.39189189189 68.4054054054054 399.468543409268
0.00144927536231884 1.63704078233153 0.295615838825639 2.50575248557309 0.986666666666667 3150.66891891892 59.6756756756757 413.255657363622
0.00144927536231884 1.59644611954652 0.262789818816772 2.75592370883095 0.993333333333333 3098.57046979866 63.241610738255 391.210057203203
0.00144927536231884 1.55549410949308 0.199006077653012 3.34522331488279 0.986666666666667 3568.93918918919 86.8243243243243 424.628875719135
0.00144927536231884 1.63761850287873 0.281252183014107 3.33760283478538 0.986666666666667 3213.54054054054 74.5743243243243 417.229114230349
0.00144927536231884 1.52703468451273 0.187517755697822 3.73038387555155 0.986666666666667 3042.93243243243 82.3243243243243 401.859168172035
0.00144927536231884 1.5459921691313 0.191307502545309 3.09891645656964 0.98 3610.10204081633 83.3877551020408 422.735825341562
0.00144927536231884 1.55549410949308 0.199006077653012 3.34522331488279 0.986666666666667 3568.93918918919 86.8243243243243 424.628875719135
0.00144927536231884 1.58868533881675 0.256342940421425 2.77822352052783 0.986666666666667 2859.52702702703 59.5608108108108 405.956775520793
0.00144927536231884 1.55210525437256 0.217166840040331 3.96915679573677 0.973333333333333 2797.17123287671 78.7602739726027 398.452377550222
0.00144927536231884 1.4711853743956 0.136166228815507 3.46057358230487 0.973333333333333 2969.65753424658 76.1301369863014 402.212256080841
0.00144927536231884 1.62435624156187 0.254569627701314 3.31139540619373 0.993333333333333 3352.75838926174 78.7315436241611 391.468886705154
0.00144927536231884 1.55210525437256 0.217166840040331 3.96915679573677 0.973333333333333 2797.17123287671 78.7602739726027 398.452377550222
0.00144927536231884 1.53907897806288 0.212531316489333 2.296588384021 0.986666666666667 3254.2027027027 58.4054054054054 439.827721190591
0.00144927536231884 1.55809596362669 0.226851968531261 3.31712181285971 0.973333333333333 2828.93835616438 68.486301369863 399.56273723253
0.00144927536231884 1.54358342006736 0.212996567706129 2.77355960913136 0.973333333333333 2935.41095890411 61.7808219178082 413.350576116652
0.00144927536231884 1.60911348568795 0.249968137695743 3.72672638890089 0.993333333333333 3119.57718120805 81.2953020134228 404.743351206444
0.00144927536231884 1.5459921691313 0.191307502545309 3.09891645656964 0.98 3610.10204081633 83.3877551020408 422.735825341562
0.00144927536231884 1.62435624156187 0.254569627701314 3.31139540619373 0.993333333333333 3352.75838926174 78.7315436241611 391.468886705154
0.00144927536231884 1.57936008893569 0.255689902943085 3.2249953613037 0.98 2662.77551020408 62.9251700680272 390.702744064437
0.00144927536231884 1.4711853743956 0.136166228815507 3.46057358230487 0.973333333333333 2969.65753424658 76.1301369863014 402.212256080841
0.00144927536231884 1.51935960593222 0.172645412048884 3.21196763365193 0.98 3342.69387755102 78.8979591836735 394.927412204642
0.00144927536231884 1.50238235394978 0.169439472808562 3.43785321724532 0.986666666666667 2502.52027027027 64.2297297297297 383.064677879679
0.00144927536231884 1.59008725829753 0.235585118198165 2.55250349026668 0.993333333333333 3916.53691275168 74.6241610738255 437.789917573567
0.00144927536231884 1.64522868976755 0.278225286478669 2.9914997383253 0.993333333333333 3336.40268456376 71.0738255033557 417.643578495634
0.00144927536231884 1.4711853743956 0.136166228815507 3.46057358230487 0.973333333333333 2969.65753424658 76.1301369863014 402.212256080841
0.00144927536231884 1.56654510859299 0.217692694738828 3.60412042313585 1 2935.06666666667 75.2466666666667 403.834095650026
0.00144927536231884 1.51935960593222 0.172645412048884 3.21196763365193 0.98 3342.69387755102 78.8979591836735 394.927412204642
0.00144927536231884 1.55527692699932 0.206309957034635 3.58152405679356 0.986666666666667 3379.16891891892 87.0337837837838 408.977219557276
0.00144927536231884 1.61004337761818 0.262821243074079 3.03710452884748 1 3271.98666666667 69.9133333333333 408.434286172117
0.00144927536231884 1.4711853743956 0.136166228815507 3.46057358230487 0.973333333333333 2969.65753424658 76.1301369863014 402.212256080841
0.00144927536231884 1.55719282089439 0.210420804078944 2.75821074787089 0.986666666666667 3260.39189189189 68.4054054054054 399.468543409268
0.00144927536231884 1.53794186886482 0.198130426171122 3.10086249660327 1 3507.72 78.22 426.718087267602
0.00144927536231884 1.4711853743956 0.136166228815507 3.46057358230487 0.973333333333333 2969.65753424658 76.1301369863014 402.212256080841
0.00144927536231884 1.60150774781442 0.264839786349494 3.92750415847935 0.98 2790.40816326531 77.1360544217687 380.506373049572
0.00144927536231884 1.55719282089439 0.210420804078944 2.75821074787089 0.986666666666667 3260.39189189189 68.4054054054054 399.468543409268
0.00144927536231884 1.64634295678486 0.303162840827293 3.34199457691139 0.993333333333333 2827.79194630872 67.1140939597315 377.126043864296
0.00144927536231884 1.57663162134294 0.254429921943041 2.93737845777693 0.986666666666667 2813.94594594595 62.0945945945946 401.303577100897
0.00144927536231884 1.4711853743956 0.136166228815507 3.46057358230487 0.973333333333333 2969.65753424658 76.1301369863014 402.212256080841
0.00144927536231884 1.61385012700669 0.257671710973435 3.93632841049011 0.993333333333333 2838.77181208054 77.1543624161074 399.460078149666
0.00144927536231884 1.4711853743956 0.136166228815507 3.46057358230487 0.973333333333333 2969.65753424658 76.1301369863014 402.212256080841
0.00144927536231884 1.57995635273543 0.237943017608883 2.67242857760102 0.993333333333333 3093.85906040268 63.4429530201342 405.813559886154
0.00144927536231884 1.57940252935873 0.245771554531984 3.40765650409436 0.986666666666667 2642.61486486487 65.1283783783784 388.579379538297
0.00144927536231884 1.55809596362669 0.226851968531261 3.31712181285971 0.973333333333333 2828.93835616438 68.486301369863 399.56273723253
0.00144927536231884 1.61004337761818 0.262821243074079 3.03710452884748 1 3271.98666666667 69.9133333333333 408.434286172117
0.00144927536231884 1.57934456231626 0.248598268421694 3.65908153778127 0.973333333333333 2693.22602739726 70.0068493150685 394.851953390625
0.00144927536231884 1.4711853743956 0.136166228815507 3.46057358230487 0.973333333333333 2969.65753424658 76.1301369863014 402.212256080841
0.00144927536231884 1.64583124160096 0.267198600615502 3.22083219489359 0.993333333333333 3624.61744966443 82.5503355704698 413.155775155973
0.00144927536231884 1.52703468451273 0.187517755697822 3.73038387555155 0.986666666666667 3042.93243243243 82.3243243243243 401.859168172035
0.00144927536231884 1.64634295678486 0.303162840827293 3.34199457691139 0.993333333333333 2827.79194630872 67.1140939597315 377.126043864296
0.00144927536231884 1.60911348568795 0.249968137695743 3.72672638890089 0.993333333333333 3119.57718120805 81.2953020134228 404.743351206444
0.00144927536231884 1.57663162134294 0.254429921943041 2.93737845777693 0.986666666666667 2813.94594594595 62.0945945945946 401.303577100897
0.00144927536231884 1.51059506899804 0.161957828438058 3.54178456807722 0.98 2999.2925170068 77.8299319727891 394.075669796682
0.00144927536231884 1.60218356269159 0.242242588444624 2.86353968116576 0.986666666666667 3815.50675675676 80.0608108108108 434.952332601142
0.00144927536231884 1.56686802948851 0.217012353091998 3.03446828566304 1 3683.22666666667 80.5066666666667 429.264506603652
0.00144927536231884 1.58045050288341 0.232043108913006 3.88108133205598 0.986666666666667 3129.82432432432 84.9864864864865 419.641568827021
0.00144927536231884 1.55210525437256 0.217166840040331 3.96915679573677 0.973333333333333 2797.17123287671 78.7602739726027 398.452377550222
0.00144927536231884 1.56654510859299 0.217692694738828 3.60412042313585 1 2935.06666666667 75.2466666666667 403.834095650026
0.00144927536231884 1.5940215971224 0.255309910959667 3.16782009553978 0.98 3137.02040816327 71.2040816326531 435.110427036499
0.00144927536231884 1.60778917020708 0.260675866376796 3.15060127488658 0.98 2980.74829931973 68.2312925170068 412.1192481495
0.00144927536231884 1.4711853743956 0.136166228815507 3.46057358230487 0.973333333333333 2969.65753424658 76.1301369863014 402.212256080841
0.00144927536231884 1.50238235394978 0.169439472808562 3.43785321724532 0.986666666666667 2502.52027027027 64.2297297297297 383.064677879679
0.00144927536231884 1.60218356269159 0.242242588444624 2.86353968116576 0.986666666666667 3815.50675675676 80.0608108108108 434.952332601142
0.00144927536231884 1.53777301372691 0.18564008518325 2.68953346460781 0.98 3607.7619047619 72.8163265306122 415.614071981874
0.00144927536231884 1.53907897806288 0.212531316489333 2.296588384021 0.986666666666667 3254.2027027027 58.4054054054054 439.827721190591
0.00144927536231884 1.56654510859299 0.217692694738828 3.60412042313585 1 2935.06666666667 75.2466666666667 403.834095650026
0.00144927536231884 1.58927238615273 0.231217454222848 3.70919516436073 0.986666666666667 3585.33108108108 92.7972972972973 423.819814575822
0.00144927536231884 1.54097796316612 0.18696367555627 2.34284455898322 1 3690.98 67.74 428.805760605947
0.00144927536231884 1.55748515597506 0.229996571079811 3.09727773359857 0.98 2717.47619047619 61.8231292517007 412.208079392433
0.00144927536231884 1.64634295678486 0.303162840827293 3.34199457691139 0.993333333333333 2827.79194630872 67.1140939597315 377.126043864296
0.00144927536231884 1.60778917020708 0.260675866376796 3.15060127488658 0.98 2980.74829931973 68.2312925170068 412.1192481495
0.00144927536231884 1.60741028175753 0.257221840858487 3.67259766276447 0.973333333333333 2834.7602739726 73.1712328767123 404.138647413639
0.00144927536231884 1.61385012700669 0.257671710973435 3.93632841049011 0.993333333333333 2838.77181208054 77.1543624161074 399.460078149666
0.00144927536231884 1.6448912084834 0.278807266213184 3.67311492665366 0.986666666666667 3283.56081081081 83.4391891891892 414.298183873179
0.00144927536231884 1.59703231366428 0.270061494525845 2.70494848214429 0.993333333333333 2841.28859060403 56.738255033557 402.328317217356
0.00144927536231884 1.51935960593222 0.172645412048884 3.21196763365193 0.98 3342.69387755102 78.8979591836735 394.927412204642
0.00144927536231884 1.55210525437256 0.217166840040331 3.96915679573677 0.973333333333333 2797.17123287671 78.7602739726027 398.452377550222
0.00144927536231884 1.64522868976755 0.278225286478669 2.9914997383253 0.993333333333333 3336.40268456376 71.0738255033557 417.643578495634
0.00144927536231884 1.4711853743956 0.136166228815507 3.46057358230487 0.973333333333333 2969.65753424658 76.1301369863014 402.212256080841
0.00144927536231884 1.64634295678486 0.303162840827293 3.34199457691139 0.993333333333333 2827.79194630872 67.1140939597315 377.126043864296
0.00144927536231884 1.52703468451273 0.187517755697822 3.73038387555155 0.986666666666667 3042.93243243243 82.3243243243243 401.859168172035
0.00144927536231884 1.51935960593222 0.172645412048884 3.21196763365193 0.98 3342.69387755102 78.8979591836735 394.927412204642
0.00144927536231884 1.54097796316612 0.18696367555627 2.34284455898322 1 3690.98 67.74 428.805760605947
0.00144927536231884 1.52703468451273 0.187517755697822 3.73038387555155 0.986666666666667 3042.93243243243 82.3243243243243 401.859168172035
0.00144927536231884 1.60218356269159 0.242242588444624 2.86353968116576 0.986666666666667 3815.50675675676 80.0608108108108 434.952332601142
0.00144927536231884 1.61166319560664 0.26497869053385 3.43819524710883 0.986666666666667 2957.41891891892 73.472972972973 415.019630616423
0.00144927536231884 1.51059506899804 0.161957828438058 3.54178456807722 0.98 2999.2925170068 77.8299319727891 394.075669796682
0.00144927536231884 1.59896575948611 0.268444364017658 3.98940477289024 0.993333333333333 2291.94630872483 65.2751677852349 373.236670303687
0.00144927536231884 1.56686802948851 0.217012353091998 3.03446828566304 1 3683.22666666667 80.5066666666667 429.264506603652
0.00144927536231884 1.64634295678486 0.303162840827293 3.34199457691139 0.993333333333333 2827.79194630872 67.1140939597315 377.126043864296
0.00144927536231884 1.57728298080776 0.239274817747691 3.97243799077145 0.993333333333333 2568.73154362416 71.2953020134228 368.598609785504
0.00144927536231884 1.60741028175753 0.257221840858487 3.67259766276447 0.973333333333333 2834.7602739726 73.1712328767123 404.138647413639
0.00144927536231884 1.5979189876145 0.252744803038481 3.51120839808258 0.986666666666667 3144.24324324324 78.5878378378378 408.907653915097
0.00144927536231884 1.54031150138878 0.188270007109356 2.98839098170234 0.98 3650.31292517007 79.530612244898 421.695921235935
0.00144927536231884 1.56654510859299 0.217692694738828 3.60412042313585 1 2935.06666666667 75.2466666666667 403.834095650026
0.00144927536231884 1.4711853743956 0.136166228815507 3.46057358230487 0.973333333333333 2969.65753424658 76.1301369863014 402.212256080841
0.00144927536231884 1.63704078233153 0.295615838825639 2.50575248557309 0.986666666666667 3150.66891891892 59.6756756756757 413.255657363622
0.00144927536231884 1.5459921691313 0.191307502545309 3.09891645656964 0.98 3610.10204081633 83.3877551020408 422.735825341562
0.00144927536231884 1.5646091089057 0.222946322518005 3.46158055941017 0.986666666666667 3134.84459459459 76.3445945945946 407.493764825495
0.00144927536231884 1.55210525437256 0.217166840040331 3.96915679573677 0.973333333333333 2797.17123287671 78.7602739726027 398.452377550222
0.00144927536231884 1.55210525437256 0.217166840040331 3.96915679573677 0.973333333333333 2797.17123287671 78.7602739726027 398.452377550222
0.00144927536231884 1.55210525437256 0.217166840040331 3.96915679573677 0.973333333333333 2797.17123287671 78.7602739726027 398.452377550222
0.00144927536231884 1.52703468451273 0.187517755697822 3.73038387555155 0.986666666666667 3042.93243243243 82.3243243243243 401.859168172035
0.00144927536231884 1.60778917020708 0.260675866376796 3.15060127488658 0.98 2980.74829931973 68.2312925170068 412.1192481495
0.00144927536231884 1.59008725829753 0.235585118198165 2.55250349026668 0.993333333333333 3916.53691275168 74.6241610738255 437.789917573567
0.00144927536231884 1.60131491518791 0.268682341212782 3.09843216173018 1 2702.47333333333 60.7733333333333 388.246229551583
0.00144927536231884 1.58044060510404 0.233200125090331 3.03154729496109 0.986666666666667 3167.57432432432 69.8108108108108 385.226944230327
0.00144927536231884 1.51935960593222 0.172645412048884 3.21196763365193 0.98 3342.69387755102 78.8979591836735 394.927412204642
0.00144927536231884 1.63704078233153 0.295615838825639 2.50575248557309 0.986666666666667 3150.66891891892 59.6756756756757 413.255657363622
0.00144927536231884 1.56871149544668 0.23667032947137 3.78575095562518 0.973333333333333 2590.84931506849 69.986301369863 394.865852425203
0.00144927536231884 1.4711853743956 0.136166228815507 3.46057358230487 0.973333333333333 2969.65753424658 76.1301369863014 402.212256080841
0.00144927536231884 1.60218356269159 0.242242588444624 2.86353968116576 0.986666666666667 3815.50675675676 80.0608108108108 434.952332601142
0.00144927536231884 1.64678149471445 0.296409998545213 3.28752461050043 0.986666666666667 3076.0472972973 70.277027027027 420.514528541579
0.00144927536231884 1.56727601534928 0.221512919495172 2.29595516111461 0.986666666666667 3438.4527027027 60.1081081081081 422.162510174709
0.00144927536231884 1.49816640095241 0.165658008599009 2.85183104831269 0.98 3281.91836734694 70.421768707483 411.193643193931
0.00144927536231884 1.53907897806288 0.212531316489333 2.296588384021 0.986666666666667 3254.2027027027 58.4054054054054 439.827721190591
0.00144927536231884 1.50238235394978 0.169439472808562 3.43785321724532 0.986666666666667 2502.52027027027 64.2297297297297 383.064677879679
0.00144927536231884 1.63704078233153 0.295615838825639 2.50575248557309 0.986666666666667 3150.66891891892 59.6756756756757 413.255657363622
0.00144927536231884 1.6054879502352 0.249904467866532 3.45839307125178 0.973333333333333 3402.36301369863 83.1575342465753 415.910431617837
0.00144927536231884 1.51059506899804 0.161957828438058 3.54178456807722 0.98 2999.2925170068 77.8299319727891 394.075669796682
0.00144927536231884 1.59896575948611 0.268444364017658 3.98940477289024 0.993333333333333 2291.94630872483 65.2751677852349 373.236670303687
0.00144927536231884 1.56972892346478 0.231078166374051 3.3147172036128 0.966666666666667 3229.37931034483 77.5310344827586 433.179115150202
0.00144927536231884 1.50238235394978 0.169439472808562 3.43785321724532 0.986666666666667 2502.52027027027 64.2297297297297 383.064677879679
0.00144927536231884 1.59008725829753 0.235585118198165 2.55250349026668 0.993333333333333 3916.53691275168 74.6241610738255 437.789917573567
0.00144927536231884 1.59194438549974 0.259612461075081 3.32384312606279 0.986666666666667 2928.64189189189 70.6081081081081 408.115863932895
0.00144927536231884 1.53907897806288 0.212531316489333 2.296588384021 0.986666666666667 3254.2027027027 58.4054054054054 439.827721190591
0.00144927536231884 1.55541897880504 0.224502502420545 3.66020294845373 0.973333333333333 2629 70.2945205479452 393.904108286953
0.00144927536231884 1.54358342006736 0.212996567706129 2.77355960913136 0.973333333333333 2935.41095890411 61.7808219178082 413.350576116652
0.00144927536231884 1.59057202625898 0.242304739066803 2.09630448356118 0.993333333333333 3692.26174496644 62.4362416107383 433.886907389398
0.00144927536231884 1.4711853743956 0.136166228815507 3.46057358230487 0.973333333333333 2969.65753424658 76.1301369863014 402.212256080841
0.00144927536231884 1.60218356269159 0.242242588444624 2.86353968116576 0.986666666666667 3815.50675675676 80.0608108108108 434.952332601142
0.00144927536231884 1.58745362835715 0.226773748046828 3.44317111067092 0.993333333333333 3421.60402684564 86.3825503355705 413.071117481564
0.00144927536231884 1.55961668163422 0.230911187853413 3.13996103174903 0.993333333333333 2844.77852348993 65.5234899328859 390.438922666644
0.00144927536231884 1.51059506899804 0.161957828438058 3.54178456807722 0.98 2999.2925170068 77.8299319727891 394.075669796682
0.00144927536231884 1.60741028175753 0.257221840858487 3.67259766276447 0.973333333333333 2834.7602739726 73.1712328767123 404.138647413639
0.00144927536231884 1.60218356269159 0.242242588444624 2.86353968116576 0.986666666666667 3815.50675675676 80.0608108108108 434.952332601142
0.00144927536231884 1.64634295678486 0.303162840827293 3.34199457691139 0.993333333333333 2827.79194630872 67.1140939597315 377.126043864296
0.00144927536231884 1.62435624156187 0.254569627701314 3.31139540619373 0.993333333333333 3352.75838926174 78.7315436241611 391.468886705154
0.00144927536231884 1.49237751658737 0.154367669168951 3.21604317718052 0.986666666666667 3106.46621621622 74.945945945946 409.797452041642
0.00144927536231884 1.60131491518791 0.268682341212782 3.09843216173018 1 2702.47333333333 60.7733333333333 388.246229551583
0.00144927536231884 1.56654510859299 0.217692694738828 3.60412042313585 1 2935.06666666667 75.2466666666667 403.834095650026
0.00144927536231884 1.56339532138756 0.231196507822488 3.4125803714963 0.98 2817.07482993197 69.9387755102041 382.855667972908
0.00144927536231884 1.55210525437256 0.217166840040331 3.96915679573677 0.973333333333333 2797.17123287671 78.7602739726027 398.452377550222
0.00144927536231884 1.5979189876145 0.252744803038481 3.51120839808258 0.986666666666667 3144.24324324324 78.5878378378378 408.907653915097
0.00144927536231884 1.53907897806288 0.212531316489333 2.296588384021 0.986666666666667 3254.2027027027 58.4054054054054 439.827721190591
0.00144927536231884 1.55189306715221 0.20950955116137 3.25999498033943 0.993333333333333 3081.87919463087 74.6107382550336 386.741319590109
0.00144927536231884 1.55210525437256 0.217166840040331 3.96915679573677 0.973333333333333 2797.17123287671 78.7602739726027 398.452377550222
0.00144927536231884 1.60778917020708 0.260675866376796 3.15060127488658 0.98 2980.74829931973 68.2312925170068 412.1192481495
0.00144927536231884 1.4711853743956 0.136166228815507 3.46057358230487 0.973333333333333 2969.65753424658 76.1301369863014 402.212256080841
0.00144927536231884 1.51059506899804 0.161957828438058 3.54178456807722 0.98 2999.2925170068 77.8299319727891 394.075669796682
0.00144927536231884 1.58745362835715 0.226773748046828 3.44317111067092 0.993333333333333 3421.60402684564 86.3825503355705 413.071117481564
0.00144927536231884 1.5979189876145 0.252744803038481 3.51120839808258 0.986666666666667 3144.24324324324 78.5878378378378 408.907653915097
0.00144927536231884 1.55852725243743 0.209997986886189 3.53375024790444 0.973333333333333 3238.45205479452 81.6575342465753 414.862769482196
0.00144927536231884 1.63704078233153 0.295615838825639 2.50575248557309 0.986666666666667 3150.66891891892 59.6756756756757 413.255657363622
0.00144927536231884 1.60911348568795 0.249968137695743 3.72672638890089 0.993333333333333 3119.57718120805 81.2953020134228 404.743351206444
0.00144927536231884 1.6448912084834 0.278807266213184 3.67311492665366 0.986666666666667 3283.56081081081 83.4391891891892 414.298183873179
0.00144927536231884 1.55210525437256 0.217166840040331 3.96915679573677 0.973333333333333 2797.17123287671 78.7602739726027 398.452377550222
0.00144927536231884 1.56339532138756 0.231196507822488 3.4125803714963 0.98 2817.07482993197 69.9387755102041 382.855667972908
0.00144927536231884 1.60911348568795 0.249968137695743 3.72672638890089 0.993333333333333 3119.57718120805 81.2953020134228 404.743351206444
0.00144927536231884 1.53008102390961 0.175575053300907 3.41050995560228 0.993333333333333 3377.72483221477 82.510067114094 405.918163142859
0.00144927536231884 1.52703468451273 0.187517755697822 3.73038387555155 0.986666666666667 3042.93243243243 82.3243243243243 401.859168172035
0.00144927536231884 1.63761850287873 0.281252183014107 3.33760283478538 0.986666666666667 3213.54054054054 74.5743243243243 417.229114230349
0.00144927536231884 1.64800898937403 0.263654541138095 3.48598053125395 0.986666666666667 3629.09459459459 90.2162162162162 414.041391321963
0.00144927536231884 1.59341448807707 0.247299085896351 2.99943249610756 0.98 3398.66666666667 75.2312925170068 406.254315940371
0.00144927536231884 1.59644611954652 0.262789818816772 2.75592370883095 0.993333333333333 3098.57046979866 63.241610738255 391.210057203203
0.00144927536231884 1.52213558297481 0.175058909126732 3.5244970974875 0.993333333333333 3156.28187919463 80.4496644295302 410.352661601911
0.00144927536231884 1.4711853743956 0.136166228815507 3.46057358230487 0.973333333333333 2969.65753424658 76.1301369863014 402.212256080841
0.00144927536231884 1.56373700137938 0.226346218957933 3.74365270042406 0.98 2843.53741496599 74.8299319727891 403.034588232359
0.00144927536231884 1.55210525437256 0.217166840040331 3.96915679573677 0.973333333333333 2797.17123287671 78.7602739726027 398.452377550222
0.00144927536231884 1.60242989614374 0.263939323321778 3.66427640181972 0.986666666666667 2798.75 73.5405405405405 374.763281543719
0.00144927536231884 1.55719282089439 0.210420804078944 2.75821074787089 0.986666666666667 3260.39189189189 68.4054054054054 399.468543409268
0.00144927536231884 1.55961668163422 0.230911187853413 3.13996103174903 0.993333333333333 2844.77852348993 65.5234899328859 390.438922666644
0.00144927536231884 1.60189284729731 0.264237108083911 2.8859248363352 0.986666666666667 2998.10135135135 62.5878378378378 414.041101611388
0.00144927536231884 1.6054879502352 0.249904467866532 3.45839307125178 0.973333333333333 3402.36301369863 83.1575342465753 415.910431617837
0.00144927536231884 1.60218356269159 0.242242588444624 2.86353968116576 0.986666666666667 3815.50675675676 80.0608108108108 434.952332601142
0.00144927536231884 1.4711853743956 0.136166228815507 3.46057358230487 0.973333333333333 2969.65753424658 76.1301369863014 402.212256080841
0.00144927536231884 1.56654510859299 0.217692694738828 3.60412042313585 1 2935.06666666667 75.2466666666667 403.834095650026
0.00144927536231884 1.62435624156187 0.254569627701314 3.31139540619373 0.993333333333333 3352.75838926174 78.7315436241611 391.468886705154
0.00144927536231884 1.53907897806288 0.212531316489333 2.296588384021 0.986666666666667 3254.2027027027 58.4054054054054 439.827721190591
0.00144927536231884 1.60778917020708 0.260675866376796 3.15060127488658 0.98 2980.74829931973 68.2312925170068 412.1192481495
0.00144927536231884 1.64522868976755 0.278225286478669 2.9914997383253 0.993333333333333 3336.40268456376 71.0738255033557 417.643578495634
0.00144927536231884 1.55734407931107 0.22626497315406 2.83883353104655 0.986666666666667 3240.52027027027 67.777027027027 414.947769370393
0.00144927536231884 1.54097796316612 0.18696367555627 2.34284455898322 1 3690.98 67.74 428.805760605947
0.00144927536231884 1.4711853743956 0.136166228815507 3.46057358230487 0.973333333333333 2969.65753424658 76.1301369863014 402.212256080841
0.00144927536231884 1.56049859799219 0.220868232091929 2.54503728793557 0.986666666666667 3339.37162162162 64.527027027027 403.079729815361
0.00144927536231884 1.59896575948611 0.268444364017658 3.98940477289024 0.993333333333333 2291.94630872483 65.2751677852349 373.236670303687
0.00144927536231884 1.57119374540281 0.214917150731999 2.58292336056465 1 3732.78666666667 72.9066666666667 424.143473780301
0.00144927536231884 1.57728298080776 0.239274817747691 3.97243799077145 0.993333333333333 2568.73154362416 71.2953020134228 368.598609785504
0.00144927536231884 1.50238235394978 0.169439472808562 3.43785321724532 0.986666666666667 2502.52027027027 64.2297297297297 383.064677879679
0.00144927536231884 1.60645343593592 0.255214056416249 3.13682519321011 0.993333333333333 3134.71812080537 71.2348993288591 383.266742567541
0.00144927536231884 1.4711853743956 0.136166228815507 3.46057358230487 0.973333333333333 2969.65753424658 76.1301369863014 402.212256080841
0.00144927536231884 1.63295563067326 0.297449324546109 2.97063295216367 0.986666666666667 2976.41216216216 63.1081081081081 392.682031111524
0.00144927536231884 1.49237751658737 0.154367669168951 3.21604317718052 0.986666666666667 3106.46621621622 74.945945945946 409.797452041642
0.00144927536231884 1.64777581653543 0.293847552363065 2.97372647855915 0.986666666666667 3353.68918918919 71.8175675675676 405.063594225063
0.00144927536231884 1.53907897806288 0.212531316489333 2.296588384021 0.986666666666667 3254.2027027027 58.4054054054054 439.827721190591
0.00144927536231884 1.4711853743956 0.136166228815507 3.46057358230487 0.973333333333333 2969.65753424658 76.1301369863014 402.212256080841
0.00144927536231884 1.50238235394978 0.169439472808562 3.43785321724532 0.986666666666667 2502.52027027027 64.2297297297297 383.064677879679
0.00144927536231884 1.50238235394978 0.169439472808562 3.43785321724532 0.986666666666667 2502.52027027027 64.2297297297297 383.064677879679
0.00144927536231884 1.63704078233153 0.295615838825639 2.50575248557309 0.986666666666667 3150.66891891892 59.6756756756757 413.255657363622
0.00144927536231884 1.49237751658737 0.154367669168951 3.21604317718052 0.986666666666667 3106.46621621622 74.945945945946 409.797452041642
0.00144927536231884 1.50238235394978 0.169439472808562 3.43785321724532 0.986666666666667 2502.52027027027 64.2297297297297 383.064677879679
0.00144927536231884 1.55541897880504 0.224502502420545 3.66020294845373 0.973333333333333 2629 70.2945205479452 393.904108286953
0.00144927536231884 1.51935960593222 0.172645412048884 3.21196763365193 0.98 3342.69387755102 78.8979591836735 394.927412204642
0.00144927536231884 1.64634295678486 0.303162840827293 3.34199457691139 0.993333333333333 2827.79194630872 67.1140939597315 377.126043864296
0.00144927536231884 1.56290788357977 0.200894176191624 3.77176794746882 1 3388.42 91.6666666666667 398.435580513374
0.00144927536231884 1.4711853743956 0.136166228815507 3.46057358230487 0.973333333333333 2969.65753424658 76.1301369863014 402.212256080841
0.00144927536231884 1.49237751658737 0.154367669168951 3.21604317718052 0.986666666666667 3106.46621621622 74.945945945946 409.797452041642
0.00144927536231884 1.55697016364788 0.209188807825013 3.56912879110332 0.98 3016.81632653061 77.3605442176871 392.54466451401
0.00144927536231884 1.51935960593222 0.172645412048884 3.21196763365193 0.98 3342.69387755102 78.8979591836735 394.927412204642
0.00144927536231884 1.52703468451273 0.187517755697822 3.73038387555155 0.986666666666667 3042.93243243243 82.3243243243243 401.859168172035
0.00144927536231884 1.50238235394978 0.169439472808562 3.43785321724532 0.986666666666667 2502.52027027027 64.2297297297297 383.064677879679
0.00144927536231884 1.59644611954652 0.262789818816772 2.75592370883095 0.993333333333333 3098.57046979866 63.241610738255 391.210057203203
0.00144927536231884 1.62670373329961 0.268126552861923 3.5316148016612 1 2872.02666666667 72.9666666666667 404.001187119502
0.00144927536231884 1.51059506899804 0.161957828438058 3.54178456807722 0.98 2999.2925170068 77.8299319727891 394.075669796682
0.00144927536231884 1.61385012700669 0.257671710973435 3.93632841049011 0.993333333333333 2838.77181208054 77.1543624161074 399.460078149666
0.00144927536231884 1.55189306715221 0.20950955116137 3.25999498033943 0.993333333333333 3081.87919463087 74.6107382550336 386.741319590109
0.00144927536231884 1.58209880159088 0.253040807424257 2.8512555381853 0.986666666666667 2922.58108108108 60.972972972973 410.657237917266
0.00144927536231884 1.60911348568795 0.249968137695743 3.72672638890089 0.993333333333333 3119.57718120805 81.2953020134228 404.743351206444
0.00144927536231884 1.55189306715221 0.20950955116137 3.25999498033943 0.993333333333333 3081.87919463087 74.6107382550336 386.741319590109
0.00144927536231884 1.61385012700669 0.257671710973435 3.93632841049011 0.993333333333333 2838.77181208054 77.1543624161074 399.460078149666
0.00144927536231884 1.5459921691313 0.191307502545309 3.09891645656964 0.98 3610.10204081633 83.3877551020408 422.735825341562
0.00144927536231884 1.55210525437256 0.217166840040331 3.96915679573677 0.973333333333333 2797.17123287671 78.7602739726027 398.452377550222
0.00144927536231884 1.64556011771658 0.30850417414015 2.68214171322843 0.993333333333333 2900.6644295302 55.8187919463087 410.010822734363
0.00144927536231884 1.60218356269159 0.242242588444624 2.86353968116576 0.986666666666667 3815.50675675676 80.0608108108108 434.952332601142
0.00144927536231884 1.60741028175753 0.257221840858487 3.67259766276447 0.973333333333333 2834.7602739726 73.1712328767123 404.138647413639
0.00144927536231884 1.60948233342853 0.256145938174281 3.61991979424624 0.993333333333333 3147.38926174497 79.9395973154362 405.772168724428
0.00144927536231884 1.58209880159088 0.253040807424257 2.8512555381853 0.986666666666667 2922.58108108108 60.972972972973 410.657237917266
0.00144927536231884 1.55210525437256 0.217166840040331 3.96915679573677 0.973333333333333 2797.17123287671 78.7602739726027 398.452377550222
0.00144927536231884 1.56339532138756 0.231196507822488 3.4125803714963 0.98 2817.07482993197 69.9387755102041 382.855667972908
0.00144927536231884 1.60218356269159 0.242242588444624 2.86353968116576 0.986666666666667 3815.50675675676 80.0608108108108 434.952332601142
0.00144927536231884 1.57279113521684 0.226481699984321 3.57973163980556 0.973333333333333 2969.72602739726 76.1369863013699 400.418776396907
0.00144927536231884 1.57523171505451 0.230152173787893 3.94918064055693 0.973333333333333 2823.10273972603 78.1301369863014 396.979732453845
0.00144927536231884 1.56049859799219 0.220868232091929 2.54503728793557 0.986666666666667 3339.37162162162 64.527027027027 403.079729815361
0.00144927536231884 1.52703468451273 0.187517755697822 3.73038387555155 0.986666666666667 3042.93243243243 82.3243243243243 401.859168172035
0.00144927536231884 1.60778917020708 0.260675866376796 3.15060127488658 0.98 2980.74829931973 68.2312925170068 412.1192481495
0.00144927536231884 1.61166319560664 0.26497869053385 3.43819524710883 0.986666666666667 2957.41891891892 73.472972972973 415.019630616423
0.00144927536231884 1.52703468451273 0.187517755697822 3.73038387555155 0.986666666666667 3042.93243243243 82.3243243243243 401.859168172035
0.00144927536231884 1.55210525437256 0.217166840040331 3.96915679573677 0.973333333333333 2797.17123287671 78.7602739726027 398.452377550222
0.00144927536231884 1.51935960593222 0.172645412048884 3.21196763365193 0.98 3342.69387755102 78.8979591836735 394.927412204642
0.00144927536231884 1.58580969372689 0.253547881089891 3.68361263825915 1 2710.00666666667 71.6733333333333 400.592017870642
0.00144927536231884 1.50238235394978 0.169439472808562 3.43785321724532 0.986666666666667 2502.52027027027 64.2297297297297 383.064677879679
0.00144927536231884 1.60242989614374 0.263939323321778 3.66427640181972 0.986666666666667 2798.75 73.5405405405405 374.763281543719
0.00144927536231884 1.4711853743956 0.136166228815507 3.46057358230487 0.973333333333333 2969.65753424658 76.1301369863014 402.212256080841
0.00144927536231884 1.56339532138756 0.231196507822488 3.4125803714963 0.98 2817.07482993197 69.9387755102041 382.855667972908
0.00144927536231884 1.60675265328414 0.248149504031737 2.53759921729235 0.986666666666667 3670.78378378378 69.304054054054 432.159445780394
0.00144927536231884 1.60911348568795 0.249968137695743 3.72672638890089 0.993333333333333 3119.57718120805 81.2953020134228 404.743351206444
0.00144927536231884 1.56654510859299 0.217692694738828 3.60412042313585 1 2935.06666666667 75.2466666666667 403.834095650026
0.00144927536231884 1.56339532138756 0.231196507822488 3.4125803714963 0.98 2817.07482993197 69.9387755102041 382.855667972908
0.00144927536231884 1.56654510859299 0.217692694738828 3.60412042313585 1 2935.06666666667 75.2466666666667 403.834095650026
0.00144927536231884 1.63704078233153 0.295615838825639 2.50575248557309 0.986666666666667 3150.66891891892 59.6756756756757 413.255657363622
0.00144927536231884 1.50238235394978 0.169439472808562 3.43785321724532 0.986666666666667 2502.52027027027 64.2297297297297 383.064677879679
0.00144927536231884 1.55210525437256 0.217166840040331 3.96915679573677 0.973333333333333 2797.17123287671 78.7602739726027 398.452377550222
0.00144927536231884 1.56339532138756 0.231196507822488 3.4125803714963 0.98 2817.07482993197 69.9387755102041 382.855667972908
0.00144927536231884 1.53907897806288 0.212531316489333 2.296588384021 0.986666666666667 3254.2027027027 58.4054054054054 439.827721190591
0.00144927536231884 1.60778917020708 0.260675866376796 3.15060127488658 0.98 2980.74829931973 68.2312925170068 412.1192481495
0.00144927536231884 1.55210525437256 0.217166840040331 3.96915679573677 0.973333333333333 2797.17123287671 78.7602739726027 398.452377550222
0.00144927536231884 1.60218356269159 0.242242588444624 2.86353968116576 0.986666666666667 3815.50675675676 80.0608108108108 434.952332601142
0.00144927536231884 1.4711853743956 0.136166228815507 3.46057358230487 0.973333333333333 2969.65753424658 76.1301369863014 402.212256080841
0.00144927536231884 1.62670373329961 0.268126552861923 3.5316148016612 1 2872.02666666667 72.9666666666667 404.001187119502
0.00144927536231884 1.4711853743956 0.136166228815507 3.46057358230487 0.973333333333333 2969.65753424658 76.1301369863014 402.212256080841
0.00144927536231884 1.52703468451273 0.187517755697822 3.73038387555155 0.986666666666667 3042.93243243243 82.3243243243243 401.859168172035
0.00144927536231884 1.5459921691313 0.191307502545309 3.09891645656964 0.98 3610.10204081633 83.3877551020408 422.735825341562
0.00144927536231884 1.50238235394978 0.169439472808562 3.43785321724532 0.986666666666667 2502.52027027027 64.2297297297297 383.064677879679
0.00144927536231884 1.63704078233153 0.295615838825639 2.50575248557309 0.986666666666667 3150.66891891892 59.6756756756757 413.255657363622
0.00144927536231884 1.56339532138756 0.231196507822488 3.4125803714963 0.98 2817.07482993197 69.9387755102041 382.855667972908
0.00144927536231884 1.59250045875573 0.242441863912597 2.37690387627516 1 3386.65333333333 61.7066666666667 404.967828509854
0.00144927536231884 1.60911348568795 0.249968137695743 3.72672638890089 0.993333333333333 3119.57718120805 81.2953020134228 404.743351206444
0.00144927536231884 1.60218356269159 0.242242588444624 2.86353968116576 0.986666666666667 3815.50675675676 80.0608108108108 434.952332601142
0.00144927536231884 1.55719282089439 0.210420804078944 2.75821074787089 0.986666666666667 3260.39189189189 68.4054054054054 399.468543409268
0.00144927536231884 1.4711853743956 0.136166228815507 3.46057358230487 0.973333333333333 2969.65753424658 76.1301369863014 402.212256080841
0.00144927536231884 1.56339532138756 0.231196507822488 3.4125803714963 0.98 2817.07482993197 69.9387755102041 382.855667972908
0.00144927536231884 1.60778917020708 0.260675866376796 3.15060127488658 0.98 2980.74829931973 68.2312925170068 412.1192481495
0.00144927536231884 1.5942708874145 0.226737922527667 3.86754401423721 0.986666666666667 3295.41891891892 88.4054054054054 402.922917760357
0.00144927536231884 1.53907897806288 0.212531316489333 2.296588384021 0.986666666666667 3254.2027027027 58.4054054054054 439.827721190591
0.00144927536231884 1.56871149544668 0.23667032947137 3.78575095562518 0.973333333333333 2590.84931506849 69.986301369863 394.865852425203
0.00144927536231884 1.51605194432663 0.169685682466201 3.37538098538351 0.986666666666667 3273.02027027027 80.8986486486486 387.72352196473
0.00144927536231884 1.49237751658737 0.154367669168951 3.21604317718052 0.986666666666667 3106.46621621622 74.945945945946 409.797452041642
0.00144927536231884 1.6448912084834 0.278807266213184 3.67311492665366 0.986666666666667 3283.56081081081 83.4391891891892 414.298183873179
0.00144927536231884 1.56049859799219 0.220868232091929 2.54503728793557 0.986666666666667 3339.37162162162 64.527027027027 403.079729815361
0.00144927536231884 1.55052144506894 0.201822441669141 2.77524206230354 0.993333333333333 3337.29530201342 69.503355704698 396.041518036874
0.00144927536231884 1.58453506025525 0.22182665336154 3.98020206550924 1 3451.07333333333 98.2533333333333 422.525494179439
0.00144927536231884 1.63704078233153 0.295615838825639 2.50575248557309 0.986666666666667 3150.66891891892 59.6756756756757 413.255657363622
0.00144927536231884 1.61944837274325 0.28026797733551 3.37040331013976 0.98 2823.40816326531 66.7959183673469 389.551127396995
0.00144927536231884 1.63704078233153 0.295615838825639 2.50575248557309 0.986666666666667 3150.66891891892 59.6756756756757 413.255657363622
0.00144927536231884 1.50238235394978 0.169439472808562 3.43785321724532 0.986666666666667 2502.52027027027 64.2297297297297 383.064677879679
0.00144927536231884 1.55210525437256 0.217166840040331 3.96915679573677 0.973333333333333 2797.17123287671 78.7602739726027 398.452377550222
0.00144927536231884 1.53588025571413 0.193613271908818 3.74820004243269 0.966666666666667 3094.68965517241 83.5724137931035 415.790293806391
0.00144927536231884 1.60189284729731 0.264237108083911 2.8859248363352 0.986666666666667 2998.10135135135 62.5878378378378 414.041101611388
0.00144927536231884 1.56339532138756 0.231196507822488 3.4125803714963 0.98 2817.07482993197 69.9387755102041 382.855667972908
0.00144927536231884 1.55189306715221 0.20950955116137 3.25999498033943 0.993333333333333 3081.87919463087 74.6107382550336 386.741319590109
0.00144927536231884 1.53907897806288 0.212531316489333 2.296588384021 0.986666666666667 3254.2027027027 58.4054054054054 439.827721190591
0.00144927536231884 1.63179226821703 0.26056526896474 2.78458397038558 0.986666666666667 3670.42567567568 74.9324324324324 407.951484592858
0.00144927536231884 1.55719282089439 0.210420804078944 2.75821074787089 0.986666666666667 3260.39189189189 68.4054054054054 399.468543409268
0.00144927536231884 1.50238235394978 0.169439472808562 3.43785321724532 0.986666666666667 2502.52027027027 64.2297297297297 383.064677879679
0.00144927536231884 1.64634295678486 0.303162840827293 3.34199457691139 0.993333333333333 2827.79194630872 67.1140939597315 377.126043864296
0.00144927536231884 1.55549410949308 0.199006077653012 3.34522331488279 0.986666666666667 3568.93918918919 86.8243243243243 424.628875719135
0.00144927536231884 1.60724268544993 0.259136522836959 3.70451243753945 0.986666666666667 2818.91891891892 73.6283783783784 419.751013302076
0.00144927536231884 1.57940252935873 0.245771554531984 3.40765650409436 0.986666666666667 2642.61486486487 65.1283783783784 388.579379538297
0.00144927536231884 1.59057202625898 0.242304739066803 2.09630448356118 0.993333333333333 3692.26174496644 62.4362416107383 433.886907389398
0.00144927536231884 1.59896575948611 0.268444364017658 3.98940477289024 0.993333333333333 2291.94630872483 65.2751677852349 373.236670303687
0.00144927536231884 1.5474896246546 0.196519366097424 3.27864148894433 0.98 3442.99319727891 81.6938775510204 405.924291118672
0.00144927536231884 1.51059506899804 0.161957828438058 3.54178456807722 0.98 2999.2925170068 77.8299319727891 394.075669796682
0.00144927536231884 1.52703468451273 0.187517755697822 3.73038387555155 0.986666666666667 3042.93243243243 82.3243243243243 401.859168172035
0.00144927536231884 1.56654510859299 0.217692694738828 3.60412042313585 1 2935.06666666667 75.2466666666667 403.834095650026
0.00144927536231884 1.56049859799219 0.220868232091929 2.54503728793557 0.986666666666667 3339.37162162162 64.527027027027 403.079729815361
0.00144927536231884 1.4711853743956 0.136166228815507 3.46057358230487 0.973333333333333 2969.65753424658 76.1301369863014 402.212256080841
0.00144927536231884 1.5474896246546 0.196519366097424 3.27864148894433 0.98 3442.99319727891 81.6938775510204 405.924291118672
0.00144927536231884 1.52703468451273 0.187517755697822 3.73038387555155 0.986666666666667 3042.93243243243 82.3243243243243 401.859168172035
0.00144927536231884 1.55719282089439 0.210420804078944 2.75821074787089 0.986666666666667 3260.39189189189 68.4054054054054 399.468543409268
0.00144927536231884 1.50842003276704 0.183209909197726 2.7078870085963 0.986666666666667 2699.41891891892 55 405.679624115883
0.00144927536231884 1.4711853743956 0.136166228815507 3.46057358230487 0.973333333333333 2969.65753424658 76.1301369863014 402.212256080841
0.00144927536231884 1.60741028175753 0.257221840858487 3.67259766276447 0.973333333333333 2834.7602739726 73.1712328767123 404.138647413639
0.00144927536231884 1.60131491518791 0.268682341212782 3.09843216173018 1 2702.47333333333 60.7733333333333 388.246229551583
0.00144927536231884 1.50238235394978 0.169439472808562 3.43785321724532 0.986666666666667 2502.52027027027 64.2297297297297 383.064677879679
0.00144927536231884 1.56339532138756 0.231196507822488 3.4125803714963 0.98 2817.07482993197 69.9387755102041 382.855667972908
0.00144927536231884 1.59419732002843 0.233188553612438 3.1095647586505 0.986666666666667 3568.07432432432 79.8513513513514 410.20666142606
0.00144927536231884 1.50238235394978 0.169439472808562 3.43785321724532 0.986666666666667 2502.52027027027 64.2297297297297 383.064677879679
0.00144927536231884 1.53907897806288 0.212531316489333 2.296588384021 0.986666666666667 3254.2027027027 58.4054054054054 439.827721190591
0.00144927536231884 1.50238235394978 0.169439472808562 3.43785321724532 0.986666666666667 2502.52027027027 64.2297297297297 383.064677879679
0.00144927536231884 1.55210525437256 0.217166840040331 3.96915679573677 0.973333333333333 2797.17123287671 78.7602739726027 398.452377550222
0.00144927536231884 1.54358342006736 0.212996567706129 2.77355960913136 0.973333333333333 2935.41095890411 61.7808219178082 413.350576116652
0.00144927536231884 1.56339532138756 0.231196507822488 3.4125803714963 0.98 2817.07482993197 69.9387755102041 382.855667972908
0.00144927536231884 1.51935960593222 0.172645412048884 3.21196763365193 0.98 3342.69387755102 78.8979591836735 394.927412204642
0.00144927536231884 1.60911348568795 0.249968137695743 3.72672638890089 0.993333333333333 3119.57718120805 81.2953020134228 404.743351206444
0.00144927536231884 1.5979189876145 0.252744803038481 3.51120839808258 0.986666666666667 3144.24324324324 78.5878378378378 408.907653915097
0.00144927536231884 1.55809596362669 0.226851968531261 3.31712181285971 0.973333333333333 2828.93835616438 68.486301369863 399.56273723253
0.00144927536231884 1.60675265328414 0.248149504031737 2.53759921729235 0.986666666666667 3670.78378378378 69.304054054054 432.159445780394
0.00144927536231884 1.53008102390961 0.175575053300907 3.41050995560228 0.993333333333333 3377.72483221477 82.510067114094 405.918163142859
0.00144927536231884 1.63179226821703 0.26056526896474 2.78458397038558 0.986666666666667 3670.42567567568 74.9324324324324 407.951484592858
0.00144927536231884 1.61004337761818 0.262821243074079 3.03710452884748 1 3271.98666666667 69.9133333333333 408.434286172117
0.00144927536231884 1.60911348568795 0.249968137695743 3.72672638890089 0.993333333333333 3119.57718120805 81.2953020134228 404.743351206444
0.00144927536231884 1.62379486090767 0.28082251101337 2.99658466212155 0.993333333333333 3057.77852348993 64.0536912751678 388.976273357726
0.00144927536231884 1.4711853743956 0.136166228815507 3.46057358230487 0.973333333333333 2969.65753424658 76.1301369863014 402.212256080841
0.00144927536231884 1.4711853743956 0.136166228815507 3.46057358230487 0.973333333333333 2969.65753424658 76.1301369863014 402.212256080841
