0.00289855072463768 1.53363998361048 0.189020474775756 3.98644384133797 0.986666666666667 2850.80405405405 82.3175675675676 405.992961340645
0.00289855072463768 1.63704078233153 0.295615838825639 2.50575248557309 0.986666666666667 3150.66891891892 59.6756756756757 413.255657363622
0 1.62763824660949 0.307511151866113 3.48663547507543 1 2319.66666666667 55.3 355.316371583607
0.00289855072463768 1.50238235394978 0.169439472808562 3.43785321724532 0.986666666666667 2502.52027027027 64.2297297297297 383.064677879679
0 1.45114780342828 0.118005350412599 2.37744459274641 0.966666666666667 3460.34482758621 66.6206896551724 405.865161451494
0.00289855072463768 1.54358342006736 0.212996567706129 2.77355960913136 0.973333333333333 2935.41095890411 61.7808219178082 413.350576116652
0 1.4895861080066 0.154944423657449 2.38866765903663 0.96 3349.80555555556 62.8680555555556 403.051785654416
0 1.52063336754065 0.151981715321398 2.91004397666069 0.973333333333333 3817.05479452055 83.0547945205479 376.299537068935
0 1.54539524914675 0.166327574146631 3.9511029569398 0.986666666666667 3790.39864864865 106.527027027027 395.266403201356
0 1.63394590130462 0.291677166275458 1.49266761969747 0.993333333333333 3573.38926174497 45.6510067114094 412.092486871021
0 1.58079700976144 0.248834214698902 1.82721388140464 0.986666666666667 3176.89864864865 48.8445945945946 399.855644100662
0 1.45615308263788 0.128994182905616 3.67955270634003 0.96 2507.32638888889 69.2361111111111 388.598105147557
0.00289855072463768 1.60778917020708 0.260675866376796 3.15060127488658 0.98 2980.74829931973 68.2312925170068 412.1192481495
0.00289855072463768 1.53804610435203 0.197938794754899 3.04892662726399 0.993333333333333 3125.91946308725 70.8523489932886 395.884321975589
0 1.53399572046274 0.166503090777293 2.73279326895835 0.98 4075.14965986395 84.3333333333333 385.771088173524
0 1.47046683569581 0.128901475773325 3.91520507030199 0.96 3060.75 86.3333333333333 403.028843380472
0 1.4761124833487 0.129468169249594 2.70601776009426 0.966666666666667 3463.93103448276 72.2068965517241 389.861966545915
0 1.58720501782135 0.217247857115046 2.65615791038364 0.973333333333333 4097.49315068493 81.7328767123288 416.981664709393
0.00289855072463768 1.59253835063428 0.226692909281701 2.72003496834077 0.986666666666667 4090.7027027027 82.3716216216216 414.925456753178
0.00289855072463768 1.4711853743956 0.136166228815507 3.46057358230487 0.973333333333333 2969.65753424658 76.1301369863014 402.212256080841
0 1.53428854327188 0.15889666195163 3.16221686630601 0.966666666666667 4014.86206896552 93.6689655172414 410.589081997505
0.00289855072463768 1.55809596362669 0.226851968531261 3.31712181285971 0.973333333333333 2828.93835616438 68.486301369863 399.56273723253
0.00289855072463768 1.50238235394978 0.169439472808562 3.43785321724532 0.986666666666667 2502.52027027027 64.2297297297297 383.064677879679
0 1.63394590130462 0.291677166275458 1.49266761969747 0.993333333333333 3573.38926174497 45.6510067114094 412.092486871021
0 1.56164413616891 0.246971607422898 2.29275678008694 0.98 2899.82993197279 52.3469387755102 394.616992508851
0.00289855072463768 1.51334470943551 0.167745844767046 3.01087103689005 0.966666666666667 3309.51724137931 73.4206896551724 414.508701487109
0.00289855072463768 1.56654510859299 0.217692694738828 3.60412042313585 1 2935.06666666667 75.2466666666667 403.834095650026
0 1.50370600425336 0.136158495599809 3.87601800125661 0.98 3729.55782312925 104.795918367347 418.0739478335
0 1.50515132679207 0.155376396396763 3.2018959035528 0.966666666666667 3193.30344827586 78.4827586206897 366.269113219931
0.00289855072463768 1.4711853743956 0.136166228815507 3.46057358230487 0.973333333333333 2969.65753424658 76.1301369863014 402.212256080841
0.00289855072463768 1.52213558297481 0.175058909126732 3.5244970974875 0.993333333333333 3156.28187919463 80.4496644295302 410.352661601911
0 1.52340146604308 0.184900924858218 1.5690651717674 0.98 3471.92517006803 47.9795918367347 405.420669741477
0.00289855072463768 1.55411149805236 0.21224005040027 2.29012249955182 0.986666666666667 3513.11486486487 61.5540540540541 420.732791744652
0.00289855072463768 1.63761850287873 0.281252183014107 3.33760283478538 0.986666666666667 3213.54054054054 74.5743243243243 417.229114230349
0.00289855072463768 1.6028263412483 0.239000380917136 2.28051279881003 0.986666666666667 4064.78378378378 70.8716216216216 443.342657396323
0.00289855072463768 1.56871149544668 0.23667032947137 3.78575095562518 0.973333333333333 2590.84931506849 69.986301369863 394.865852425203
0 1.52340146604308 0.184900924858218 1.5690651717674 0.98 3471.92517006803 47.9795918367347 405.420669741477
0.00289855072463768 1.64522868976755 0.278225286478669 2.9914997383253 0.993333333333333 3336.40268456376 71.0738255033557 417.643578495634
0 1.57774119863577 0.258878493677212 2.96917981921537 0.98 2554.47619047619 55.4761904761905 381.617076911211
0.00289855072463768 1.6448912084834 0.278807266213184 3.67311492665366 0.986666666666667 3283.56081081081 83.4391891891892 414.298183873179
0.00289855072463768 1.4711853743956 0.136166228815507 3.46057358230487 0.973333333333333 2969.65753424658 76.1301369863014 402.212256080841
0 1.57774119863577 0.258878493677212 2.96917981921537 0.98 2554.47619047619 55.4761904761905 381.617076911211
0.00289855072463768 1.55210525437256 0.217166840040331 3.96915679573677 0.973333333333333 2797.17123287671 78.7602739726027 398.452377550222
0 1.43891531415284 0.114457411202602 2.58089282677975 0.973333333333333 2972.06164383562 61.5684931506849 383.707920180087
0.00289855072463768 1.5940215971224 0.255309910959667 3.16782009553978 0.98 3137.02040816327 71.2040816326531 435.110427036499
0 1.4895861080066 0.154944423657449 2.38866765903663 0.96 3349.80555555556 62.8680555555556 403.051785654416
0 1.54159174913263 0.210672905633663 1.51424441402854 0.973333333333333 3647.96575342466 48.7876712328767 435.818393992832
0 1.64648293512079 0.288823167140563 2.09027691796889 0.986666666666667 3861.10810810811 61.9121621621622 409.020430872137
0 1.54551329330303 0.22795317339041 1.34491368556347 0.986666666666667 3191.57432432432 38.6013513513514 440.97792334146
0 1.63383252777766 0.305218118505637 2.40618055142886 0.973333333333333 2935.91095890411 53.9452054794521 393.798813845354
0 1.46613121414941 0.142588699517139 2.29396220960646 0.96 3368.6875 62.2569444444444 397.749786582229
0 1.55708905319146 0.191619465887851 2.57098505096031 0.96 3954.11805555556 76.4236111111111 412.233251558996
0.00289855072463768 1.49237751658737 0.154367669168951 3.21604317718052 0.986666666666667 3106.46621621622 74.945945945946 409.797452041642
0.00289855072463768 1.47803201261663 0.154675131537576 3.6663210239202 0.966666666666667 2522.63448275862 69.3103448275862 384.883623730593
0 1.59270071229628 0.241361041072092 2.35724827394601 0.973333333333333 3817.3698630137 68 407.034194554474
0.00289855072463768 1.53678913380264 0.19011881906536 3.76332896632445 0.973333333333333 3071.73287671233 83.5 385.670808920877
0 1.6499526026746 0.320362177495496 2.26837525852571 1 2685.18 46.1466666666667 391.110382275484
0.00289855072463768 1.54320557604891 0.221452374287551 1.98000947957051 0.986666666666667 3458.36486486487 55.4121621621622 413.053364096313
0 1.5850598089497 0.263711513510601 3.52607513648574 0.986666666666667 2210.84459459459 56.0878378378378 366.757702955875
0.00289855072463768 1.47803201261663 0.154675131537576 3.6663210239202 0.966666666666667 2522.63448275862 69.3103448275862 384.883623730593
0.00289855072463768 1.58617811578746 0.265310965881125 3.12934217018209 0.986666666666667 2494.41216216216 57.8310810810811 386.736207367362
0 1.5425035698238 0.190750283926656 1.93277726473268 0.98 3998.9387755102 62.7210884353741 400.043579540479
0 1.59881241673659 0.28272296530327 2.30547003089069 1 2524.06666666667 44.74 397.157178525353
0.00289855072463768 1.60741028175753 0.257221840858487 3.67259766276447 0.973333333333333 2834.7602739726 73.1712328767123 404.138647413639
0 1.64629925999355 0.246738417955601 2.76989069979222 1 4519.78666666667 90.1666666666667 407.845282136318
0.00289855072463768 1.56654510859299 0.217692694738828 3.60412042313585 1 2935.06666666667 75.2466666666667 403.834095650026
0.00289855072463768 1.60807824697089 0.226782207650751 3.37356397327132 0.986666666666667 3654.72972972973 88.6756756756757 395.97335668006
0.00289855072463768 1.51935960593222 0.172645412048884 3.21196763365193 0.98 3342.69387755102 78.8979591836735 394.927412204642
0 1.56424568332645 0.243462903117774 3.45508712122986 0.973333333333333 2559.91095890411 63.5958904109589 371.491755270745
0.00289855072463768 1.61116985610099 0.289868773109055 3.5764813206469 0.993333333333333 2356.04026845638 60.2953020134228 365.588826622606
0.00289855072463768 1.60778917020708 0.260675866376796 3.15060127488658 0.98 2980.74829931973 68.2312925170068 412.1192481495
0.00289855072463768 1.4711853743956 0.136166228815507 3.46057358230487 0.973333333333333 2969.65753424658 76.1301369863014 402.212256080841
0.00289855072463768 1.52576149254396 0.186637716806155 3.93415284578932 0.973333333333333 2685.09589041096 76.1027397260274 371.752762227762
0.00289855072463768 1.56222859438608 0.218988101581841 2.50176071219206 0.986666666666667 3397.88513513513 64.2635135135135 401.886194952261
0.00289855072463768 1.52703468451273 0.187517755697822 3.73038387555155 0.986666666666667 3042.93243243243 82.3243243243243 401.859168172035
0.00289855072463768 1.58357432439506 0.245708991829023 3.61990360056571 0.986666666666667 2666.94594594595 67.75 374.055038961107
0 1.64648293512079 0.288823167140563 2.09027691796889 0.986666666666667 3861.10810810811 61.9121621621622 409.020430872137
0 1.55225257283245 0.223750062295399 1.43036933506902 1 3639.99333333333 45.6933333333333 411.862296677751
0.00289855072463768 1.59997514459551 0.236568829982765 2.71289996457422 0.993333333333333 4065.26845637584 81.4765100671141 424.622139619384
0 1.57774119863577 0.258878493677212 2.96917981921537 0.98 2554.47619047619 55.4761904761905 381.617076911211
0.00289855072463768 1.58010934271826 0.227491823305688 2.13353227840097 1 3900.05333333333 64.5933333333333 441.027413810537
0.00289855072463768 1.64125626556816 0.302974906981045 3.61571089861896 1 2366.88 59.9933333333333 369.418684145998
0.00289855072463768 1.51935960593222 0.172645412048884 3.21196763365193 0.98 3342.69387755102 78.8979591836735 394.927412204642
0 1.6247205305234 0.291963904988859 1.6280992710476 0.993333333333333 3609.94630872483 48.5369127516779 426.727737473079
0.00289855072463768 1.4711853743956 0.136166228815507 3.46057358230487 0.973333333333333 2969.65753424658 76.1301369863014 402.212256080841
0 1.44049031160981 0.101527009047048 2.9219516571232 0.96 3226.63194444444 72.2083333333333 392.209525243671
0.00289855072463768 1.56222859438608 0.218988101581841 2.50176071219206 0.986666666666667 3397.88513513513 64.2635135135135 401.886194952261
0.00289855072463768 1.54320557604891 0.221452374287551 1.98000947957051 0.986666666666667 3458.36486486487 55.4121621621622 413.053364096313
0.00289855072463768 1.56222859438608 0.218988101581841 2.50176071219206 0.986666666666667 3397.88513513513 64.2635135135135 401.886194952261
0.00289855072463768 1.60948233342853 0.256145938174281 3.61991979424624 0.993333333333333 3147.38926174497 79.9395973154362 405.772168724428
0.00289855072463768 1.58745362835715 0.226773748046828 3.44317111067092 0.993333333333333 3421.60402684564 86.3825503355705 413.071117481564
0.00289855072463768 1.61347124705155 0.239464605508231 3.26725621027724 0.993333333333333 3684.75838926174 85.8523489932886 402.039836844504
0.00289855072463768 1.63565514876745 0.301366040040933 2.63929282231924 0.986666666666667 2851.52702702703 55.3716216216216 394.590056808758
0 1.4806801860617 0.143411528656007 3.55277720096345 0.953333333333333 2825.40559440559 76.4755244755245 381.885512690125
0 1.51422758491768 0.184223222778141 1.80608250236414 0.98 3201.08163265306 48.8979591836735 394.615842993942
0.00289855072463768 1.50663094791661 0.177362741472921 2.3977556332214 0.98 3497.63265306122 64.1496598639456 406.237658077991
0 1.54551329330303 0.22795317339041 1.34491368556347 0.986666666666667 3191.57432432432 38.6013513513514 440.97792334146
0.00289855072463768 1.49025528875695 0.168707432850988 3.3356049082334 0.973333333333333 2612.99315068493 65.8287671232877 384.72571594603
0 1.57774119863577 0.258878493677212 2.96917981921537 0.98 2554.47619047619 55.4761904761905 381.617076911211
0.00289855072463768 1.49137536374738 0.172120602322163 3.64883326130594 0.973333333333333 2561 70.7602739726027 375.69616233064
0 1.57774119863577 0.258878493677212 2.96917981921537 0.98 2554.47619047619 55.4761904761905 381.617076911211
0 1.57794183352962 0.270070347283036 2.65417006437201 0.986666666666667 2457.03378378378 50.1486486486486 365.153362551622
0.00289855072463768 1.60150774781442 0.264839786349494 3.92750415847935 0.98 2790.40816326531 77.1360544217687 380.506373049572
0.00289855072463768 1.49484163130702 0.153964951459777 3.33344057443479 0.98 3007.92517006803 74.4353741496599 383.030524343812
0.00289855072463768 1.4838505406256 0.131174851411761 2.74234439842024 0.986666666666667 3390.88513513513 73.1418918918919 384.739200620943
0.00289855072463768 1.51156120818137 0.163836446270259 3.71460284342606 0.966666666666667 3149.52413793103 85.9310344827586 393.806616785032
0 1.43369926468459 0.121691525126809 3.77384491387824 0.96 2351.52777777778 68.0138888888889 368.204963920119
0.00289855072463768 1.5942708874145 0.226737922527667 3.86754401423721 0.986666666666667 3295.41891891892 88.4054054054054 402.922917760357
0.00289855072463768 1.59057202625898 0.242304739066803 2.09630448356118 0.993333333333333 3692.26174496644 62.4362416107383 433.886907389398
0.00289855072463768 1.60218356269159 0.242242588444624 2.86353968116576 0.986666666666667 3815.50675675676 80.0608108108108 434.952332601142
0.00289855072463768 1.49025528875695 0.168707432850988 3.3356049082334 0.973333333333333 2612.99315068493 65.8287671232877 384.72571594603
0 1.4761124833487 0.129468169249594 2.70601776009426 0.966666666666667 3463.93103448276 72.2068965517241 389.861966545915
0 1.5850598089497 0.263711513510601 3.52607513648574 0.986666666666667 2210.84459459459 56.0878378378378 366.757702955875
0 1.61799569392972 0.238818543560007 2.62506939383478 0.986666666666667 4103.85810810811 79.3716216216216 403.620555656005
0.00289855072463768 1.55734407931107 0.22626497315406 2.83883353104655 0.986666666666667 3240.52027027027 67.777027027027 414.947769370393
0.00289855072463768 1.63704078233153 0.295615838825639 2.50575248557309 0.986666666666667 3150.66891891892 59.6756756756757 413.255657363622
0.00289855072463768 1.50168088042822 0.164672050085535 3.57747838998979 0.973333333333333 3017.61643835616 79.6712328767123 390.373047623829
0.00289855072463768 1.62251139268481 0.289559365841203 3.31533953534102 0.98 2557.90476190476 60.1700680272109 387.394493858356
0 1.59768103161071 0.209789416240405 3.41778947415495 0.973333333333333 4119.88356164384 100.609589041096 430.039365750918
0 1.60822620610428 0.287595174607146 2.56757591154989 0.98 2640.05442176871 50.7142857142857 395.417296981878
0.00289855072463768 1.51935960593222 0.172645412048884 3.21196763365193 0.98 3342.69387755102 78.8979591836735 394.927412204642
0.00289855072463768 1.57936008893569 0.255689902943085 3.2249953613037 0.98 2662.77551020408 62.9251700680272 390.702744064437
0.00289855072463768 1.58372534644642 0.273315206413681 2.91108335841392 0.98 2622.47619047619 57.6938775510204 400.555357148184
0 1.48512247028006 0.1060916850235 3.46316062956951 0.98 3836.43537414966 98.3673469387755 391.065786118327
0.00289855072463768 1.62435624156187 0.254569627701314 3.31139540619373 0.993333333333333 3352.75838926174 78.7315436241611 391.468886705154
0 1.56076374412718 0.187205648954528 2.66510650895917 1 4199.48 85.12 384.175346049869
0.00289855072463768 1.60645343593592 0.255214056416249 3.13682519321011 0.993333333333333 3134.71812080537 71.2348993288591 383.266742567541
0 1.4895861080066 0.154944423657449 2.38866765903663 0.96 3349.80555555556 62.8680555555556 403.051785654416
0.00289855072463768 1.51347325011512 0.19519824810798 3.35187505773797 0.986666666666667 2823.52027027027 69.4594594594595 382.421727289064
0.00289855072463768 1.53907897806288 0.212531316489333 2.296588384021 0.986666666666667 3254.2027027027 58.4054054054054 439.827721190591
0 1.45744823638606 0.150874394309935 2.39672216703072 0.98 2596.95918367347 49.469387755102 387.017640519689
0 1.43891531415284 0.114457411202602 2.58089282677975 0.973333333333333 2972.06164383562 61.5684931506849 383.707920180087
0 1.44049031160981 0.101527009047048 2.9219516571232 0.96 3226.63194444444 72.2083333333333 392.209525243671
0 1.4761124833487 0.129468169249594 2.70601776009426 0.966666666666667 3463.93103448276 72.2068965517241 389.861966545915
0 1.48512247028006 0.1060916850235 3.46316062956951 0.98 3836.43537414966 98.3673469387755 391.065786118327
0 1.63188518379084 0.312412493486284 1.98778843683392 0.993333333333333 2608.42953020134 40.1275167785235 405.936806956239
0 1.5442192992883 0.177011282984296 2.51616994580161 0.973333333333333 4365.06849315068 83.7602739726027 421.02752034695
0 1.57774119863577 0.258878493677212 2.96917981921537 0.98 2554.47619047619 55.4761904761905 381.617076911211
0 1.52063336754065 0.151981715321398 2.91004397666069 0.973333333333333 3817.05479452055 83.0547945205479 376.299537068935
0 1.59522198891557 0.270442267359385 3.10577684581007 0.98 2464.14965986395 56.3741496598639 365.479571119377
0.00289855072463768 1.59644611954652 0.262789818816772 2.75592370883095 0.993333333333333 3098.57046979866 63.241610738255 391.210057203203
0.00289855072463768 1.62251139268481 0.289559365841203 3.31533953534102 0.98 2557.90476190476 60.1700680272109 387.394493858356
0 1.63058579543035 0.25911043761514 1.74847095012715 0.986666666666667 4072.56081081081 57.3648648648649 423.792557762482
0 1.61799569392972 0.238818543560007 2.62506939383478 0.986666666666667 4103.85810810811 79.3716216216216 403.620555656005
0.00289855072463768 1.59594401946367 0.258500034230957 2.30506690088155 0.993333333333333 2794.77852348993 50.5503355704698 404.329910240243
0.00289855072463768 1.56339532138756 0.231196507822488 3.4125803714963 0.98 2817.07482993197 69.9387755102041 382.855667972908
0.00289855072463768 1.49923739880905 0.172220316517898 3.13485111567503 0.98 2553.61224489796 60.0340136054422 382.457694415513
0.00289855072463768 1.58728453794925 0.224196970468788 3.09742682019211 0.986666666666667 3770.54054054054 84.7567567567568 412.657406629047
0.00289855072463768 1.60984162515212 0.261589510796539 2.32474293671992 0.986666666666667 3216.37837837838 57.1148648648649 413.416665969377
0.00289855072463768 1.53029934951889 0.193148703915802 3.06872356981409 0.973333333333333 2830.46575342466 65.2123287671233 392.897187635676
0 1.43891531415284 0.114457411202602 2.58089282677975 0.973333333333333 2972.06164383562 61.5684931506849 383.707920180087
0 1.59881241673659 0.28272296530327 2.30547003089069 1 2524.06666666667 44.74 397.157178525353
0 1.55225257283245 0.223750062295399 1.43036933506902 1 3639.99333333333 45.6933333333333 411.862296677751
0 1.54875924370616 0.239810178140397 1.68667949169902 0.993333333333333 3149.84563758389 45.9194630872483 412.527537184022
0 1.64648293512079 0.288823167140563 2.09027691796889 0.986666666666667 3861.10810810811 61.9121621621622 409.020430872137
0.00289855072463768 1.53830418127325 0.1861936657024 2.68328262867891 0.98 3649.40816326531 74.4421768707483 389.611253474064
0 1.57952819563907 0.264171410894685 2.4947101337532 0.966666666666667 2561.8 48.3034482758621 408.606022505817
0.00289855072463768 1.54320557604891 0.221452374287551 1.98000947957051 0.986666666666667 3458.36486486487 55.4121621621622 413.053364096313
0 1.4704557660679 0.171330916645445 1.76329768110225 0.993333333333333 2748.71140939597 41.1744966442953 415.435067797807
0 1.43891531415284 0.114457411202602 2.58089282677975 0.973333333333333 2972.06164383562 61.5684931506849 383.707920180087
0 1.5160276345097 0.176651169844826 2.1346088757186 0.966666666666667 3230.3724137931 55.2344827586207 412.727081370672
0.00289855072463768 1.56222859438608 0.218988101581841 2.50176071219206 0.986666666666667 3397.88513513513 64.2635135135135 401.886194952261
0 1.6499526026746 0.320362177495496 2.26837525852571 1 2685.18 46.1466666666667 391.110382275484
0 1.4761124833487 0.129468169249594 2.70601776009426 0.966666666666667 3463.93103448276 72.2068965517241 389.861966545915
0 1.43369926468459 0.121691525126809 3.77384491387824 0.96 2351.52777777778 68.0138888888889 368.204963920119
0 1.6014549956156 0.210836391020212 2.73203970620943 0.993333333333333 4330.4966442953 87.2281879194631 391.526378160955
0 1.48204731262466 0.16880191541284 2.0379202013259 0.973333333333333 2784.16438356164 46.8630136986301 404.055410817414
0.00289855072463768 1.57083459774982 0.252004072220126 3.50447260946039 0.993333333333333 2330.25503355705 59.5838926174497 364.763271332194
0 1.62499200562278 0.314193915515325 2.7358030216003 0.986666666666667 2331.64189189189 47.1283783783784 387.761237534169
0.00289855072463768 1.49816640095241 0.165658008599009 2.85183104831269 0.98 3281.91836734694 70.421768707483 411.193643193931
0 1.4761124833487 0.129468169249594 2.70601776009426 0.966666666666667 3463.93103448276 72.2068965517241 389.861966545915
0.00289855072463768 1.61661549294555 0.253625011552835 3.08979734166256 0.973333333333333 3377.58219178082 76.2123287671233 405.538109958042
0.00289855072463768 1.56686802948851 0.217012353091998 3.03446828566304 1 3683.22666666667 80.5066666666667 429.264506603652
0.00289855072463768 1.58416231175176 0.219299904456983 2.98538819558535 0.986666666666667 3643.87837837838 80.3445945945946 390.122505001693
0.00289855072463768 1.49840249889016 0.176431890183317 2.7900572748248 0.973333333333333 2727.67123287671 56.6438356164384 392.79037304312
0.00289855072463768 1.55189306715221 0.20950955116137 3.25999498033943 0.993333333333333 3081.87919463087 74.6107382550336 386.741319590109
0 1.59364720712319 0.219028417327968 3.10788821163895 0.98 3925.89795918367 87.6938775510204 404.626924373045
0.00289855072463768 1.54285670635551 0.210995452326282 2.73473887430635 0.966666666666667 3200.08275862069 65.7379310344828 445.48860188944
0 1.50226048705701 0.172162480796336 2.17338906605629 0.98 3048.63945578231 54.3809523809524 375.544991272044
0 1.47046683569581 0.128901475773325 3.91520507030199 0.96 3060.75 86.3333333333333 403.028843380472
0 1.43369926468459 0.121691525126809 3.77384491387824 0.96 2351.52777777778 68.0138888888889 368.204963920119
0 1.6499526026746 0.320362177495496 2.26837525852571 1 2685.18 46.1466666666667 391.110382275484
0 1.5700938451254 0.19914274325862 2.97951849887374 0.986666666666667 4154.00675675676 90.4797297297297 410.789934353208
0.00289855072463768 1.56654510859299 0.217692694738828 3.60412042313585 1 2935.06666666667 75.2466666666667 403.834095650026
0.00289855072463768 1.5461335566848 0.184378025207691 3.49769318356394 0.986666666666667 3664.38513513513 92.972972972973 413.633796960381
0 1.50370600425336 0.136158495599809 3.87601800125661 0.98 3729.55782312925 104.795918367347 418.0739478335
0.00289855072463768 1.4711853743956 0.136166228815507 3.46057358230487 0.973333333333333 2969.65753424658 76.1301369863014 402.212256080841
0 1.57257682812944 0.250333114105309 3.36132188013507 0.986666666666667 2247.95945945946 55.4324324324324 365.29011855089
0.00289855072463768 1.56339532138756 0.231196507822488 3.4125803714963 0.98 2817.07482993197 69.9387755102041 382.855667972908
0.00289855072463768 1.50168088042822 0.164672050085535 3.57747838998979 0.973333333333333 3017.61643835616 79.6712328767123 390.373047623829
0 1.45114780342828 0.118005350412599 2.37744459274641 0.966666666666667 3460.34482758621 66.6206896551724 405.865161451494
0 1.53428854327188 0.15889666195163 3.16221686630601 0.966666666666667 4014.86206896552 93.6689655172414 410.589081997505
0 1.475474426947 0.126379313587004 2.59347788492461 0.953333333333333 3791.82517482517 76.8951048951049 429.869320696317
0.00289855072463768 1.52155986385045 0.190145254584086 2.39799703937561 0.973333333333333 3363.93150684932 61.6917808219178 416.763443016316
0 1.61196404239191 0.230496925613791 3.38288889874522 0.993333333333333 3962.23489932886 94.9664429530201 408.027986374206
0.00289855072463768 1.4711853743956 0.136166228815507 3.46057358230487 0.973333333333333 2969.65753424658 76.1301369863014 402.212256080841
0.00289855072463768 1.5474896246546 0.196519366097424 3.27864148894433 0.98 3442.99319727891 81.6938775510204 405.924291118672
0.00289855072463768 1.5979189876145 0.252744803038481 3.51120839808258 0.986666666666667 3144.24324324324 78.5878378378378 408.907653915097
0.00289855072463768 1.58525487861192 0.251279648779683 2.06196510451088 0.98 3097.77551020408 51.1428571428571 420.922203302692
0 1.63394590130462 0.291677166275458 1.49266761969747 0.993333333333333 3573.38926174497 45.6510067114094 412.092486871021
0 1.52431637985222 0.162629448421611 2.96412922923674 0.973333333333333 3854.94520547945 85.8630136986301 397.719321038407
0 1.48186625921094 0.164611995534174 1.63741879933388 0.973333333333333 3083.49315068493 44.2739726027397 414.751423531312
0.00289855072463768 1.50168088042822 0.164672050085535 3.57747838998979 0.973333333333333 3017.61643835616 79.6712328767123 390.373047623829
0.00289855072463768 1.53907897806288 0.212531316489333 2.296588384021 0.986666666666667 3254.2027027027 58.4054054054054 439.827721190591
0 1.64648293512079 0.288823167140563 2.09027691796889 0.986666666666667 3861.10810810811 61.9121621621622 409.020430872137
0 1.64648293512079 0.288823167140563 2.09027691796889 0.986666666666667 3861.10810810811 61.9121621621622 409.020430872137
0 1.4761124833487 0.129468169249594 2.70601776009426 0.966666666666667 3463.93103448276 72.2068965517241 389.861966545915
0 1.63383252777766 0.305218118505637 2.40618055142886 0.973333333333333 2935.91095890411 53.9452054794521 393.798813845354
0 1.58661916599446 0.214067202026049 2.92455964886054 0.993333333333333 4291.42281879195 92.3020134228188 411.485043172079
0 1.61042689405076 0.29280666456993 2.36954076671156 1 2473.70666666667 44.2666666666667 391.307307498182
0 1.5232847280068 0.144249641735979 2.85805587699144 0.993333333333333 4109.77181208054 86.7718120805369 385.811073007381
0.00289855072463768 1.59580612103962 0.251119843698177 1.9803049758921 0.98 3623.7619047619 56.8027210884354 430.235274007644
0.00289855072463768 1.55210525437256 0.217166840040331 3.96915679573677 0.973333333333333 2797.17123287671 78.7602739726027 398.452377550222
0.00289855072463768 1.60778917020708 0.260675866376796 3.15060127488658 0.98 2980.74829931973 68.2312925170068 412.1192481495
0.00289855072463768 1.58580969372689 0.253547881089891 3.68361263825915 1 2710.00666666667 71.6733333333333 400.592017870642
0.00289855072463768 1.64634295678486 0.303162840827293 3.34199457691139 0.993333333333333 2827.79194630872 67.1140939597315 377.126043864296
0.00289855072463768 1.50663094791661 0.177362741472921 2.3977556332214 0.98 3497.63265306122 64.1496598639456 406.237658077991
0 1.43891531415284 0.114457411202602 2.58089282677975 0.973333333333333 2972.06164383562 61.5684931506849 383.707920180087
0.00289855072463768 1.57663162134294 0.254429921943041 2.93737845777693 0.986666666666667 2813.94594594595 62.0945945945946 401.303577100897
0.00289855072463768 1.55719282089439 0.210420804078944 2.75821074787089 0.986666666666667 3260.39189189189 68.4054054054054 399.468543409268
0 1.638112460821 0.313321403136234 2.11775638716192 1 2798 46.2866666666667 378.6893267978
0.00289855072463768 1.49237751658737 0.154367669168951 3.21604317718052 0.986666666666667 3106.46621621622 74.945945945946 409.797452041642
0 1.52340146604308 0.184900924858218 1.5690651717674 0.98 3471.92517006803 47.9795918367347 405.420669741477
0.00289855072463768 1.55961668163422 0.230911187853413 3.13996103174903 0.993333333333333 2844.77852348993 65.5234899328859 390.438922666644
0 1.54539524914675 0.166327574146631 3.9511029569398 0.986666666666667 3790.39864864865 106.527027027027 395.266403201356
0 1.58079700976144 0.248834214698902 1.82721388140464 0.986666666666667 3176.89864864865 48.8445945945946 399.855644100662
0 1.50370600425336 0.136158495599809 3.87601800125661 0.98 3729.55782312925 104.795918367347 418.0739478335
0.00289855072463768 1.49137536374738 0.172120602322163 3.64883326130594 0.973333333333333 2561 70.7602739726027 375.69616233064
0.00289855072463768 1.63704078233153 0.295615838825639 2.50575248557309 0.986666666666667 3150.66891891892 59.6756756756757 413.255657363622
0 1.4761124833487 0.129468169249594 2.70601776009426 0.966666666666667 3463.93103448276 72.2068965517241 389.861966545915
0.00289855072463768 1.50663094791661 0.177362741472921 2.3977556332214 0.98 3497.63265306122 64.1496598639456 406.237658077991
0 1.59881241673659 0.28272296530327 2.30547003089069 1 2524.06666666667 44.74 397.157178525353
0.00289855072463768 1.50168088042822 0.164672050085535 3.57747838998979 0.973333333333333 3017.61643835616 79.6712328767123 390.373047623829
0 1.4895861080066 0.154944423657449 2.38866765903663 0.96 3349.80555555556 62.8680555555556 403.051785654416
0 1.52137188873742 0.144023932402773 3.60558093510959 0.98 3901.21088435374 101.843537414966 395.279420153349
0 1.61196404239191 0.230496925613791 3.38288889874522 0.993333333333333 3962.23489932886 94.9664429530201 408.027986374206
0 1.57794183352962 0.270070347283036 2.65417006437201 0.986666666666667 2457.03378378378 50.1486486486486 365.153362551622
0 1.50449461629733 0.20204284127313 2.15458924650119 0.986666666666667 2637.43243243243 47.0878378378378 369.961867654155
0 1.48301381163492 0.146875487866018 3.5811669370053 0.96 2727.70833333333 72.8611111111111 387.726773528869
0.00289855072463768 1.56339532138756 0.231196507822488 3.4125803714963 0.98 2817.07482993197 69.9387755102041 382.855667972908
0 1.4761124833487 0.129468169249594 2.70601776009426 0.966666666666667 3463.93103448276 72.2068965517241 389.861966545915
0 1.62499200562278 0.314193915515325 2.7358030216003 0.986666666666667 2331.64189189189 47.1283783783784 387.761237534169
0 1.59881241673659 0.28272296530327 2.30547003089069 1 2524.06666666667 44.74 397.157178525353
0 1.60500447558375 0.244216940665565 1.86043275858119 1 4128.39333333333 62.5066666666667 389.190887991923
0.00289855072463768 1.47803201261663 0.154675131537576 3.6663210239202 0.966666666666667 2522.63448275862 69.3103448275862 384.883623730593
0.00289855072463768 1.51935960593222 0.172645412048884 3.21196763365193 0.98 3342.69387755102 78.8979591836735 394.927412204642
0 1.63383252777766 0.305218118505637 2.40618055142886 0.973333333333333 2935.91095890411 53.9452054794521 393.798813845354
0 1.6014549956156 0.210836391020212 2.73203970620943 0.993333333333333 4330.4966442953 87.2281879194631 391.526378160955
0.00289855072463768 1.47803201261663 0.154675131537576 3.6663210239202 0.966666666666667 2522.63448275862 69.3103448275862 384.883623730593
0.00289855072463768 1.55210525437256 0.217166840040331 3.96915679573677 0.973333333333333 2797.17123287671 78.7602739726027 398.452377550222
0.00289855072463768 1.56049859799219 0.220868232091929 2.54503728793557 0.986666666666667 3339.37162162162 64.527027027027 403.079729815361
0.00289855072463768 1.59250045875573 0.242441863912597 2.37690387627516 1 3386.65333333333 61.7066666666667 404.967828509854
0 1.45114780342828 0.118005350412599 2.37744459274641 0.966666666666667 3460.34482758621 66.6206896551724 405.865161451494
0 1.43891531415284 0.114457411202602 2.58089282677975 0.973333333333333 2972.06164383562 61.5684931506849 383.707920180087
0 1.5600154781184 0.236527033712293 3.48622520741704 1 2310.26666666667 60.1 356.565318445669
0.00289855072463768 1.63179226821703 0.26056526896474 2.78458397038558 0.986666666666667 3670.42567567568 74.9324324324324 407.951484592858
0.00289855072463768 1.53614199412732 0.18787423035263 3.18976954028844 0.98 3385.78231292517 79.8503401360544 386.389486003217
0 1.54539524914675 0.166327574146631 3.9511029569398 0.986666666666667 3790.39864864865 106.527027027027 395.266403201356
0.00289855072463768 1.58357432439506 0.245708991829023 3.61990360056571 0.986666666666667 2666.94594594595 67.75 374.055038961107
0.00289855072463768 1.51334470943551 0.167745844767046 3.01087103689005 0.966666666666667 3309.51724137931 73.4206896551724 414.508701487109
0 1.64629925999355 0.246738417955601 2.76989069979222 1 4519.78666666667 90.1666666666667 407.845282136318
0.00289855072463768 1.49025528875695 0.168707432850988 3.3356049082334 0.973333333333333 2612.99315068493 65.8287671232877 384.72571594603
0 1.45114780342828 0.118005350412599 2.37744459274641 0.966666666666667 3460.34482758621 66.6206896551724 405.865161451494
0 1.50505542870688 0.191431734862044 3.84466720616313 0.993333333333333 2171.02684563758 61.2147651006711 350.822657715977
0 1.54927394608763 0.224379881242349 1.57166024367536 0.993333333333333 3316.09395973154 44.9261744966443 403.753451294697
0 1.58079700976144 0.248834214698902 1.82721388140464 0.986666666666667 3176.89864864865 48.8445945945946 399.855644100662
0 1.4761124833487 0.129468169249594 2.70601776009426 0.966666666666667 3463.93103448276 72.2068965517241 389.861966545915
0 1.48512247028006 0.1060916850235 3.46316062956951 0.98 3836.43537414966 98.3673469387755 391.065786118327
0.00289855072463768 1.50717960722772 0.172178907775508 3.3537394129154 0.966666666666667 3040.28275862069 76.3724137931034 409.311640428467
0.00289855072463768 1.55736121477952 0.236362216249062 3.67197328957864 0.986666666666667 2372.08108108108 63.5202702702703 365.385634672053
0 1.52999595905256 0.167309890810302 3.76156316256131 0.986666666666667 3605.72297297297 96.4864864864865 389.534618738956
0.00289855072463768 1.54285670635551 0.210995452326282 2.73473887430635 0.966666666666667 3200.08275862069 65.7379310344828 445.48860188944
0 1.56495053230409 0.22964359927537 2.46653259354866 0.966666666666667 3121.12413793103 60.1172413793103 401.919622944084
0.00289855072463768 1.54285670635551 0.210995452326282 2.73473887430635 0.966666666666667 3200.08275862069 65.7379310344828 445.48860188944
0.00289855072463768 1.49137536374738 0.172120602322163 3.64883326130594 0.973333333333333 2561 70.7602739726027 375.69616233064
0 1.56495053230409 0.22964359927537 2.46653259354866 0.966666666666667 3121.12413793103 60.1172413793103 401.919622944084
0.00289855072463768 1.49237751658737 0.154367669168951 3.21604317718052 0.986666666666667 3106.46621621622 74.945945945946 409.797452041642
0.00289855072463768 1.52155986385045 0.190145254584086 2.39799703937561 0.973333333333333 3363.93150684932 61.6917808219178 416.763443016316
0.00289855072463768 1.47616461277773 0.136424305432213 3.85554358781096 0.96 2809.63194444444 80.9930555555556 394.960687051792
0 1.62912177685011 0.296690866820625 2.41900233955283 1 2474.42666666667 45.5133333333333 385.794467847176
0 1.6499526026746 0.320362177495496 2.26837525852571 1 2685.18 46.1466666666667 391.110382275484
0.00289855072463768 1.61707662864887 0.255414311184686 2.29387916829273 1 3793.76 65.8866666666667 416.655409144591
0 1.56076374412718 0.187205648954528 2.66510650895917 1 4199.48 85.12 384.175346049869
0.00289855072463768 1.52703468451273 0.187517755697822 3.73038387555155 0.986666666666667 3042.93243243243 82.3243243243243 401.859168172035
0 1.4761124833487 0.129468169249594 2.70601776009426 0.966666666666667 3463.93103448276 72.2068965517241 389.861966545915
0.00289855072463768 1.51334470943551 0.167745844767046 3.01087103689005 0.966666666666667 3309.51724137931 73.4206896551724 414.508701487109
0 1.46613121414941 0.142588699517139 2.29396220960646 0.96 3368.6875 62.2569444444444 397.749786582229
0.00289855072463768 1.54320557604891 0.221452374287551 1.98000947957051 0.986666666666667 3458.36486486487 55.4121621621622 413.053364096313
0.00289855072463768 1.64634295678486 0.303162840827293 3.34199457691139 0.993333333333333 2827.79194630872 67.1140939597315 377.126043864296
0.00289855072463768 1.62251139268481 0.289559365841203 3.31533953534102 0.98 2557.90476190476 60.1700680272109 387.394493858356
0 1.56752841832231 0.252795293655983 2.82961116930606 0.973333333333333 2591.84246575342 55.2739726027397 389.538645121182
0 1.54539524914675 0.166327574146631 3.9511029569398 0.986666666666667 3790.39864864865 106.527027027027 395.266403201356
0 1.6499526026746 0.320362177495496 2.26837525852571 1 2685.18 46.1466666666667 391.110382275484
0 1.52593919180193 0.203977824305378 1.96267172576359 0.98 3254.38095238095 51.3945578231293 404.475588895103
0.00289855072463768 1.62251139268481 0.289559365841203 3.31533953534102 0.98 2557.90476190476 60.1700680272109 387.394493858356
0.00289855072463768 1.62251139268481 0.289559365841203 3.31533953534102 0.98 2557.90476190476 60.1700680272109 387.394493858356
0.00289855072463768 1.63565514876745 0.301366040040933 2.63929282231924 0.986666666666667 2851.52702702703 55.3716216216216 394.590056808758
0 1.64629925999355 0.246738417955601 2.76989069979222 1 4519.78666666667 90.1666666666667 407.845282136318
0 1.5232847280068 0.144249641735979 2.85805587699144 0.993333333333333 4109.77181208054 86.7718120805369 385.811073007381
0.00289855072463768 1.55541897880504 0.224502502420545 3.66020294845373 0.973333333333333 2629 70.2945205479452 393.904108286953
0 1.52063336754065 0.151981715321398 2.91004397666069 0.973333333333333 3817.05479452055 83.0547945205479 376.299537068935
0.00289855072463768 1.4711853743956 0.136166228815507 3.46057358230487 0.973333333333333 2969.65753424658 76.1301369863014 402.212256080841
0 1.59559813318774 0.243638457148336 1.65409565530717 0.98 3958.52380952381 55.9319727891156 420.876731286339
0 1.5511154973102 0.237564925348951 3.34856360283602 0.98 2350.67346938776 57.6530612244898 366.274096985421
0 1.59768521266004 0.279796578827147 3.59832232844744 1 2083.77333333333 53.8266666666667 350.036352391219
0 1.44521707272772 0.109202651741651 2.82699824662682 0.96 3132.20138888889 69.5 384.869149821594
0.00289855072463768 1.63704078233153 0.295615838825639 2.50575248557309 0.986666666666667 3150.66891891892 59.6756756756757 413.255657363622
0 1.58661916599446 0.214067202026049 2.92455964886054 0.993333333333333 4291.42281879195 92.3020134228188 411.485043172079
0.00289855072463768 1.60218356269159 0.242242588444624 2.86353968116576 0.986666666666667 3815.50675675676 80.0608108108108 434.952332601142
0.00289855072463768 1.62670373329961 0.268126552861923 3.5316148016612 1 2872.02666666667 72.9666666666667 404.001187119502
0.00289855072463768 1.64125626556816 0.302974906981045 3.61571089861896 1 2366.88 59.9933333333333 369.418684145998
0 1.61975402362301 0.311382821904158 2.19531213144116 0.973333333333333 2733.34931506849 44.513698630137 411.393686708598
0 1.49979811911975 0.191995717761342 2.38758677321507 0.98 2689.1768707483 51.1632653061224 375.345584973133
0 1.5332711005533 0.177839645446772 1.78821221374041 0.98 4143.04761904762 62.421768707483 403.463463839185
0.00289855072463768 1.62670373329961 0.268126552861923 3.5316148016612 1 2872.02666666667 72.9666666666667 404.001187119502
0 1.52063336754065 0.151981715321398 2.91004397666069 0.973333333333333 3817.05479452055 83.0547945205479 376.299537068935
0 1.50179661228545 0.173843155821631 1.67075375262028 0.993333333333333 3398.57046979866 49.2281879194631 402.886554049394
0.00289855072463768 1.61661549294555 0.253625011552835 3.08979734166256 0.973333333333333 3377.58219178082 76.2123287671233 405.538109958042
0.00289855072463768 1.50168088042822 0.164672050085535 3.57747838998979 0.973333333333333 3017.61643835616 79.6712328767123 390.373047623829
0.00289855072463768 1.60108469615236 0.22812261535888 2.90413880631217 0.986666666666667 3990.78378378378 85.2905405405405 407.090848608704
0 1.4761124833487 0.129468169249594 2.70601776009426 0.966666666666667 3463.93103448276 72.2068965517241 389.861966545915
0 1.63020169951845 0.307616116161531 3.4585714039436 0.993333333333333 2095.20134228188 52.9865771812081 354.82057188731
0.00289855072463768 1.5979189876145 0.252744803038481 3.51120839808258 0.986666666666667 3144.24324324324 78.5878378378378 408.907653915097
0.00289855072463768 1.51935960593222 0.172645412048884 3.21196763365193 0.98 3342.69387755102 78.8979591836735 394.927412204642
0 1.52063336754065 0.151981715321398 2.91004397666069 0.973333333333333 3817.05479452055 83.0547945205479 376.299537068935
0.00289855072463768 1.60911348568795 0.249968137695743 3.72672638890089 0.993333333333333 3119.57718120805 81.2953020134228 404.743351206444
0 1.5160276345097 0.176651169844826 2.1346088757186 0.966666666666667 3230.3724137931 55.2344827586207 412.727081370672
0 1.52970444750256 0.215780982625511 1.87993664871017 0.993333333333333 2709.91275167785 42.5704697986577 382.951386611933
0 1.64550443203937 0.265477061594854 2.03430572283814 0.986666666666667 4222.55405405405 67.8648648648649 409.054555659263
0.00289855072463768 1.5604368210704 0.205155264575727 2.78583471157666 0.98 3619.47619047619 74.6258503401361 399.971960107386
0.00289855072463768 1.51935960593222 0.172645412048884 3.21196763365193 0.98 3342.69387755102 78.8979591836735 394.927412204642
0.00289855072463768 1.54031150138878 0.188270007109356 2.98839098170234 0.98 3650.31292517007 79.530612244898 421.695921235935
0 1.52063336754065 0.151981715321398 2.91004397666069 0.973333333333333 3817.05479452055 83.0547945205479 376.299537068935
0.00289855072463768 1.59008725829753 0.235585118198165 2.55250349026668 0.993333333333333 3916.53691275168 74.6241610738255 437.789917573567
0 1.46366544733393 0.137981558176375 2.37466784331678 0.96 2825.52083333333 53.7083333333333 415.368529592537
0.00289855072463768 1.59253835063428 0.226692909281701 2.72003496834077 0.986666666666667 4090.7027027027 82.3716216216216 414.925456753178
0 1.63736505834189 0.254746839183632 2.093909914572 1 4335.96666666667 71.18 393.686555178445
0 1.54812994581498 0.239727352137391 3.47673464716818 0.986666666666667 2244.16891891892 55.9189189189189 353.688975358188
0 1.52340146604308 0.184900924858218 1.5690651717674 0.98 3471.92517006803 47.9795918367347 405.420669741477
0.00289855072463768 1.58617811578746 0.265310965881125 3.12934217018209 0.986666666666667 2494.41216216216 57.8310810810811 386.736207367362
0.00289855072463768 1.5623125594273 0.202154138131993 2.95916603876254 0.98 3970.25850340136 85.4557823129252 418.360556449727
0.00289855072463768 1.53907897806288 0.212531316489333 2.296588384021 0.986666666666667 3254.2027027027 58.4054054054054 439.827721190591
0.00289855072463768 1.60042589242229 0.274643322172451 3.11998507663217 0.986666666666667 2531.97972972973 56.2905405405405 390.907455948018
0 1.52340146604308 0.184900924858218 1.5690651717674 0.98 3471.92517006803 47.9795918367347 405.420669741477
0 1.57187389046916 0.235956800045608 2.46073195719153 0.966666666666667 3139.97931034483 60.2620689655172 391.787265736843
0.00289855072463768 1.60741028175753 0.257221840858487 3.67259766276447 0.973333333333333 2834.7602739726 73.1712328767123 404.138647413639
0 1.54551329330303 0.22795317339041 1.34491368556347 0.986666666666667 3191.57432432432 38.6013513513514 440.97792334146
0.00289855072463768 1.5646091089057 0.222946322518005 3.46158055941017 0.986666666666667 3134.84459459459 76.3445945945946 407.493764825495
0.00289855072463768 1.50238235394978 0.169439472808562 3.43785321724532 0.986666666666667 2502.52027027027 64.2297297297297 383.064677879679
0 1.62499200562278 0.314193915515325 2.7358030216003 0.986666666666667 2331.64189189189 47.1283783783784 387.761237534169
0.00289855072463768 1.52155986385045 0.190145254584086 2.39799703937561 0.973333333333333 3363.93150684932 61.6917808219178 416.763443016316
0 1.64253901965761 0.24383829600695 2.35009186415133 0.993333333333333 4365.55704697987 77.1677852348993 398.877807580519
0 1.44521707272772 0.109202651741651 2.82699824662682 0.96 3132.20138888889 69.5 384.869149821594
0 1.63566746477757 0.28530128032038 1.71034896394124 0.993333333333333 3420.32214765101 49.1140939597315 414.103715824041
0 1.52970444750256 0.215780982625511 1.87993664871017 0.993333333333333 2709.91275167785 42.5704697986577 382.951386611933
0 1.52999595905256 0.167309890810302 3.76156316256131 0.986666666666667 3605.72297297297 96.4864864864865 389.534618738956
0.00289855072463768 1.64197485104984 0.279653996346779 2.34728290918139 0.993333333333333 3659.01342281879 64.496644295302 423.014841214209
0.00289855072463768 1.50168088042822 0.164672050085535 3.57747838998979 0.973333333333333 3017.61643835616 79.6712328767123 390.373047623829
0 1.6247205305234 0.291963904988859 1.6280992710476 0.993333333333333 3609.94630872483 48.5369127516779 426.727737473079
0 1.58661916599446 0.214067202026049 2.92455964886054 0.993333333333333 4291.42281879195 92.3020134228188 411.485043172079
0.00289855072463768 1.4711853743956 0.136166228815507 3.46057358230487 0.973333333333333 2969.65753424658 76.1301369863014 402.212256080841
0 1.43891531415284 0.114457411202602 2.58089282677975 0.973333333333333 2972.06164383562 61.5684931506849 383.707920180087
0.00289855072463768 1.64556011771658 0.30850417414015 2.68214171322843 0.993333333333333 2900.6644295302 55.8187919463087 410.010822734363
0 1.57187389046916 0.235956800045608 2.46073195719153 0.966666666666667 3139.97931034483 60.2620689655172 391.787265736843
0.00289855072463768 1.58447690128758 0.239201497487631 2.12503752936425 0.986666666666667 3396.56081081081 58.1959459459459 398.161532154342
0.00289855072463768 1.59896575948611 0.268444364017658 3.98940477289024 0.993333333333333 2291.94630872483 65.2751677852349 373.236670303687
0.00289855072463768 1.60778917020708 0.260675866376796 3.15060127488658 0.98 2980.74829931973 68.2312925170068 412.1192481495
0.00289855072463768 1.51059506899804 0.161957828438058 3.54178456807722 0.98 2999.2925170068 77.8299319727891 394.075669796682
0 1.63020169951845 0.307616116161531 3.4585714039436 0.993333333333333 2095.20134228188 52.9865771812081 354.82057188731
0.00289855072463768 1.61003094299329 0.239929574089835 2.96350603338864 0.986666666666667 3797.84459459459 81.9797297297297 406.088597936474
0.00289855072463768 1.60105573713896 0.236204248259406 3.38133075733546 0.98 3549.16326530612 85.5238095238095 409.159778560014
0 1.61799569392972 0.238818543560007 2.62506939383478 0.986666666666667 4103.85810810811 79.3716216216216 403.620555656005
0.00289855072463768 1.60131491518791 0.268682341212782 3.09843216173018 1 2702.47333333333 60.7733333333333 388.246229551583
0.00289855072463768 1.55719282089439 0.210420804078944 2.75821074787089 0.986666666666667 3260.39189189189 68.4054054054054 399.468543409268
0 1.4895861080066 0.154944423657449 2.38866765903663 0.96 3349.80555555556 62.8680555555556 403.051785654416
0.00289855072463768 1.49137536374738 0.172120602322163 3.64883326130594 0.973333333333333 2561 70.7602739726027 375.69616233064
0 1.57774119863577 0.258878493677212 2.96917981921537 0.98 2554.47619047619 55.4761904761905 381.617076911211
0 1.44049031160981 0.101527009047048 2.9219516571232 0.96 3226.63194444444 72.2083333333333 392.209525243671
0.00289855072463768 1.61166319560664 0.26497869053385 3.43819524710883 0.986666666666667 2957.41891891892 73.472972972973 415.019630616423
0 1.59881241673659 0.28272296530327 2.30547003089069 1 2524.06666666667 44.74 397.157178525353
0.00289855072463768 1.5411467206971 0.167848266166842 3.15574424135925 1 3925.7 90.4466666666667 409.266307949306
0.00289855072463768 1.47803201261663 0.154675131537576 3.6663210239202 0.966666666666667 2522.63448275862 69.3103448275862 384.883623730593
0.00289855072463768 1.57062977246357 0.229507845187 3.19412871945459 0.98 3216.74149659864 73.1632653061225 386.007852686915
0.00289855072463768 1.43032432032221 0.104544059983388 3.42715574090018 0.973333333333333 2696.67808219178 69.7671232876712 371.673553442227
0 1.51906358955235 0.200752058998673 3.67910901535414 0.98 2111.61904761905 56.6122448979592 366.442203787665
0.00289855072463768 1.56339532138756 0.231196507822488 3.4125803714963 0.98 2817.07482993197 69.9387755102041 382.855667972908
0.00289855072463768 1.53907897806288 0.212531316489333 2.296588384021 0.986666666666667 3254.2027027027 58.4054054054054 439.827721190591
0 1.57839410355072 0.265655351005227 2.53543393000462 0.973333333333333 2549.86301369863 50.6095890410959 375.720684956286
0 1.54159174913263 0.210672905633663 1.51424441402854 0.973333333333333 3647.96575342466 48.7876712328767 435.818393992832
0.00289855072463768 1.55210525437256 0.217166840040331 3.96915679573677 0.973333333333333 2797.17123287671 78.7602739726027 398.452377550222
0 1.48186625921094 0.164611995534174 1.63741879933388 0.973333333333333 3083.49315068493 44.2739726027397 414.751423531312
0 1.53261369001395 0.214835515873362 3.52818870030532 0.953333333333333 2503 64.0769230769231 396.828568708376
0.00289855072463768 1.5459921691313 0.191307502545309 3.09891645656964 0.98 3610.10204081633 83.3877551020408 422.735825341562
0 1.56495053230409 0.22964359927537 2.46653259354866 0.966666666666667 3121.12413793103 60.1172413793103 401.919622944084
0 1.58079700976144 0.248834214698902 1.82721388140464 0.986666666666667 3176.89864864865 48.8445945945946 399.855644100662
0.00289855072463768 1.45871203945618 0.140529057794547 2.66836893620284 0.966666666666667 3222.22068965517 65.7241379310345 410.497706627032
0 1.57839410355072 0.265655351005227 2.53543393000462 0.973333333333333 2549.86301369863 50.6095890410959 375.720684956286
0 1.63992361211237 0.263748552237695 2.2122090799878 0.993333333333333 4184.01342281879 71.5973154362416 398.713313622039
0.00289855072463768 1.52576149254396 0.186637716806155 3.93415284578932 0.973333333333333 2685.09589041096 76.1027397260274 371.752762227762
0.00289855072463768 1.52576149254396 0.186637716806155 3.93415284578932 0.973333333333333 2685.09589041096 76.1027397260274 371.752762227762
0 1.57774119863577 0.258878493677212 2.96917981921537 0.98 2554.47619047619 55.4761904761905 381.617076911211
0.00289855072463768 1.64522868976755 0.278225286478669 2.9914997383253 0.993333333333333 3336.40268456376 71.0738255033557 417.643578495634
0 1.54539524914675 0.166327574146631 3.9511029569398 0.986666666666667 3790.39864864865 106.527027027027 395.266403201356
0 1.49735605455349 0.138772879121447 2.7754411564535 0.973333333333333 3701.43835616438 77.8835616438356 371.620915058816
0 1.58079700976144 0.248834214698902 1.82721388140464 0.986666666666667 3176.89864864865 48.8445945945946 399.855644100662
0.00289855072463768 1.60911348568795 0.249968137695743 3.72672638890089 0.993333333333333 3119.57718120805 81.2953020134228 404.743351206444
0 1.60822620610428 0.287595174607146 2.56757591154989 0.98 2640.05442176871 50.7142857142857 395.417296981878
0.00289855072463768 1.63704078233153 0.295615838825639 2.50575248557309 0.986666666666667 3150.66891891892 59.6756756756757 413.255657363622
0 1.48512247028006 0.1060916850235 3.46316062956951 0.98 3836.43537414966 98.3673469387755 391.065786118327
0 1.61385427659671 0.233978470236276 3.61093395955289 0.993333333333333 3842.71140939597 99.6778523489933 410.38430840353
0.00289855072463768 1.60218356269159 0.242242588444624 2.86353968116576 0.986666666666667 3815.50675675676 80.0608108108108 434.952332601142
0.00289855072463768 1.50168088042822 0.164672050085535 3.57747838998979 0.973333333333333 3017.61643835616 79.6712328767123 390.373047623829
0 1.48512247028006 0.1060916850235 3.46316062956951 0.98 3836.43537414966 98.3673469387755 391.065786118327
0 1.60963926084812 0.301369282796744 3.8247675580602 0.993333333333333 2249.13422818792 61.1409395973154 346.512807285951
0 1.62796786879905 0.283640371903238 1.42586807578273 0.993333333333333 3613.3288590604 43.4765100671141 436.972203246406
0.00289855072463768 1.60207879738122 0.256709006504892 2.40277478089166 0.986666666666667 3295.31081081081 60.222972972973 393.291773209964
0 1.59559813318774 0.243638457148336 1.65409565530717 0.98 3958.52380952381 55.9319727891156 420.876731286339
0.00289855072463768 1.64543663057099 0.269460856223127 3.39023423662848 1 3626.04 86.9066666666667 426.034666943507
0.00289855072463768 1.54097796316612 0.18696367555627 2.34284455898322 1 3690.98 67.74 428.805760605947
0 1.63314497690887 0.247810578313225 3.78453111799827 0.993333333333333 3891.64429530201 105.456375838926 452.567119166315
0.00289855072463768 1.60105573713896 0.236204248259406 3.38133075733546 0.98 3549.16326530612 85.5238095238095 409.159778560014
0.00289855072463768 1.51347325011512 0.19519824810798 3.35187505773797 0.986666666666667 2823.52027027027 69.4594594594595 382.421727289064
0.00289855072463768 1.48078768443146 0.157634346216432 2.75493569607226 0.973333333333333 2793.71232876712 59.2054794520548 389.694184147948
0.00289855072463768 1.55210525437256 0.217166840040331 3.96915679573677 0.973333333333333 2797.17123287671 78.7602739726027 398.452377550222
0.00289855072463768 1.48078768443146 0.157634346216432 2.75493569607226 0.973333333333333 2793.71232876712 59.2054794520548 389.694184147948
0 1.63394590130462 0.291677166275458 1.49266761969747 0.993333333333333 3573.38926174497 45.6510067114094 412.092486871021
0 1.63383252777766 0.305218118505637 2.40618055142886 0.973333333333333 2935.91095890411 53.9452054794521 393.798813845354
0 1.59768521266004 0.279796578827147 3.59832232844744 1 2083.77333333333 53.8266666666667 350.036352391219
0 1.59588334910577 0.27981767508625 1.77757962672319 0.993333333333333 2881.85234899329 42.6644295302013 399.403639557839
0.00289855072463768 1.59580612103962 0.251119843698177 1.9803049758921 0.98 3623.7619047619 56.8027210884354 430.235274007644
0.00289855072463768 1.60108469615236 0.22812261535888 2.90413880631217 0.986666666666667 3990.78378378378 85.2905405405405 407.090848608704
0 1.5160276345097 0.176651169844826 2.1346088757186 0.966666666666667 3230.3724137931 55.2344827586207 412.727081370672
0 1.44521707272772 0.109202651741651 2.82699824662682 0.96 3132.20138888889 69.5 384.869149821594
0.00289855072463768 1.52703468451273 0.187517755697822 3.73038387555155 0.986666666666667 3042.93243243243 82.3243243243243 401.859168172035
0 1.6499526026746 0.320362177495496 2.26837525852571 1 2685.18 46.1466666666667 391.110382275484
0.00289855072463768 1.61661549294555 0.253625011552835 3.08979734166256 0.973333333333333 3377.58219178082 76.2123287671233 405.538109958042
0.00289855072463768 1.53907897806288 0.212531316489333 2.296588384021 0.986666666666667 3254.2027027027 58.4054054054054 439.827721190591
0 1.5850598089497 0.263711513510601 3.52607513648574 0.986666666666667 2210.84459459459 56.0878378378378 366.757702955875
0.00289855072463768 1.59419732002843 0.233188553612438 3.1095647586505 0.986666666666667 3568.07432432432 79.8513513513514 410.20666142606
0.00289855072463768 1.55210525437256 0.217166840040331 3.96915679573677 0.973333333333333 2797.17123287671 78.7602739726027 398.452377550222
0 1.64253901965761 0.24383829600695 2.35009186415133 0.993333333333333 4365.55704697987 77.1677852348993 398.877807580519
0 1.64648293512079 0.288823167140563 2.09027691796889 0.986666666666667 3861.10810810811 61.9121621621622 409.020430872137
0 1.48186625921094 0.164611995534174 1.63741879933388 0.973333333333333 3083.49315068493 44.2739726027397 414.751423531312
0.00289855072463768 1.53591839476482 0.168198148676384 2.73842408418322 0.986666666666667 3806.42567567568 77.3716216216216 395.77175465854
0.00289855072463768 1.59703231366428 0.270061494525845 2.70494848214429 0.993333333333333 2841.28859060403 56.738255033557 402.328317217356
0 1.48251742087724 0.165650169254731 2.39736113114988 0.96 2913.34027777778 55.5416666666667 422.38766824882
0.00289855072463768 1.4711853743956 0.136166228815507 3.46057358230487 0.973333333333333 2969.65753424658 76.1301369863014 402.212256080841
0.00289855072463768 1.58372534644642 0.273315206413681 2.91108335841392 0.98 2622.47619047619 57.6938775510204 400.555357148184
0.00289855072463768 1.63704078233153 0.295615838825639 2.50575248557309 0.986666666666667 3150.66891891892 59.6756756756757 413.255657363622
0.00289855072463768 1.4711853743956 0.136166228815507 3.46057358230487 0.973333333333333 2969.65753424658 76.1301369863014 402.212256080841
0.00289855072463768 1.49137536374738 0.172120602322163 3.64883326130594 0.973333333333333 2561 70.7602739726027 375.69616233064
0.00289855072463768 1.4711853743956 0.136166228815507 3.46057358230487 0.973333333333333 2969.65753424658 76.1301369863014 402.212256080841
0 1.6499526026746 0.320362177495496 2.26837525852571 1 2685.18 46.1466666666667 391.110382275484
0 1.5389583000074 0.221946169907066 2.36549993278923 0.98 2932.24489795918 55.0884353741497 365.697708320749
0 1.52867185818675 0.183199335982218 2.12935828321408 0.973333333333333 3619.27397260274 62.0616438356164 406.368432731507
0.00289855072463768 1.60778917020708 0.260675866376796 3.15060127488658 0.98 2980.74829931973 68.2312925170068 412.1192481495
0 1.45114780342828 0.118005350412599 2.37744459274641 0.966666666666667 3460.34482758621 66.6206896551724 405.865161451494
0.00289855072463768 1.58372534644642 0.273315206413681 2.91108335841392 0.98 2622.47619047619 57.6938775510204 400.555357148184
0.00289855072463768 1.52703468451273 0.187517755697822 3.73038387555155 0.986666666666667 3042.93243243243 82.3243243243243 401.859168172035
0.00289855072463768 1.55719282089439 0.210420804078944 2.75821074787089 0.986666666666667 3260.39189189189 68.4054054054054 399.468543409268
0.00289855072463768 1.61299647370249 0.249851017800128 3.73116859897458 0.993333333333333 3556.59060402685 90.9731543624161 416.465808095738
0 1.64550443203937 0.265477061594854 2.03430572283814 0.986666666666667 4222.55405405405 67.8648648648649 409.054555659263
0 1.48512247028006 0.1060916850235 3.46316062956951 0.98 3836.43537414966 98.3673469387755 391.065786118327
0 1.54539524914675 0.166327574146631 3.9511029569398 0.986666666666667 3790.39864864865 106.527027027027 395.266403201356
0.00289855072463768 1.54285670635551 0.210995452326282 2.73473887430635 0.966666666666667 3200.08275862069 65.7379310344828 445.48860188944
0 1.48627514214612 0.131112165111501 2.20635046304311 0.973333333333333 4132.67808219178 73.0547945205479 430.054769647905
0.00289855072463768 1.52527292725355 0.183427112854334 2.76881375355643 0.98 3158.67346938776 67.1632653061225 393.902300218612
0 1.4895861080066 0.154944423657449 2.38866765903663 0.96 3349.80555555556 62.8680555555556 403.051785654416
0 1.55225257283245 0.223750062295399 1.43036933506902 1 3639.99333333333 45.6933333333333 411.862296677751
0.00289855072463768 1.55210525437256 0.217166840040331 3.96915679573677 0.973333333333333 2797.17123287671 78.7602739726027 398.452377550222
0.00289855072463768 1.59194438549974 0.259612461075081 3.32384312606279 0.986666666666667 2928.64189189189 70.6081081081081 408.115863932895
0.00289855072463768 1.55719282089439 0.210420804078944 2.75821074787089 0.986666666666667 3260.39189189189 68.4054054054054 399.468543409268
0.00289855072463768 1.58069686044105 0.225179941510797 3.47300718386513 0.98 3508.34013605442 87.2789115646258 386.873985846889
0 1.58566962329053 0.220151789652004 2.15298223491571 0.98 4156.93197278912 70.9863945578231 406.85715970251
0.00289855072463768 1.60741028175753 0.257221840858487 3.67259766276447 0.973333333333333 2834.7602739726 73.1712328767123 404.138647413639
0.00289855072463768 1.50238235394978 0.169439472808562 3.43785321724532 0.986666666666667 2502.52027027027 64.2297297297297 383.064677879679
0.00289855072463768 1.61055720411974 0.260051762386318 2.03579649209985 0.98 3455.72108843537 55.8095238095238 429.877066587313
0 1.57774119863577 0.258878493677212 2.96917981921537 0.98 2554.47619047619 55.4761904761905 381.617076911211
0.00289855072463768 1.52576149254396 0.186637716806155 3.93415284578932 0.973333333333333 2685.09589041096 76.1027397260274 371.752762227762
0.00289855072463768 1.54767484613443 0.223088617257067 2.42358585894797 0.98 2862.8843537415 54.0340136054422 398.549853907529
0 1.43369926468459 0.121691525126809 3.77384491387824 0.96 2351.52777777778 68.0138888888889 368.204963920119
0.00289855072463768 1.60778917020708 0.260675866376796 3.15060127488658 0.98 2980.74829931973 68.2312925170068 412.1192481495
0.00289855072463768 1.54285670635551 0.210995452326282 2.73473887430635 0.966666666666667 3200.08275862069 65.7379310344828 445.48860188944
0 1.52340146604308 0.184900924858218 1.5690651717674 0.98 3471.92517006803 47.9795918367347 405.420669741477
0.00289855072463768 1.61680419006749 0.281456409639112 3.20831423493215 0.986666666666667 2543.33108108108 58.6351351351351 379.590364468116
0.00289855072463768 1.50168088042822 0.164672050085535 3.57747838998979 0.973333333333333 3017.61643835616 79.6712328767123 390.373047623829
0 1.58546699822252 0.27613363978665 2.87423857753209 0.986666666666667 2523.32432432432 53.9054054054054 375.257786648278
0 1.5048126767725 0.152473152681843 2.68169325445676 0.966666666666667 3721.69655172414 75.9793103448276 412.700411183491
0.00289855072463768 1.59580612103962 0.251119843698177 1.9803049758921 0.98 3623.7619047619 56.8027210884354 430.235274007644
0.00289855072463768 1.48078768443146 0.157634346216432 2.75493569607226 0.973333333333333 2793.71232876712 59.2054794520548 389.694184147948
0.00289855072463768 1.5411467206971 0.167848266166842 3.15574424135925 1 3925.7 90.4466666666667 409.266307949306
0 1.62499200562278 0.314193915515325 2.7358030216003 0.986666666666667 2331.64189189189 47.1283783783784 387.761237534169
0 1.54159174913263 0.210672905633663 1.51424441402854 0.973333333333333 3647.96575342466 48.7876712328767 435.818393992832
0.00289855072463768 1.5979189876145 0.252744803038481 3.51120839808258 0.986666666666667 3144.24324324324 78.5878378378378 408.907653915097
0.00289855072463768 1.60482249703671 0.279705098771989 2.5874756169463 0.993333333333333 2759.15436241611 52.8389261744966 395.666771028976
0 1.59270071229628 0.241361041072092 2.35724827394601 0.973333333333333 3817.3698630137 68 407.034194554474
0.00289855072463768 1.56339532138756 0.231196507822488 3.4125803714963 0.98 2817.07482993197 69.9387755102041 382.855667972908
0 1.59364720712319 0.219028417327968 3.10788821163895 0.98 3925.89795918367 87.6938775510204 404.626924373045
0 1.59588334910577 0.27981767508625 1.77757962672319 0.993333333333333 2881.85234899329 42.6644295302013 399.403639557839
0.00289855072463768 1.55961897680749 0.226959405962705 2.85061210605476 0.966666666666667 3133.02068965517 65.9655172413793 415.905655032008
0.00289855072463768 1.50663094791661 0.177362741472921 2.3977556332214 0.98 3497.63265306122 64.1496598639456 406.237658077991
0.00289855072463768 1.60948233342853 0.256145938174281 3.61991979424624 0.993333333333333 3147.38926174497 79.9395973154362 405.772168724428
0.00289855072463768 1.48078768443146 0.157634346216432 2.75493569607226 0.973333333333333 2793.71232876712 59.2054794520548 389.694184147948
0 1.54072078228936 0.223957430728923 2.69147312946791 0.966666666666667 2566.72413793103 54.0068965517241 380.60499818561
0.00289855072463768 1.62491015623753 0.28266141267724 3.7069105661323 0.98 2527.67346938776 66.156462585034 367.232216934121
0.00289855072463768 1.50168088042822 0.164672050085535 3.57747838998979 0.973333333333333 3017.61643835616 79.6712328767123 390.373047623829
0 1.54539524914675 0.166327574146631 3.9511029569398 0.986666666666667 3790.39864864865 106.527027027027 395.266403201356
0 1.59495301861466 0.217382308642836 3.37751932660803 0.993333333333333 4043.14765100671 97.8255033557047 389.247164588712
0 1.5232847280068 0.144249641735979 2.85805587699144 0.993333333333333 4109.77181208054 86.7718120805369 385.811073007381
0 1.62598643983565 0.292337307162928 1.63075299809359 0.993333333333333 2992.25503355705 41.3489932885906 399.769912056366
0 1.64629925999355 0.246738417955601 2.76989069979222 1 4519.78666666667 90.1666666666667 407.845282136318
0.00289855072463768 1.49137536374738 0.172120602322163 3.64883326130594 0.973333333333333 2561 70.7602739726027 375.69616233064
0 1.6499526026746 0.320362177495496 2.26837525852571 1 2685.18 46.1466666666667 391.110382275484
0 1.57794183352962 0.270070347283036 2.65417006437201 0.986666666666667 2457.03378378378 50.1486486486486 365.153362551622
0 1.59315469578946 0.228075943590286 2.66420313817943 0.98 3924.10204081633 77.891156462585 393.543705212865
0.00289855072463768 1.60675265328414 0.248149504031737 2.53759921729235 0.986666666666667 3670.78378378378 69.304054054054 432.159445780394
0 1.63058579543035 0.25911043761514 1.74847095012715 0.986666666666667 4072.56081081081 57.3648648648649 423.792557762482
0 1.59364720712319 0.219028417327968 3.10788821163895 0.98 3925.89795918367 87.6938775510204 404.626924373045
0.00289855072463768 1.64396512201419 0.261396673426033 2.83327810351966 1 3980.72666666667 81.7933333333333 403.520201389605
0.00289855072463768 1.57433928855346 0.238662824941147 3.25640560285398 0.98 2580.36734693878 62.4421768707483 386.368978303485
0 1.59559813318774 0.243638457148336 1.65409565530717 0.98 3958.52380952381 55.9319727891156 420.876731286339
0.00289855072463768 1.50168088042822 0.164672050085535 3.57747838998979 0.973333333333333 3017.61643835616 79.6712328767123 390.373047623829
0.00289855072463768 1.58525487861192 0.251279648779683 2.06196510451088 0.98 3097.77551020408 51.1428571428571 420.922203302692
0 1.45114780342828 0.118005350412599 2.37744459274641 0.966666666666667 3460.34482758621 66.6206896551724 405.865161451494
0.00289855072463768 1.58453506025525 0.22182665336154 3.98020206550924 1 3451.07333333333 98.2533333333333 422.525494179439
0.00289855072463768 1.5411467206971 0.167848266166842 3.15574424135925 1 3925.7 90.4466666666667 409.266307949306
0 1.59881241673659 0.28272296530327 2.30547003089069 1 2524.06666666667 44.74 397.157178525353
0 1.64253901965761 0.24383829600695 2.35009186415133 0.993333333333333 4365.55704697987 77.1677852348993 398.877807580519
0.00289855072463768 1.61004337761818 0.262821243074079 3.03710452884748 1 3271.98666666667 69.9133333333333 408.434286172117
0 1.45744823638606 0.150874394309935 2.39672216703072 0.98 2596.95918367347 49.469387755102 387.017640519689
0 1.4895861080066 0.154944423657449 2.38866765903663 0.96 3349.80555555556 62.8680555555556 403.051785654416
0 1.43369926468459 0.121691525126809 3.77384491387824 0.96 2351.52777777778 68.0138888888889 368.204963920119
0 1.43891531415284 0.114457411202602 2.58089282677975 0.973333333333333 2972.06164383562 61.5684931506849 383.707920180087
0 1.4761124833487 0.129468169249594 2.70601776009426 0.966666666666667 3463.93103448276 72.2068965517241 389.861966545915
0.00289855072463768 1.58357432439506 0.245708991829023 3.61990360056571 0.986666666666667 2666.94594594595 67.75 374.055038961107
0 1.57187389046916 0.235956800045608 2.46073195719153 0.966666666666667 3139.97931034483 60.2620689655172 391.787265736843
0.00289855072463768 1.58209880159088 0.253040807424257 2.8512555381853 0.986666666666667 2922.58108108108 60.972972972973 410.657237917266
0.00289855072463768 1.62909338507242 0.264018576889602 2.51640240768491 0.98 3774.59183673469 71.3605442176871 422.181135815614
0.00289855072463768 1.57523171505451 0.230152173787893 3.94918064055693 0.973333333333333 2823.10273972603 78.1301369863014 396.979732453845
0 1.6247205305234 0.291963904988859 1.6280992710476 0.993333333333333 3609.94630872483 48.5369127516779 426.727737473079
0 1.48186625921094 0.164611995534174 1.63741879933388 0.973333333333333 3083.49315068493 44.2739726027397 414.751423531312
0 1.57839410355072 0.265655351005227 2.53543393000462 0.973333333333333 2549.86301369863 50.6095890410959 375.720684956286
0.00289855072463768 1.53777301372691 0.18564008518325 2.68953346460781 0.98 3607.7619047619 72.8163265306122 415.614071981874
0.00289855072463768 1.58617811578746 0.265310965881125 3.12934217018209 0.986666666666667 2494.41216216216 57.8310810810811 386.736207367362
0 1.52063336754065 0.151981715321398 2.91004397666069 0.973333333333333 3817.05479452055 83.0547945205479 376.299537068935
0.00289855072463768 1.53640055030594 0.189090970766454 2.4713757214818 0.973333333333333 3574.97260273973 69.0684931506849 421.64786452949
0 1.49682256143404 0.183794681512019 3.46687769601636 0.973333333333333 2259.20547945205 59.513698630137 363.568953137102
0.00289855072463768 1.64207185416522 0.303761843785294 3.10936204087204 0.993333333333333 2656.40939597315 59.2348993288591 368.142458413686
0 1.51279919648596 0.209854991401203 3.02935378422525 0.986666666666667 2314.85135135135 53.4121621621622 362.020864721308
0.00289855072463768 1.64634295678486 0.303162840827293 3.34199457691139 0.993333333333333 2827.79194630872 67.1140939597315 377.126043864296
0.00289855072463768 1.55734407931107 0.22626497315406 2.83883353104655 0.986666666666667 3240.52027027027 67.777027027027 414.947769370393
0 1.6499526026746 0.320362177495496 2.26837525852571 1 2685.18 46.1466666666667 391.110382275484
0 1.51906358955235 0.200752058998673 3.67910901535414 0.98 2111.61904761905 56.6122448979592 366.442203787665
0 1.59364720712319 0.219028417327968 3.10788821163895 0.98 3925.89795918367 87.6938775510204 404.626924373045
0 1.59423562845992 0.279541976832033 3.99409459569431 0.98 2209.62585034014 61.1768707482993 363.841305467574
0 1.61196404239191 0.230496925613791 3.38288889874522 0.993333333333333 3962.23489932886 94.9664429530201 408.027986374206
0.00289855072463768 1.64051835378731 0.27672247189129 3.15733247587664 0.993333333333333 3704.71812080537 82.4161073825503 418.435644249357
0 1.5850598089497 0.263711513510601 3.52607513648574 0.986666666666667 2210.84459459459 56.0878378378378 366.757702955875
0 1.47170361533486 0.134244105950633 3.11005991316544 0.966666666666667 3017.06206896552 70.8275862068966 375.875978451367
0 1.48251742087724 0.165650169254731 2.39736113114988 0.96 2913.34027777778 55.5416666666667 422.38766824882
0.00289855072463768 1.52703468451273 0.187517755697822 3.73038387555155 0.986666666666667 3042.93243243243 82.3243243243243 401.859168172035
0.00289855072463768 1.56247433759814 0.235910905248583 2.69068915720794 0.993333333333333 2894.73825503356 58.9194630872483 407.869815506615
0 1.57839410355072 0.265655351005227 2.53543393000462 0.973333333333333 2549.86301369863 50.6095890410959 375.720684956286
0 1.52970444750256 0.215780982625511 1.87993664871017 0.993333333333333 2709.91275167785 42.5704697986577 382.951386611933
0.00289855072463768 1.47803201261663 0.154675131537576 3.6663210239202 0.966666666666667 2522.63448275862 69.3103448275862 384.883623730593
0 1.52970444750256 0.215780982625511 1.87993664871017 0.993333333333333 2709.91275167785 42.5704697986577 382.951386611933
0 1.64629925999355 0.246738417955601 2.76989069979222 1 4519.78666666667 90.1666666666667 407.845282136318
0.00289855072463768 1.57940252935873 0.245771554531984 3.40765650409436 0.986666666666667 2642.61486486487 65.1283783783784 388.579379538297
0 1.47072127034647 0.154360868920606 2.49599817943001 0.973333333333333 2843.69863013699 57.1438356164384 381.331099121071
0.00289855072463768 1.57728298080776 0.239274817747691 3.97243799077145 0.993333333333333 2568.73154362416 71.2953020134228 368.598609785504
0.00289855072463768 1.60911348568795 0.249968137695743 3.72672638890089 0.993333333333333 3119.57718120805 81.2953020134228 404.743351206444
0.00289855072463768 1.54216616977962 0.191022558177127 2.1141442337273 0.986666666666667 3839.08783783784 64.9932432432432 421.316708701887
0 1.51906358955235 0.200752058998673 3.67910901535414 0.98 2111.61904761905 56.6122448979592 366.442203787665
0.00289855072463768 1.50238235394978 0.169439472808562 3.43785321724532 0.986666666666667 2502.52027027027 64.2297297297297 383.064677879679
0.00289855072463768 1.60911348568795 0.249968137695743 3.72672638890089 0.993333333333333 3119.57718120805 81.2953020134228 404.743351206444
0 1.61042689405076 0.29280666456993 2.36954076671156 1 2473.70666666667 44.2666666666667 391.307307498182
0 1.4895861080066 0.154944423657449 2.38866765903663 0.96 3349.80555555556 62.8680555555556 403.051785654416
0.00289855072463768 1.51059506899804 0.161957828438058 3.54178456807722 0.98 2999.2925170068 77.8299319727891 394.075669796682
0.00289855072463768 1.48619761798809 0.142612807308386 2.07202071845455 0.986666666666667 3722.91216216216 62.8918918918919 400.53106216259
0 1.55140812996932 0.204817131512404 2.00113243427972 0.98 3789.07482993197 60.9931972789116 419.707808151869
0 1.638112460821 0.313321403136234 2.11775638716192 1 2798 46.2866666666667 378.6893267978
0.00289855072463768 1.59896575948611 0.268444364017658 3.98940477289024 0.993333333333333 2291.94630872483 65.2751677852349 373.236670303687
0.00289855072463768 1.6054879502352 0.249904467866532 3.45839307125178 0.973333333333333 3402.36301369863 83.1575342465753 415.910431617837
0 1.4895861080066 0.154944423657449 2.38866765903663 0.96 3349.80555555556 62.8680555555556 403.051785654416
0 1.48512247028006 0.1060916850235 3.46316062956951 0.98 3836.43537414966 98.3673469387755 391.065786118327
0.00289855072463768 1.51068425889211 0.181236734004543 3.57006884888042 0.966666666666667 2982.24827586207 79.0965517241379 399.768353898239
0.00289855072463768 1.60242989614374 0.263939323321778 3.66427640181972 0.986666666666667 2798.75 73.5405405405405 374.763281543719
0.00289855072463768 1.53008102390961 0.175575053300907 3.41050995560228 0.993333333333333 3377.72483221477 82.510067114094 405.918163142859
0.00289855072463768 1.52358582265668 0.19168407267187 3.6924646190782 0.966666666666667 2788.81379310345 76.0068965517241 400.493032171759
0.00289855072463768 1.63761850287873 0.281252183014107 3.33760283478538 0.986666666666667 3213.54054054054 74.5743243243243 417.229114230349
0.00289855072463768 1.4711853743956 0.136166228815507 3.46057358230487 0.973333333333333 2969.65753424658 76.1301369863014 402.212256080841
0 1.43891531415284 0.114457411202602 2.58089282677975 0.973333333333333 2972.06164383562 61.5684931506849 383.707920180087
0 1.43891531415284 0.114457411202602 2.58089282677975 0.973333333333333 2972.06164383562 61.5684931506849 383.707920180087
0.00289855072463768 1.58927238615273 0.231217454222848 3.70919516436073 0.986666666666667 3585.33108108108 92.7972972972973 423.819814575822
0 1.48186625921094 0.164611995534174 1.63741879933388 0.973333333333333 3083.49315068493 44.2739726027397 414.751423531312
0.00289855072463768 1.54320557604891 0.221452374287551 1.98000947957051 0.986666666666667 3458.36486486487 55.4121621621622 413.053364096313
0 1.57774119863577 0.258878493677212 2.96917981921537 0.98 2554.47619047619 55.4761904761905 381.617076911211
0.00289855072463768 1.50168088042822 0.164672050085535 3.57747838998979 0.973333333333333 3017.61643835616 79.6712328767123 390.373047623829
0.00289855072463768 1.50238235394978 0.169439472808562 3.43785321724532 0.986666666666667 2502.52027027027 64.2297297297297 383.064677879679
0 1.62040496206774 0.310889243342251 3.62838484168756 0.986666666666667 2295.43243243243 58.5135135135135 355.417012191344
0 1.60822620610428 0.287595174607146 2.56757591154989 0.98 2640.05442176871 50.7142857142857 395.417296981878
0.00289855072463768 1.60034516614703 0.274028862212771 3.79730906236354 0.993333333333333 2449.78523489933 66.2214765100671 368.924467262343
0.00289855072463768 1.62286545734751 0.268447649754147 3.80197863742094 1 3170.09333333333 82.8 417.053716710643
0.00289855072463768 1.50663094791661 0.177362741472921 2.3977556332214 0.98 3497.63265306122 64.1496598639456 406.237658077991
0.00289855072463768 1.63171879506334 0.275185240124909 2.01924176969463 1 3558.9 56.5933333333333 415.607478049838
0.00289855072463768 1.56222859438608 0.218988101581841 2.50176071219206 0.986666666666667 3397.88513513513 64.2635135135135 401.886194952261
0.00289855072463768 1.61661549294555 0.253625011552835 3.08979734166256 0.973333333333333 3377.58219178082 76.2123287671233 405.538109958042
0 1.55883493159061 0.214241436274261 2.46941083122742 0.966666666666667 3408.99310344828 66.0068965517241 397.766419797434
0 1.45744823638606 0.150874394309935 2.39672216703072 0.98 2596.95918367347 49.469387755102 387.017640519689
0.00289855072463768 1.58617811578746 0.265310965881125 3.12934217018209 0.986666666666667 2494.41216216216 57.8310810810811 386.736207367362
0 1.60339084838793 0.260965276668367 1.57268324289805 0.993333333333333 3340.6644295302 45.3624161073826 421.834492807205
0 1.47319466192568 0.177716767787919 3.26282702380937 0.973333333333333 2314.43835616438 57.2602739726027 366.194168658518
0.00289855072463768 1.58044060510404 0.233200125090331 3.03154729496109 0.986666666666667 3167.57432432432 69.8108108108108 385.226944230327
0.00289855072463768 1.4711853743956 0.136166228815507 3.46057358230487 0.973333333333333 2969.65753424658 76.1301369863014 402.212256080841
0 1.48186625921094 0.164611995534174 1.63741879933388 0.973333333333333 3083.49315068493 44.2739726027397 414.751423531312
0 1.61196404239191 0.230496925613791 3.38288889874522 0.993333333333333 3962.23489932886 94.9664429530201 408.027986374206
0 1.59559813318774 0.243638457148336 1.65409565530717 0.98 3958.52380952381 55.9319727891156 420.876731286339
0 1.52340146604308 0.184900924858218 1.5690651717674 0.98 3471.92517006803 47.9795918367347 405.420669741477
0.00289855072463768 1.54320557604891 0.221452374287551 1.98000947957051 0.986666666666667 3458.36486486487 55.4121621621622 413.053364096313
0.00289855072463768 1.60778917020708 0.260675866376796 3.15060127488658 0.98 2980.74829931973 68.2312925170068 412.1192481495
0 1.6499526026746 0.320362177495496 2.26837525852571 1 2685.18 46.1466666666667 391.110382275484
0 1.48627514214612 0.131112165111501 2.20635046304311 0.973333333333333 4132.67808219178 73.0547945205479 430.054769647905
0.00289855072463768 1.49137536374738 0.172120602322163 3.64883326130594 0.973333333333333 2561 70.7602739726027 375.69616233064
0 1.50226879008553 0.171193478889586 2.29814219875865 0.96 3245.5 59.7430555555556 405.115060289286
0 1.55304706533062 0.190817163161157 3.74674613969327 0.966666666666667 3503.54482758621 93.551724137931 402.361444040822
0 1.63058579543035 0.25911043761514 1.74847095012715 0.986666666666667 4072.56081081081 57.3648648648649 423.792557762482
0 1.45744823638606 0.150874394309935 2.39672216703072 0.98 2596.95918367347 49.469387755102 387.017640519689
0 1.52475433748078 0.215186124321407 2.37556527525441 0.98 2505.70068027211 45.6258503401361 405.731591277804
0 1.59881241673659 0.28272296530327 2.30547003089069 1 2524.06666666667 44.74 397.157178525353
0 1.53552791378701 0.179081142167789 2.11926278531671 0.993333333333333 3977.38926174497 66.8926174496644 387.968833793078
0 1.44304179229358 0.132338738488964 2.6455854677724 0.96 2699.0625 56.0625 393.664238764707
0.00289855072463768 1.63704078233153 0.295615838825639 2.50575248557309 0.986666666666667 3150.66891891892 59.6756756756757 413.255657363622
0 1.55167942507807 0.252150079052342 2.29365358321014 0.993333333333333 2305.94630872483 41.4362416107383 386.406125050764
0.00289855072463768 1.61858541792444 0.282577601528783 2.42061536453568 0.986666666666667 3126.18918918919 58.1216216216216 404.394908346481
0.00289855072463768 1.64125626556816 0.302974906981045 3.61571089861896 1 2366.88 59.9933333333333 369.418684145998
0 1.54539524914675 0.166327574146631 3.9511029569398 0.986666666666667 3790.39864864865 106.527027027027 395.266403201356
0 1.61799569392972 0.238818543560007 2.62506939383478 0.986666666666667 4103.85810810811 79.3716216216216 403.620555656005
0.00289855072463768 1.60218356269159 0.242242588444624 2.86353968116576 0.986666666666667 3815.50675675676 80.0608108108108 434.952332601142
0.00289855072463768 1.55210525437256 0.217166840040331 3.96915679573677 0.973333333333333 2797.17123287671 78.7602739726027 398.452377550222
0 1.5248719448639 0.223517797091655 2.07333000264554 0.98 2726.21768707483 45.8027210884354 406.98407488604
0.00289855072463768 1.62251139268481 0.289559365841203 3.31533953534102 0.98 2557.90476190476 60.1700680272109 387.394493858356
0 1.48251742087724 0.165650169254731 2.39736113114988 0.96 2913.34027777778 55.5416666666667 422.38766824882
0 1.52593919180193 0.203977824305378 1.96267172576359 0.98 3254.38095238095 51.3945578231293 404.475588895103
0.00289855072463768 1.56222859438608 0.218988101581841 2.50176071219206 0.986666666666667 3397.88513513513 64.2635135135135 401.886194952261
0.00289855072463768 1.58525487861192 0.251279648779683 2.06196510451088 0.98 3097.77551020408 51.1428571428571 420.922203302692
0 1.54639694037547 0.170387697980998 3.07510065700355 0.986666666666667 4096.89189189189 93.0810810810811 397.285332357317
0 1.53265559219711 0.192279939272323 3.53892501784988 0.966666666666667 2941.97931034483 76.6206896551724 376.65678426677
0 1.49979811911975 0.191995717761342 2.38758677321507 0.98 2689.1768707483 51.1632653061224 375.345584973133
0.00289855072463768 1.50238235394978 0.169439472808562 3.43785321724532 0.986666666666667 2502.52027027027 64.2297297297297 383.064677879679
0 1.61042689405076 0.29280666456993 2.36954076671156 1 2473.70666666667 44.2666666666667 391.307307498182
0.00289855072463768 1.61217573578456 0.252778826456549 3.55907174437559 0.966666666666667 3196.48275862069 79.9862068965517 408.619101053207
0.00289855072463768 1.61385012700669 0.257671710973435 3.93632841049011 0.993333333333333 2838.77181208054 77.1543624161074 399.460078149666
0 1.638112460821 0.313321403136234 2.11775638716192 1 2798 46.2866666666667 378.6893267978
0 1.51906358955235 0.200752058998673 3.67910901535414 0.98 2111.61904761905 56.6122448979592 366.442203787665
0.00289855072463768 1.4711853743956 0.136166228815507 3.46057358230487 0.973333333333333 2969.65753424658 76.1301369863014 402.212256080841
0 1.51906358955235 0.200752058998673 3.67910901535414 0.98 2111.61904761905 56.6122448979592 366.442203787665
0.00289855072463768 1.52141498216323 0.194189722004252 3.41749968221994 0.973333333333333 2623.21232876712 66.4657534246575 374.846225396835
0.00289855072463768 1.60904632195658 0.276127982244661 2.3922755501429 0.993333333333333 2983.14765100671 54.4563758389262 403.898489354764
0.00289855072463768 1.58617811578746 0.265310965881125 3.12934217018209 0.986666666666667 2494.41216216216 57.8310810810811 386.736207367362
0 1.43891531415284 0.114457411202602 2.58089282677975 0.973333333333333 2972.06164383562 61.5684931506849 383.707920180087
0 1.5232847280068 0.144249641735979 2.85805587699144 0.993333333333333 4109.77181208054 86.7718120805369 385.811073007381
0.00289855072463768 1.59580612103962 0.251119843698177 1.9803049758921 0.98 3623.7619047619 56.8027210884354 430.235274007644
0 1.59495301861466 0.217382308642836 3.37751932660803 0.993333333333333 4043.14765100671 97.8255033557047 389.247164588712
0.00289855072463768 1.55210525437256 0.217166840040331 3.96915679573677 0.973333333333333 2797.17123287671 78.7602739726027 398.452377550222
0.00289855072463768 1.60105573713896 0.236204248259406 3.38133075733546 0.98 3549.16326530612 85.5238095238095 409.159778560014
0 1.63703698174546 0.315404342442346 2.83003186708549 0.986666666666667 2467.62837837838 50.4932432432432 383.441712625283
0 1.53428854327188 0.15889666195163 3.16221686630601 0.966666666666667 4014.86206896552 93.6689655172414 410.589081997505
0 1.43891531415284 0.114457411202602 2.58089282677975 0.973333333333333 2972.06164383562 61.5684931506849 383.707920180087
0.00289855072463768 1.60189284729731 0.264237108083911 2.8859248363352 0.986666666666667 2998.10135135135 62.5878378378378 414.041101611388
0 1.52836332427112 0.219096378295404 3.41111606389966 0.96 2271.91666666667 58.5 390.709067716073
0.00289855072463768 1.57830789804978 0.251790770536262 3.09614716787557 0.993333333333333 3044.40939597315 67.4832214765101 395.460463529709
0 1.52593919180193 0.203977824305378 1.96267172576359 0.98 3254.38095238095 51.3945578231293 404.475588895103
0.00289855072463768 1.51059506899804 0.161957828438058 3.54178456807722 0.98 2999.2925170068 77.8299319727891 394.075669796682
0.00289855072463768 1.57990137413371 0.26014712887656 3.88146334733274 0.986666666666667 2632.91891891892 72.1689189189189 409.948103953241
0 1.59768521266004 0.279796578827147 3.59832232844744 1 2083.77333333333 53.8266666666667 350.036352391219
0.00289855072463768 1.54358342006736 0.212996567706129 2.77355960913136 0.973333333333333 2935.41095890411 61.7808219178082 413.350576116652
0 1.57774119863577 0.258878493677212 2.96917981921537 0.98 2554.47619047619 55.4761904761905 381.617076911211
0.00289855072463768 1.62900248403029 0.270940694475382 3.98768860443364 0.993333333333333 2946.30201342282 83.2684563758389 392.984016004854
0 1.46613121414941 0.142588699517139 2.29396220960646 0.96 3368.6875 62.2569444444444 397.749786582229
0 1.55225257283245 0.223750062295399 1.43036933506902 1 3639.99333333333 45.6933333333333 411.862296677751
0.00289855072463768 1.50168088042822 0.164672050085535 3.57747838998979 0.973333333333333 3017.61643835616 79.6712328767123 390.373047623829
0 1.54159174913263 0.210672905633663 1.51424441402854 0.973333333333333 3647.96575342466 48.7876712328767 435.818393992832
0.00289855072463768 1.62586683074793 0.262196568635201 2.1233619383631 0.98 3761.6462585034 62.2585034013605 414.766389636986
0.00289855072463768 1.49025528875695 0.168707432850988 3.3356049082334 0.973333333333333 2612.99315068493 65.8287671232877 384.72571594603
0.00289855072463768 1.55549410949308 0.199006077653012 3.34522331488279 0.986666666666667 3568.93918918919 86.8243243243243 424.628875719135
0.00289855072463768 1.52576149254396 0.186637716806155 3.93415284578932 0.973333333333333 2685.09589041096 76.1027397260274 371.752762227762
0.00289855072463768 1.62914164470293 0.306315476602775 2.05594608025545 0.993333333333333 2967.14765100671 48.2013422818792 404.512093347202
0.00289855072463768 1.51935960593222 0.172645412048884 3.21196763365193 0.98 3342.69387755102 78.8979591836735 394.927412204642
0 1.62499200562278 0.314193915515325 2.7358030216003 0.986666666666667 2331.64189189189 47.1283783783784 387.761237534169
0 1.52867185818675 0.183199335982218 2.12935828321408 0.973333333333333 3619.27397260274 62.0616438356164 406.368432731507
