0 1.50087788231871 0.375788003344265 0.44583607658384 1.16441509675644 3540.65625 58.9895833333333 422.078659141946 246.395833333333 215.104166666667
0.0033112582781457 1.48473384243812 0.385259680218857 0.401477423498682 1.27085662296094 3028.19191919192 54.4343434343434 482.221547002716 183.454545454545 204.060606060606
0.0033112582781457 1.4590855199313 0.317748554281161 0.198733025875433 1.66521615704391 3724.10101010101 99.5656565656566 435.202294942077 238.989898989899 223.858585858586
0 1.47542933849618 0.308904784615152 0.223392045591027 1.78353521991521 3681.54166666667 102.947916666667 409.82764887506 261.916666666667 225.822916666667
0 1.34551852743747 0.181569920363575 -0.400960442734755 1.44329697089872 3476.81914893617 115.021276595745 400.446346262643 211.563829787234 224.744680851064
0.0033112582781457 1.39439217879381 0.355927382782518 -0.691654628244808 1.18888059173615 2394.71428571429 69.3877551020408 455.026788881208 119.602040816327 190.142857142857
0 1.39414581043516 0.201082297313455 0.318777104409926 1.63613773992737 3521.49473684211 94.2631578947368 405.887090786962 250.157894736842 219.063157894737
0 1.39998519221374 0.223811506211804 0.867781392116048 1.4022029683817 3190.04166666667 58.0104166666667 404.541155127419 210.1875 207.59375
0.0033112582781457 1.36910094732445 0.202851499228667 0.212158411416447 1.56269105436334 3128.25 84.9347826086957 421.655292740355 187.54347826087 210.532608695652
0 1.5195292246693 0.399945613782348 0.0701960878762014 1.46083819978828 3941.74747474747 93.8888888888889 466.717390150473 262.151515151515 231.353535353535
0.0033112582781457 1.42345022605732 0.306749608716927 0.493588304612786 1.14545194897801 3133.3125 54.8333333333333 439.34665558441 188.166666666667 204.166666666667
0 1.30478024426718 0.146884029107963 0.126399985789974 1.1184142047747 2614.82222222222 60.0222222222222 396.482324958157 135.7 198.022222222222
0.0033112582781457 1.34927043677926 0.23520354625572 -0.597300447115664 1.2145021566526 3061.12903225806 94.5268817204301 421.594407197042 157.365591397849 209.548387096774
0 1.47542933849618 0.308904784615152 0.223392045591027 1.78353521991521 3681.54166666667 102.947916666667 409.82764887506 261.916666666667 225.822916666667
0.0033112582781457 1.38657088108371 0.291692330143425 0.068048411079388 1.08985551394007 2837.97872340426 57.7021276595745 431.674277843522 149.18085106383 206.574468085106
0.0033112582781457 1.52448362452398 0.398028645700893 0.198396133933843 1.53984757309119 3525.88775510204 79.9795918367347 431.571326028691 248.969387755102 217.285714285714
0 1.39998519221374 0.223811506211804 0.867781392116048 1.4022029683817 3190.04166666667 58.0104166666667 404.541155127419 210.1875 207.59375
0 1.34551852743747 0.181569920363575 -0.400960442734755 1.44329697089872 3476.81914893617 115.021276595745 400.446346262643 211.563829787234 224.744680851064
0.0033112582781457 1.45655043607469 0.296229078670232 0.681683605681125 1.16626628966961 3650.72448979592 60.7244897959184 415.049812350842 245.622448979592 233.142857142857
0 1.43963079694839 0.367459162409608 -0.583171621085785 1.71930887442872 2907.51020408163 106.387755102041 423.275603624124 185.204081632653 200.071428571429
0 1.4437115245121 0.329415629278696 -0.0952179511884715 1.34554052844048 3756.30927835052 92.1443298969072 426.950762468421 271.247422680412 221.041237113402
0 1.32544597492088 0.216757507319562 -0.836870458908379 1.19226810093969 2815.96808510638 92.8829787234042 396.779092194551 164.031914893617 197.563829787234
0 1.51640472482901 0.365113868509799 0.394480353760506 1.28866844708804 4152.20408163265 79.3673469387755 425.340412000153 293.15306122449 241.571428571429
0 1.33389455981317 0.219470428536274 -0.511143058482241 1.26569485613409 2915.34408602151 88.8817204301075 394.419775839609 181.881720430108 209.021505376344
0.0033112582781457 1.47275418925565 0.378238999308087 -0.482778750360012 1.20774129945785 3560.79591836735 90.1530612244898 437.073270978917 232.795918367347 234.785714285714
0.0033112582781457 1.35446042045775 0.25126641772161 -0.658707901088652 1.13596185902937 2765.55319148936 82.7659574468085 436.592435939829 154.744680851064 201.36170212766
0 1.45430117899726 0.331659796682042 0.285071882235689 1.15095714274014 3233.22680412371 60.6082474226804 411.539714699045 218.690721649485 207.40206185567
0 1.43656743428534 0.341150651082852 -0.0121515922836985 1.21003928493746 2914.43157894737 64.2842105263158 414.970770946446 177.842105263158 193.421052631579
0.0033112582781457 1.41181648500982 0.261218959254097 0.420438541112214 1.49589368919089 3446.69791666667 79.3958333333333 419.506510906213 212.197916666667 216.270833333333
0.0033112582781457 1.36925430573567 0.229972490847774 -0.196680774558645 1.13536103581764 3722.64893617021 91.2340425531915 443.655791224763 212.159574468085 228.095744680851
0.0033112582781457 1.47275418925565 0.378238999308087 -0.482778750360012 1.20774129945785 3560.79591836735 90.1530612244898 437.073270978917 232.795918367347 234.785714285714
0 1.34551852743747 0.181569920363575 -0.400960442734755 1.44329697089872 3476.81914893617 115.021276595745 400.446346262643 211.563829787234 224.744680851064
0.0033112582781457 1.40532337031291 0.260403773284586 -0.12852545811693 1.41729404596955 3554.21875 97.34375 436.361706479841 223.677083333333 221.010416666667
0.0033112582781457 1.46687066305432 0.375162552437873 -0.481743446514753 1.34610170116415 3316.40206185567 92.1855670103093 419.817920653197 217.855670103093 213.463917525773
0.0033112582781457 1.45384946913183 0.364317466089735 -0.0257913164654255 1.38714697057936 2943.9587628866 72.3917525773196 430.007364702038 190.288659793814 206.60824742268
0 1.52449943928455 0.368638897821781 0.442875377062216 1.61269844270016 4118.12 91.74 432.275065384531 311.29 243.18
0.0033112582781457 1.3344682952932 0.241991902364769 -0.852253896262251 1.27705615502488 2771.03260869565 98.9239130434783 425.854919114313 154.663043478261 196.608695652174
0.0033112582781457 1.38461084369097 0.253083621646975 -0.421412209465639 1.03421054970042 3562.33333333333 86.71875 431.356443994087 226.78125 233.770833333333
0.0033112582781457 1.47275418925565 0.378238999308087 -0.482778750360012 1.20774129945785 3560.79591836735 90.1530612244898 437.073270978917 232.795918367347 234.785714285714
0.0033112582781457 1.38672740220576 0.303462451128442 -0.710011316046319 1.46886496516657 2970.28571428571 106.494505494505 418.560460217359 184.373626373626 208.384615384615
0 1.30768630521579 0.188381021075095 -0.934587586617098 1.33869642037267 3004.88172043011 116.41935483871 424.001537771732 165.666666666667 199.462365591398
0 1.30478024426718 0.146884029107963 0.126399985789974 1.1184142047747 2614.82222222222 60.0222222222222 396.482324958157 135.7 198.022222222222
0 1.40266626850585 0.262842158575086 -0.373205390465191 1.65819407611635 3236.84693877551 113.438775510204 401.781326673743 199.969387755102 214.714285714286
0 1.30478024426718 0.146884029107963 0.126399985789974 1.1184142047747 2614.82222222222 60.0222222222222 396.482324958157 135.7 198.022222222222
0.0033112582781457 1.36061739898146 0.152915160200058 0.290659698594672 1.62495893788796 3773.09782608696 107 413.37605218824 230.641304347826 244.771739130435
0.0033112582781457 1.42349525891701 0.293859889484384 -0.29947326241015 1.79258443280854 2924.14285714286 108.5 446.224525306142 166.183673469388 201.5
0.0033112582781457 1.39914569078817 0.249308149770188 -0.161600563711706 1.18393809390329 4026.8125 99.125 486.058181833335 243.333333333333 255.208333333333
0.0033112582781457 1.34501686340291 0.252573185148619 -0.397264993011119 1.1602700201611 2959.62637362637 79.4725274725275 448.478937255189 159.054945054945 205.615384615385
0 1.4707757358906 0.399217166441368 0.0243981121552533 1.29858194801611 2744.86734693878 61.4591836734694 444.048163983524 160.84693877551 191.071428571429
0 1.30478024426718 0.146884029107963 0.126399985789974 1.1184142047747 2614.82222222222 60.0222222222222 396.482324958157 135.7 198.022222222222
0.0033112582781457 1.39123714310759 0.273256978968328 -0.20733761012907 1.58715134652057 2692.81052631579 86.8631578947368 447.661805585078 144.663157894737 191.505263157895
0 1.34551852743747 0.181569920363575 -0.400960442734755 1.44329697089872 3476.81914893617 115.021276595745 400.446346262643 211.563829787234 224.744680851064
0 1.46247306353264 0.390386740162752 -0.585291613582747 1.51988387559401 2378.29473684211 79.2842105263158 435.393860495408 130.568421052632 184.505263157895
0 1.5032726880609 0.353229332567333 0.606085695734195 1.19154924816709 3895.77777777778 64.6262626262626 413.23809705641 284.565656565657 234.464646464646
0 1.40182145292734 0.311468219047235 -0.609416132491996 1.73206400623167 2607.58585858586 104.050505050505 446.360886569483 143.50505050505 183.909090909091
0 1.37371260665082 0.331426225458023 -0.793720076989872 1.0346269902243 2448.5306122449 66.7448979591837 456.588984409012 120.15306122449 185.571428571429
0.0033112582781457 1.42349525891701 0.293859889484384 -0.29947326241015 1.79258443280854 2924.14285714286 108.5 446.224525306142 166.183673469388 201.5
0 1.34901144051255 0.267209402094381 -0.885752223844104 1.33987190501816 2821.69791666667 101.385416666667 432.431960794062 142.885416666667 193.447916666667
0 1.39414581043516 0.201082297313455 0.318777104409926 1.63613773992737 3521.49473684211 94.2631578947368 405.887090786962 250.157894736842 219.063157894737
0.0033112582781457 1.42345022605732 0.306749608716927 0.493588304612786 1.14545194897801 3133.3125 54.8333333333333 439.34665558441 188.166666666667 204.166666666667
0.0033112582781457 1.45093313541605 0.318863880011606 0.155945363594437 1.70826590343053 3582.31914893617 99.6808510638298 461.271837614332 224.510638297872 223.031914893617
0.0033112582781457 1.38564716768733 0.272677714256123 -0.60588774116195 1.04467003975892 3122.86170212766 81.8191489361702 441.152268041696 178.63829787234 215.36170212766
0 1.31704810783494 0.135305165995868 -0.338754971588798 1.13432950344213 3957.11578947368 108.515789473684 403.572837766876 241.010526315789 243.821052631579
0.0033112582781457 1.36936990936521 0.227933130029027 -0.25963966493943 1.3753128903184 3056.8 89.2222222222222 411.888293073399 188.988888888889 210.233333333333
0 1.40301592648024 0.267876737469878 -0.822020806209607 1.3117476030718 3811.18085106383 128.074468085106 414.996160385434 257.553191489362 246.489361702128
0.0033112582781457 1.3731021953987 0.277945498261877 -0.218295167712839 1.35500782471126 2577.96842105263 72.4526315789474 459.001894502751 129.052631578947 193.789473684211
0 1.41916929730251 0.29081333672456 -0.690941512285608 1.28741984079971 4048.39175257732 123.907216494845 451.612869055261 268.226804123711 242.329896907216
0 1.4756412592453 0.37918408351076 -0.485365099732734 1.14601984725774 3580.9375 87.4270833333333 417.581667961859 238.708333333333 214.375
0 1.37411104682899 0.28413513740109 -0.0125251317876909 1.0812200019431 2591.13684210526 53.6842105263158 428.048695577517 154.231578947368 191.652631578947
0.0033112582781457 1.35615478102342 0.214708123871941 -0.517049118849488 1.0162859173299 3688.21276595745 92.6595744680851 430.077398037337 229.553191489362 239.787234042553
0 1.46074161843439 0.301692643131616 0.155945003813146 1.66325531318028 3992.52040816327 108.030612244898 438.533811854739 272.908163265306 238.928571428571
0.0033112582781457 1.34393294327666 0.229956934550383 -0.363067055994073 1.11852690806158 2965.57608695652 77.804347826087 422.607364107939 169.521739130435 214.336956521739
0.0033112582781457 1.40365336262143 0.290388046215875 0.120329937174854 1.14112603628876 3386.14432989691 67.7835051546392 415.102848200197 226.773195876289 214.979381443299
0.0033112582781457 1.42345022605732 0.306749608716927 0.493588304612786 1.14545194897801 3133.3125 54.8333333333333 439.34665558441 188.166666666667 204.166666666667
0 1.34811663041535 0.231330818720767 -0.725938155049867 1.28521397191514 2839.32631578947 95.2 423.03394821428 162.378947368421 189.515789473684
0.0033112582781457 1.52269728784668 0.368635391939066 0.860934743718416 1.60933036392945 3427.45918367347 61.6326530612245 435.256597411419 232.704081632653 214.785714285714
0 1.42238657577474 0.313918999634296 -0.610425963215728 1.1978954480415 3606.08080808081 102.686868686869 418.519876670715 229.333333333333 214.737373737374
0 1.30478024426718 0.146884029107963 0.126399985789974 1.1184142047747 2614.82222222222 60.0222222222222 396.482324958157 135.7 198.022222222222
0 1.45334279999699 0.344466477976274 0.735543842207169 1.15705383607974 2469.36734693878 38.4795918367347 414.396962033591 143.632653061224 195.214285714286
0.0033112582781457 1.3707543192326 0.255679714689054 -0.827004189858921 1.16891564175968 3070.85416666667 95.1875 407.242490760111 182.03125 210.072916666667
0.0033112582781457 1.39439217879381 0.355927382782518 -0.691654628244808 1.18888059173615 2394.71428571429 69.3877551020408 455.026788881208 119.602040816327 190.142857142857
0 1.5032726880609 0.353229332567333 0.606085695734195 1.19154924816709 3895.77777777778 64.6262626262626 413.23809705641 284.565656565657 234.464646464646
0.0033112582781457 1.36584832202643 0.252025985624641 -0.154650912620127 1.04107043333352 3010.55319148936 64.6063829787234 413.310011615249 180.563829787234 206.425531914894
0 1.5195292246693 0.399945613782348 0.0701960878762014 1.46083819978828 3941.74747474747 93.8888888888889 466.717390150473 262.151515151515 231.353535353535
0 1.34551852743747 0.181569920363575 -0.400960442734755 1.44329697089872 3476.81914893617 115.021276595745 400.446346262643 211.563829787234 224.744680851064
0.0033112582781457 1.41341357659151 0.306174958753364 -0.570947685863619 1.47467334317959 2970.54166666667 100.770833333333 401.120141479866 175.604166666667 211.677083333333
0.0033112582781457 1.45384946913183 0.364317466089735 -0.0257913164654255 1.38714697057936 2943.9587628866 72.3917525773196 430.007364702038 190.288659793814 206.60824742268
0 1.41585868956077 0.317048093792858 0.114203435619002 1.11719633264384 2567.05319148936 51.436170212766 437.518547523747 161.574468085106 187.585106382979
0.0033112582781457 1.39980427332408 0.273869099664115 -0.51946700892968 1.78581914078878 3238.74468085106 125.81914893617 436.633206606354 205.851063829787 217.297872340426
0 1.48319507307326 0.34536767558755 -0.199890260189114 1.10520744321135 3882.56565656566 82.8181818181818 416.971849593613 288.313131313131 226.616161616162
0 1.31704810783494 0.135305165995868 -0.338754971588798 1.13432950344213 3957.11578947368 108.515789473684 403.572837766876 241.010526315789 243.821052631579
0.0033112582781457 1.45663268812509 0.386185429269164 -0.749459926495071 1.06177355297361 3809.58510638298 96.8723404255319 429.322210375304 242.957446808511 231.074468085106
0.0033112582781457 1.35446042045775 0.25126641772161 -0.658707901088652 1.13596185902937 2765.55319148936 82.7659574468085 436.592435939829 154.744680851064 201.36170212766
0 1.44599713989957 0.333442151975777 -0.517081420077428 1.09127768784402 4151.54255319149 98.7340425531915 444.232923256514 287.712765957447 248.351063829787
0.0033112582781457 1.47275418925565 0.378238999308087 -0.482778750360012 1.20774129945785 3560.79591836735 90.1530612244898 437.073270978917 232.795918367347 234.785714285714
0 1.39098322241122 0.261158527837851 0.526095314154459 1.45300544722913 2529.68817204301 53.7096774193548 415.76199820019 152.978494623656 193.516129032258
0.0033112582781457 1.45655043607469 0.296229078670232 0.681683605681125 1.16626628966961 3650.72448979592 60.7244897959184 415.049812350842 245.622448979592 233.142857142857
0 1.39319796234784 0.268254973247728 0.284067529895375 1.58829544209256 2836.22448979592 72.2142857142857 416.896065365823 179.295918367347 194
0 1.43954135070986 0.292996642766899 0.0110040298722529 1.32953496930674 3830.73195876289 91.8969072164948 411.927304155507 260.319587628866 228.474226804124
0 1.36239051447885 0.286665612955251 -0.786377019013283 1.37512858119033 2486.05208333333 88.7083333333333 424.160327728429 136.760416666667 189.510416666667
0.0033112582781457 1.39774636983643 0.291362061167715 -0.0290098736546677 1.31482458953992 3054.92857142857 75.7244897959184 434.645992282403 181.959183673469 201.214285714286
0.0033112582781457 1.36273182633102 0.215737443883225 -0.452606901480955 1.1263119118445 3556.03157894737 98.7789473684211 416.292409180401 214.736842105263 223.705263157895
0.0033112582781457 1.39500361822339 0.20187229899146 0.548993467930202 1.60960453405053 3428.59183673469 82.9387755102041 401.945688560197 205.765306122449 221.285714285714
0 1.44599713989957 0.333442151975777 -0.517081420077428 1.09127768784402 4151.54255319149 98.7340425531915 444.232923256514 287.712765957447 248.351063829787
0.0033112582781457 1.48502043930444 0.358657569434201 -0.39117379712463 1.16453061899855 3746.32989690722 90.6288659793814 439.120581943844 255.340206185567 234.536082474227
0.0033112582781457 1.36061739898146 0.152915160200058 0.290659698594672 1.62495893788796 3773.09782608696 107 413.37605218824 230.641304347826 244.771739130435
0 1.30478024426718 0.146884029107963 0.126399985789974 1.1184142047747 2614.82222222222 60.0222222222222 396.482324958157 135.7 198.022222222222
0.0033112582781457 1.45573815372343 0.343816740387158 -0.135513171052859 1.3419028383026 3366.97959183673 84.3673469387755 420.435601547982 212.795918367347 215.571428571429
0.0033112582781457 1.38672740220576 0.303462451128442 -0.710011316046319 1.46886496516657 2970.28571428571 106.494505494505 418.560460217359 184.373626373626 208.384615384615
0.0033112582781457 1.3344682952932 0.241991902364769 -0.852253896262251 1.27705615502488 2771.03260869565 98.9239130434783 425.854919114313 154.663043478261 196.608695652174
0 1.45970445152755 0.344338532894619 -0.536381155984922 1.14122157326167 4093.99 103.22 448.874930776723 285.17 249.48
0 1.47542933849618 0.308904784615152 0.223392045591027 1.78353521991521 3681.54166666667 102.947916666667 409.82764887506 261.916666666667 225.822916666667
0 1.31704810783494 0.135305165995868 -0.338754971588798 1.13432950344213 3957.11578947368 108.515789473684 403.572837766876 241.010526315789 243.821052631579
0.0033112582781457 1.39123714310759 0.273256978968328 -0.20733761012907 1.58715134652057 2692.81052631579 86.8631578947368 447.661805585078 144.663157894737 191.505263157895
0.0033112582781457 1.40296462007759 0.327845121602411 -0.20651957382846 1.01784740480981 2788.42553191489 58.4787234042553 446.634983836372 160.053191489362 200.393617021277
0 1.41916929730251 0.29081333672456 -0.690941512285608 1.28741984079971 4048.39175257732 123.907216494845 451.612869055261 268.226804123711 242.329896907216
0.0033112582781457 1.48473384243812 0.385259680218857 0.401477423498682 1.27085662296094 3028.19191919192 54.4343434343434 482.221547002716 183.454545454545 204.060606060606
0.0033112582781457 1.42733112882733 0.260410625967028 0.520054699155119 1.56703499742459 3800.71578947368 86.5368421052632 429.9628023531 220.126315789474 226.578947368421
0.0033112582781457 1.42139694891821 0.286313976250859 -0.408464247540263 1.24205179273072 3847.07216494845 105.958762886598 425.829852430735 245.59793814433 247.237113402062
0 1.47542933849618 0.308904784615152 0.223392045591027 1.78353521991521 3681.54166666667 102.947916666667 409.82764887506 261.916666666667 225.822916666667
0.0033112582781457 1.41558603637719 0.348678116456192 -0.181084558867603 1.02415832951253 2921 59.6262626262626 417.196240949027 176.646464646465 201.444444444444
0 1.41585868956077 0.317048093792858 0.114203435619002 1.11719633264384 2567.05319148936 51.436170212766 437.518547523747 161.574468085106 187.585106382979
0.0033112582781457 1.45655043607469 0.296229078670232 0.681683605681125 1.16626628966961 3650.72448979592 60.7244897959184 415.049812350842 245.622448979592 233.142857142857
0.0033112582781457 1.2719790074744 0.146803029012931 -0.991142084792649 1.24382774730815 2626.49425287356 103.344827586207 438.678029583918 124.402298850575 196.48275862069
0 1.34551852743747 0.181569920363575 -0.400960442734755 1.44329697089872 3476.81914893617 115.021276595745 400.446346262643 211.563829787234 224.744680851064
0 1.42976833388739 0.341244345142325 0.0204117227570636 1.18922579083584 3009.11 63.53 429.159717896583 197.61 198.59
0.0033112582781457 1.52269728784668 0.368635391939066 0.860934743718416 1.60933036392945 3427.45918367347 61.6326530612245 435.256597411419 232.704081632653 214.785714285714
0 1.41916929730251 0.29081333672456 -0.690941512285608 1.28741984079971 4048.39175257732 123.907216494845 451.612869055261 268.226804123711 242.329896907216
0 1.42238657577474 0.313918999634296 -0.610425963215728 1.1978954480415 3606.08080808081 102.686868686869 418.519876670715 229.333333333333 214.737373737374
0.0033112582781457 1.38854412786865 0.262743175074349 -0.646704100589155 1.5494895031866 3444.625 130.041666666667 428.970285832157 210.177083333333 238.729166666667
0.0033112582781457 1.38672740220576 0.303462451128442 -0.710011316046319 1.46886496516657 2970.28571428571 106.494505494505 418.560460217359 184.373626373626 208.384615384615
0.0033112582781457 1.44044863500927 0.342121826707793 -0.507507536461314 1.1353081122908 3575.9381443299 90.4020618556701 452.58333948566 228.082474226804 223.350515463918
0.0033112582781457 1.45573815372343 0.343816740387158 -0.135513171052859 1.3419028383026 3366.97959183673 84.3673469387755 420.435601547982 212.795918367347 215.571428571429
0.0033112582781457 1.39391559001031 0.30171237770409 -0.80365663725225 1.45876446462379 2848.88659793814 106.371134020619 428.943527585639 163.680412371134 209.20618556701
0 1.41916929730251 0.29081333672456 -0.690941512285608 1.28741984079971 4048.39175257732 123.907216494845 451.612869055261 268.226804123711 242.329896907216
0.0033112582781457 1.42349525891701 0.293859889484384 -0.29947326241015 1.79258443280854 2924.14285714286 108.5 446.224525306142 166.183673469388 201.5
0 1.53046219909896 0.380328711666674 0.347368849350655 1.74880003291314 3923.8 95.29 437.647463260247 293.1 227.71
0 1.48319507307326 0.34536767558755 -0.199890260189114 1.10520744321135 3882.56565656566 82.8181818181818 416.971849593613 288.313131313131 226.616161616162
0.0033112582781457 1.39123714310759 0.273256978968328 -0.20733761012907 1.58715134652057 2692.81052631579 86.8631578947368 447.661805585078 144.663157894737 191.505263157895
0.0033112582781457 1.45084723950436 0.395818917481285 -0.387242793331785 1.20411866425825 2710.9587628866 66.4639175257732 441.363969517287 157.103092783505 212.525773195876
0 1.35141985491419 0.14888544413378 0.426355669453101 1.59724818781226 3229.58695652174 83.445652173913 386.440352504859 189.858695652174 209.391304347826
0.0033112582781457 1.42345022605732 0.306749608716927 0.493588304612786 1.14545194897801 3133.3125 54.8333333333333 439.34665558441 188.166666666667 204.166666666667
0.0033112582781457 1.44322191595566 0.384574154182337 -0.766382917296141 1.6552704276517 2651.32653061224 100.255102040816 440.353136686517 160.112244897959 198.5
0 1.44599713989957 0.333442151975777 -0.517081420077428 1.09127768784402 4151.54255319149 98.7340425531915 444.232923256514 287.712765957447 248.351063829787
0.0033112582781457 1.42732463915232 0.308219064043503 -0.497916996844559 1.30005859955638 3752.24210526316 112.063157894737 450.589863940615 222.463157894737 244.926315789474
0.0033112582781457 1.33267027206181 0.197863345844739 -0.424095165188559 1.19599241309758 3424.89583333333 94.4895833333333 433.653804265368 208.979166666667 219.1875
0.0033112582781457 1.45711184754388 0.361702409353703 -0.454803567468543 1.01465075712868 3656.54 81.53 431.942182933226 243.55 234.85
0 1.35141985491419 0.14888544413378 0.426355669453101 1.59724818781226 3229.58695652174 83.445652173913 386.440352504859 189.858695652174 209.391304347826
0 1.29591238410159 0.218558567380324 -0.688235862765732 1.16803601876166 2484.89473684211 77.3263157894737 407.114614741068 121.8 189.147368421053
0.0033112582781457 1.35446042045775 0.25126641772161 -0.658707901088652 1.13596185902937 2765.55319148936 82.7659574468085 436.592435939829 154.744680851064 201.36170212766
0.0033112582781457 1.33834109743415 0.146594415602273 0.198832110586078 1.2469531024619 3318.42105263158 78.1894736842105 396.298038229171 199.221052631579 223.263157894737
0 1.44013893155761 0.269691716848706 0.708559134586838 1.6135986338639 2814.26530612245 58.0408163265306 407.445796167898 184.132653061224 200.857142857143
0.0033112582781457 1.44322191595566 0.384574154182337 -0.766382917296141 1.6552704276517 2651.32653061224 100.255102040816 440.353136686517 160.112244897959 198.5
0 1.37500395175477 0.213880079292793 0.0828614110640961 1.64265652747505 2827.79787234043 84.1489361702128 396.771266841635 177.68085106383 202.329787234043
0 1.4266680663917 0.340752635441801 -0.80099233188017 1.78962766725462 2683.70103092783 114.030927835052 417.924436826625 158.20618556701 192.824742268041
0 1.32818660514201 0.158197013987396 0.0530543048161932 1.04781744126668 3313.06593406593 71.1648351648352 397.784544010305 209.054945054945 212.692307692308
0.0033112582781457 1.39391559001031 0.30171237770409 -0.80365663725225 1.45876446462379 2848.88659793814 106.371134020619 428.943527585639 163.680412371134 209.20618556701
0 1.39319796234784 0.268254973247728 0.284067529895375 1.58829544209256 2836.22448979592 72.2142857142857 416.896065365823 179.295918367347 194
0.0033112582781457 1.33834109743415 0.146594415602273 0.198832110586078 1.2469531024619 3318.42105263158 78.1894736842105 396.298038229171 199.221052631579 223.263157894737
0 1.5195292246693 0.399945613782348 0.0701960878762014 1.46083819978828 3941.74747474747 93.8888888888889 466.717390150473 262.151515151515 231.353535353535
0.0033112582781457 1.33267027206181 0.197863345844739 -0.424095165188559 1.19599241309758 3424.89583333333 94.4895833333333 433.653804265368 208.979166666667 219.1875
0 1.34551852743747 0.181569920363575 -0.400960442734755 1.44329697089872 3476.81914893617 115.021276595745 400.446346262643 211.563829787234 224.744680851064
0.0033112582781457 1.39345561807559 0.272427399054661 -0.147931413028387 1.11024452850687 3083.03092783505 71.4639175257732 430.866022331077 183.113402061856 213.896907216495
0 1.37223936568684 0.32207755645112 -0.778174264123933 1.79468274296737 2014.53125 86.9583333333333 425.058574658215 107.177083333333 182.4375
0 1.31704810783494 0.135305165995868 -0.338754971588798 1.13432950344213 3957.11578947368 108.515789473684 403.572837766876 241.010526315789 243.821052631579
0 1.35141985491419 0.14888544413378 0.426355669453101 1.59724818781226 3229.58695652174 83.445652173913 386.440352504859 189.858695652174 209.391304347826
0.0033112582781457 1.39807338033593 0.27652564165054 0.323748924376039 1.38875711753546 2808.48421052632 63.8526315789474 451.779730889143 166.715789473684 206.831578947368
0 1.40566327667567 0.263030175688445 -0.200895408761142 1.77168823184357 2823.17346938776 101.785714285714 413.819942345692 168.969387755102 199.357142857143
0 1.45205283818923 0.39669103267125 -0.696229166395725 1.02674252848513 2823.22222222222 66.3939393939394 422.520717810397 172.848484848485 195.575757575758
0.0033112582781457 1.42271000395102 0.262791733484072 0.39867099055861 1.40184353011198 3742.85567010309 82.2371134020619 419.139725150416 239.917525773196 228.690721649485
0.0033112582781457 1.40532337031291 0.260403773284586 -0.12852545811693 1.41729404596955 3554.21875 97.34375 436.361706479841 223.677083333333 221.010416666667
0 1.34551852743747 0.181569920363575 -0.400960442734755 1.44329697089872 3476.81914893617 115.021276595745 400.446346262643 211.563829787234 224.744680851064
0.0033112582781457 1.36925430573567 0.229972490847774 -0.196680774558645 1.13536103581764 3722.64893617021 91.2340425531915 443.655791224763 212.159574468085 228.095744680851
0.0033112582781457 1.40532337031291 0.260403773284586 -0.12852545811693 1.41729404596955 3554.21875 97.34375 436.361706479841 223.677083333333 221.010416666667
0 1.48379390465619 0.332151410695276 0.811820829241457 1.04329246423309 3652.36363636364 53 426.559263979196 259.060606060606 217.141414141414
0.0033112582781457 1.44322191595566 0.384574154182337 -0.766382917296141 1.6552704276517 2651.32653061224 100.255102040816 440.353136686517 160.112244897959 198.5
0.0033112582781457 1.4408237364317 0.326282664045087 -0.318456795185624 1.40711660824708 3454.21428571429 98.9183673469388 466.504219201562 213.010204081633 231.214285714286
0 1.53752138528883 0.387779435225461 0.372651107413298 1.43379837755146 4126.0824742268 83.8556701030928 448.686821130616 326.680412371134 252.072164948454
0.0033112582781457 1.38564716768733 0.272677714256123 -0.60588774116195 1.04467003975892 3122.86170212766 81.8191489361702 441.152268041696 178.63829787234 215.36170212766
0.0033112582781457 1.38564716768733 0.272677714256123 -0.60588774116195 1.04467003975892 3122.86170212766 81.8191489361702 441.152268041696 178.63829787234 215.36170212766
0 1.48319507307326 0.34536767558755 -0.199890260189114 1.10520744321135 3882.56565656566 82.8181818181818 416.971849593613 288.313131313131 226.616161616162
0.0033112582781457 1.39439217879381 0.355927382782518 -0.691654628244808 1.18888059173615 2394.71428571429 69.3877551020408 455.026788881208 119.602040816327 190.142857142857
0.0033112582781457 1.39439217879381 0.355927382782518 -0.691654628244808 1.18888059173615 2394.71428571429 69.3877551020408 455.026788881208 119.602040816327 190.142857142857
0.0033112582781457 1.39123714310759 0.273256978968328 -0.20733761012907 1.58715134652057 2692.81052631579 86.8631578947368 447.661805585078 144.663157894737 191.505263157895
0 1.43656743428534 0.341150651082852 -0.0121515922836985 1.21003928493746 2914.43157894737 64.2842105263158 414.970770946446 177.842105263158 193.421052631579
0 1.30478024426718 0.146884029107963 0.126399985789974 1.1184142047747 2614.82222222222 60.0222222222222 396.482324958157 135.7 198.022222222222
0.0033112582781457 1.39914569078817 0.249308149770188 -0.161600563711706 1.18393809390329 4026.8125 99.125 486.058181833335 243.333333333333 255.208333333333
0.0033112582781457 1.42345022605732 0.306749608716927 0.493588304612786 1.14545194897801 3133.3125 54.8333333333333 439.34665558441 188.166666666667 204.166666666667
0 1.46074161843439 0.301692643131616 0.155945003813146 1.66325531318028 3992.52040816327 108.030612244898 438.533811854739 272.908163265306 238.928571428571
0.0033112582781457 1.37069785688577 0.265017744175559 -0.555483065779348 1.33386618885909 3115.64130434783 97.5652173913043 419.876812726648 188.04347826087 206.95652173913
0 1.39098322241122 0.261158527837851 0.526095314154459 1.45300544722913 2529.68817204301 53.7096774193548 415.76199820019 152.978494623656 193.516129032258
0 1.41585868956077 0.317048093792858 0.114203435619002 1.11719633264384 2567.05319148936 51.436170212766 437.518547523747 161.574468085106 187.585106382979
0.0033112582781457 1.39123714310759 0.273256978968328 -0.20733761012907 1.58715134652057 2692.81052631579 86.8631578947368 447.661805585078 144.663157894737 191.505263157895
0 1.51640472482901 0.365113868509799 0.394480353760506 1.28866844708804 4152.20408163265 79.3673469387755 425.340412000153 293.15306122449 241.571428571429
0.0033112582781457 1.45384946913183 0.364317466089735 -0.0257913164654255 1.38714697057936 2943.9587628866 72.3917525773196 430.007364702038 190.288659793814 206.60824742268
0.0033112582781457 1.3344682952932 0.241991902364769 -0.852253896262251 1.27705615502488 2771.03260869565 98.9239130434783 425.854919114313 154.663043478261 196.608695652174
0 1.43725252997705 0.246177637837095 0.316991721590272 1.47429134379737 3841.17204301075 91.5268817204301 401.97465166995 268.58064516129 237.247311827957
0.0033112582781457 1.34501686340291 0.252573185148619 -0.397264993011119 1.1602700201611 2959.62637362637 79.4725274725275 448.478937255189 159.054945054945 205.615384615385
0.0033112582781457 1.43804860478441 0.34446564565703 -0.212651329109615 1.55977384807607 2669.56565656566 78.8080808080808 438.434242406404 151.666666666667 189.989898989899
0 1.39998519221374 0.223811506211804 0.867781392116048 1.4022029683817 3190.04166666667 58.0104166666667 404.541155127419 210.1875 207.59375
0.0033112582781457 1.36925430573567 0.229972490847774 -0.196680774558645 1.13536103581764 3722.64893617021 91.2340425531915 443.655791224763 212.159574468085 228.095744680851
0.0033112582781457 1.39807338033593 0.27652564165054 0.323748924376039 1.38875711753546 2808.48421052632 63.8526315789474 451.779730889143 166.715789473684 206.831578947368
0.0033112582781457 1.39123714310759 0.273256978968328 -0.20733761012907 1.58715134652057 2692.81052631579 86.8631578947368 447.661805585078 144.663157894737 191.505263157895
0.0033112582781457 1.37175235854693 0.269561461888031 -0.682070776847902 1.20527005085963 2921.96907216495 88.5360824742268 429.061458481622 160.701030927835 195.20618556701
0.0033112582781457 1.47275418925565 0.378238999308087 -0.482778750360012 1.20774129945785 3560.79591836735 90.1530612244898 437.073270978917 232.795918367347 234.785714285714
0 1.4220944028237 0.266832993839149 0.509171657480467 1.46015792973949 3226.96808510638 67.3617021276596 415.197388302132 215.404255319149 197.563829787234
0 1.37411104682899 0.28413513740109 -0.0125251317876909 1.0812200019431 2591.13684210526 53.6842105263158 428.048695577517 154.231578947368 191.652631578947
0.0033112582781457 1.48473384243812 0.385259680218857 0.401477423498682 1.27085662296094 3028.19191919192 54.4343434343434 482.221547002716 183.454545454545 204.060606060606
0.0033112582781457 1.39391559001031 0.30171237770409 -0.80365663725225 1.45876446462379 2848.88659793814 106.371134020619 428.943527585639 163.680412371134 209.20618556701
0.0033112582781457 1.38672740220576 0.303462451128442 -0.710011316046319 1.46886496516657 2970.28571428571 106.494505494505 418.560460217359 184.373626373626 208.384615384615
0.0033112582781457 1.34501686340291 0.252573185148619 -0.397264993011119 1.1602700201611 2959.62637362637 79.4725274725275 448.478937255189 159.054945054945 205.615384615385
0 1.45890021312787 0.325094186291368 0.0156946067385263 1.05367518122792 3829.5625 73.875 426.969121930052 267.541666666667 228.8125
0 1.33268702855909 0.240979852936525 -0.837660139069021 1.20321011814725 2512.01086956522 82.304347826087 415.166827671345 135.684782608696 183.217391304348
0.0033112582781457 1.44322191595566 0.384574154182337 -0.766382917296141 1.6552704276517 2651.32653061224 100.255102040816 440.353136686517 160.112244897959 198.5
0.0033112582781457 1.44322191595566 0.384574154182337 -0.766382917296141 1.6552704276517 2651.32653061224 100.255102040816 440.353136686517 160.112244897959 198.5
0.0033112582781457 1.40532337031291 0.260403773284586 -0.12852545811693 1.41729404596955 3554.21875 97.34375 436.361706479841 223.677083333333 221.010416666667
0 1.41100283563014 0.311891493088946 -0.252556769428727 1.21833497466791 3099.54545454545 76.5353535353535 412.397819319469 204.393939393939 204.909090909091
0.0033112582781457 1.49054449546979 0.388499813520695 -0.396978680061131 1.6064337535044 3801.8 116.7 454.892358781971 255.65 240.03
0.0033112582781457 1.42353489266615 0.371043795500196 -0.773475256291042 1.33694891917082 2885.61290322581 91.2258064516129 443.612182248982 167.752688172043 209.47311827957
0 1.34811663041535 0.231330818720767 -0.725938155049867 1.28521397191514 2839.32631578947 95.2 423.03394821428 162.378947368421 189.515789473684
0 1.37223936568684 0.32207755645112 -0.778174264123933 1.79468274296737 2014.53125 86.9583333333333 425.058574658215 107.177083333333 182.4375
0.0033112582781457 1.44319304607711 0.335874349887748 -0.208524983186392 1.10366483664766 3463.66666666667 79.1313131313131 440.333532527768 217.535353535354 217.353535353535
0.0033112582781457 1.3707543192326 0.255679714689054 -0.827004189858921 1.16891564175968 3070.85416666667 95.1875 407.242490760111 182.03125 210.072916666667
0 1.30478024426718 0.146884029107963 0.126399985789974 1.1184142047747 2614.82222222222 60.0222222222222 396.482324958157 135.7 198.022222222222
0 1.5032726880609 0.353229332567333 0.606085695734195 1.19154924816709 3895.77777777778 64.6262626262626 413.23809705641 284.565656565657 234.464646464646
0.0033112582781457 1.48473384243812 0.385259680218857 0.401477423498682 1.27085662296094 3028.19191919192 54.4343434343434 482.221547002716 183.454545454545 204.060606060606
0 1.33161902296515 0.215086510780233 -0.939268989967207 1.10449099716181 3120.03260869565 101.402173913043 397.977265511256 169.130434782609 202.695652173913
0 1.422950030763 0.250541398031248 0.431478751792107 1.76552164354804 3718.21 98.19 398.639891750994 253.94 230.51
0 1.43725252997705 0.246177637837095 0.316991721590272 1.47429134379737 3841.17204301075 91.5268817204301 401.97465166995 268.58064516129 237.247311827957
0.0033112582781457 1.33267027206181 0.197863345844739 -0.424095165188559 1.19599241309758 3424.89583333333 94.4895833333333 433.653804265368 208.979166666667 219.1875
0.0033112582781457 1.44322191595566 0.384574154182337 -0.766382917296141 1.6552704276517 2651.32653061224 100.255102040816 440.353136686517 160.112244897959 198.5
0 1.35141985491419 0.14888544413378 0.426355669453101 1.59724818781226 3229.58695652174 83.445652173913 386.440352504859 189.858695652174 209.391304347826
0 1.39319796234784 0.268254973247728 0.284067529895375 1.58829544209256 2836.22448979592 72.2142857142857 416.896065365823 179.295918367347 194
0 1.38970355508702 0.212072475266594 0.114692206210959 1.43681950665634 3601.33684210526 94.7473684210526 400.043864590378 231.821052631579 222.084210526316
0 1.40559732427949 0.251469752951558 -0.0354991761675417 1.48952414648636 3314.47916666667 93.7916666666667 416.035234864478 205.145833333333 206.864583333333
0.0033112582781457 1.39391559001031 0.30171237770409 -0.80365663725225 1.45876446462379 2848.88659793814 106.371134020619 428.943527585639 163.680412371134 209.20618556701
0 1.43954135070986 0.292996642766899 0.0110040298722529 1.32953496930674 3830.73195876289 91.8969072164948 411.927304155507 260.319587628866 228.474226804124
0 1.4437115245121 0.329415629278696 -0.0952179511884715 1.34554052844048 3756.30927835052 92.1443298969072 426.950762468421 271.247422680412 221.041237113402
0 1.32544597492088 0.216757507319562 -0.836870458908379 1.19226810093969 2815.96808510638 92.8829787234042 396.779092194551 164.031914893617 197.563829787234
0 1.42238657577474 0.313918999634296 -0.610425963215728 1.1978954480415 3606.08080808081 102.686868686869 418.519876670715 229.333333333333 214.737373737374
0 1.47542933849618 0.308904784615152 0.223392045591027 1.78353521991521 3681.54166666667 102.947916666667 409.82764887506 261.916666666667 225.822916666667
0.0033112582781457 1.42893327828497 0.366751999361441 -0.358428282663226 1.2076756099239 2730.04210526316 66.1473684210526 412.143705933591 173.757894736842 201.084210526316
0 1.43963079694839 0.367459162409608 -0.583171621085785 1.71930887442872 2907.51020408163 106.387755102041 423.275603624124 185.204081632653 200.071428571429
0.0033112582781457 1.3609691735046 0.189015467475031 0.241582388633189 1.61775692253986 3231.49473684211 90.4315789473684 429.961336358267 191.736842105263 207.2
0 1.39998519221374 0.223811506211804 0.867781392116048 1.4022029683817 3190.04166666667 58.0104166666667 404.541155127419 210.1875 207.59375
0 1.45890021312787 0.325094186291368 0.0156946067385263 1.05367518122792 3829.5625 73.875 426.969121930052 267.541666666667 228.8125
0 1.40182145292734 0.311468219047235 -0.609416132491996 1.73206400623167 2607.58585858586 104.050505050505 446.360886569483 143.50505050505 183.909090909091
0 1.30478024426718 0.146884029107963 0.126399985789974 1.1184142047747 2614.82222222222 60.0222222222222 396.482324958157 135.7 198.022222222222
0 1.41956750668742 0.316430204760616 0.465380250958688 1.32370034303624 2857.32989690722 56.298969072165 429.535825766563 166.649484536082 185.969072164948
0.0033112582781457 1.45802866209376 0.30146897473725 0.207584658330731 1.58497023537847 3770.32323232323 96.5151515151515 430.953092188939 258.010101010101 233.333333333333
0.0033112582781457 1.39123714310759 0.273256978968328 -0.20733761012907 1.58715134652057 2692.81052631579 86.8631578947368 447.661805585078 144.663157894737 191.505263157895
0.0033112582781457 1.44740357153196 0.332272576740762 -0.130318001197492 1.57916613647123 3863.10416666667 112.90625 483.965765543186 230.677083333333 242.739583333333
0.0033112582781457 1.42733112882733 0.260410625967028 0.520054699155119 1.56703499742459 3800.71578947368 86.5368421052632 429.9628023531 220.126315789474 226.578947368421
0 1.48379390465619 0.332151410695276 0.811820829241457 1.04329246423309 3652.36363636364 53 426.559263979196 259.060606060606 217.141414141414
0.0033112582781457 1.45116976285768 0.366488555276517 -0.924814510077701 1.37837052688757 3286.40816326531 112.663265306122 456.014320500915 203.173469387755 221.428571428571
0.0033112582781457 1.51233633243011 0.368021091151654 0.859329033205827 1.69266145596559 3475.0303030303 66.3333333333333 467.295257724337 230.444444444444 228.59595959596
0.0033112582781457 1.39123714310759 0.273256978968328 -0.20733761012907 1.58715134652057 2692.81052631579 86.8631578947368 447.661805585078 144.663157894737 191.505263157895
0 1.46561951356238 0.377235145984423 -0.838409779271137 1.52181002520357 3753.07070707071 129.454545454545 442.404501094871 259.939393939394 238.777777777778
0 1.40182145292734 0.311468219047235 -0.609416132491996 1.73206400623167 2607.58585858586 104.050505050505 446.360886569483 143.50505050505 183.909090909091
0.0033112582781457 1.42345022605732 0.306749608716927 0.493588304612786 1.14545194897801 3133.3125 54.8333333333333 439.34665558441 188.166666666667 204.166666666667
0 1.42355103139429 0.304475455252154 0.399695232855856 1.7651240072881 2569.42857142857 65.7448979591837 422.902927558579 156.357142857143 189.785714285714
0 1.30478024426718 0.146884029107963 0.126399985789974 1.1184142047747 2614.82222222222 60.0222222222222 396.482324958157 135.7 198.022222222222
0.0033112582781457 1.36352489697224 0.201069266665066 -0.226076978205239 1.37633795586845 3648.26595744681 107.212765957447 415.718071716804 205.914893617021 235.691489361702
0 1.46301357578271 0.343175308919362 -0.236631852658437 1.57124839408488 3670.71875 108.760416666667 441.588081664995 250.125 219.916666666667
0 1.30478024426718 0.146884029107963 0.126399985789974 1.1184142047747 2614.82222222222 60.0222222222222 396.482324958157 135.7 198.022222222222
0.0033112582781457 1.39123714310759 0.273256978968328 -0.20733761012907 1.58715134652057 2692.81052631579 86.8631578947368 447.661805585078 144.663157894737 191.505263157895
0 1.33530327010753 0.2512074019373 -0.513381459027382 1.02770705412029 2506.23655913978 63.010752688172 419.497102588089 137.89247311828 193.516129032258
0 1.3903538898594 0.208080300039983 -0.0672942554244118 1.71324387930103 3855.42708333333 128.229166666667 425.916190428263 232.260416666667 228.666666666667
0.0033112582781457 1.49054449546979 0.388499813520695 -0.396978680061131 1.6064337535044 3801.8 116.7 454.892358781971 255.65 240.03
0.0033112582781457 1.39123714310759 0.273256978968328 -0.20733761012907 1.58715134652057 2692.81052631579 86.8631578947368 447.661805585078 144.663157894737 191.505263157895
0.0033112582781457 1.52086715650344 0.385386718066984 0.742751780142463 1.5286110409987 3855.46464646465 69.6262626262626 435.343383926757 272.363636363636 239.131313131313
0.0033112582781457 1.33131529812477 0.200874326569295 -0.480704011590972 1.15779104227405 3065.6847826087 84.4891304347826 417.023311734992 173.891304347826 218.75
0.0033112582781457 1.48473384243812 0.385259680218857 0.401477423498682 1.27085662296094 3028.19191919192 54.4343434343434 482.221547002716 183.454545454545 204.060606060606
0 1.51640472482901 0.365113868509799 0.394480353760506 1.28866844708804 4152.20408163265 79.3673469387755 425.340412000153 293.15306122449 241.571428571429
0.0033112582781457 1.42697752723408 0.288206966173686 0.33753961551341 1.54416265570096 3033.9793814433 73.3092783505155 422.79714396522 188.082474226804 203.938144329897
0 1.33923239102632 0.215860773837201 -0.900785044037437 1.15739042544383 3444.41758241758 108.681318681319 384.139793275672 219.153846153846 230.923076923077
0 1.39000086499517 0.246995373675157 -0.233270209932177 1.27633880896421 3173.39361702128 85.6170212765958 391.909211587553 213.755319148936 210.446808510638
0.0033112582781457 1.45655043607469 0.296229078670232 0.681683605681125 1.16626628966961 3650.72448979592 60.7244897959184 415.049812350842 245.622448979592 233.142857142857
0.0033112582781457 1.33267027206181 0.197863345844739 -0.424095165188559 1.19599241309758 3424.89583333333 94.4895833333333 433.653804265368 208.979166666667 219.1875
0.0033112582781457 1.39774636983643 0.291362061167715 -0.0290098736546677 1.31482458953992 3054.92857142857 75.7244897959184 434.645992282403 181.959183673469 201.214285714286
0 1.39528712727003 0.240227000643815 -0.686256834814156 1.50055587981446 3680.98969072165 133.711340206186 425.4380002187 250.072164948454 238
0.0033112582781457 1.39123714310759 0.273256978968328 -0.20733761012907 1.58715134652057 2692.81052631579 86.8631578947368 447.661805585078 144.663157894737 191.505263157895
0.0033112582781457 1.34662669081469 0.204726779393704 -0.399787425081555 1.13789267703858 3134.30208333333 84.1458333333333 415.316953178471 192.520833333333 204.239583333333
0.0033112582781457 1.3344682952932 0.241991902364769 -0.852253896262251 1.27705615502488 2771.03260869565 98.9239130434783 425.854919114313 154.663043478261 196.608695652174
0.0033112582781457 1.44044863500927 0.342121826707793 -0.507507536461314 1.1353081122908 3575.9381443299 90.4020618556701 452.58333948566 228.082474226804 223.350515463918
0.0033112582781457 1.45734512066544 0.31353923832103 0.422389379723516 1.77319285416827 3334.13541666667 82.3854166666667 414.171073056547 233.083333333333 214.15625
0 1.4848379953688 0.340291071601796 0.15793185629443 1.21289261987479 3813.5306122449 76.3367346938775 412.62331835799 283.051020408163 230.5
0.0033112582781457 1.4705152829835 0.344863774760421 0.402122678376631 1.11146325714825 3390.76041666667 57.78125 439.08188441278 223.989583333333 209.416666666667
0.0033112582781457 1.38790581481386 0.247881024305602 0.0816861894692209 1.13623767799141 3537.38144329897 73.9484536082474 423.162059779702 222.082474226804 232.154639175258
0 1.40182145292734 0.311468219047235 -0.609416132491996 1.73206400623167 2607.58585858586 104.050505050505 446.360886569483 143.50505050505 183.909090909091
0 1.38735261670424 0.283847970877136 -0.597669235829214 1.25917116078762 2775.61224489796 84.6020408163265 413.498279380666 162.520408163265 187.357142857143
0 1.4756412592453 0.37918408351076 -0.485365099732734 1.14601984725774 3580.9375 87.4270833333333 417.581667961859 238.708333333333 214.375
0.0033112582781457 1.34927043677926 0.23520354625572 -0.597300447115664 1.2145021566526 3061.12903225806 94.5268817204301 421.594407197042 157.365591397849 209.548387096774
0.0033112582781457 1.42554465830053 0.346003006457121 -0.336124629764716 1.06025198401976 3037.73737373737 70.2323232323232 472.357880118472 164.89898989899 208.868686868687
0 1.41585868956077 0.317048093792858 0.114203435619002 1.11719633264384 2567.05319148936 51.436170212766 437.518547523747 161.574468085106 187.585106382979
0 1.45430117899726 0.331659796682042 0.285071882235689 1.15095714274014 3233.22680412371 60.6082474226804 411.539714699045 218.690721649485 207.40206185567
0 1.32544597492088 0.216757507319562 -0.836870458908379 1.19226810093969 2815.96808510638 92.8829787234042 396.779092194551 164.031914893617 197.563829787234
0 1.47343692130695 0.313025819114027 0.407271030035334 1.14908280624335 4317.24489795918 77.6530612244898 449.234056140648 306.969387755102 254.5
0 1.34811663041535 0.231330818720767 -0.725938155049867 1.28521397191514 2839.32631578947 95.2 423.03394821428 162.378947368421 189.515789473684
0 1.34551852743747 0.181569920363575 -0.400960442734755 1.44329697089872 3476.81914893617 115.021276595745 400.446346262643 211.563829787234 224.744680851064
0 1.4707757358906 0.399217166441368 0.0243981121552533 1.29858194801611 2744.86734693878 61.4591836734694 444.048163983524 160.84693877551 191.071428571429
0.0033112582781457 1.33834109743415 0.146594415602273 0.198832110586078 1.2469531024619 3318.42105263158 78.1894736842105 396.298038229171 199.221052631579 223.263157894737
0 1.47792228294864 0.342966254684103 0.514891033884166 1.35790691122171 3435.59595959596 65.4646464646465 422.422532001563 227.626262626263 211.272727272727
0.0033112582781457 1.52269728784668 0.368635391939066 0.860934743718416 1.60933036392945 3427.45918367347 61.6326530612245 435.256597411419 232.704081632653 214.785714285714
0.0033112582781457 1.44809066630592 0.339801043450733 -0.677458837837906 1.12552292880293 3602.19587628866 96.4020618556701 441.536473170326 230.546391752577 227.680412371134
0 1.39414581043516 0.201082297313455 0.318777104409926 1.63613773992737 3521.49473684211 94.2631578947368 405.887090786962 250.157894736842 219.063157894737
0 1.45436499315228 0.378670904759532 -0.912227431601913 1.65701909050158 2889.68686868687 116.383838383838 452.632497696079 177.070707070707 201.161616161616
0.0033112582781457 1.42732463915232 0.308219064043503 -0.497916996844559 1.30005859955638 3752.24210526316 112.063157894737 450.589863940615 222.463157894737 244.926315789474
0.0033112582781457 1.33267027206181 0.197863345844739 -0.424095165188559 1.19599241309758 3424.89583333333 94.4895833333333 433.653804265368 208.979166666667 219.1875
0 1.45306248107231 0.396866734213371 -0.774461339423888 1.18289315341354 2872.86 76.23 410.868274923272 196.63 198.03
0 1.44675959310672 0.317136721581363 -0.209961898585593 1.77259222189295 3588.0101010101 120.959595959596 420.486792528751 229.757575757576 218.272727272727
0 1.46074161843439 0.301692643131616 0.155945003813146 1.66325531318028 3992.52040816327 108.030612244898 438.533811854739 272.908163265306 238.928571428571
0 1.4707757358906 0.399217166441368 0.0243981121552533 1.29858194801611 2744.86734693878 61.4591836734694 444.048163983524 160.84693877551 191.071428571429
0 1.31704810783494 0.135305165995868 -0.338754971588798 1.13432950344213 3957.11578947368 108.515789473684 403.572837766876 241.010526315789 243.821052631579
0 1.45430117899726 0.331659796682042 0.285071882235689 1.15095714274014 3233.22680412371 60.6082474226804 411.539714699045 218.690721649485 207.40206185567
0.0033112582781457 1.39500361822339 0.20187229899146 0.548993467930202 1.60960453405053 3428.59183673469 82.9387755102041 401.945688560197 205.765306122449 221.285714285714
0 1.32544597492088 0.216757507319562 -0.836870458908379 1.19226810093969 2815.96808510638 92.8829787234042 396.779092194551 164.031914893617 197.563829787234
0 1.43304665569147 0.270358967474047 0.353023834418692 1.23275915731568 3480.13541666667 66.9375 406.219844417815 221.645833333333 211.458333333333
0.0033112582781457 1.36925430573567 0.229972490847774 -0.196680774558645 1.13536103581764 3722.64893617021 91.2340425531915 443.655791224763 212.159574468085 228.095744680851
0 1.40341301633612 0.303684439029896 0.0867606740372632 1.13614136393133 2560.09375 53.7291666666667 437.836415111945 127.84375 183.75
0 1.32544597492088 0.216757507319562 -0.836870458908379 1.19226810093969 2815.96808510638 92.8829787234042 396.779092194551 164.031914893617 197.563829787234
0 1.43616230620968 0.319594866271661 -0.601185298692779 1.45567234896653 3658.87878787879 119.727272727273 427.967215497766 247.939393939394 234.323232323232
0.0033112582781457 1.45306724094104 0.309579207110174 0.573380111678821 1.58011123310351 3585.20202020202 78.040404040404 427.267843431573 232.262626262626 219.89898989899
0 1.43656743428534 0.341150651082852 -0.0121515922836985 1.21003928493746 2914.43157894737 64.2842105263158 414.970770946446 177.842105263158 193.421052631579
0.0033112582781457 1.46687066305432 0.375162552437873 -0.481743446514753 1.34610170116415 3316.40206185567 92.1855670103093 419.817920653197 217.855670103093 213.463917525773
0.0033112582781457 1.39914569078817 0.249308149770188 -0.161600563711706 1.18393809390329 4026.8125 99.125 486.058181833335 243.333333333333 255.208333333333
0 1.48379390465619 0.332151410695276 0.811820829241457 1.04329246423309 3652.36363636364 53 426.559263979196 259.060606060606 217.141414141414
0.0033112582781457 1.39123714310759 0.273256978968328 -0.20733761012907 1.58715134652057 2692.81052631579 86.8631578947368 447.661805585078 144.663157894737 191.505263157895
0.0033112582781457 1.42345022605732 0.306749608716927 0.493588304612786 1.14545194897801 3133.3125 54.8333333333333 439.34665558441 188.166666666667 204.166666666667
0.0033112582781457 1.42349525891701 0.293859889484384 -0.29947326241015 1.79258443280854 2924.14285714286 108.5 446.224525306142 166.183673469388 201.5
0.0033112582781457 1.41934843867373 0.260321308636157 0.281277703001823 1.71588827158628 4030.24489795918 108.479591836735 444.950809027028 264.551020408163 251.642857142857
0.0033112582781457 1.39914569078817 0.249308149770188 -0.161600563711706 1.18393809390329 4026.8125 99.125 486.058181833335 243.333333333333 255.208333333333
0.0033112582781457 1.50478311347488 0.380189307032432 0.609948188036759 1.46678947483626 3145.15151515152 59.7979797979798 427.15942507457 205.757575757576 205.89898989899
0 1.40566327667567 0.263030175688445 -0.200895408761142 1.77168823184357 2823.17346938776 101.785714285714 413.819942345692 168.969387755102 199.357142857143
0.0033112582781457 1.39391559001031 0.30171237770409 -0.80365663725225 1.45876446462379 2848.88659793814 106.371134020619 428.943527585639 163.680412371134 209.20618556701
0.0033112582781457 1.42111642353326 0.264085540484649 0.402025949238686 1.59684813765083 3344.90625 82 417.555459820488 206.364583333333 223.635416666667
0.0033112582781457 1.34501686340291 0.252573185148619 -0.397264993011119 1.1602700201611 2959.62637362637 79.4725274725275 448.478937255189 159.054945054945 205.615384615385
0 1.42992140709977 0.380060544883931 -0.206546035649666 1.0784634023921 2248.25510204082 47.3979591836735 444.905783015332 125.632653061224 189.214285714286
0 1.46074161843439 0.301692643131616 0.155945003813146 1.66325531318028 3992.52040816327 108.030612244898 438.533811854739 272.908163265306 238.928571428571
0.0033112582781457 1.39500361822339 0.20187229899146 0.548993467930202 1.60960453405053 3428.59183673469 82.9387755102041 401.945688560197 205.765306122449 221.285714285714
0.0033112582781457 1.40296462007759 0.327845121602411 -0.20651957382846 1.01784740480981 2788.42553191489 58.4787234042553 446.634983836372 160.053191489362 200.393617021277
0.0033112582781457 1.44322191595566 0.384574154182337 -0.766382917296141 1.6552704276517 2651.32653061224 100.255102040816 440.353136686517 160.112244897959 198.5
0 1.34551852743747 0.181569920363575 -0.400960442734755 1.44329697089872 3476.81914893617 115.021276595745 400.446346262643 211.563829787234 224.744680851064
0.0033112582781457 1.42860567150621 0.324277423253642 -0.137770688712977 1.08588481420052 3465.9898989899 73.8080808080808 424.158128635049 219.242424242424 210.070707070707
0 1.32544597492088 0.216757507319562 -0.836870458908379 1.19226810093969 2815.96808510638 92.8829787234042 396.779092194551 164.031914893617 197.563829787234
0 1.43468228414664 0.362930756119738 0.230811019310867 1.23550040901022 2380.47422680412 46.6494845360825 433.462354119154 138.175257731959 189.072164948454
0 1.45890021312787 0.325094186291368 0.0156946067385263 1.05367518122792 3829.5625 73.875 426.969121930052 267.541666666667 228.8125
0 1.30478024426718 0.146884029107963 0.126399985789974 1.1184142047747 2614.82222222222 60.0222222222222 396.482324958157 135.7 198.022222222222
0.0033112582781457 1.34235106689115 0.199167646288955 -0.374374229009384 1.57334635338973 2958.52525252525 105.848484848485 445.959918845915 171.848484848485 204.343434343434
0.0033112582781457 1.45573815372343 0.343816740387158 -0.135513171052859 1.3419028383026 3366.97959183673 84.3673469387755 420.435601547982 212.795918367347 215.571428571429
0.0033112582781457 1.33267027206181 0.197863345844739 -0.424095165188559 1.19599241309758 3424.89583333333 94.4895833333333 433.653804265368 208.979166666667 219.1875
0.0033112582781457 1.39099800597953 0.328671915258006 -0.971260233388383 1.3568446331258 2671.08421052632 97.9157894736842 480.270502801172 144.463157894737 198.652631578947
0.0033112582781457 1.44873435079051 0.341970843582088 -0.155826059194529 1.50322892947888 3512.68686868687 97.7373737373737 434.023118641106 216.969696969697 217.49494949495
0.0033112582781457 1.37917562347718 0.326646254888037 -0.797416624568507 1.29256193626072 2472.48421052632 82.178947368421 426.912770129031 132.705263157895 191.8
0 1.34551852743747 0.181569920363575 -0.400960442734755 1.44329697089872 3476.81914893617 115.021276595745 400.446346262643 211.563829787234 224.744680851064
0.0033112582781457 1.36925430573567 0.229972490847774 -0.196680774558645 1.13536103581764 3722.64893617021 91.2340425531915 443.655791224763 212.159574468085 228.095744680851
0 1.34551852743747 0.181569920363575 -0.400960442734755 1.44329697089872 3476.81914893617 115.021276595745 400.446346262643 211.563829787234 224.744680851064
0.0033112582781457 1.47077636633374 0.350685764938911 0.353369309979893 1.01952328811755 3726.10416666667 59.6041666666667 437.247190532899 270.0625 238.947916666667
0 1.34551852743747 0.181569920363575 -0.400960442734755 1.44329697089872 3476.81914893617 115.021276595745 400.446346262643 211.563829787234 224.744680851064
0 1.47154989214769 0.372401247361242 -0.826249993690104 1.28006589597321 3889.38775510204 120.102040816327 462.697664571929 256.051020408163 238.214285714286
0.0033112582781457 1.39123714310759 0.273256978968328 -0.20733761012907 1.58715134652057 2692.81052631579 86.8631578947368 447.661805585078 144.663157894737 191.505263157895
0.0033112582781457 1.3731021953987 0.277945498261877 -0.218295167712839 1.35500782471126 2577.96842105263 72.4526315789474 459.001894502751 129.052631578947 193.789473684211
0.0033112582781457 1.37723576865709 0.272331350971005 -0.86416139017781 1.38664627803976 3135.88541666667 112.427083333333 419.496672422728 191.90625 216.197916666667
0 1.39319796234784 0.268254973247728 0.284067529895375 1.58829544209256 2836.22448979592 72.2142857142857 416.896065365823 179.295918367347 194
0 1.40566327667567 0.263030175688445 -0.200895408761142 1.77168823184357 2823.17346938776 101.785714285714 413.819942345692 168.969387755102 199.357142857143
0.0033112582781457 1.39391559001031 0.30171237770409 -0.80365663725225 1.45876446462379 2848.88659793814 106.371134020619 428.943527585639 163.680412371134 209.20618556701
0 1.43304665569147 0.270358967474047 0.353023834418692 1.23275915731568 3480.13541666667 66.9375 406.219844417815 221.645833333333 211.458333333333
0.0033112582781457 1.33834109743415 0.146594415602273 0.198832110586078 1.2469531024619 3318.42105263158 78.1894736842105 396.298038229171 199.221052631579 223.263157894737
0 1.30478024426718 0.146884029107963 0.126399985789974 1.1184142047747 2614.82222222222 60.0222222222222 396.482324958157 135.7 198.022222222222
0.0033112582781457 1.36584832202643 0.252025985624641 -0.154650912620127 1.04107043333352 3010.55319148936 64.6063829787234 413.310011615249 180.563829787234 206.425531914894
0 1.44599713989957 0.333442151975777 -0.517081420077428 1.09127768784402 4151.54255319149 98.7340425531915 444.232923256514 287.712765957447 248.351063829787
0.0033112582781457 1.37723576865709 0.272331350971005 -0.86416139017781 1.38664627803976 3135.88541666667 112.427083333333 419.496672422728 191.90625 216.197916666667
0 1.44406666189322 0.322112468957989 0.75303920172545 1.45314582194963 2754.38541666667 50.1979166666667 408.686609771697 182.395833333333 196.145833333333
0.0033112582781457 1.40532337031291 0.260403773284586 -0.12852545811693 1.41729404596955 3554.21875 97.34375 436.361706479841 223.677083333333 221.010416666667
0 1.45553786285039 0.35352802385553 0.523509588354972 1.22604780251943 3028.87878787879 53.1919191919192 425.285514978701 202.838383838384 195.222222222222
0.0033112582781457 1.33267027206181 0.197863345844739 -0.424095165188559 1.19599241309758 3424.89583333333 94.4895833333333 433.653804265368 208.979166666667 219.1875
0.0033112582781457 1.38672740220576 0.303462451128442 -0.710011316046319 1.46886496516657 2970.28571428571 106.494505494505 418.560460217359 184.373626373626 208.384615384615
0 1.32544597492088 0.216757507319562 -0.836870458908379 1.19226810093969 2815.96808510638 92.8829787234042 396.779092194551 164.031914893617 197.563829787234
0 1.5032726880609 0.353229332567333 0.606085695734195 1.19154924816709 3895.77777777778 64.6262626262626 413.23809705641 284.565656565657 234.464646464646
0 1.30478024426718 0.146884029107963 0.126399985789974 1.1184142047747 2614.82222222222 60.0222222222222 396.482324958157 135.7 198.022222222222
0.0033112582781457 1.52651424342766 0.383540335414 0.248425812926143 1.79901231192052 3412.11224489796 87.7755102040816 434.657269061234 230.80612244898 211.714285714286
0 1.33161902296515 0.215086510780233 -0.939268989967207 1.10449099716181 3120.03260869565 101.402173913043 397.977265511256 169.130434782609 202.695652173913
0 1.42187739632691 0.260985553621695 0.225880180675509 1.60974653880718 3786.60606060606 100.878787878788 417.168259451463 238.575757575758 221.878787878788
0.0033112582781457 1.33834109743415 0.146594415602273 0.198832110586078 1.2469531024619 3318.42105263158 78.1894736842105 396.298038229171 199.221052631579 223.263157894737
0.0033112582781457 1.36584832202643 0.252025985624641 -0.154650912620127 1.04107043333352 3010.55319148936 64.6063829787234 413.310011615249 180.563829787234 206.425531914894
0 1.32544597492088 0.216757507319562 -0.836870458908379 1.19226810093969 2815.96808510638 92.8829787234042 396.779092194551 164.031914893617 197.563829787234
0.0033112582781457 1.36584832202643 0.252025985624641 -0.154650912620127 1.04107043333352 3010.55319148936 64.6063829787234 413.310011615249 180.563829787234 206.425531914894
0 1.48379390465619 0.332151410695276 0.811820829241457 1.04329246423309 3652.36363636364 53 426.559263979196 259.060606060606 217.141414141414
0 1.47542933849618 0.308904784615152 0.223392045591027 1.78353521991521 3681.54166666667 102.947916666667 409.82764887506 261.916666666667 225.822916666667
0 1.41100283563014 0.311891493088946 -0.252556769428727 1.21833497466791 3099.54545454545 76.5353535353535 412.397819319469 204.393939393939 204.909090909091
0 1.30478024426718 0.146884029107963 0.126399985789974 1.1184142047747 2614.82222222222 60.0222222222222 396.482324958157 135.7 198.022222222222
0.0033112582781457 1.38671165160163 0.289209503550685 -0.451513778067657 1.47130785138384 2681.44444444444 87.6767676767677 415.104204583997 144.373737373737 195.858585858586
0 1.39319796234784 0.268254973247728 0.284067529895375 1.58829544209256 2836.22448979592 72.2142857142857 416.896065365823 179.295918367347 194
0.0033112582781457 1.45264958268525 0.381284663540375 -0.540326202116817 1.45996480956071 2859.12244897959 86.7755102040816 431.490255600048 180 202.071428571429
0 1.31853620631462 0.17282039349548 -0.770154273878912 1.01661792968768 3736.03225806452 108.387096774194 415.196868868153 211.870967741935 223.924731182796
0 1.30478024426718 0.146884029107963 0.126399985789974 1.1184142047747 2614.82222222222 60.0222222222222 396.482324958157 135.7 198.022222222222
0.0033112582781457 1.38672740220576 0.303462451128442 -0.710011316046319 1.46886496516657 2970.28571428571 106.494505494505 418.560460217359 184.373626373626 208.384615384615
0 1.43954135070986 0.292996642766899 0.0110040298722529 1.32953496930674 3830.73195876289 91.8969072164948 411.927304155507 260.319587628866 228.474226804124
0 1.37223936568684 0.32207755645112 -0.778174264123933 1.79468274296737 2014.53125 86.9583333333333 425.058574658215 107.177083333333 182.4375
0 1.35141985491419 0.14888544413378 0.426355669453101 1.59724818781226 3229.58695652174 83.445652173913 386.440352504859 189.858695652174 209.391304347826
0.0033112582781457 1.47223194261383 0.390469983279732 0.286676399909929 1.41648530142588 2773.63636363636 57.5353535353535 442.293876721166 173.292929292929 213.464646464646
0 1.45334279999699 0.344466477976274 0.735543842207169 1.15705383607974 2469.36734693878 38.4795918367347 414.396962033591 143.632653061224 195.214285714286
0.0033112582781457 1.44319304607711 0.335874349887748 -0.208524983186392 1.10366483664766 3463.66666666667 79.1313131313131 440.333532527768 217.535353535354 217.353535353535
0.0033112582781457 1.40296462007759 0.327845121602411 -0.20651957382846 1.01784740480981 2788.42553191489 58.4787234042553 446.634983836372 160.053191489362 200.393617021277
0.0033112582781457 1.44784239272155 0.378963964664582 -0.919056195757146 1.09862501896765 3570.69696969697 100.10101010101 482.088379511757 216.050505050505 240.828282828283
0.0033112582781457 1.42542361094183 0.344435335671569 -0.51601580188617 1.60175351086569 2968.38775510204 100.948979591837 430.813255179373 192.530612244898 208.785714285714
0.0033112582781457 1.42893327828497 0.366751999361441 -0.358428282663226 1.2076756099239 2730.04210526316 66.1473684210526 412.143705933591 173.757894736842 201.084210526316
0.0033112582781457 1.39500361822339 0.20187229899146 0.548993467930202 1.60960453405053 3428.59183673469 82.9387755102041 401.945688560197 205.765306122449 221.285714285714
0 1.45890021312787 0.325094186291368 0.0156946067385263 1.05367518122792 3829.5625 73.875 426.969121930052 267.541666666667 228.8125
0.0033112582781457 1.48356648243393 0.3912694960525 0.26038603172398 1.70557716786107 2842.77 70.86 433.931693842373 177.65 200.13
0 1.5032726880609 0.353229332567333 0.606085695734195 1.19154924816709 3895.77777777778 64.6262626262626 413.23809705641 284.565656565657 234.464646464646
0.0033112582781457 1.44322191595566 0.384574154182337 -0.766382917296141 1.6552704276517 2651.32653061224 100.255102040816 440.353136686517 160.112244897959 198.5
0.0033112582781457 1.38564716768733 0.272677714256123 -0.60588774116195 1.04467003975892 3122.86170212766 81.8191489361702 441.152268041696 178.63829787234 215.36170212766
0.0033112582781457 1.36775466458534 0.207084785734771 0.478515958919318 1.51515364760646 3318.8064516129 75.7096774193548 422.344094228808 205.752688172043 208.344086021505
0.0033112582781457 1.34662669081469 0.204726779393704 -0.399787425081555 1.13789267703858 3134.30208333333 84.1458333333333 415.316953178471 192.520833333333 204.239583333333
0.0033112582781457 1.36273182633102 0.215737443883225 -0.452606901480955 1.1263119118445 3556.03157894737 98.7789473684211 416.292409180401 214.736842105263 223.705263157895
0.0033112582781457 1.43252961817339 0.335988035556413 -0.696808614612961 1.10134050253334 3517.78947368421 93.0105263157895 426.028613156423 243.505263157895 229.821052631579
0 1.37411104682899 0.28413513740109 -0.0125251317876909 1.0812200019431 2591.13684210526 53.6842105263158 428.048695577517 154.231578947368 191.652631578947
0.0033112582781457 1.39635881724466 0.283967537986113 -0.508520104647217 1.16076440569753 3605.65979381443 95.3917525773196 428.21717709135 228.536082474227 226.742268041237
0.0033112582781457 1.48473384243812 0.385259680218857 0.401477423498682 1.27085662296094 3028.19191919192 54.4343434343434 482.221547002716 183.454545454545 204.060606060606
0.0033112582781457 1.36584832202643 0.252025985624641 -0.154650912620127 1.04107043333352 3010.55319148936 64.6063829787234 413.310011615249 180.563829787234 206.425531914894
0 1.30478024426718 0.146884029107963 0.126399985789974 1.1184142047747 2614.82222222222 60.0222222222222 396.482324958157 135.7 198.022222222222
0.0033112582781457 1.46687066305432 0.375162552437873 -0.481743446514753 1.34610170116415 3316.40206185567 92.1855670103093 419.817920653197 217.855670103093 213.463917525773
0 1.41916929730251 0.29081333672456 -0.690941512285608 1.28741984079971 4048.39175257732 123.907216494845 451.612869055261 268.226804123711 242.329896907216
0.0033112582781457 1.36584832202643 0.252025985624641 -0.154650912620127 1.04107043333352 3010.55319148936 64.6063829787234 413.310011615249 180.563829787234 206.425531914894
0.0033112582781457 1.38671165160163 0.289209503550685 -0.451513778067657 1.47130785138384 2681.44444444444 87.6767676767677 415.104204583997 144.373737373737 195.858585858586
0.0033112582781457 1.36925430573567 0.229972490847774 -0.196680774558645 1.13536103581764 3722.64893617021 91.2340425531915 443.655791224763 212.159574468085 228.095744680851
0 1.3336192655661 0.187563634388232 -0.59944333541936 1.12043583538905 3066.60416666667 91.2604166666667 400.825857299333 177.979166666667 198.697916666667
0 1.40292177142045 0.277863681332677 -0.480657377454943 1.48514633065542 3239.36734693878 110.163265306122 404.225740819203 193.387755102041 216.428571428571
0.0033112582781457 1.43342082335556 0.358224985636057 -0.620036601224164 1.45812109337475 3013.66666666667 97.96875 421.352633167589 179.291666666667 207.666666666667
0 1.41909842053295 0.341204397953977 0.143914509802954 1.21404145659779 2382.72727272727 50.1212121212121 426.713551441043 138.454545454545 187.090909090909
0 1.5032726880609 0.353229332567333 0.606085695734195 1.19154924816709 3895.77777777778 64.6262626262626 413.23809705641 284.565656565657 234.464646464646
0.0033112582781457 1.41369464060463 0.291775045070477 0.0423802164496575 1.32718563676295 2943.70707070707 70.2727272727273 425.827770429415 187.252525252525 201.090909090909
0.0033112582781457 1.3467207987938 0.241416956073378 -0.249903495397636 1.19518047813865 2486.95789473684 64.4421052631579 416.94098334815 133.463157894737 198.578947368421
0 1.43656743428534 0.341150651082852 -0.0121515922836985 1.21003928493746 2914.43157894737 64.2842105263158 414.970770946446 177.842105263158 193.421052631579
0.0033112582781457 1.38671165160163 0.289209503550685 -0.451513778067657 1.47130785138384 2681.44444444444 87.6767676767677 415.104204583997 144.373737373737 195.858585858586
0.0033112582781457 1.3731021953987 0.277945498261877 -0.218295167712839 1.35500782471126 2577.96842105263 72.4526315789474 459.001894502751 129.052631578947 193.789473684211
0 1.39414581043516 0.201082297313455 0.318777104409926 1.63613773992737 3521.49473684211 94.2631578947368 405.887090786962 250.157894736842 219.063157894737
0.0033112582781457 1.35446042045775 0.25126641772161 -0.658707901088652 1.13596185902937 2765.55319148936 82.7659574468085 436.592435939829 154.744680851064 201.36170212766
0.0033112582781457 1.44322191595566 0.384574154182337 -0.766382917296141 1.6552704276517 2651.32653061224 100.255102040816 440.353136686517 160.112244897959 198.5
0.0033112582781457 1.34501686340291 0.252573185148619 -0.397264993011119 1.1602700201611 2959.62637362637 79.4725274725275 448.478937255189 159.054945054945 205.615384615385
0.0033112582781457 1.39807338033593 0.27652564165054 0.323748924376039 1.38875711753546 2808.48421052632 63.8526315789474 451.779730889143 166.715789473684 206.831578947368
0 1.40182145292734 0.311468219047235 -0.609416132491996 1.73206400623167 2607.58585858586 104.050505050505 446.360886569483 143.50505050505 183.909090909091
0 1.34551852743747 0.181569920363575 -0.400960442734755 1.44329697089872 3476.81914893617 115.021276595745 400.446346262643 211.563829787234 224.744680851064
0 1.45430117899726 0.331659796682042 0.285071882235689 1.15095714274014 3233.22680412371 60.6082474226804 411.539714699045 218.690721649485 207.40206185567
0 1.30478024426718 0.146884029107963 0.126399985789974 1.1184142047747 2614.82222222222 60.0222222222222 396.482324958157 135.7 198.022222222222
0.0033112582781457 1.39635881724466 0.283967537986113 -0.508520104647217 1.16076440569753 3605.65979381443 95.3917525773196 428.21717709135 228.536082474227 226.742268041237
0.0033112582781457 1.42674574894731 0.317360483243205 -0.673031239455237 1.24614980636103 3598.6875 109.166666666667 452.315830673729 218.395833333333 246.677083333333
0 1.43954135070986 0.292996642766899 0.0110040298722529 1.32953496930674 3830.73195876289 91.8969072164948 411.927304155507 260.319587628866 228.474226804124
0 1.30478024426718 0.146884029107963 0.126399985789974 1.1184142047747 2614.82222222222 60.0222222222222 396.482324958157 135.7 198.022222222222
0.0033112582781457 1.45306724094104 0.309579207110174 0.573380111678821 1.58011123310351 3585.20202020202 78.040404040404 427.267843431573 232.262626262626 219.89898989899
0.0033112582781457 1.39195870426879 0.306784538975951 -0.489046036356697 1.16821059992777 3308.17708333333 89.7708333333333 463.937884975353 179.135416666667 220.572916666667
0 1.39098322241122 0.261158527837851 0.526095314154459 1.45300544722913 2529.68817204301 53.7096774193548 415.76199820019 152.978494623656 193.516129032258
0 1.30478024426718 0.146884029107963 0.126399985789974 1.1184142047747 2614.82222222222 60.0222222222222 396.482324958157 135.7 198.022222222222
0 1.46561951356238 0.377235145984423 -0.838409779271137 1.52181002520357 3753.07070707071 129.454545454545 442.404501094871 259.939393939394 238.777777777778
0 1.46561951356238 0.377235145984423 -0.838409779271137 1.52181002520357 3753.07070707071 129.454545454545 442.404501094871 259.939393939394 238.777777777778
0.0033112582781457 1.39123714310759 0.273256978968328 -0.20733761012907 1.58715134652057 2692.81052631579 86.8631578947368 447.661805585078 144.663157894737 191.505263157895
0.0033112582781457 1.39914569078817 0.249308149770188 -0.161600563711706 1.18393809390329 4026.8125 99.125 486.058181833335 243.333333333333 255.208333333333
0.0033112582781457 1.4016083169155 0.359146486973458 -0.605357934286796 1.06108720489348 2280.40404040404 57.7979797979798 463.378527794129 121.828282828283 202.222222222222
0.0033112582781457 1.42697752723408 0.288206966173686 0.33753961551341 1.54416265570096 3033.9793814433 73.3092783505155 422.79714396522 188.082474226804 203.938144329897
0.0033112582781457 1.39391559001031 0.30171237770409 -0.80365663725225 1.45876446462379 2848.88659793814 106.371134020619 428.943527585639 163.680412371134 209.20618556701
0 1.40341301633612 0.303684439029896 0.0867606740372632 1.13614136393133 2560.09375 53.7291666666667 437.836415111945 127.84375 183.75
0.0033112582781457 1.2719790074744 0.146803029012931 -0.991142084792649 1.24382774730815 2626.49425287356 103.344827586207 438.678029583918 124.402298850575 196.48275862069
0.0033112582781457 1.4695088156172 0.382528259947068 0.228103622371775 1.32177874449449 3065.13 62.05 459.498249203301 181.29 207.34
0.0033112582781457 1.40236510675075 0.272702820519004 -0.0213805992600924 1.66264404075423 3269.98936170213 98.0212765957447 426.566396270108 206.86170212766 207.244680851064
0 1.45306248107231 0.396866734213371 -0.774461339423888 1.18289315341354 2872.86 76.23 410.868274923272 196.63 198.03
0.0033112582781457 1.44345918435504 0.37101620707147 -0.471291015802651 1.46840163652345 2871.51020408163 90.6326530612245 452.879570002656 163.561224489796 196.571428571429
0.0033112582781457 1.35446042045775 0.25126641772161 -0.658707901088652 1.13596185902937 2765.55319148936 82.7659574468085 436.592435939829 154.744680851064 201.36170212766
0 1.43963079694839 0.367459162409608 -0.583171621085785 1.71930887442872 2907.51020408163 106.387755102041 423.275603624124 185.204081632653 200.071428571429
0.0033112582781457 1.44740357153196 0.332272576740762 -0.130318001197492 1.57916613647123 3863.10416666667 112.90625 483.965765543186 230.677083333333 242.739583333333
0 1.45890021312787 0.325094186291368 0.0156946067385263 1.05367518122792 3829.5625 73.875 426.969121930052 267.541666666667 228.8125
0.0033112582781457 1.40296462007759 0.327845121602411 -0.20651957382846 1.01784740480981 2788.42553191489 58.4787234042553 446.634983836372 160.053191489362 200.393617021277
0 1.34551852743747 0.181569920363575 -0.400960442734755 1.44329697089872 3476.81914893617 115.021276595745 400.446346262643 211.563829787234 224.744680851064
0.0033112582781457 1.39450233197922 0.307318436876138 -0.957961694802798 1.43696591413645 3055.17346938776 117.979591836735 427.03745213332 183.65306122449 210
0 1.46561951356238 0.377235145984423 -0.838409779271137 1.52181002520357 3753.07070707071 129.454545454545 442.404501094871 259.939393939394 238.777777777778
0 1.53046219909896 0.380328711666674 0.347368849350655 1.74880003291314 3923.8 95.29 437.647463260247 293.1 227.71
0.0033112582781457 1.3731021953987 0.277945498261877 -0.218295167712839 1.35500782471126 2577.96842105263 72.4526315789474 459.001894502751 129.052631578947 193.789473684211
0.0033112582781457 1.45711184754388 0.361702409353703 -0.454803567468543 1.01465075712868 3656.54 81.53 431.942182933226 243.55 234.85
0.0033112582781457 1.45734512066544 0.31353923832103 0.422389379723516 1.77319285416827 3334.13541666667 82.3854166666667 414.171073056547 233.083333333333 214.15625
0 1.40566327667567 0.263030175688445 -0.200895408761142 1.77168823184357 2823.17346938776 101.785714285714 413.819942345692 168.969387755102 199.357142857143
0 1.4220944028237 0.266832993839149 0.509171657480467 1.46015792973949 3226.96808510638 67.3617021276596 415.197388302132 215.404255319149 197.563829787234
0 1.41482264413991 0.250443220714979 0.0629052949496736 1.34494513033058 3883.94791666667 96.0104166666667 411.945103818366 239.614583333333 232.53125
0.0033112582781457 1.2719790074744 0.146803029012931 -0.991142084792649 1.24382774730815 2626.49425287356 103.344827586207 438.678029583918 124.402298850575 196.48275862069
0.0033112582781457 1.38564716768733 0.272677714256123 -0.60588774116195 1.04467003975892 3122.86170212766 81.8191489361702 441.152268041696 178.63829787234 215.36170212766
0.0033112582781457 1.47275418925565 0.378238999308087 -0.482778750360012 1.20774129945785 3560.79591836735 90.1530612244898 437.073270978917 232.795918367347 234.785714285714
0.0033112582781457 1.44959218963073 0.333739028495839 0.292297309904875 1.3281509716556 3265.79381443299 68.020618556701 442.675877990129 210.443298969072 207.041237113402
0.0033112582781457 1.38461084369097 0.253083621646975 -0.421412209465639 1.03421054970042 3562.33333333333 86.71875 431.356443994087 226.78125 233.770833333333
0 1.45334279999699 0.344466477976274 0.735543842207169 1.15705383607974 2469.36734693878 38.4795918367347 414.396962033591 143.632653061224 195.214285714286
0 1.4756412592453 0.37918408351076 -0.485365099732734 1.14601984725774 3580.9375 87.4270833333333 417.581667961859 238.708333333333 214.375
0 1.34319185491203 0.233263441358244 -0.555659633264251 1.6329264166121 2801.67391304348 109.510869565217 410.252167851064 153.065217391304 195.467391304348
0 1.46074161843439 0.301692643131616 0.155945003813146 1.66325531318028 3992.52040816327 108.030612244898 438.533811854739 272.908163265306 238.928571428571
0 1.45334279999699 0.344466477976274 0.735543842207169 1.15705383607974 2469.36734693878 38.4795918367347 414.396962033591 143.632653061224 195.214285714286
0.0033112582781457 1.36925430573567 0.229972490847774 -0.196680774558645 1.13536103581764 3722.64893617021 91.2340425531915 443.655791224763 212.159574468085 228.095744680851
0 1.51640472482901 0.365113868509799 0.394480353760506 1.28866844708804 4152.20408163265 79.3673469387755 425.340412000153 293.15306122449 241.571428571429
0.0033112582781457 1.39635881724466 0.283967537986113 -0.508520104647217 1.16076440569753 3605.65979381443 95.3917525773196 428.21717709135 228.536082474227 226.742268041237
0 1.44860201938197 0.398641748253453 -0.720312459477704 1.55557377919859 2466.67346938776 84.6836734693878 429.009034865204 152.724489795918 188.928571428571
0.0033112582781457 1.49585866375037 0.374700557878839 0.135446868257912 1.23443579820051 3310.50515463918 66.1237113402062 453.089234242153 225.319587628866 224.721649484536
0.0033112582781457 1.3707543192326 0.255679714689054 -0.827004189858921 1.16891564175968 3070.85416666667 95.1875 407.242490760111 182.03125 210.072916666667
0 1.40431956060488 0.353850790604555 -0.791026754503905 1.20417733197711 2615.67021276596 76.7978723404255 421.717479758356 160.297872340426 187.882978723404
0.0033112582781457 1.34501686340291 0.252573185148619 -0.397264993011119 1.1602700201611 2959.62637362637 79.4725274725275 448.478937255189 159.054945054945 205.615384615385
0 1.30478024426718 0.146884029107963 0.126399985789974 1.1184142047747 2614.82222222222 60.0222222222222 396.482324958157 135.7 198.022222222222
0 1.39319796234784 0.268254973247728 0.284067529895375 1.58829544209256 2836.22448979592 72.2142857142857 416.896065365823 179.295918367347 194
0.0033112582781457 1.42733112882733 0.260410625967028 0.520054699155119 1.56703499742459 3800.71578947368 86.5368421052632 429.9628023531 220.126315789474 226.578947368421
0.0033112582781457 1.36584832202643 0.252025985624641 -0.154650912620127 1.04107043333352 3010.55319148936 64.6063829787234 413.310011615249 180.563829787234 206.425531914894
0.0033112582781457 1.44907746367977 0.339607464587329 -0.120243921137227 1.35181204342634 3357.89795918367 85.4183673469388 451.229920012885 206.571428571429 219.142857142857
0.0033112582781457 1.37000818995129 0.249322392756369 -0.351669584884091 1.62196383973516 2393.98958333333 85.2708333333333 421.158748056912 134.03125 191.479166666667
0.0033112582781457 1.44319304607711 0.335874349887748 -0.208524983186392 1.10366483664766 3463.66666666667 79.1313131313131 440.333532527768 217.535353535354 217.353535353535
0.0033112582781457 1.39391559001031 0.30171237770409 -0.80365663725225 1.45876446462379 2848.88659793814 106.371134020619 428.943527585639 163.680412371134 209.20618556701
0.0033112582781457 1.4408237364317 0.326282664045087 -0.318456795185624 1.40711660824708 3454.21428571429 98.9183673469388 466.504219201562 213.010204081633 231.214285714286
0.0033112582781457 1.45711184754388 0.361702409353703 -0.454803567468543 1.01465075712868 3656.54 81.53 431.942182933226 243.55 234.85
0 1.40566327667567 0.263030175688445 -0.200895408761142 1.77168823184357 2823.17346938776 101.785714285714 413.819942345692 168.969387755102 199.357142857143
0.0033112582781457 1.39123714310759 0.273256978968328 -0.20733761012907 1.58715134652057 2692.81052631579 86.8631578947368 447.661805585078 144.663157894737 191.505263157895
0.0033112582781457 1.44083617000705 0.359046918737814 -0.460047858487703 1.14603317838949 3010.26530612245 72.8979591836735 437.128933477936 194.387755102041 212.642857142857
0 1.40982310724761 0.319028599848216 -0.797331039058653 1.28841942941759 3063.42857142857 95.9285714285714 403.469951718601 194.755102040816 203.642857142857
0.0033112582781457 1.3795626288102 0.267819965118976 -0.218795118771462 1.23008460636143 2859.89583333333 73.3333333333333 428.5274724074 164.145833333333 195.927083333333
0 1.32544597492088 0.216757507319562 -0.836870458908379 1.19226810093969 2815.96808510638 92.8829787234042 396.779092194551 164.031914893617 197.563829787234
0.0033112582781457 1.46687066305432 0.375162552437873 -0.481743446514753 1.34610170116415 3316.40206185567 92.1855670103093 419.817920653197 217.855670103093 213.463917525773
0.0033112582781457 1.34662669081469 0.204726779393704 -0.399787425081555 1.13789267703858 3134.30208333333 84.1458333333333 415.316953178471 192.520833333333 204.239583333333
0 1.34551852743747 0.181569920363575 -0.400960442734755 1.44329697089872 3476.81914893617 115.021276595745 400.446346262643 211.563829787234 224.744680851064
0 1.43954135070986 0.292996642766899 0.0110040298722529 1.32953496930674 3830.73195876289 91.8969072164948 411.927304155507 260.319587628866 228.474226804124
0 1.37049621919719 0.151419543762401 0.528380266493508 1.32190089249417 4135.18888888889 87.0333333333333 419.457418202929 278.677777777778 251.533333333333
0 1.43725252997705 0.246177637837095 0.316991721590272 1.47429134379737 3841.17204301075 91.5268817204301 401.97465166995 268.58064516129 237.247311827957
0.0033112582781457 1.33267027206181 0.197863345844739 -0.424095165188559 1.19599241309758 3424.89583333333 94.4895833333333 433.653804265368 208.979166666667 219.1875
0.0033112582781457 1.39123714310759 0.273256978968328 -0.20733761012907 1.58715134652057 2692.81052631579 86.8631578947368 447.661805585078 144.663157894737 191.505263157895
0 1.30478024426718 0.146884029107963 0.126399985789974 1.1184142047747 2614.82222222222 60.0222222222222 396.482324958157 135.7 198.022222222222
0 1.30478024426718 0.146884029107963 0.126399985789974 1.1184142047747 2614.82222222222 60.0222222222222 396.482324958157 135.7 198.022222222222
0 1.33161902296515 0.215086510780233 -0.939268989967207 1.10449099716181 3120.03260869565 101.402173913043 397.977265511256 169.130434782609 202.695652173913
0.0033112582781457 1.48473384243812 0.385259680218857 0.401477423498682 1.27085662296094 3028.19191919192 54.4343434343434 482.221547002716 183.454545454545 204.060606060606
0.0033112582781457 1.36584832202643 0.252025985624641 -0.154650912620127 1.04107043333352 3010.55319148936 64.6063829787234 413.310011615249 180.563829787234 206.425531914894
0.0033112582781457 1.40302138593905 0.280588048869766 -0.592618546652076 1.22689397822279 3745.63917525773 106.309278350515 444.041661170617 242.257731958763 234.319587628866
0 1.30478024426718 0.146884029107963 0.126399985789974 1.1184142047747 2614.82222222222 60.0222222222222 396.482324958157 135.7 198.022222222222
0 1.40182145292734 0.311468219047235 -0.609416132491996 1.73206400623167 2607.58585858586 104.050505050505 446.360886569483 143.50505050505 183.909090909091
0 1.39414581043516 0.201082297313455 0.318777104409926 1.63613773992737 3521.49473684211 94.2631578947368 405.887090786962 250.157894736842 219.063157894737
0.0033112582781457 1.35175938506852 0.252109370414424 -0.77005696609602 1.43165922119365 2893.39583333333 104.979166666667 443.985161742722 162.802083333333 203.145833333333
0.0033112582781457 1.33267027206181 0.197863345844739 -0.424095165188559 1.19599241309758 3424.89583333333 94.4895833333333 433.653804265368 208.979166666667 219.1875
0 1.48319507307326 0.34536767558755 -0.199890260189114 1.10520744321135 3882.56565656566 82.8181818181818 416.971849593613 288.313131313131 226.616161616162
0.0033112582781457 1.45655043607469 0.296229078670232 0.681683605681125 1.16626628966961 3650.72448979592 60.7244897959184 415.049812350842 245.622448979592 233.142857142857
0.0033112582781457 1.45655043607469 0.296229078670232 0.681683605681125 1.16626628966961 3650.72448979592 60.7244897959184 415.049812350842 245.622448979592 233.142857142857
0.0033112582781457 1.48473384243812 0.385259680218857 0.401477423498682 1.27085662296094 3028.19191919192 54.4343434343434 482.221547002716 183.454545454545 204.060606060606
0.0033112582781457 1.43103249337839 0.269157570335616 0.95165835512144 1.52214063580915 3271.11340206186 59.4329896907216 440.183423197596 204.185567010309 206.39175257732
0.0033112582781457 1.44637837875876 0.32716019607808 -0.114824070294177 1.4944393832191 3541.26262626263 97.0505050505051 450.986533752939 235.272727272727 226.474747474747
0.0033112582781457 1.39123714310759 0.273256978968328 -0.20733761012907 1.58715134652057 2692.81052631579 86.8631578947368 447.661805585078 144.663157894737 191.505263157895
0.0033112582781457 1.45573815372343 0.343816740387158 -0.135513171052859 1.3419028383026 3366.97959183673 84.3673469387755 420.435601547982 212.795918367347 215.571428571429
0 1.46190507249071 0.328831956468713 -0.226696287054716 1.22557298281961 4019.24 100.2 457.743548282659 260.7 233.87
0 1.45890021312787 0.325094186291368 0.0156946067385263 1.05367518122792 3829.5625 73.875 426.969121930052 267.541666666667 228.8125
0 1.30478024426718 0.146884029107963 0.126399985789974 1.1184142047747 2614.82222222222 60.0222222222222 396.482324958157 135.7 198.022222222222
0.0033112582781457 1.45522094247305 0.344675986780165 0.00559682103771275 1.46301030465505 3082.55555555556 78.7474747474748 442.931830187319 182.232323232323 200.878787878788
0 1.40566327667567 0.263030175688445 -0.200895408761142 1.77168823184357 2823.17346938776 101.785714285714 413.819942345692 168.969387755102 199.357142857143
0 1.35141985491419 0.14888544413378 0.426355669453101 1.59724818781226 3229.58695652174 83.445652173913 386.440352504859 189.858695652174 209.391304347826
0 1.34811663041535 0.231330818720767 -0.725938155049867 1.28521397191514 2839.32631578947 95.2 423.03394821428 162.378947368421 189.515789473684
0.0033112582781457 1.52269728784668 0.368635391939066 0.860934743718416 1.60933036392945 3427.45918367347 61.6326530612245 435.256597411419 232.704081632653 214.785714285714
0 1.41916929730251 0.29081333672456 -0.690941512285608 1.28741984079971 4048.39175257732 123.907216494845 451.612869055261 268.226804123711 242.329896907216
0 1.43725252997705 0.246177637837095 0.316991721590272 1.47429134379737 3841.17204301075 91.5268817204301 401.97465166995 268.58064516129 237.247311827957
0 1.42499894404915 0.328981866421254 -0.949832648264917 1.06334661295823 4040.71428571429 116.377551020408 475.739256690885 260.663265306122 245.428571428571
0 1.48379390465619 0.332151410695276 0.811820829241457 1.04329246423309 3652.36363636364 53 426.559263979196 259.060606060606 217.141414141414
0.0033112582781457 1.45384946913183 0.364317466089735 -0.0257913164654255 1.38714697057936 2943.9587628866 72.3917525773196 430.007364702038 190.288659793814 206.60824742268
0 1.42984921304583 0.366010209506683 -0.328058407947932 1.12322382111484 2814.48453608247 65.7422680412371 418.548042459608 167.690721649485 190.371134020619
0 1.51640472482901 0.365113868509799 0.394480353760506 1.28866844708804 4152.20408163265 79.3673469387755 425.340412000153 293.15306122449 241.571428571429
0 1.48319507307326 0.34536767558755 -0.199890260189114 1.10520744321135 3882.56565656566 82.8181818181818 416.971849593613 288.313131313131 226.616161616162
0.0033112582781457 1.42893327828497 0.366751999361441 -0.358428282663226 1.2076756099239 2730.04210526316 66.1473684210526 412.143705933591 173.757894736842 201.084210526316
0.0033112582781457 1.40532337031291 0.260403773284586 -0.12852545811693 1.41729404596955 3554.21875 97.34375 436.361706479841 223.677083333333 221.010416666667
0 1.48379390465619 0.332151410695276 0.811820829241457 1.04329246423309 3652.36363636364 53 426.559263979196 259.060606060606 217.141414141414
0 1.45205283818923 0.39669103267125 -0.696229166395725 1.02674252848513 2823.22222222222 66.3939393939394 422.520717810397 172.848484848485 195.575757575758
0 1.34551852743747 0.181569920363575 -0.400960442734755 1.44329697089872 3476.81914893617 115.021276595745 400.446346262643 211.563829787234 224.744680851064
0 1.34811663041535 0.231330818720767 -0.725938155049867 1.28521397191514 2839.32631578947 95.2 423.03394821428 162.378947368421 189.515789473684
0 1.47542933849618 0.308904784615152 0.223392045591027 1.78353521991521 3681.54166666667 102.947916666667 409.82764887506 261.916666666667 225.822916666667
0 1.39319796234784 0.268254973247728 0.284067529895375 1.58829544209256 2836.22448979592 72.2142857142857 416.896065365823 179.295918367347 194
0 1.51640472482901 0.365113868509799 0.394480353760506 1.28866844708804 4152.20408163265 79.3673469387755 425.340412000153 293.15306122449 241.571428571429
0.0033112582781457 1.36273182633102 0.215737443883225 -0.452606901480955 1.1263119118445 3556.03157894737 98.7789473684211 416.292409180401 214.736842105263 223.705263157895
0 1.43725252997705 0.246177637837095 0.316991721590272 1.47429134379737 3841.17204301075 91.5268817204301 401.97465166995 268.58064516129 237.247311827957
0.0033112582781457 1.49054449546979 0.388499813520695 -0.396978680061131 1.6064337535044 3801.8 116.7 454.892358781971 255.65 240.03
0.0033112582781457 1.37000818995129 0.249322392756369 -0.351669584884091 1.62196383973516 2393.98958333333 85.2708333333333 421.158748056912 134.03125 191.479166666667
0 1.41585868956077 0.317048093792858 0.114203435619002 1.11719633264384 2567.05319148936 51.436170212766 437.518547523747 161.574468085106 187.585106382979
0 1.43954135070986 0.292996642766899 0.0110040298722529 1.32953496930674 3830.73195876289 91.8969072164948 411.927304155507 260.319587628866 228.474226804124
0 1.45890021312787 0.325094186291368 0.0156946067385263 1.05367518122792 3829.5625 73.875 426.969121930052 267.541666666667 228.8125
0.0033112582781457 1.45463151110436 0.359424215816657 -0.625662440439673 1.61999905702681 3148.66326530612 114.581632653061 468.901691624202 183.551020408163 213.142857142857
0.0033112582781457 1.43046205404987 0.351026344259787 -0.389643008091442 1.5990434782058 2461.89795918367 82.6836734693878 445.333486157907 127.571428571429 190
0.0033112582781457 1.38672740220576 0.303462451128442 -0.710011316046319 1.46886496516657 2970.28571428571 106.494505494505 418.560460217359 184.373626373626 208.384615384615
0 1.30478024426718 0.146884029107963 0.126399985789974 1.1184142047747 2614.82222222222 60.0222222222222 396.482324958157 135.7 198.022222222222
0 1.4437115245121 0.329415629278696 -0.0952179511884715 1.34554052844048 3756.30927835052 92.1443298969072 426.950762468421 271.247422680412 221.041237113402
0.0033112582781457 1.44322191595566 0.384574154182337 -0.766382917296141 1.6552704276517 2651.32653061224 100.255102040816 440.353136686517 160.112244897959 198.5
0 1.34811663041535 0.231330818720767 -0.725938155049867 1.28521397191514 2839.32631578947 95.2 423.03394821428 162.378947368421 189.515789473684
0.0033112582781457 1.35446042045775 0.25126641772161 -0.658707901088652 1.13596185902937 2765.55319148936 82.7659574468085 436.592435939829 154.744680851064 201.36170212766
0 1.43725252997705 0.246177637837095 0.316991721590272 1.47429134379737 3841.17204301075 91.5268817204301 401.97465166995 268.58064516129 237.247311827957
0 1.39319796234784 0.268254973247728 0.284067529895375 1.58829544209256 2836.22448979592 72.2142857142857 416.896065365823 179.295918367347 194
0 1.44599713989957 0.333442151975777 -0.517081420077428 1.09127768784402 4151.54255319149 98.7340425531915 444.232923256514 287.712765957447 248.351063829787
0 1.48379390465619 0.332151410695276 0.811820829241457 1.04329246423309 3652.36363636364 53 426.559263979196 259.060606060606 217.141414141414
0 1.38357365452279 0.332090445766299 -0.824574983335956 1.04500865920715 2478.0505050505 67.0606060606061 420.812778364061 140.20202020202 191.191919191919
0 1.37223936568684 0.32207755645112 -0.778174264123933 1.79468274296737 2014.53125 86.9583333333333 425.058574658215 107.177083333333 182.4375
0 1.41100283563014 0.311891493088946 -0.252556769428727 1.21833497466791 3099.54545454545 76.5353535353535 412.397819319469 204.393939393939 204.909090909091
