0.00434782608695652 1.47050558673218 0.138569402950816 2.04703424987383 0.95 3554.23684210526 57.5526315789474 403.605473980867
0.00434782608695652 1.32691907854751 0.230470186634921 1.28796691040043 0.825 577.636363636364 7.78787878787879 188.303365925388
0.00434782608695652 1.63443851284683 0.234528239513747 3.22000744845718 1 3767.075 88.7 386.138407751142
0.00434782608695652 1.3132879097946 0.360042574768886 1.22150962019805 0.925 349.216216216216 4.51351351351351 159.138110715425
0.00434782608695652 1.3211798732169 0.149467343906872 2.4784414205933 0.875 773.685714285714 17.0857142857143 239.404575901842
0.00434782608695652 1.54087240844965 0.362775696720928 2.9794853432104 1 789.15 18.475 210.989272796863
0.00434782608695652 1.44098528437316 0.346083998074755 0.558142737718299 1 739.85 6.425 198.567825435401
0.00434782608695652 1.64844444049522 0.290468450728804 1.9996638330631 0.975 3573.53846153846 55.1794871794872 409.064740796203
0.00434782608695652 1.26135717313737 0.325999810174108 1.23021891375538 0.85 389.941176470588 4.67647058823529 162.810057626177
0.00434782608695652 1.64978216206655 0.372174757951871 2.99362761119846 0.975 1593.12820512821 35.1538461538462 306.172304836437
0.00434782608695652 1.54237315356731 0.241746376338415 3.51878740440588 0.975 2015.15384615385 50.7179487179487 338.916666926333
0.00434782608695652 1.31616604896262 0.286128377681598 1.52315988240298 0.925 449.351351351351 7.18918918918919 193.843869997001
0.00434782608695652 1.43245669351891 0.113691762695089 1.12181613233406 0.975 3845.41025641026 43.5641025641026 403.538601053124
0.00434782608695652 1.27317282715812 0.383323070057668 1.69960216002073 0.8 344.59375 5.78125 158.445786136677
0.00434782608695652 1.45718022827059 0.28757360058371 1.33042698784266 0.975 963.153846153846 12.9230769230769 234.407554005295
0.00434782608695652 1.45644956575707 0.341962548322044 1.71892657072749 0.975 710.589743589744 11.4615384615385 211.436420555715
0.00434782608695652 1.59347498118877 0.110331628355198 3.89849001052789 0.975 5341.10256410256 151.538461538462 303.073363791669
0.00434782608695652 1.54804405448958 0.181976572540589 2.86987135536037 0.95 4349.63157894737 94.4736842105263 411.759379955929
0.00434782608695652 1.38917898721993 0.384106156486087 1.68518321227748 0.975 486 6.82051282051282 172.877349209797
0.00434782608695652 1.26268528159708 0.206075739278458 1.85493255720939 0.975 460.923076923077 9.17948717948718 175.664274377999
0.00434782608695652 1.39277886403725 0.387990581803024 1.84308371692896 0.975 524.794871794872 8.43589743589744 194.363492844962
0.00434782608695652 1.46853504842147 0.377597042755224 3.70900834491476 1 574.1 15.8 204.390260707484
0.00434782608695652 1.34709319714457 0.315127251646481 1.72131112543866 0.95 409.973684210526 6.39473684210526 164.76611674298
0.00434782608695652 1.47171334028244 0.322891723923385 3.36894411512185 0.975 745.179487179487 19.974358974359 200.228873258793
0.00434782608695652 1.59786290600896 0.110759540298022 1.27008541196119 0.975 5562.25641025641 67.7948717948718 226.870404050122
0.00434782608695652 1.3967892838642 0.191708932607435 3.0474066012539 0.95 976.605263157895 24.7105263157895 254.728619963966
0.00434782608695652 1.52989150648937 0.373018278041855 3.4596091338899 1 706.075 18.5 208.392639413979
0.00434782608695652 1.56141785606742 0.220253028464504 2.51881630602293 1 3138.8 59.35 416.692390792079
0.00434782608695652 1.2805437784642 0.361892455210909 3.84700007457286 0.85 323.558823529412 9.88235294117647 148.370623562257
0.00434782608695652 1.45221243193373 0.377309909136966 0.970797364600003 0.925 746.891891891892 8.35135135135135 206.1164248831
0.00434782608695652 1.34549480127171 0.246988786617294 2.15921033872291 0.925 474.486486486487 8.64864864864865 194.545611923271
0.00434782608695652 1.42399766361341 0.111774688027799 2.75515855313279 0.85 2796 61.9117647058824 440.181892788111
0.00434782608695652 1.53622688008472 0.205500016384758 3.81294862087816 0.975 2224.28205128205 59.7692307692308 332.435374005068
0.00434782608695652 1.54724260289222 0.115235776104964 3.93127673305571 0.925 4732.64864864865 136.621621621622 388.873103361211
0.00434782608695652 1.33712898101658 0.110858800611459 1.41246352903545 0.9 1258.38888888889 16.6111111111111 255.872236944507
0.00434782608695652 1.53816631436348 0.17436825435143 1.32220527040772 0.975 4496.89743589744 52.5128205128205 344.675821517186
0.00434782608695652 1.25840473715216 0.179386188322678 2.92130566819105 0.85 445.617647058824 12.1470588235294 168.217311034814
0.00434782608695652 1.26386775644496 0.118835838860832 1.89197132154368 0.925 599.135135135135 10.2702702702703 198.697323425936
0.00434782608695652 1.44601136995479 0.289314624271356 3.03191509295721 0.95 986.605263157895 22.6578947368421 254.957155952299
0.00434782608695652 1.28070631697774 0.226433824165724 3.9080434005009 0.925 391.513513513513 14.5405405405405 167.316418687351
0.00434782608695652 1.57552231336012 0.167130316887051 2.2140980703989 1 4914.7 83.95 326.104658412623
0.00434782608695652 1.25453607719392 0.17758068908006 2.09109570155852 0.85 419.117647058824 8.32352941176471 176.812281687041
0.00434782608695652 1.54639067528769 0.397198003530502 1.66271731129382 1 769.25 11.325 219.351467962975
0.00434782608695652 1.62791656218469 0.388556025968865 3.6474712487543 1 1224.375 31.875 256.194338010194
0.00434782608695652 1.44708633404225 0.335480643366464 3.31091666477732 0.95 645.578947368421 15.9736842105263 180.640767402556
0.00434782608695652 1.52110704947263 0.274383273581043 1.65733830572572 1 1674.225 24.275 311.768499775571
0.00434782608695652 1.25052586263046 0.119740589242429 0.800831710686907 0.95 593.263157894737 6.05263157894737 200.723532382147
0.00434782608695652 1.25524388672784 0.200723687279969 0.917425107792951 0.975 425.48717948718 4.94871794871795 168.428292896562
0.00434782608695652 1.48743817815557 0.111193802719936 0.533501271507703 0.975 4676.82051282051 37.5128205128205 346.216637062039
0.00434782608695652 1.31463845036924 0.34956969646737 3.18394964013714 0.85 371.264705882353 10.1176470588235 161.634670459821
0.00434782608695652 1.35911212656647 0.156448989664204 1.29016642167699 0.825 1027.06060606061 14.6363636363636 254.346122269363
0.00434782608695652 1.27478814702481 0.117970072291791 1.0185455463361 0.975 674.717948717949 7.76923076923077 209.758969968106
0.00434782608695652 1.27919515436515 0.112865767558105 2.32861445308663 0.925 605.297297297297 14.4864864864865 199.398445464332
0.00434782608695652 1.56569259576499 0.308426004438661 0.73301616567187 1 1422.375 12.15 308.596095080986
0.00434782608695652 1.25718309860677 0.232647527009249 1.05160729109775 0.85 504.735294117647 5.85294117647059 171.118149710555
0.00434782608695652 1.53754404634237 0.311182549758814 3.5982920670649 0.95 1127.15789473684 31.1842105263158 255.441437718786
0.00434782608695652 1.38010440608487 0.391264469991438 3.94687093188986 0.95 381.236842105263 10.6315789473684 161.682543831613
0.00434782608695652 1.26567388707772 0.368071386427619 3.37839702947531 0.925 330.027027027027 9.78378378378378 147.068153670728
0.00434782608695652 1.5396978771314 0.186676041339524 2.25682011607569 0.975 3772.94871794872 68.7435897435897 388.432756676314
0.00434782608695652 1.42133880052716 0.283004804817028 3.7413961092243 0.95 657.578947368421 21.1842105263158 211.167532793852
0.00434782608695652 1.34604930309579 0.181564550171606 3.07251276262105 0.9 592.222222222222 15.4722222222222 205.548853726556
0.00434782608695652 1.55061834920198 0.379177576256916 2.11955596168991 0.975 962.153846153846 17.6666666666667 235.714536620188
0.00434782608695652 1.59427647069097 0.193610925856046 1.22813654702622 0.925 5326.35135135135 63.3243243243243 347.933326440022
0.00434782608695652 1.61833098689094 0.115821065264754 1.93904400872998 1 5561.25 86 234.309670424504
0.00434782608695652 1.4325364860706 0.22475807426963 2.84623708110303 0.975 1027.69230769231 25.8205128205128 239.928728408465
0.00434782608695652 1.55276163201779 0.373495394340716 3.36983230046462 0.975 990.333333333333 23.8974358974359 227.399939075663
0.00434782608695652 1.2874599410221 0.15337182439398 2.7477510307217 0.875 830.257142857143 20.0285714285714 230.359761035146
0.00434782608695652 1.59971319753677 0.27769400512334 1.41851267276797 0.975 3419.61538461538 42.2564102564103 443.459006504712
0.00434782608695652 1.60350090563297 0.156306803878397 2.21103443799075 0.975 5666.66666666667 99.4358974358974 293.508059489322
0.00434782608695652 1.25392819484696 0.208130212966353 2.04756591818295 0.875 328.8 6.2 169.734070069964
0.00434782608695652 1.30029168855399 0.28730936429929 1.55850966100115 0.95 346.815789473684 5.78947368421053 170.678448404813
0.00434782608695652 1.34585489127785 0.20758892907761 3.62518644379452 0.925 547.189189189189 16.5675675675676 190.166909405655
0.00434782608695652 1.64625090602785 0.319726359238848 3.97475830896292 1 2611.1 68.7 381.158602320028
0.00434782608695652 1.46591574484482 0.230140528548509 3.87635785969906 0.95 1228.60526315789 37.0526315789474 276.3168170586
0.00434782608695652 1.30932785728946 0.119947916734964 0.584880208130926 0.95 1135.18421052632 8.81578947368421 288.109741522664
0.00434782608695652 1.49496929673478 0.30898262441624 3.30399660521653 0.975 885.307692307692 21.5897435897436 225.253625721989
0.00434782608695652 1.3050921135582 0.147935446817428 3.96091757540125 0.875 616.714285714286 22.2571428571429 194.826414058845
0.00434782608695652 1.4094582782127 0.156373544852249 2.17204884393141 0.925 1578.51351351351 30.4594594594595 333.150599474669
0.00434782608695652 1.46769360909238 0.198447394208051 3.99975707777776 0.975 1136.38461538462 36.1538461538462 262.349515648021
0.00434782608695652 1.46111273439601 0.140120352455415 2.03489023714792 0.975 3252.64102564103 55.6666666666667 405.637984685937
0.00434782608695652 1.49831757592037 0.16087372363545 0.96959420456551 0.95 3904.42105263158 39.5789473684211 377.186094035547
0.00434782608695652 1.56073359921575 0.290784954605624 1.48747703817207 0.975 2280.07692307692 30.1025641025641 376.137195883011
0.00434782608695652 1.32650378243998 0.179661015979946 2.35783077520318 0.9 655.277777777778 13.8888888888889 203.87509669693
0.00434782608695652 1.52394436160102 0.214985018107109 3.84245799423661 1 2005.625 57.55 340.800727110714
0.00434782608695652 1.29734263224527 0.111730016604997 2.26576761517208 0.8 743.5 15 217.246553386387
0.00434782608695652 1.4813930220902 0.35179117238149 2.7905574135948 0.975 748.871794871795 18.4871794871795 205.377778937096
0.00434782608695652 1.62781133595854 0.25349728888832 0.797223707195371 1 4714.025 42.55 396.58572123345
0.00434782608695652 1.64790820376948 0.220433235960081 3.63476203836035 1 4646.575 117.825 402.957415641822
0.00434782608695652 1.60074336482212 0.188945439388044 0.964071684051305 0.975 5199.71794871795 52.3076923076923 306.789753032156
0.00434782608695652 1.3563643630594 0.101718262839131 3.36860637518112 0.9 1185.44444444444 33.6944444444444 270.301162161291
0.00434782608695652 1.31986467158422 0.352924165618606 1.08349258359522 0.95 428.947368421053 5.5 169.252289302321
0.00434782608695652 1.55560777401552 0.25568142621778 1.45439856173471 0.975 2395.76923076923 32.2564102564103 346.647448228037
0.00434782608695652 1.38728125430644 0.311522602033801 2.57037355413195 0.9 612.583333333333 12.0277777777778 191.265976753241
0.00434782608695652 1.43775161504745 0.200912981666625 3.88743100035936 0.95 1013.15789473684 31.3947368421053 253.392162490007
0.00434782608695652 1.50833675349131 0.158890350768343 1.75013134803157 1 4353.05 63.875 353.531668100894
0.00434782608695652 1.45520723285154 0.364899022155441 1.0343364784494 0.95 707.894736842105 7.65789473684211 215.713063978747
0.00434782608695652 1.34218463897705 0.14889657353051 2.65021400665864 0.875 768.2 16.7714285714286 237.210713349103
0.00434782608695652 1.450654577557 0.156435666419566 1.92700198409148 0.975 2009.05128205128 33.7948717948718 339.111409081404
0.00434782608695652 1.48295521875843 0.192678719502874 2.18337974057067 0.95 2610.63157894737 44.5526315789474 405.793280157947
0.00434782608695652 1.62575791692361 0.113812164473347 2.37201605399605 0.975 5741.87179487179 110.076923076923 242.679341196567
0.00434782608695652 1.42706431290135 0.371909640869126 3.58364833611995 0.95 579.789473684211 16.9473684210526 198.942082574749
0.00434782608695652 1.31529644653201 0.325657229707576 1.91045520757325 0.95 431.026315789474 7.81578947368421 161.283430670873
0.00434782608695652 1.47278107739985 0.124050784576684 0.907990073319525 0.975 4155.82051282051 39.9487179487179 395.400488029602
0.00434782608695652 1.62007702449337 0.363653272204101 1.07122669415548 1 1512.8 17.475 300.936501334734
0.00434782608695652 1.46262556053698 0.378937650495209 1.64000597817358 0.95 683.526315789474 9.8421052631579 202.830194772088
0.00434782608695652 1.31431785235181 0.384912375360727 2.11824967025314 0.925 356.513513513513 7.7027027027027 153.70337309919
0.00434782608695652 1.33830835493281 0.100605769781396 2.66717411146965 0.95 934.552631578947 22.1842105263158 235.083551470698
0.00434782608695652 1.4110023688525 0.370009783189744 2.2705869456986 1 432.575 8.675 168.471612030257
0.00434782608695652 1.5405948324129 0.108245984464884 1.82794624590315 0.975 5079.74358974359 78.3076923076923 269.584507231493
0.00434782608695652 1.4046978648752 0.201346217584796 1.77551147958729 0.95 1249.42105263158 19 270.588130119122
0.00434782608695652 1.50550238788128 0.109874298237264 2.93667405948509 1 4334.45 93.475 306.016919587178
0.00434782608695652 1.57622566986829 0.252226856048219 0.894074190640822 1 3360.7 33.65 408.056860101178
0.00434782608695652 1.61252932045609 0.224001685949042 2.15814525738824 1 4686.275 76.75 389.778064832055
0.00434782608695652 1.53548567201942 0.172561363154091 1.54874219652265 1 4467.1 62 392.691971945076
0.00434782608695652 1.53179152859375 0.331502484413795 0.548441191902384 0.975 1338.74358974359 10.8205128205128 280.901840262294
0.00434782608695652 1.47052558138967 0.295738357142545 3.76081247814 0.975 923.102564102564 27.9230769230769 228.150299343663
0.00434782608695652 1.52615668205544 0.176130141713656 1.93863429536577 0.975 3964.92307692308 63.974358974359 378.059829192426
0.00434782608695652 1.29915644526482 0.139589966717176 2.74041302886326 0.875 754.685714285714 18.8285714285714 228.209183878611
0.00434782608695652 1.38856937289238 0.226826981385238 3.78793108148966 0.9 597.861111111111 19.6111111111111 223.482824125878
0.00434782608695652 1.40355569235981 0.168575539300218 2.91597540059593 0.95 1009.28947368421 24.7368421052632 252.065729693705
0.00434782608695652 1.25394316697493 0.305839268304408 3.27086108608637 0.85 274.941176470588 8.88235294117647 148.552054525146
0.00434782608695652 1.45299739548936 0.192422874690965 3.08024297037628 0.95 1452.81578947368 35.0789473684211 298.875001897434
0.00434782608695652 1.3718860973604 0.332412610528991 0.89239773247391 0.975 420.358974358974 4.23076923076923 177.886578848102
0.00434782608695652 1.56909747999161 0.247300350200385 3.41521361179184 0.95 2684.10526315789 66.1578947368421 379.481306407029
0.00434782608695652 1.55336926197633 0.370643968251534 1.47454004571773 1 1151.55 14.9 239.205574905183
0.00434782608695652 1.42827713992447 0.181604720721953 1.65471413976047 0.975 1995.28205128205 30.1282051282051 305.241381931026
0.00434782608695652 1.59544026153162 0.132957386015914 1.90789914911147 1 5574.925 88.025 276.497255934757
0.00434782608695652 1.41243003746495 0.230943776457571 1.11950033705216 0.975 863.051282051282 9.7948717948718 256.625152729275
0.00434782608695652 1.35629208004102 0.297865004045889 3.35619426693302 0.925 614.837837837838 17.0810810810811 190.64356805184
0.00434782608695652 1.41847373787314 0.14801929127425 1.51013544551097 0.9 1619.08333333333 21.2222222222222 313.728881730931
0.00434782608695652 1.57085160333663 0.14927370455116 3.26427457295358 1 5181.825 117.65 401.82779272277
0.00434782608695652 1.45968598797917 0.196010500798002 1.46311980753671 0.975 2191.58974358974 30.4871794871795 369.069849354386
0.00434782608695652 1.57075921529904 0.131207329360768 3.43342793302145 0.975 5034.10256410256 123.051282051282 294.637486079934
0.00434782608695652 1.28170514944941 0.315269220131449 3.52616239327472 0.875 360.771428571429 11.1714285714286 157.257856148017
0.00434782608695652 1.64142328323796 0.174737862264738 0.587012416217476 1 5401.075 41.9 219.652701395729
0.00434782608695652 1.33919129278511 0.136607649875805 1.8483379870886 0.875 1085.65714285714 19.4857142857143 265.667070598203
0.00434782608695652 1.28373218979686 0.184774569934234 2.48303860577289 0.95 437.815789473684 9.57894736842105 171.729756718706
0.00434782608695652 1.38141692094505 0.383042404823937 1.82056229875889 0.95 402.263157894737 6.94736842105263 166.713221086927
0.00434782608695652 1.63132624495775 0.181975860288367 2.90565554634668 1 4907 103.65 317.254749510215
0.00434782608695652 1.30479672178626 0.343063231487759 3.16911642206833 0.9 340.972222222222 8.72222222222222 160.966504747018
0.00434782608695652 1.42696193354204 0.237002708367072 2.88159281096887 0.925 1061.59459459459 26.4324324324324 253.905751992723
0.00434782608695652 1.27975916359574 0.293988722516224 3.26469939062372 0.95 345.815789473684 10.1578947368421 153.991888837357
0.00434782608695652 1.3393266026862 0.112283197138458 1.84626927168574 0.95 1165.26315789474 20.0263157894737 262.388325898749
0.00434782608695652 1.38763686157763 0.233910607662983 1.85391609324142 0.975 936.128205128205 16.3589743589744 237.120642721563
0.00434782608695652 1.61732716616243 0.152205263031647 1.02454696828499 0.95 5185 55.0789473684211 261.805415986722
0.00434782608695652 1.49527969155461 0.105172999599017 0.731386695057154 1 4787.775 41.85 332.630982784529
0.00434782608695652 1.56153561659157 0.380696838116273 1.22521448845509 0.95 1156.94736842105 14.1578947368421 255.473984824111
0.00434782608695652 1.50733726276085 0.199413872556761 3.84397556830663 0.975 2126.64102564103 61.3589743589744 375.181447786225
0.00434782608695652 1.57687566280365 0.322082842956297 1.27947091881651 0.975 1954.4358974359 22.8205128205128 316.698635761799
0.00434782608695652 1.26828988660127 0.209957973775454 3.09487558761612 0.925 434.945945945946 11.5675675675676 163.723667152428
0.00434782608695652 1.62340249996632 0.301962984958664 2.95474987581838 1 2634.4 58.775 371.64725117984
0.00434782608695652 1.58905016314238 0.311846996494569 3.50582715857308 1 1579.475 41.5 302.12935740802
0.00434782608695652 1.42825779644772 0.30299049760215 0.947386739193462 0.975 784.205128205128 8.43589743589744 213.00082084953
0.00434782608695652 1.54446861408651 0.120173544506542 1.48280024388805 0.975 5470.84615384615 72.1282051282051 304.416870110509
0.00434782608695652 1.41464707348496 0.383027499145828 3.92069886613172 0.925 426.432432432432 11.7837837837838 176.379704075517
0.00434782608695652 1.26554663404822 0.27631833315827 0.605040870141238 0.975 385.25641025641 2.94871794871795 169.188542730677
0.00434782608695652 1.4761124833487 0.129468169249594 2.70601776009426 0.9 3936.27777777778 83.8333333333333 404.02504646273
0.00434782608695652 1.57740073380992 0.205012498912402 0.968942862236872 0.975 4425.94871794872 44.8461538461538 348.695703840096
0.00434782608695652 1.28237735135481 0.205132994288579 3.98695124627557 0.9 413.333333333333 16.0833333333333 182.820111864501
0.00434782608695652 1.46318752430379 0.200769214145839 1.59982125216629 1 2017.675 28.575 342.551337684527
0.00434782608695652 1.40304882414639 0.105563922342844 0.62788690906018 0.95 3272.89473684211 27.2368421052632 396.99780001848
0.00434782608695652 1.60140531761572 0.220619207131676 2.14283375965897 1 5005.95 81.275 381.563753767383
0.00434782608695652 1.41093460405245 0.310627030744217 1.89707562839612 0.95 666.921052631579 11.9736842105263 190.254913543362
0.00434782608695652 1.45078332908452 0.111092125205323 1.54291507182643 0.975 3673.33333333333 51.5128205128205 439.690286028769
0.00434782608695652 1.63513679271564 0.380529071390629 3.86384712078143 1 1142.275 30.2 273.441401953184
0.00434782608695652 1.56703814566135 0.326433157850988 0.730883205425926 1 1953.625 18.05 350.661472043757
0.00434782608695652 1.30420191166922 0.13707981267944 3.16890351288021 0.9 770.5 22.7777777777778 218.058173105566
0.00434782608695652 1.61138628637418 0.220797727070749 1.13897052733228 1 4156.3 45.1 328.354418847034
0.00434782608695652 1.39982608761638 0.251862603193149 3.6972593764076 0.95 557.447368421053 16.6315789473684 196.017153719624
0.00434782608695652 1.28065807241946 0.132923657167703 3.13993527868297 0.8 679.15625 19.5 219.973042138253
0.00434782608695652 1.37183951027691 0.317142896936275 1.31315510114655 0.925 620.702702702703 7.91891891891892 184.806820391364
0.00434782608695652 1.40738354679197 0.25236381907016 3.78970902902074 0.95 779.736842105263 24.9473684210526 205.595135910622
0.00434782608695652 1.2731500682421 0.191429711366072 1.34323415416293 0.85 538.235294117647 7.88235294117647 187.958446841761
0.00434782608695652 1.40408137403429 0.32889500670135 3.52626449544914 0.95 588.710526315789 16.7105263157895 181.23122213315
0.00434782608695652 1.52164448602125 0.303028811630793 1.07768381794449 1 1519.425 17.85 336.472383223531
0.00434782608695652 1.57114697173238 0.313598029431887 3.75046081154142 0.975 1455.74358974359 40.9487179487179 302.44531387603
0.00434782608695652 1.25299784196541 0.278899496025406 1.78360988281202 0.875 370.142857142857 6.37142857142857 161.406229929397
0.00434782608695652 1.54678686214611 0.32862621715758 1.41253035713453 1 1235.65 16.025 273.410585542565
0.00434782608695652 1.35197435254231 0.303652242990211 2.19918231852353 0.875 436.057142857143 8.57142857142857 175.295083933537
0.00434782608695652 1.40143381208181 0.116664394806139 3.6465906444937 0.85 1769.23529411765 50.7647058823529 309.648201527966
0.00434782608695652 1.57068932550028 0.24430391502101 0.612450657179579 0.95 3971.78947368421 32.6315789473684 414.374792018177
0.00434782608695652 1.45480272490531 0.21193038164638 2.24500089685898 1 1432.55 25.675 273.173074467571
0.00434782608695652 1.40970629472286 0.106284083379433 2.33501159970183 0.95 2773.52631578947 51.2368421052632 401.831600186313
0.00434782608695652 1.31415953990072 0.161534270551056 3.91329350485466 0.875 663.542857142857 23.2285714285714 195.409057820739
0.00434782608695652 1.63654195005074 0.328021096694283 0.767296862555668 1 3190.125 27.475 444.523962618116
0.00434782608695652 1.45632955040783 0.28009155835025 2.0295843181666 1 1035.05 15.975 285.727785794194
0.00434782608695652 1.25065690446645 0.230665455432609 2.25337319122627 0.875 396.571428571429 9.77142857142857 168.995299153185
0.00434782608695652 1.51784188244492 0.308457132033072 3.23878610029351 1 1000.625 25.2 240.310090360795
0.00434782608695652 1.30560913821682 0.148973703174852 3.15840018552262 0.875 683.485714285714 17.7142857142857 251.772326017861
0.00434782608695652 1.42748144697398 0.288900649128482 0.865795011050068 0.925 776.27027027027 7.13513513513514 225.333400598243
0.00434782608695652 1.58421955890954 0.200184808578342 1.19831716013141 1 5320.85 60.475 360.648329333297
0.00434782608695652 1.52781819058582 0.149763628817163 0.758873663377017 0.95 4718.84210526316 42.6578947368421 332.044129377204
0.00434782608695652 1.26529447538778 0.353806064976379 1.80741869064514 0.975 343.461538461538 4.92307692307692 152.691473876711
0.00434782608695652 1.60228427890688 0.127095331740566 2.23567593924236 1 5591.425 101.225 250.492365052103
0.00434782608695652 1.55172909442335 0.281767243915238 2.34944478794932 1 2029.625 36.4 329.516284894884
0.00434782608695652 1.61408267309889 0.395718671171926 1.47909896692727 0.975 1383.58974358974 18.0512820512821 285.827585639911
0.00434782608695652 1.29939667787403 0.152313713193871 3.58467339165509 0.95 518.473684210526 17.4210526315789 196.560808668104
0.00434782608695652 1.29985130885616 0.18969067139551 1.07657123974059 0.95 517.684210526316 6.42105263157895 211.607547965657
0.00434782608695652 1.27904381779954 0.171524194628 3.00833311863244 0.85 581.558823529412 15.7647058823529 189.764967402803
0.00434782608695652 1.50800839671865 0.122762489970773 1.10448122723028 1 4723.075 52.05 340.354081284184
0.00434782608695652 1.3082681431435 0.217570355301723 1.31110784795601 0.875 602.314285714286 7.85714285714286 202.929403375388
0.00434782608695652 1.47455192916095 0.275056055979803 0.845657683908939 0.95 1161.52631578947 11.6052631578947 292.215413383942
0.00434782608695652 1.31356661655009 0.376619621203281 3.50807401677594 0.925 369.648648648649 9.83783783783784 170.255071496773
0.00434782608695652 1.6128795013763 0.134580686921254 0.624387319199741 1 5154.225 41.3 235.885643321077
0.00434782608695652 1.48430175501853 0.194250479456969 2.44911245955154 0.95 1885.57894736842 36.6842105263158 322.150071728958
0.00434782608695652 1.39179816618562 0.142980493488722 2.48497411969583 0.975 1736.33333333333 36.025641025641 320.853136998135
0.00434782608695652 1.38363946313038 0.136120357178152 1.39549013471697 0.95 1394.23684210526 19.1315789473684 327.358842404728
0.00434782608695652 1.39135412657633 0.349395978800021 3.24128370790277 0.9 613.527777777778 16.8333333333333 195.416794414601
0.00434782608695652 1.62606088295579 0.351759709510952 1.02144756715279 1 1855.175 18.225 345.968693962243
0.00434782608695652 1.48627043403685 0.347188780200668 2.7115987787256 0.975 747.692307692308 18.1538461538462 216.38107663028
0.00434782608695652 1.43797198459506 0.177622271073051 0.586031227954663 0.975 2130.84615384615 17.5384615384615 330.787902645703
0.00434782608695652 1.38152325106785 0.167456045327708 3.57066143793054 0.975 1090.79487179487 31.0769230769231 277.103207277919
0.00434782608695652 1.52106168027967 0.257779991091229 2.45190332375932 1 2005.075 38.6 330.937872770175
0.00434782608695652 1.34898866936564 0.102189031243324 3.82117252307944 0.975 1186.15384615385 36.974358974359 288.085303404163
0.00434782608695652 1.53766005542129 0.183797363378108 3.10323999612592 1 3899.375 89.85 407.173893618301
0.00434782608695652 1.5982993603684 0.214111037552357 3.01806630566716 1 4492.85 101.25 415.740253143671
0.00434782608695652 1.34584268415347 0.294329462246969 3.91484766255599 0.875 535.371428571429 20.4571428571429 188.095071456242
0.00434782608695652 1.40119952317327 0.239243238582276 3.34303703519981 0.95 874.105263157895 23.2105263157895 224.672453133715
0.00434782608695652 1.44776324527338 0.115092706796713 0.957176092080772 1 4056.35 41.65 450.525473765899
0.00434782608695652 1.31457532644272 0.126835947949439 1.91264930868056 0.825 894.969696969697 15.4848484848485 236.588903180489
0.00434782608695652 1.27554394714534 0.268601776729338 1.67783437785693 0.9 376.722222222222 6.22222222222222 171.347389502191
0.00434782608695652 1.46625691242516 0.373969366587699 1.85408265702426 1 761.875 12.125 210.886264931218
0.00434782608695652 1.63410686561838 0.215405977400951 3.79560692759696 0.975 4325.89743589744 113.589743589744 376.212919050431
0.00434782608695652 1.52225426286459 0.370792706101202 1.38828972994816 1 880.55 11.25 224.901667906978
0.00434782608695652 1.41243885178119 0.10427458405029 0.886567279696465 0.975 3164.79487179487 32.7948717948718 376.683725558641
0.00434782608695652 1.45061511676759 0.211457994417287 3.32070444000419 0.95 1355.57894736842 34.5526315789474 262.062762435761
0.00434782608695652 1.25316913742572 0.350953617761843 1.81893712759484 0.925 276.027027027027 4.59459459459459 153.645117687464
0.00434782608695652 1.40409941328689 0.385459172655828 2.16485983808525 0.925 503.675675675676 8.86486486486486 176.384329685312
0.00434782608695652 1.47083751773462 0.380414897506125 3.52202689624391 0.95 637.026315789474 17.5789473684211 182.932683167269
0.00434782608695652 1.35396579373628 0.306309950374998 2.06767536164261 0.95 521.236842105263 9.36842105263158 173.827390949051
