0.00434782608695652 1.56892772216939 0.194538506772603 3.59238588809862 1 3171.475 76.35 387.142379861057
0.00434782608695652 1.56083090680815 0.220877854777583 3.42984016498383 1 2759.4 68.15 403.421067186898
0.00434782608695652 1.59340488102517 0.239346236615174 2.76012162380611 1 3186.275 64.5 412.286507837842
0.00434782608695652 1.58287562643351 0.212893241606405 3.30349498751068 1 3659.9 84.825 448.132629533617
0.00434782608695652 1.51056268498432 0.169762293695815 3.72018548284834 1 2943.075 80.625 412.496358540217
0.00434782608695652 1.60080773767284 0.263217510947746 3.24257264029069 1 2809.2 65.85 400.738468868448
0.00434782608695652 1.60080773767284 0.263217510947746 3.24257264029069 1 2809.2 65.85 400.738468868448
0.00434782608695652 1.55388825398748 0.209935183808776 3.72536913433016 0.975 2852.58974358974 74.6153846153846 402.245115231346
0.00434782608695652 1.59252146738079 0.260039724360783 3.41183663510675 1 2365.8 59.45 401.860127310758
0.00434782608695652 1.45417614967406 0.123846266464465 3.87323931933437 0.975 2243.46153846154 66.8461538461538 386.027900495501
0.00434782608695652 1.60621614551409 0.240364647200016 3.69690741219065 1 3365.025 86.15 426.118343401317
0.00434782608695652 1.61658574076079 0.275153308789958 2.67074563935684 1 3384.275 64.8 449.755097355314
0.00434782608695652 1.62216021888372 0.283227940565209 3.25918047880139 0.975 3020.12820512821 71.3589743589744 405.509969149614
0.00434782608695652 1.55676395142193 0.181852081706846 3.23837879985643 1 3691.35 89.225 430.448094263323
0.00434782608695652 1.64090014557926 0.258279279197917 3.65026500514952 1 3574.1 89.25 449.967068420703
0.00434782608695652 1.56892772216939 0.194538506772603 3.59238588809862 1 3171.475 76.35 387.142379861057
0.00434782608695652 1.60080773767284 0.263217510947746 3.24257264029069 1 2809.2 65.85 400.738468868448
0.00434782608695652 1.53090461148339 0.186395999331115 2.8866273544061 1 3347.2 71.15 393.433027393858
0.00434782608695652 1.52022398514075 0.194779511508496 3.60015133788688 0.975 2702.15384615385 72.1538461538462 388.135155454581
0.00434782608695652 1.60080773767284 0.263217510947746 3.24257264029069 1 2809.2 65.85 400.738468868448
0.00434782608695652 1.59252146738079 0.260039724360783 3.41183663510675 1 2365.8 59.45 401.860127310758
0.00434782608695652 1.60495905948585 0.275512721891517 2.49946770504536 0.975 3068.89743589744 58.3589743589744 447.929006499402
0.00434782608695652 1.61658574076079 0.275153308789958 2.67074563935684 1 3384.275 64.8 449.755097355314
0.00434782608695652 1.52022398514075 0.194779511508496 3.60015133788688 0.975 2702.15384615385 72.1538461538462 388.135155454581
0.00434782608695652 1.59252146738079 0.260039724360783 3.41183663510675 1 2365.8 59.45 401.860127310758
0.00434782608695652 1.59340488102517 0.239346236615174 2.76012162380611 1 3186.275 64.5 412.286507837842
0.00434782608695652 1.52022398514075 0.194779511508496 3.60015133788688 0.975 2702.15384615385 72.1538461538462 388.135155454581
0.00434782608695652 1.55676395142193 0.181852081706846 3.23837879985643 1 3691.35 89.225 430.448094263323
0.00434782608695652 1.53090461148339 0.186395999331115 2.8866273544061 1 3347.2 71.15 393.433027393858
0.00434782608695652 1.45417614967406 0.123846266464465 3.87323931933437 0.975 2243.46153846154 66.8461538461538 386.027900495501
0.00434782608695652 1.6332578553292 0.289619945396972 3.5040416246008 1 3089.4 73.6 392.23373672145
0.00434782608695652 1.58181139253874 0.227855954069521 3.70924842136372 1 2652.2 68.825 395.980274808388
0.00434782608695652 1.54846264086128 0.193878730182967 2.97475205750327 1 3349.975 75.65 435.008033235679
0.00434782608695652 1.52022398514075 0.194779511508496 3.60015133788688 0.975 2702.15384615385 72.1538461538462 388.135155454581
0.00434782608695652 1.61194527378965 0.284015683972418 3.79571693591056 1 2381.425 66.5 391.025212123216
0.00434782608695652 1.59335232962777 0.245007087490661 3.21802528445886 0.975 3369.4358974359 77.8205128205128 414.558375459228
0.00434782608695652 1.59340488102517 0.239346236615174 2.76012162380611 1 3186.275 64.5 412.286507837842
0.00434782608695652 1.59252146738079 0.260039724360783 3.41183663510675 1 2365.8 59.45 401.860127310758
0.00434782608695652 1.52022398514075 0.194779511508496 3.60015133788688 0.975 2702.15384615385 72.1538461538462 388.135155454581
0.00434782608695652 1.54846264086128 0.193878730182967 2.97475205750327 1 3349.975 75.65 435.008033235679
0.00434782608695652 1.57249827700256 0.226319657322927 3.7691608265075 0.975 3019.20512820513 80.8974358974359 443.525187425039
0.00434782608695652 1.52022398514075 0.194779511508496 3.60015133788688 0.975 2702.15384615385 72.1538461538462 388.135155454581
0.00434782608695652 1.62497520550069 0.292605052688225 2.86525765714748 1 3198.025 66.4 395.308885519558
0.00434782608695652 1.52546750028737 0.196330733948054 3.26071402368186 0.975 3532.5641025641 88.7948717948718 431.571685810331
0.00434782608695652 1.6332578553292 0.289619945396972 3.5040416246008 1 3089.4 73.6 392.23373672145
0.00434782608695652 1.59252146738079 0.260039724360783 3.41183663510675 1 2365.8 59.45 401.860127310758
0.00434782608695652 1.59252146738079 0.260039724360783 3.41183663510675 1 2365.8 59.45 401.860127310758
0.00434782608695652 1.60615519385698 0.250321335407477 3.21310902426638 0.975 2883.94871794872 66.2564102564103 395.277187424969
0.00434782608695652 1.59340488102517 0.239346236615174 2.76012162380611 1 3186.275 64.5 412.286507837842
0.00434782608695652 1.52022398514075 0.194779511508496 3.60015133788688 0.975 2702.15384615385 72.1538461538462 388.135155454581
0.00434782608695652 1.45417614967406 0.123846266464465 3.87323931933437 0.975 2243.46153846154 66.8461538461538 386.027900495501
0.00434782608695652 1.63516245486986 0.28686699002028 3.58130428843709 1 2936.075 72.675 407.481398095391
0.00434782608695652 1.59252146738079 0.260039724360783 3.41183663510675 1 2365.8 59.45 401.860127310758
0.00434782608695652 1.59252146738079 0.260039724360783 3.41183663510675 1 2365.8 59.45 401.860127310758
0.00434782608695652 1.60080773767284 0.263217510947746 3.24257264029069 1 2809.2 65.85 400.738468868448
0.00434782608695652 1.45417614967406 0.123846266464465 3.87323931933437 0.975 2243.46153846154 66.8461538461538 386.027900495501
0.00434782608695652 1.45417614967406 0.123846266464465 3.87323931933437 0.975 2243.46153846154 66.8461538461538 386.027900495501
0.00434782608695652 1.56892772216939 0.194538506772603 3.59238588809862 1 3171.475 76.35 387.142379861057
0.00434782608695652 1.64380304393819 0.265701397757127 3.31154975502827 1 3782.675 86.65 430.227683452804
0.00434782608695652 1.57500587885713 0.208035481148292 3.52798724296624 0.975 3049.23076923077 76.0769230769231 440.098093685724
0.00434782608695652 1.55676395142193 0.181852081706846 3.23837879985643 1 3691.35 89.225 430.448094263323
0.00434782608695652 1.53090461148339 0.186395999331115 2.8866273544061 1 3347.2 71.15 393.433027393858
0.00434782608695652 1.56083090680815 0.220877854777583 3.42984016498383 1 2759.4 68.15 403.421067186898
0.00434782608695652 1.61658574076079 0.275153308789958 2.67074563935684 1 3384.275 64.8 449.755097355314
0.00434782608695652 1.55676395142193 0.181852081706846 3.23837879985643 1 3691.35 89.225 430.448094263323
0.00434782608695652 1.6332578553292 0.289619945396972 3.5040416246008 1 3089.4 73.6 392.23373672145
0.00434782608695652 1.45417614967406 0.123846266464465 3.87323931933437 0.975 2243.46153846154 66.8461538461538 386.027900495501
0.00434782608695652 1.57500587885713 0.208035481148292 3.52798724296624 0.975 3049.23076923077 76.0769230769231 440.098093685724
0.00434782608695652 1.55676395142193 0.181852081706846 3.23837879985643 1 3691.35 89.225 430.448094263323
0.00434782608695652 1.56083090680815 0.220877854777583 3.42984016498383 1 2759.4 68.15 403.421067186898
0.00434782608695652 1.55676395142193 0.181852081706846 3.23837879985643 1 3691.35 89.225 430.448094263323
0.00434782608695652 1.59252146738079 0.260039724360783 3.41183663510675 1 2365.8 59.45 401.860127310758
0.00434782608695652 1.57500587885713 0.208035481148292 3.52798724296624 0.975 3049.23076923077 76.0769230769231 440.098093685724
0.00434782608695652 1.59340488102517 0.239346236615174 2.76012162380611 1 3186.275 64.5 412.286507837842
0.00434782608695652 1.59210921829162 0.24243374465527 3.43210860351402 1 2918.3 70.925 415.630832766693
0.00434782608695652 1.60080773767284 0.263217510947746 3.24257264029069 1 2809.2 65.85 400.738468868448
0.00434782608695652 1.59252146738079 0.260039724360783 3.41183663510675 1 2365.8 59.45 401.860127310758
0.00434782608695652 1.60495905948585 0.275512721891517 2.49946770504536 0.975 3068.89743589744 58.3589743589744 447.929006499402
0.00434782608695652 1.58474293891275 0.267391587692697 3.43900994955239 1 2775.825 70.8 377.788273902563
0.00434782608695652 1.55676395142193 0.181852081706846 3.23837879985643 1 3691.35 89.225 430.448094263323
0.00434782608695652 1.6332578553292 0.289619945396972 3.5040416246008 1 3089.4 73.6 392.23373672145
0.00434782608695652 1.60235940872709 0.271210818139686 3.00891756029073 1 2808.025 61.35 429.379627184356
0.00434782608695652 1.59252146738079 0.260039724360783 3.41183663510675 1 2365.8 59.45 401.860127310758
0.00434782608695652 1.56892772216939 0.194538506772603 3.59238588809862 1 3171.475 76.35 387.142379861057
0.00434782608695652 1.57500587885713 0.208035481148292 3.52798724296624 0.975 3049.23076923077 76.0769230769231 440.098093685724
0.00434782608695652 1.52022398514075 0.194779511508496 3.60015133788688 0.975 2702.15384615385 72.1538461538462 388.135155454581
0.00434782608695652 1.64304841836155 0.293401017475265 3.92415026065278 1 3160.075 85.175 435.947452379334
0.00434782608695652 1.52022398514075 0.194779511508496 3.60015133788688 0.975 2702.15384615385 72.1538461538462 388.135155454581
0.00434782608695652 1.63516245486986 0.28686699002028 3.58130428843709 1 2936.075 72.675 407.481398095391
0.00434782608695652 1.59340488102517 0.239346236615174 2.76012162380611 1 3186.275 64.5 412.286507837842
0.00434782608695652 1.59252146738079 0.260039724360783 3.41183663510675 1 2365.8 59.45 401.860127310758
0.00434782608695652 1.60080773767284 0.263217510947746 3.24257264029069 1 2809.2 65.85 400.738468868448
0.00434782608695652 1.58190334694422 0.230001735042079 3.49099429771074 1 3299.15 82.55 387.952742632186
0.00434782608695652 1.45417614967406 0.123846266464465 3.87323931933437 0.975 2243.46153846154 66.8461538461538 386.027900495501
0.00434782608695652 1.57500587885713 0.208035481148292 3.52798724296624 0.975 3049.23076923077 76.0769230769231 440.098093685724
0.00434782608695652 1.52022398514075 0.194779511508496 3.60015133788688 0.975 2702.15384615385 72.1538461538462 388.135155454581
0.00434782608695652 1.54846264086128 0.193878730182967 2.97475205750327 1 3349.975 75.65 435.008033235679
0.00434782608695652 1.52022398514075 0.194779511508496 3.60015133788688 0.975 2702.15384615385 72.1538461538462 388.135155454581
0.00434782608695652 1.57500587885713 0.208035481148292 3.52798724296624 0.975 3049.23076923077 76.0769230769231 440.098093685724
0.00434782608695652 1.55676395142193 0.181852081706846 3.23837879985643 1 3691.35 89.225 430.448094263323
0.00434782608695652 1.45417614967406 0.123846266464465 3.87323931933437 0.975 2243.46153846154 66.8461538461538 386.027900495501
0.00434782608695652 1.64304841836155 0.293401017475265 3.92415026065278 1 3160.075 85.175 435.947452379334
0.00434782608695652 1.59340488102517 0.239346236615174 2.76012162380611 1 3186.275 64.5 412.286507837842
0.00434782608695652 1.56083090680815 0.220877854777583 3.42984016498383 1 2759.4 68.15 403.421067186898
0.00434782608695652 1.60208638821404 0.249960402134506 3.04654200464608 0.975 3141.4358974359 69.6410256410256 402.435210228712
0.00434782608695652 1.52022398514075 0.194779511508496 3.60015133788688 0.975 2702.15384615385 72.1538461538462 388.135155454581
0.00434782608695652 1.45417614967406 0.123846266464465 3.87323931933437 0.975 2243.46153846154 66.8461538461538 386.027900495501
0.00434782608695652 1.51056268498432 0.169762293695815 3.72018548284834 1 2943.075 80.625 412.496358540217
0.00434782608695652 1.55388825398748 0.209935183808776 3.72536913433016 0.975 2852.58974358974 74.6153846153846 402.245115231346
0.00434782608695652 1.55759494789626 0.249933684984304 3.36822840532211 0.975 2495.38461538462 60.2051282051282 424.181769477665
0.00434782608695652 1.45417614967406 0.123846266464465 3.87323931933437 0.975 2243.46153846154 66.8461538461538 386.027900495501
0.00434782608695652 1.60080773767284 0.263217510947746 3.24257264029069 1 2809.2 65.85 400.738468868448
0.00434782608695652 1.59252146738079 0.260039724360783 3.41183663510675 1 2365.8 59.45 401.860127310758
0.00434782608695652 1.53944972944692 0.178650345782963 2.86961031095833 0.975 3451.10256410256 74.5384615384615 425.43563740288
0.00434782608695652 1.57500587885713 0.208035481148292 3.52798724296624 0.975 3049.23076923077 76.0769230769231 440.098093685724
0.00434782608695652 1.57500587885713 0.208035481148292 3.52798724296624 0.975 3049.23076923077 76.0769230769231 440.098093685724
0.00434782608695652 1.45417614967406 0.123846266464465 3.87323931933437 0.975 2243.46153846154 66.8461538461538 386.027900495501
0.00434782608695652 1.52022398514075 0.194779511508496 3.60015133788688 0.975 2702.15384615385 72.1538461538462 388.135155454581
0.00434782608695652 1.6332578553292 0.289619945396972 3.5040416246008 1 3089.4 73.6 392.23373672145
0.00434782608695652 1.57500587885713 0.208035481148292 3.52798724296624 0.975 3049.23076923077 76.0769230769231 440.098093685724
0.00434782608695652 1.63516245486986 0.28686699002028 3.58130428843709 1 2936.075 72.675 407.481398095391
0.00434782608695652 1.60080773767284 0.263217510947746 3.24257264029069 1 2809.2 65.85 400.738468868448
0.00434782608695652 1.52022398514075 0.194779511508496 3.60015133788688 0.975 2702.15384615385 72.1538461538462 388.135155454581
0.00434782608695652 1.60495905948585 0.275512721891517 2.49946770504536 0.975 3068.89743589744 58.3589743589744 447.929006499402
0.00434782608695652 1.56892772216939 0.194538506772603 3.59238588809862 1 3171.475 76.35 387.142379861057
0.00434782608695652 1.54010371730244 0.223056912052422 3.20521090625115 0.975 2638.84615384615 64.4615384615385 407.154700775153
0.00434782608695652 1.51056268498432 0.169762293695815 3.72018548284834 1 2943.075 80.625 412.496358540217
0.00434782608695652 1.45417614967406 0.123846266464465 3.87323931933437 0.975 2243.46153846154 66.8461538461538 386.027900495501
0.00434782608695652 1.45417614967406 0.123846266464465 3.87323931933437 0.975 2243.46153846154 66.8461538461538 386.027900495501
0.00434782608695652 1.60621614551409 0.240364647200016 3.69690741219065 1 3365.025 86.15 426.118343401317
0.00434782608695652 1.45417614967406 0.123846266464465 3.87323931933437 0.975 2243.46153846154 66.8461538461538 386.027900495501
0.00434782608695652 1.55388825398748 0.209935183808776 3.72536913433016 0.975 2852.58974358974 74.6153846153846 402.245115231346
0.00434782608695652 1.60621614551409 0.240364647200016 3.69690741219065 1 3365.025 86.15 426.118343401317
0.00434782608695652 1.60621614551409 0.240364647200016 3.69690741219065 1 3365.025 86.15 426.118343401317
0.00434782608695652 1.59340488102517 0.239346236615174 2.76012162380611 1 3186.275 64.5 412.286507837842
0.00434782608695652 1.54846264086128 0.193878730182967 2.97475205750327 1 3349.975 75.65 435.008033235679
0.00434782608695652 1.60080773767284 0.263217510947746 3.24257264029069 1 2809.2 65.85 400.738468868448
0.00434782608695652 1.60080773767284 0.263217510947746 3.24257264029069 1 2809.2 65.85 400.738468868448
0.00434782608695652 1.52022398514075 0.194779511508496 3.60015133788688 0.975 2702.15384615385 72.1538461538462 388.135155454581
0.00434782608695652 1.52022398514075 0.194779511508496 3.60015133788688 0.975 2702.15384615385 72.1538461538462 388.135155454581
0.00434782608695652 1.55759494789626 0.249933684984304 3.36822840532211 0.975 2495.38461538462 60.2051282051282 424.181769477665
0.00434782608695652 1.6332578553292 0.289619945396972 3.5040416246008 1 3089.4 73.6 392.23373672145
0.00434782608695652 1.60495905948585 0.275512721891517 2.49946770504536 0.975 3068.89743589744 58.3589743589744 447.929006499402
0.00434782608695652 1.63516245486986 0.28686699002028 3.58130428843709 1 2936.075 72.675 407.481398095391
0.00434782608695652 1.60495905948585 0.275512721891517 2.49946770504536 0.975 3068.89743589744 58.3589743589744 447.929006499402
0.00434782608695652 1.61331635145622 0.251351963516902 3.80729911249501 0.975 3288 86.0512820512821 423.769965373957
0.00434782608695652 1.56892772216939 0.194538506772603 3.59238588809862 1 3171.475 76.35 387.142379861057
0.00434782608695652 1.51056268498432 0.169762293695815 3.72018548284834 1 2943.075 80.625 412.496358540217
0.00434782608695652 1.56892772216939 0.194538506772603 3.59238588809862 1 3171.475 76.35 387.142379861057
0.00434782608695652 1.59252146738079 0.260039724360783 3.41183663510675 1 2365.8 59.45 401.860127310758
0.00434782608695652 1.63516245486986 0.28686699002028 3.58130428843709 1 2936.075 72.675 407.481398095391
0.00434782608695652 1.58190334694422 0.230001735042079 3.49099429771074 1 3299.15 82.55 387.952742632186
0.00434782608695652 1.56892772216939 0.194538506772603 3.59238588809862 1 3171.475 76.35 387.142379861057
0.00434782608695652 1.6332578553292 0.289619945396972 3.5040416246008 1 3089.4 73.6 392.23373672145
0.00434782608695652 1.45417614967406 0.123846266464465 3.87323931933437 0.975 2243.46153846154 66.8461538461538 386.027900495501
0.00434782608695652 1.45417614967406 0.123846266464465 3.87323931933437 0.975 2243.46153846154 66.8461538461538 386.027900495501
0.00434782608695652 1.50409127265923 0.15832200424702 2.6070112382811 1 3664.475 74.225 409.701484839682
0.00434782608695652 1.59252146738079 0.260039724360783 3.41183663510675 1 2365.8 59.45 401.860127310758
0.00434782608695652 1.55676395142193 0.181852081706846 3.23837879985643 1 3691.35 89.225 430.448094263323
0.00434782608695652 1.52022398514075 0.194779511508496 3.60015133788688 0.975 2702.15384615385 72.1538461538462 388.135155454581
0.00434782608695652 1.59252146738079 0.260039724360783 3.41183663510675 1 2365.8 59.45 401.860127310758
0.00434782608695652 1.62497520550069 0.292605052688225 2.86525765714748 1 3198.025 66.4 395.308885519558
0.00434782608695652 1.53090461148339 0.186395999331115 2.8866273544061 1 3347.2 71.15 393.433027393858
0.00434782608695652 1.60080773767284 0.263217510947746 3.24257264029069 1 2809.2 65.85 400.738468868448
0.00434782608695652 1.45417614967406 0.123846266464465 3.87323931933437 0.975 2243.46153846154 66.8461538461538 386.027900495501
0.00434782608695652 1.59340488102517 0.239346236615174 2.76012162380611 1 3186.275 64.5 412.286507837842
0.00434782608695652 1.57500587885713 0.208035481148292 3.52798724296624 0.975 3049.23076923077 76.0769230769231 440.098093685724
0.00434782608695652 1.45417614967406 0.123846266464465 3.87323931933437 0.975 2243.46153846154 66.8461538461538 386.027900495501
0.00434782608695652 1.59340488102517 0.239346236615174 2.76012162380611 1 3186.275 64.5 412.286507837842
0.00434782608695652 1.54846264086128 0.193878730182967 2.97475205750327 1 3349.975 75.65 435.008033235679
0.00434782608695652 1.62497520550069 0.292605052688225 2.86525765714748 1 3198.025 66.4 395.308885519558
0.00434782608695652 1.60080773767284 0.263217510947746 3.24257264029069 1 2809.2 65.85 400.738468868448
0.00434782608695652 1.60621614551409 0.240364647200016 3.69690741219065 1 3365.025 86.15 426.118343401317
0.00434782608695652 1.62497520550069 0.292605052688225 2.86525765714748 1 3198.025 66.4 395.308885519558
0.00434782608695652 1.57500587885713 0.208035481148292 3.52798724296624 0.975 3049.23076923077 76.0769230769231 440.098093685724
0.00434782608695652 1.64304841836155 0.293401017475265 3.92415026065278 1 3160.075 85.175 435.947452379334
0.00434782608695652 1.55388825398748 0.209935183808776 3.72536913433016 0.975 2852.58974358974 74.6153846153846 402.245115231346
0.00434782608695652 1.54846264086128 0.193878730182967 2.97475205750327 1 3349.975 75.65 435.008033235679
0.00434782608695652 1.57500587885713 0.208035481148292 3.52798724296624 0.975 3049.23076923077 76.0769230769231 440.098093685724
0.00434782608695652 1.45417614967406 0.123846266464465 3.87323931933437 0.975 2243.46153846154 66.8461538461538 386.027900495501
0.00434782608695652 1.60080773767284 0.263217510947746 3.24257264029069 1 2809.2 65.85 400.738468868448
0.00434782608695652 1.60080773767284 0.263217510947746 3.24257264029069 1 2809.2 65.85 400.738468868448
0.00434782608695652 1.55676395142193 0.181852081706846 3.23837879985643 1 3691.35 89.225 430.448094263323
0.00434782608695652 1.60080773767284 0.263217510947746 3.24257264029069 1 2809.2 65.85 400.738468868448
0.00434782608695652 1.59340488102517 0.239346236615174 2.76012162380611 1 3186.275 64.5 412.286507837842
0.00434782608695652 1.57500587885713 0.208035481148292 3.52798724296624 0.975 3049.23076923077 76.0769230769231 440.098093685724
0.00434782608695652 1.56892772216939 0.194538506772603 3.59238588809862 1 3171.475 76.35 387.142379861057
0.00434782608695652 1.56892772216939 0.194538506772603 3.59238588809862 1 3171.475 76.35 387.142379861057
0.00434782608695652 1.6332578553292 0.289619945396972 3.5040416246008 1 3089.4 73.6 392.23373672145
0.00434782608695652 1.60235940872709 0.271210818139686 3.00891756029073 1 2808.025 61.35 429.379627184356
0.00434782608695652 1.52022398514075 0.194779511508496 3.60015133788688 0.975 2702.15384615385 72.1538461538462 388.135155454581
0.00434782608695652 1.59252146738079 0.260039724360783 3.41183663510675 1 2365.8 59.45 401.860127310758
0.00434782608695652 1.55676395142193 0.181852081706846 3.23837879985643 1 3691.35 89.225 430.448094263323
0.00434782608695652 1.59252146738079 0.260039724360783 3.41183663510675 1 2365.8 59.45 401.860127310758
0.00434782608695652 1.56892772216939 0.194538506772603 3.59238588809862 1 3171.475 76.35 387.142379861057
0.00434782608695652 1.50409127265923 0.15832200424702 2.6070112382811 1 3664.475 74.225 409.701484839682
0.00434782608695652 1.59340488102517 0.239346236615174 2.76012162380611 1 3186.275 64.5 412.286507837842
0.00434782608695652 1.55388825398748 0.209935183808776 3.72536913433016 0.975 2852.58974358974 74.6153846153846 402.245115231346
0.00434782608695652 1.58181139253874 0.227855954069521 3.70924842136372 1 2652.2 68.825 395.980274808388
0.00434782608695652 1.63516245486986 0.28686699002028 3.58130428843709 1 2936.075 72.675 407.481398095391
0.00434782608695652 1.45417614967406 0.123846266464465 3.87323931933437 0.975 2243.46153846154 66.8461538461538 386.027900495501
0.00434782608695652 1.56083090680815 0.220877854777583 3.42984016498383 1 2759.4 68.15 403.421067186898
0.00434782608695652 1.61331635145622 0.251351963516902 3.80729911249501 0.975 3288 86.0512820512821 423.769965373957
0.00434782608695652 1.60080773767284 0.263217510947746 3.24257264029069 1 2809.2 65.85 400.738468868448
0.00434782608695652 1.55048081377657 0.220475115051688 3.74856846631616 0.975 2981.02564102564 80.8974358974359 397.808428884663
0.00434782608695652 1.52022398514075 0.194779511508496 3.60015133788688 0.975 2702.15384615385 72.1538461538462 388.135155454581
0.00434782608695652 1.63516245486986 0.28686699002028 3.58130428843709 1 2936.075 72.675 407.481398095391
0.00434782608695652 1.61658574076079 0.275153308789958 2.67074563935684 1 3384.275 64.8 449.755097355314
0.00434782608695652 1.64304841836155 0.293401017475265 3.92415026065278 1 3160.075 85.175 435.947452379334
0.00434782608695652 1.60080773767284 0.263217510947746 3.24257264029069 1 2809.2 65.85 400.738468868448
0.00434782608695652 1.59340488102517 0.239346236615174 2.76012162380611 1 3186.275 64.5 412.286507837842
0.00434782608695652 1.59252146738079 0.260039724360783 3.41183663510675 1 2365.8 59.45 401.860127310758
0.00434782608695652 1.6332578553292 0.289619945396972 3.5040416246008 1 3089.4 73.6 392.23373672145
0.00434782608695652 1.59340488102517 0.239346236615174 2.76012162380611 1 3186.275 64.5 412.286507837842
0.00434782608695652 1.56083090680815 0.220877854777583 3.42984016498383 1 2759.4 68.15 403.421067186898
0.00434782608695652 1.59252146738079 0.260039724360783 3.41183663510675 1 2365.8 59.45 401.860127310758
0.00434782608695652 1.45417614967406 0.123846266464465 3.87323931933437 0.975 2243.46153846154 66.8461538461538 386.027900495501
0.00434782608695652 1.57500587885713 0.208035481148292 3.52798724296624 0.975 3049.23076923077 76.0769230769231 440.098093685724
0.00434782608695652 1.60080773767284 0.263217510947746 3.24257264029069 1 2809.2 65.85 400.738468868448
0.00434782608695652 1.53090461148339 0.186395999331115 2.8866273544061 1 3347.2 71.15 393.433027393858
0.00434782608695652 1.59252146738079 0.260039724360783 3.41183663510675 1 2365.8 59.45 401.860127310758
0.00434782608695652 1.58401822788654 0.229694769128917 2.99487537517068 0.975 3603.74358974359 77.5384615384615 478.72120991762
0.00434782608695652 1.63516245486986 0.28686699002028 3.58130428843709 1 2936.075 72.675 407.481398095391
0.00434782608695652 1.60495905948585 0.275512721891517 2.49946770504536 0.975 3068.89743589744 58.3589743589744 447.929006499402
0.00434782608695652 1.63516245486986 0.28686699002028 3.58130428843709 1 2936.075 72.675 407.481398095391
0.00434782608695652 1.45417614967406 0.123846266464465 3.87323931933437 0.975 2243.46153846154 66.8461538461538 386.027900495501
0.00434782608695652 1.59340488102517 0.239346236615174 2.76012162380611 1 3186.275 64.5 412.286507837842
0.00434782608695652 1.59252146738079 0.260039724360783 3.41183663510675 1 2365.8 59.45 401.860127310758
0.00434782608695652 1.59340488102517 0.239346236615174 2.76012162380611 1 3186.275 64.5 412.286507837842
0.00434782608695652 1.59340488102517 0.239346236615174 2.76012162380611 1 3186.275 64.5 412.286507837842
