0.00434782608695652 1.57552231336012 0.167130316887051 2.2140980703989 1 4914.7 83.95 326.104658412623
0.00434782608695652 1.58421955890954 0.200184808578342 1.19831716013141 1 5320.85 60.475 360.648329333297
0.00434782608695652 1.44878872647493 0.107686039220162 1.01887043567211 0.95 4620.57894736842 51.7368421052632 411.984173609321
0.00434782608695652 1.61434579439623 0.232062260760106 3.58114010648193 1 3435.9 88.25 333.058350539125
0.00434782608695652 1.47050558673218 0.138569402950816 2.04703424987383 0.95 3554.23684210526 57.5526315789474 403.605473980867
0.00434782608695652 1.46244808091634 0.16059060603905 3.79170419453034 0.95 2048.52631578947 59.5 357.571778161169
0.00434782608695652 1.56535604885704 0.27410863279898 2.53224449473343 1 2401.35 44.925 351.510081331167
0.00434782608695652 1.46318752430379 0.200769214145839 1.59982125216629 1 2017.675 28.575 342.551337684527
0.00434782608695652 1.4559544527816 0.148728812042676 3.6471654999385 1 1572.575 43.25 313.435469376425
0.00434782608695652 1.50550238788128 0.109874298237264 2.93667405948509 1 4334.45 93.475 306.016919587178
0.00434782608695652 1.63516245486986 0.28686699002028 3.58130428843709 1 2936.075 72.675 407.481398095391
0.00434782608695652 1.48428276983134 0.188973624543708 3.559724568882 0.975 1726.28205128205 47.4615384615385 317.615229675783
0.00434782608695652 1.52366664731429 0.242316228574499 0.931735599138054 1 2936.55 27.65 373.625788684317
0.00434782608695652 1.53002616376437 0.251878496767875 2.64892386842884 1 1917.975 41.5 320.337481832176
0.00434782608695652 1.42637364575333 0.141440095939027 0.646153411868217 1 2512.175 20.4 368.865773524163
0.00434782608695652 1.46318752430379 0.200769214145839 1.59982125216629 1 2017.675 28.575 342.551337684527
0.00434782608695652 1.51118022534321 0.206905931655275 2.43058804563047 0.975 2357.64102564103 47.3589743589744 378.882579767064
0.00434782608695652 1.52366664731429 0.242316228574499 0.931735599138054 1 2936.55 27.65 373.625788684317
0.00434782608695652 1.55178541175832 0.24634462336744 0.77698348782547 1 3313.15 29.775 433.02215600669
0.00434782608695652 1.61360295023934 0.190340821329814 3.24461628524982 1 4841.7 112.475 342.511986883299
0.00434782608695652 1.62427193353893 0.213664541715941 2.95282029661383 1 4813.825 103.975 396.029848110447
0.00434782608695652 1.49638114516675 0.106943342795271 3.97943122186399 0.95 3961.73684210526 115.842105263158 394.404729870932
0.00434782608695652 1.55199744599786 0.224067550069326 0.612669108316588 0.975 3629.61538461538 28.8461538461538 386.385225171435
0.00434782608695652 1.63736132918076 0.269977287001598 0.991328229438928 1 4223.1 42.9 424.407069991383
0.00434782608695652 1.46435989392003 0.128951234321745 2.58290338674517 0.925 3684.2972972973 75.5405405405405 390.21498071838
0.00434782608695652 1.59252146738079 0.260039724360783 3.41183663510675 1 2365.8 59.45 401.860127310758
0.00434782608695652 1.5202170095695 0.278491527530843 1.97526811775318 1 1618.95 27.85 333.975544960301
0.00434782608695652 1.51806885100426 0.188936405471731 2.52377176681867 0.975 3020.05128205128 57.8717948717949 367.131672002019
0.00434782608695652 1.63844072885138 0.357626066187145 1.86829715277585 0.975 1950.71794871795 29.0769230769231 345.104812655201
0.00434782608695652 1.47184252869477 0.162795594482212 3.63491494275363 0.975 2237.07692307692 63.4615384615385 356.23638950773
0.00434782608695652 1.51150505628979 0.248518590766076 1.13128508401125 0.975 2137.69230769231 22.6153846153846 369.401381695408
0.00434782608695652 1.61194225756635 0.186484265082793 3.52983359511621 1 4521.775 111.15 330.551218056612
0.00434782608695652 1.64790820376948 0.220433235960081 3.63476203836035 1 4646.575 117.825 402.957415641822
0.00434782608695652 1.56757544300756 0.246786259362078 1.74884598935382 1 3402.65 49.1 433.134992553513
0.00434782608695652 1.43006290223068 0.13169823530887 0.799332962024948 0.95 3289.60526315789 31.5789473684211 374.474914331598
0.00434782608695652 1.4509450018606 0.178251133815864 0.886493902170507 1 2435.1 24.475 386.870415263501
0.00434782608695652 1.49899258732373 0.170048788588804 1.49708607486389 0.975 3711.12820512821 49.3076923076923 414.330113382466
0.00434782608695652 1.55139351275545 0.213151405841456 1.11515199861494 1 3655.3 40.2 389.817232947599
0.00434782608695652 1.63734974733715 0.247487773707265 3.96370566884145 1 3854.5 110.825 371.8944472338
0.00434782608695652 1.52366664731429 0.242316228574499 0.931735599138054 1 2936.55 27.65 373.625788684317
0.00434782608695652 1.39179816618562 0.142980493488722 2.48497411969583 0.975 1736.33333333333 36.025641025641 320.853136998135
0.00434782608695652 1.49472069807333 0.144451587573587 1.14078256447451 0.975 3784.38461538462 41.6666666666667 366.545442416048
0.00434782608695652 1.61394990072155 0.204291687740134 2.27835632459476 1 4912.225 83.675 309.822009623781
0.00434782608695652 1.62383626483213 0.284158733746597 2.65088010926135 0.975 2414.25641025641 47.8974358974359 367.071964328038
0.00434782608695652 1.48657101599732 0.191734273682772 2.72866372762915 0.95 2261.57894736842 48.3947368421053 384.300691391309
0.00434782608695652 1.57552231336012 0.167130316887051 2.2140980703989 1 4914.7 83.95 326.104658412623
0.00434782608695652 1.57622566986829 0.252226856048219 0.894074190640822 1 3360.7 33.65 408.056860101178
0.00434782608695652 1.52169593005913 0.223490707455801 3.48227427174642 0.95 2016.13157894737 53.3157894736842 347.939321813146
0.00434782608695652 1.47525475404008 0.114843686938834 2.97543216911394 0.95 3899.21052631579 85.5526315789474 405.574932136241
0.00434782608695652 1.49907627494798 0.125646776780267 3.15738832507574 0.975 3881.28205128205 94.8974358974359 369.496019552176
0.00434782608695652 1.5202170095695 0.278491527530843 1.97526811775318 1 1618.95 27.85 333.975544960301
0.00434782608695652 1.6418531875941 0.242896314891678 3.25589832012675 1 4653.85 109.275 391.741909631198
0.00434782608695652 1.56176258293259 0.215820182725123 0.571076017771119 1 4255.7 33.725 430.562791056483
0.00434782608695652 1.58262627249456 0.25246277575874 2.46875391986451 0.975 2687.84615384615 48.2307692307692 429.532208451304
0.00434782608695652 1.4880945347929 0.15861455850377 1.76810149977919 1 3683.125 53.825 403.526920040914
0.00434782608695652 1.47050558673218 0.138569402950816 2.04703424987383 0.95 3554.23684210526 57.5526315789474 403.605473980867
0.00434782608695652 1.5014683662661 0.23684463835229 3.20590752953137 1 1888.5 46.775 332.905949173108
0.00434782608695652 1.47534598938344 0.178284140310116 3.75515234936917 0.975 1855.74358974359 52.5384615384615 329.673223182762
0.00434782608695652 1.64790820376948 0.220433235960081 3.63476203836035 1 4646.575 117.825 402.957415641822
0.00434782608695652 1.52181926837612 0.216138186114676 2.33634334796347 0.95 2188.68421052632 38.2631578947368 381.595883825543
0.00434782608695652 1.63760465100813 0.282296830438675 1.82403206347754 1 4063.8 59.175 468.295746525995
0.00434782608695652 1.54553842554716 0.225519297030312 1.56091439535842 0.95 2722.52631578947 36.0263157894737 413.344993903987
0.00434782608695652 1.52290551933718 0.201173679797879 0.691907652193462 0.95 2920.73684210526 26.2631578947368 380.96446033475
0.00434782608695652 1.52181926837612 0.216138186114676 2.33634334796347 0.95 2188.68421052632 38.2631578947368 381.595883825543
0.00434782608695652 1.60814524828734 0.303371889060118 3.49889360666351 1 2021.075 49.225 328.81933201218
0.00434782608695652 1.53452736625971 0.283610347305679 1.70603317084162 0.975 1742.38461538462 27.4871794871795 339.028086582406
0.00434782608695652 1.55573600451973 0.211129887914167 1.73106666524899 0.975 3709.41025641026 53.1794871794872 413.43623291379
0.00434782608695652 1.58899596753964 0.206264202286989 2.20309714707686 0.975 4138.38461538462 73.2820512820513 398.206389656043
0.00434782608695652 1.38468452395975 0.129538020370136 3.25275246111087 0.975 1812.38461538462 47.3333333333333 330.020087499261
0.00434782608695652 1.60676336233155 0.324914176832634 3.03350262912799 1 2082.075 45.075 332.546371388643
0.00434782608695652 1.59497792601429 0.240034197256734 2.79035428136908 0.95 3238.5 65.2105263157895 415.760853011816
0.00434782608695652 1.5208835745271 0.211703516594958 1.37297469966732 0.975 3435 42.5384615384615 401.53956713776
0.00434782608695652 1.42637364575333 0.141440095939027 0.646153411868217 1 2512.175 20.4 368.865773524163
0.00434782608695652 1.6332578553292 0.289619945396972 3.5040416246008 1 3089.4 73.6 392.23373672145
0.00434782608695652 1.53928715453868 0.232219461169262 2.26413825140061 1 2853.85 49.55 413.705178655907
0.00434782608695652 1.55746173908522 0.184174512695317 2.98806651936025 0.925 3964.86486486487 88.8648648648649 366.22454567108
0.00434782608695652 1.52290551933718 0.201173679797879 0.691907652193462 0.95 2920.73684210526 26.2631578947368 380.96446033475
0.00434782608695652 1.54614392574809 0.14768388516097 2.48201588439421 0.975 4414.87179487179 85.3846153846154 348.692139354986
0.00434782608695652 1.38468452395975 0.129538020370136 3.25275246111087 0.975 1812.38461538462 47.3333333333333 330.020087499261
0.00434782608695652 1.62095673193463 0.323301814518148 3.08165179975752 0.975 1855.82051282051 42.3846153846154 303.332315207383
0.00434782608695652 1.61557925902691 0.264587927408494 2.15599236562276 1 3726.975 61.8 430.062694363831
0.00434782608695652 1.64997167524539 0.268544248035348 3.67245947236494 0.975 3623.20512820513 94.6666666666667 441.82484818649
0.00434782608695652 1.49472069807333 0.144451587573587 1.14078256447451 0.975 3784.38461538462 41.6666666666667 366.545442416048
0.00434782608695652 1.60080773767284 0.263217510947746 3.24257264029069 1 2809.2 65.85 400.738468868448
0.00434782608695652 1.56841119022016 0.254755782070019 2.47079399271329 1 2279.35 42.425 401.727529517606
0.00434782608695652 1.64497625911443 0.275028157852449 0.909195016384033 1 4890.925 45.95 487.766302814226
0.00434782608695652 1.58376677601846 0.300706092898248 1.62713702139868 1 1673.725 24.775 350.025815457996
0.00434782608695652 1.60550518469495 0.197879139241048 2.26038780975873 1 4816.5 83.325 338.047396763369
0.00434782608695652 1.47127182542725 0.182146470075234 3.03063606600304 0.95 2137.26315789474 51.0789473684211 353.694752515653
0.00434782608695652 1.45417614967406 0.123846266464465 3.87323931933437 0.975 2243.46153846154 66.8461538461538 386.027900495501
0.00434782608695652 1.62691801555353 0.264461175269192 3.32631756989486 1 3082.85 70.2 400.272218670659
0.00434782608695652 1.55376008053948 0.234349311263584 3.99911751962412 1 1822.95 53.275 333.406626940708
0.00434782608695652 1.42173035530974 0.131835383078248 1.85945459234508 0.975 2155.76923076923 34.025641025641 372.956917932727
0.00434782608695652 1.52274555608884 0.161962282208039 2.47951855766057 1 3798.25 72.175 373.009603009884
0.00434782608695652 1.54678313249692 0.24408987405977 2.06441165286254 0.95 2261.21052631579 37.6578947368421 392.422757159166
0.00434782608695652 1.53134846266715 0.211215485331283 3.97018278912946 1 2112.075 59.925 353.405427508141
0.00434782608695652 1.56390098553263 0.228765138784604 1.77354130827024 1 3671.75 53.875 391.97965105707
0.00434782608695652 1.49907627494798 0.125646776780267 3.15738832507574 0.975 3881.28205128205 94.8974358974359 369.496019552176
0.00434782608695652 1.58290386231084 0.274847320573925 2.66235849373146 0.975 2342.79487179487 48.3076923076923 348.790330762496
0.00434782608695652 1.60140459596651 0.296977121120775 2.09420135882681 0.95 2184.86842105263 37.7631578947368 384.760388814623
0.00434782608695652 1.62774008117269 0.286643731362085 2.51764042877105 1 3167.225 59.4 396.896523873877
0.00434782608695652 1.45181347938167 0.152685335517825 2.47959588320678 0.975 2483.10256410256 47.7948717948718 400.68687555263
0.00434782608695652 1.51668722932943 0.180091222449708 1.43743762142798 1 3983.75 50.75 386.699781070267
0.00434782608695652 1.4646962250464 0.123129507483017 1.42441128610172 0.95 3956.81578947368 52.0789473684211 409.908196407011
0.00434782608695652 1.55178541175832 0.24634462336744 0.77698348782547 1 3313.15 29.775 433.02215600669
0.00434782608695652 1.47160748839872 0.11389586676602 2.80945486368383 0.975 3582.79487179487 74.7179487179487 381.573990295605
0.00434782608695652 1.51390740987804 0.196189222501712 3.6653536456826 0.975 2149.97435897436 61.5384615384615 359.354499603098
0.00434782608695652 1.62497520550069 0.292605052688225 2.86525765714748 1 3198.025 66.4 395.308885519558
0.00434782608695652 1.56887084798513 0.241077573783375 1.40364131909466 1 3111.6 37.675 420.883354711982
0.00434782608695652 1.49899258732373 0.170048788588804 1.49708607486389 0.975 3711.12820512821 49.3076923076923 414.330113382466
0.00434782608695652 1.51390740987804 0.196189222501712 3.6653536456826 0.975 2149.97435897436 61.5384615384615 359.354499603098
0.00434782608695652 1.52366664731429 0.242316228574499 0.931735599138054 1 2936.55 27.65 373.625788684317
0.00434782608695652 1.64798464389737 0.242149851843762 2.82469362915969 1 4025.05 83.125 354.102722030906
0.00434782608695652 1.53002289343515 0.229476196171786 2.90119849656064 1 2173.925 47.55 355.747345549957
0.00434782608695652 1.42637364575333 0.141440095939027 0.646153411868217 1 2512.175 20.4 368.865773524163
0.00434782608695652 1.50279359352607 0.214746753954755 1.58461437260199 1 2592.2 36.9 404.279002090249
0.00434782608695652 1.57552231336012 0.167130316887051 2.2140980703989 1 4914.7 83.95 326.104658412623
0.00434782608695652 1.52181926837612 0.216138186114676 2.33634334796347 0.95 2188.68421052632 38.2631578947368 381.595883825543
0.00434782608695652 1.54937503220904 0.226829274139064 3.69677254910551 1 2495.4 67.7 345.086414375583
0.00434782608695652 1.56975537632595 0.284834579130204 2.51457624046881 1 2102.6 37.8 344.56017336158
0.00434782608695652 1.55376008053948 0.234349311263584 3.99911751962412 1 1822.95 53.275 333.406626940708
0.00434782608695652 1.63357154949788 0.290704381517647 1.47897811039762 1 3716.5 47.25 397.593815666667
0.00434782608695652 1.46983831906475 0.149326763244029 1.78086055392342 0.975 3354.07692307692 50.4615384615385 411.892980406679
0.00434782608695652 1.48295521875843 0.192678719502874 2.18337974057067 0.95 2610.63157894737 44.5526315789474 405.793280157947
0.00434782608695652 1.55178541175832 0.24634462336744 0.77698348782547 1 3313.15 29.775 433.02215600669
0.00434782608695652 1.60495905948585 0.275512721891517 2.49946770504536 0.975 3068.89743589744 58.3589743589744 447.929006499402
0.00434782608695652 1.49907627494798 0.125646776780267 3.15738832507574 0.975 3881.28205128205 94.8974358974359 369.496019552176
0.00434782608695652 1.5624800905442 0.187106086020344 1.69231765650605 1 4740.45 68.2 348.353449066325
0.00434782608695652 1.50415636288385 0.178012066645984 3.03645227371934 0.95 2553 60.0789473684211 415.815473920754
0.00434782608695652 1.58768202839996 0.257766835333347 3.95714166198977 1 2468.9 71.075 358.721927492083
0.00434782608695652 1.50550238788128 0.109874298237264 2.93667405948509 1 4334.45 93.475 306.016919587178
0.00434782608695652 1.47051240172407 0.178516672709175 1.6819537876172 1 2479.7 35.925 374.84286563499
0.00434782608695652 1.56176258293259 0.215820182725123 0.571076017771119 1 4255.7 33.725 430.562791056483
0.00434782608695652 1.57085160333663 0.14927370455116 3.26427457295358 1 5181.825 117.65 401.82779272277
0.00434782608695652 1.58872551900273 0.252051231731647 1.18718592008766 1 3221.85 35.8 388.248930178221
0.00434782608695652 1.64790820376948 0.220433235960081 3.63476203836035 1 4646.575 117.825 402.957415641822
0.00434782608695652 1.58813170263271 0.198359209121713 1.99894498772974 0.975 4531.07692307692 72.7435897435897 363.054456499568
0.00434782608695652 1.54514569023085 0.22341340801499 3.34054006503413 0.975 2939.64102564103 70.8205128205128 367.052743447389
0.00434782608695652 1.63023722028555 0.260957295049634 3.77592532508691 0.975 3374.76923076923 89.025641025641 435.990290698102
0.00434782608695652 1.51720520059841 0.17590609192615 2.39884573812288 0.95 3709 71.6578947368421 388.988372177217
0.00434782608695652 1.57864914854196 0.164389429790413 1.82468554269745 0.975 5231.5641025641 79 340.396743568366
0.00434782608695652 1.56601291134705 0.212198741716259 3.19272210424741 1 3366.45 82.55 422.203187322811
0.00434782608695652 1.43006290223068 0.13169823530887 0.799332962024948 0.95 3289.60526315789 31.5789473684211 374.474914331598
0.00434782608695652 1.49359632392557 0.208041777143429 1.30147644513123 1 2487.525 30.275 365.791415911745
0.00434782608695652 1.4148476423888 0.101631387750553 3.33378227839401 0.925 2658.10810810811 68.4864864864865 411.716436523836
0.00434782608695652 1.53844984483099 0.143440663485747 2.45715051699998 0.975 4503.4358974359 86.9230769230769 345.352638303857
0.00434782608695652 1.48533460585391 0.16006757450626 1.5650769928566 0.975 3031.15384615385 41.3076923076923 435.075385487409
0.00434782608695652 1.56176258293259 0.215820182725123 0.571076017771119 1 4255.7 33.725 430.562791056483
0.00434782608695652 1.49497098709405 0.120085513938832 1.20525908097204 0.975 4287.61538461538 51.6410256410256 354.64380865171
0.00434782608695652 1.6337508569605 0.344882760686208 3.64080071734949 1 1771.5 45.875 308.136319028815
0.00434782608695652 1.56892772216939 0.194538506772603 3.59238588809862 1 3171.475 76.35 387.142379861057
0.00434782608695652 1.5569469542747 0.146368117204739 1.55356988846227 0.975 5173.30769230769 70.8461538461538 346.358555985112
0.00434782608695652 1.58383947289821 0.315317500219785 1.79097030280539 1 2070.95 29.6 324.529709611378
0.00434782608695652 1.62122780744743 0.321254602397765 3.28714203196156 1 1962.575 45.675 315.850835967252
0.00434782608695652 1.56176258293259 0.215820182725123 0.571076017771119 1 4255.7 33.725 430.562791056483
0.00434782608695652 1.4183471087459 0.133061667557464 3.67253905015212 0.925 2093.51351351351 58.9189189189189 352.600500870327
0.00434782608695652 1.49532265953623 0.123489445939965 3.67664865533163 0.95 3418.28947368421 92.9736842105263 348.218497886571
0.00434782608695652 1.55044493271045 0.229620960004197 3.45361046337733 0.975 2450.53846153846 61.3076923076923 384.817879484174
0.00434782608695652 1.48943090494147 0.13345148270086 3.93795814971426 0.975 3025.05128205128 86.0512820512821 366.200131187527
0.00434782608695652 1.45417614967406 0.123846266464465 3.87323931933437 0.975 2243.46153846154 66.8461538461538 386.027900495501
0.00434782608695652 1.45417614967406 0.123846266464465 3.87323931933437 0.975 2243.46153846154 66.8461538461538 386.027900495501
0.00434782608695652 1.51118022534321 0.206905931655275 2.43058804563047 0.975 2357.64102564103 47.3589743589744 378.882579767064
0.00434782608695652 1.62383626483213 0.284158733746597 2.65088010926135 0.975 2414.25641025641 47.8974358974359 367.071964328038
0.00434782608695652 1.44878872647493 0.107686039220162 1.01887043567211 0.95 4620.57894736842 51.7368421052632 411.984173609321
0.00434782608695652 1.61166021973384 0.208764343071958 2.52513932561446 1 4762.725 88.925 363.958537904051
0.00434782608695652 1.50424813504392 0.212824732687179 1.36652841748577 1 2502.5 31.775 402.621340452246
0.00434782608695652 1.48657101599732 0.191734273682772 2.72866372762915 0.95 2261.57894736842 48.3947368421053 384.300691391309
0.00434782608695652 1.57068932550028 0.24430391502101 0.612450657179579 0.95 3971.78947368421 32.6315789473684 414.374792018177
0.00434782608695652 1.55342156448871 0.212958425843445 1.02849982227291 0.975 4224.51282051282 44.8974358974359 421.775653567426
0.00434782608695652 1.51910886825042 0.180098673925564 0.744742191593968 1 3999.225 36.425 398.645773331214
0.00434782608695652 1.64506402935175 0.230517105672713 0.980933579407676 1 5036.825 51.35 369.132569097354
0.00434782608695652 1.58869773106519 0.180194758318403 3.17843821682258 1 4783.05 109.525 390.148979607627
0.00434782608695652 1.46435989392003 0.128951234321745 2.58290338674517 0.925 3684.2972972973 75.5405405405405 390.21498071838
0.00434782608695652 1.63844072885138 0.357626066187145 1.86829715277585 0.975 1950.71794871795 29.0769230769231 345.104812655201
0.00434782608695652 1.48295521875843 0.192678719502874 2.18337974057067 0.95 2610.63157894737 44.5526315789474 405.793280157947
0.00434782608695652 1.63514697913705 0.262651220557727 3.32075859051378 0.975 3862.89743589744 88.5641025641026 485.489318340273
0.00434782608695652 1.6157652966323 0.2508564368994 1.79992340347528 1 4014.325 59.55 377.68872637062
0.00434782608695652 1.49907627494798 0.125646776780267 3.15738832507574 0.975 3881.28205128205 94.8974358974359 369.496019552176
0.00434782608695652 1.57622566986829 0.252226856048219 0.894074190640822 1 3360.7 33.65 408.056860101178
0.00434782608695652 1.60584295314131 0.328709805610083 2.29047994362049 0.975 1871.12820512821 33.3333333333333 318.155563875571
0.00434782608695652 1.55199744599786 0.224067550069326 0.612669108316588 0.975 3629.61538461538 28.8461538461538 386.385225171435
0.00434782608695652 1.62383626483213 0.284158733746597 2.65088010926135 0.975 2414.25641025641 47.8974358974359 367.071964328038
0.00434782608695652 1.42637364575333 0.141440095939027 0.646153411868217 1 2512.175 20.4 368.865773524163
0.00434782608695652 1.57931807913753 0.223651312776694 1.01476320638804 1 4286.25 43.375 417.699120348388
0.00434782608695652 1.5944517244738 0.249047202174236 3.54989631403198 0.925 2944.51351351351 73.1081081081081 389.567258666053
0.00434782608695652 1.56508254615777 0.275817716907141 3.23868374320181 1 2275.275 56.475 343.633594043352
0.00434782608695652 1.62427193353893 0.213664541715941 2.95282029661383 1 4813.825 103.975 396.029848110447
0.00434782608695652 1.61360295023934 0.190340821329814 3.24461628524982 1 4841.7 112.475 342.511986883299
0.00434782608695652 1.49858558315897 0.115210241195085 3.35378040308937 1 4188.3 105.225 385.017873713689
0.00434782608695652 1.52366664731429 0.242316228574499 0.931735599138054 1 2936.55 27.65 373.625788684317
0.00434782608695652 1.49907627494798 0.125646776780267 3.15738832507574 0.975 3881.28205128205 94.8974358974359 369.496019552176
0.00434782608695652 1.52952158394741 0.169122455752938 2.97052232080166 0.95 3665.31578947368 82.1842105263158 406.581898332834
0.00434782608695652 1.45832433763488 0.151082590547983 1.76790315427747 0.95 3202.97368421053 48.3684210526316 419.131389384326
0.00434782608695652 1.57068932550028 0.24430391502101 0.612450657179579 0.95 3971.78947368421 32.6315789473684 414.374792018177
0.00434782608695652 1.61204276030664 0.19835301944487 3.74706199779849 0.975 4051.02564102564 106.769230769231 350.829466945969
0.00434782608695652 1.57085160333663 0.14927370455116 3.26427457295358 1 5181.825 117.65 401.82779272277
0.00434782608695652 1.64790820376948 0.220433235960081 3.63476203836035 1 4646.575 117.825 402.957415641822
0.00434782608695652 1.63516245486986 0.28686699002028 3.58130428843709 1 2936.075 72.675 407.481398095391
0.00434782608695652 1.59588032261761 0.277560498954695 2.58278651321451 1 2856.825 55.575 398.86579954894
0.00434782608695652 1.57862606692423 0.244429168081776 3.73665848361756 1 2877.825 75.15 341.05529253924
0.00434782608695652 1.46318752430379 0.200769214145839 1.59982125216629 1 2017.675 28.575 342.551337684527
0.00434782608695652 1.47168586508555 0.10402403338617 3.56625521008494 0.95 3267.89473684211 86.1578947368421 391.043889782327
0.00434782608695652 1.57000234030241 0.217874419227437 3.05758082594078 0.95 3272 71.3421052631579 406.700947849393
0.00434782608695652 1.47050558673218 0.138569402950816 2.04703424987383 0.95 3554.23684210526 57.5526315789474 403.605473980867
0.00434782608695652 1.5389280844239 0.18406827882127 2.47117982931913 0.925 3934.48648648649 74.6756756756757 379.500556658074
0.00434782608695652 1.46435989392003 0.128951234321745 2.58290338674517 0.925 3684.2972972973 75.5405405405405 390.21498071838
0.00434782608695652 1.50230350980325 0.204031668973539 3.39564528666476 1 1898.875 51.2 319.949172287531
0.00434782608695652 1.57622566986829 0.252226856048219 0.894074190640822 1 3360.7 33.65 408.056860101178
0.00434782608695652 1.64771257317946 0.326523858895398 1.06215255858277 0.975 3006.61538461538 30.4615384615385 390.549699956411
0.00434782608695652 1.56176258293259 0.215820182725123 0.571076017771119 1 4255.7 33.725 430.562791056483
0.00434782608695652 1.63734974733715 0.247487773707265 3.96370566884145 1 3854.5 110.825 371.8944472338
0.00434782608695652 1.63329400616855 0.282793956631714 3.17314333504036 1 3159.9 70.125 407.493098088328
0.00434782608695652 1.5371189347194 0.132013758490106 1.47433301177654 1 4847.4 65.1 379.053935893431
0.00434782608695652 1.61066415799807 0.204829653630612 2.48257806416148 1 5002.925 91.15 345.404223145084
0.00434782608695652 1.55178541175832 0.24634462336744 0.77698348782547 1 3313.15 29.775 433.02215600669
0.00434782608695652 1.54526611438855 0.22358944953383 0.656298000788122 1 3652.625 29.275 428.689012344768
0.00434782608695652 1.52181926837612 0.216138186114676 2.33634334796347 0.95 2188.68421052632 38.2631578947368 381.595883825543
0.00434782608695652 1.58367881789206 0.224811940591008 2.67492014101044 1 3817.775 76.125 410.889888813799
0.00434782608695652 1.51118022534321 0.206905931655275 2.43058804563047 0.975 2357.64102564103 47.3589743589744 378.882579767064
0.00434782608695652 1.56083090680815 0.220877854777583 3.42984016498383 1 2759.4 68.15 403.421067186898
0.00434782608695652 1.57708181159947 0.194420182048432 2.10240964583325 0.975 4553.35897435897 78.4102564102564 365.602827105879
0.00434782608695652 1.48428276983134 0.188973624543708 3.559724568882 0.975 1726.28205128205 47.4615384615385 317.615229675783
0.00434782608695652 1.47050558673218 0.138569402950816 2.04703424987383 0.95 3554.23684210526 57.5526315789474 403.605473980867
0.00434782608695652 1.63734974733715 0.247487773707265 3.96370566884145 1 3854.5 110.825 371.8944472338
0.00434782608695652 1.57100412663522 0.218325578345261 1.7158669519543 0.975 4575.41025641026 67.025641025641 387.948889853432
0.00434782608695652 1.5371017084209 0.260852657785105 0.740978621684391 0.95 2447.28947368421 21.8947368421053 410.831577674197
0.00434782608695652 1.64497625911443 0.275028157852449 0.909195016384033 1 4890.925 45.95 487.766302814226
0.00434782608695652 1.56272652393884 0.266324132510126 2.3161297792365 0.975 1855.84615384615 31.8717948717949 337.508225945553
0.00434782608695652 1.63734974733715 0.247487773707265 3.96370566884145 1 3854.5 110.825 371.8944472338
0.00434782608695652 1.62883313770781 0.292101416902337 2.84702514789262 1 2875.5 58.35 384.315861196893
