0.00847457627118644 1.39113547328177 0.306205805461733 0.765780562641966 0.400022398262462 1.25957255744606 1 8.13329386122263 4.50534985070588 0.026570757486788 5.35894198836447 343.18631555924
0.00847457627118644 1.39366435445714 0.34066000642084 0.737540693832714 0.506890606274829 1.10688863534609 1 7.87502425562092 4.13516655674236 0.0237574836073363 4.95934199970871 386.494801794622
0.00847457627118644 1.46593471491582 0.394308464784811 0.65534054329694 0.68417393951107 1.70210088837275 1 8.01644165322172 4.47020920055397 0.0288330652147012 5.22372850955696 324.114251891987
0.00847457627118644 1.46593471491582 0.394308464784811 0.65534054329694 0.68417393951107 1.70210088837275 1 8.01644165322172 4.47020920055397 0.0288330652147012 5.22372850955696 324.114251891987
0.00847457627118644 1.38739513810673 0.25826729448181 0.677043618707837 0.628971147993201 1.65041037212799 1 7.93973797285236 4.55781648960462 0.0339820959337282 4.83330127881334 395.669814238737
0.00847457627118644 1.39113547328177 0.306205805461733 0.765780562641966 0.400022398262462 1.25957255744606 1 8.13329386122263 4.50534985070588 0.026570757486788 5.35894198836447 343.18631555924
0.00847457627118644 1.39113547328177 0.306205805461733 0.765780562641966 0.400022398262462 1.25957255744606 1 8.13329386122263 4.50534985070588 0.026570757486788 5.35894198836447 343.18631555924
0.00847457627118644 1.39113547328177 0.306205805461733 0.765780562641966 0.400022398262462 1.25957255744606 1 8.13329386122263 4.50534985070588 0.026570757486788 5.35894198836447 343.18631555924
0.00847457627118644 1.32078412061849 0.158846326060203 0.819793840318453 0.643251226179868 1.81843704015765 1 8.12862207285104 4.7361984483945 0.0336270786475425 4.98275009060672 378.993144606103
0.00847457627118644 1.35896431431924 0.231104941022454 0.796476615506016 0.365325459624021 1.20666172777733 1 7.73603413353308 4.13115853534482 0.0271908271908272 4.65396035015752 408.167449675595
0.00847457627118644 1.39113547328177 0.306205805461733 0.765780562641966 0.400022398262462 1.25957255744606 1 8.13329386122263 4.50534985070588 0.026570757486788 5.35894198836447 343.18631555924
0.00847457627118644 1.44624898534005 0.342848911658854 0.758821052115445 0.842612838765559 1.78105846665184 1 7.87002269709632 4.22865689982969 0.0262165130605033 5.00645992268578 327.950269193338
0.00847457627118644 1.39113547328177 0.306205805461733 0.765780562641966 0.400022398262462 1.25957255744606 1 8.13329386122263 4.50534985070588 0.026570757486788 5.35894198836447 343.18631555924
0.00847457627118644 1.35896431431924 0.231104941022454 0.796476615506016 0.365325459624021 1.20666172777733 1 7.73603413353308 4.13115853534482 0.0271908271908272 4.65396035015752 408.167449675595
0.00847457627118644 1.44624898534005 0.342848911658854 0.758821052115445 0.842612838765559 1.78105846665184 1 7.87002269709632 4.22865689982969 0.0262165130605033 5.00645992268578 327.950269193338
0.00847457627118644 1.31076421146648 0.140737055355475 0.757300814420701 0.783093237543431 1.81968167462007 1 7.98799142244454 4.42484663185681 0.0283495310444341 5.13579843705026 321.523655002453
0.00847457627118644 1.35119837638484 0.298578994878622 0.613529093146601 0.40181844622397 1.51328714388905 1 7.83335257017659 4.56174062806076 0.0379452122653193 4.63351465899723 371.445475440337
0.00847457627118644 1.39113547328177 0.306205805461733 0.765780562641966 0.400022398262462 1.25957255744606 1 8.13329386122263 4.50534985070588 0.026570757486788 5.35894198836447 343.18631555924
0.00847457627118644 1.39113547328177 0.306205805461733 0.765780562641966 0.400022398262462 1.25957255744606 1 8.13329386122263 4.50534985070588 0.026570757486788 5.35894198836447 343.18631555924
0.00847457627118644 1.44624898534005 0.342848911658854 0.758821052115445 0.842612838765559 1.78105846665184 1 7.87002269709632 4.22865689982969 0.0262165130605033 5.00645992268578 327.950269193338
0.00847457627118644 1.39366435445714 0.34066000642084 0.737540693832714 0.506890606274829 1.10688863534609 1 7.87502425562092 4.13516655674236 0.0237574836073363 4.95934199970871 386.494801794622
0.00847457627118644 1.39113547328177 0.306205805461733 0.765780562641966 0.400022398262462 1.25957255744606 1 8.13329386122263 4.50534985070588 0.026570757486788 5.35894198836447 343.18631555924
0.00847457627118644 1.35896431431924 0.231104941022454 0.796476615506016 0.365325459624021 1.20666172777733 1 7.73603413353308 4.13115853534482 0.0271908271908272 4.65396035015752 408.167449675595
0.00847457627118644 1.35896431431924 0.231104941022454 0.796476615506016 0.365325459624021 1.20666172777733 1 7.73603413353308 4.13115853534482 0.0271908271908272 4.65396035015752 408.167449675595
0.00847457627118644 1.39113547328177 0.306205805461733 0.765780562641966 0.400022398262462 1.25957255744606 1 8.13329386122263 4.50534985070588 0.026570757486788 5.35894198836447 343.18631555924
0.00847457627118644 1.42978242127715 0.282310950060123 0.814779477140653 0.644088896966459 1.6162565450916 1 8.03726043109262 4.39753082120985 0.026259443299802 5.36597601502185 353.405633775452
0.00847457627118644 1.39366435445714 0.34066000642084 0.737540693832714 0.506890606274829 1.10688863534609 1 7.87502425562092 4.13516655674236 0.0237574836073363 4.95934199970871 386.494801794622
0.00847457627118644 1.3442586306081 0.234986204744478 0.673477785040461 0.589209004420003 1.28993923309024 1 7.99644348645255 4.50810847314496 0.030551698017927 4.86657244941939 312.269325290663
0.00847457627118644 1.39113547328177 0.306205805461733 0.765780562641966 0.400022398262462 1.25957255744606 1 8.13329386122263 4.50534985070588 0.026570757486788 5.35894198836447 343.18631555924
0.00847457627118644 1.31076421146648 0.140737055355475 0.757300814420701 0.783093237543431 1.81968167462007 1 7.98799142244454 4.42484663185681 0.0283495310444341 5.13579843705026 321.523655002453
0.00847457627118644 1.39113547328177 0.306205805461733 0.765780562641966 0.400022398262462 1.25957255744606 1 8.13329386122263 4.50534985070588 0.026570757486788 5.35894198836447 343.18631555924
0.00847457627118644 1.39113547328177 0.306205805461733 0.765780562641966 0.400022398262462 1.25957255744606 1 8.13329386122263 4.50534985070588 0.026570757486788 5.35894198836447 343.18631555924
0.00847457627118644 1.3442586306081 0.234986204744478 0.673477785040461 0.589209004420003 1.28993923309024 1 7.99644348645255 4.50810847314496 0.030551698017927 4.86657244941939 312.269325290663
0.00847457627118644 1.39366435445714 0.34066000642084 0.737540693832714 0.506890606274829 1.10688863534609 1 7.87502425562092 4.13516655674236 0.0237574836073363 4.95934199970871 386.494801794622
0.00847457627118644 1.39113547328177 0.306205805461733 0.765780562641966 0.400022398262462 1.25957255744606 1 8.13329386122263 4.50534985070588 0.026570757486788 5.35894198836447 343.18631555924
0.00847457627118644 1.39113547328177 0.306205805461733 0.765780562641966 0.400022398262462 1.25957255744606 1 8.13329386122263 4.50534985070588 0.026570757486788 5.35894198836447 343.18631555924
0.00847457627118644 1.39366435445714 0.34066000642084 0.737540693832714 0.506890606274829 1.10688863534609 1 7.87502425562092 4.13516655674236 0.0237574836073363 4.95934199970871 386.494801794622
0.00847457627118644 1.44624898534005 0.342848911658854 0.758821052115445 0.842612838765559 1.78105846665184 1 7.87002269709632 4.22865689982969 0.0262165130605033 5.00645992268578 327.950269193338
0.00847457627118644 1.3548587226312 0.258788442340347 0.766284528204829 0.601030419740114 1.30643702356373 1 7.91123237253521 4.30575285731789 0.0271744111447163 4.77807252086555 406.175012089431
0.00847457627118644 1.39113547328177 0.306205805461733 0.765780562641966 0.400022398262462 1.25957255744606 1 8.13329386122263 4.50534985070588 0.026570757486788 5.35894198836447 343.18631555924
0.00847457627118644 1.32078412061849 0.158846326060203 0.819793840318453 0.643251226179868 1.81843704015765 1 8.12862207285104 4.7361984483945 0.0336270786475425 4.98275009060672 378.993144606103
0.00847457627118644 1.3442586306081 0.234986204744478 0.673477785040461 0.589209004420003 1.28993923309024 1 7.99644348645255 4.50810847314496 0.030551698017927 4.86657244941939 312.269325290663
0.00847457627118644 1.39113547328177 0.306205805461733 0.765780562641966 0.400022398262462 1.25957255744606 1 8.13329386122263 4.50534985070588 0.026570757486788 5.35894198836447 343.18631555924
0.00847457627118644 1.3442586306081 0.234986204744478 0.673477785040461 0.589209004420003 1.28993923309024 1 7.99644348645255 4.50810847314496 0.030551698017927 4.86657244941939 312.269325290663
0.00847457627118644 1.3442586306081 0.234986204744478 0.673477785040461 0.589209004420003 1.28993923309024 1 7.99644348645255 4.50810847314496 0.030551698017927 4.86657244941939 312.269325290663
0.00847457627118644 1.38739513810673 0.25826729448181 0.677043618707837 0.628971147993201 1.65041037212799 1 7.93973797285236 4.55781648960462 0.0339820959337282 4.83330127881334 395.669814238737
0.00847457627118644 1.35896431431924 0.231104941022454 0.796476615506016 0.365325459624021 1.20666172777733 1 7.73603413353308 4.13115853534482 0.0271908271908272 4.65396035015752 408.167449675595
0.00847457627118644 1.43956445149608 0.288439416560653 0.828842508179945 0.573393985052437 1.45052955373611 1 7.85098001209637 4.16083430349093 0.0249683636717609 4.83826406815547 395.804763332784
0.00847457627118644 1.39366435445714 0.34066000642084 0.737540693832714 0.506890606274829 1.10688863534609 1 7.87502425562092 4.13516655674236 0.0237574836073363 4.95934199970871 386.494801794622
0.00847457627118644 1.39366435445714 0.34066000642084 0.737540693832714 0.506890606274829 1.10688863534609 1 7.87502425562092 4.13516655674236 0.0237574836073363 4.95934199970871 386.494801794622
0.00847457627118644 1.39113547328177 0.306205805461733 0.765780562641966 0.400022398262462 1.25957255744606 1 8.13329386122263 4.50534985070588 0.026570757486788 5.35894198836447 343.18631555924
0.00847457627118644 1.3442586306081 0.234986204744478 0.673477785040461 0.589209004420003 1.28993923309024 1 7.99644348645255 4.50810847314496 0.030551698017927 4.86657244941939 312.269325290663
0.00847457627118644 1.39113547328177 0.306205805461733 0.765780562641966 0.400022398262462 1.25957255744606 1 8.13329386122263 4.50534985070588 0.026570757486788 5.35894198836447 343.18631555924
0.00847457627118644 1.39366435445714 0.34066000642084 0.737540693832714 0.506890606274829 1.10688863534609 1 7.87502425562092 4.13516655674236 0.0237574836073363 4.95934199970871 386.494801794622
0.00847457627118644 1.39366435445714 0.34066000642084 0.737540693832714 0.506890606274829 1.10688863534609 1 7.87502425562092 4.13516655674236 0.0237574836073363 4.95934199970871 386.494801794622
0.00847457627118644 1.32078412061849 0.158846326060203 0.819793840318453 0.643251226179868 1.81843704015765 1 8.12862207285104 4.7361984483945 0.0336270786475425 4.98275009060672 378.993144606103
0.00847457627118644 1.42310984210738 0.373521264853816 0.745483757577801 0.3635977048766 1.17563118843215 1 7.67386245159014 4.11292094779504 0.028412062053338 4.60391940408644 322.207584110693
0.00847457627118644 1.39113547328177 0.306205805461733 0.765780562641966 0.400022398262462 1.25957255744606 1 8.13329386122263 4.50534985070588 0.026570757486788 5.35894198836447 343.18631555924
0.00847457627118644 1.39113547328177 0.306205805461733 0.765780562641966 0.400022398262462 1.25957255744606 1 8.13329386122263 4.50534985070588 0.026570757486788 5.35894198836447 343.18631555924
0.00847457627118644 1.39113547328177 0.306205805461733 0.765780562641966 0.400022398262462 1.25957255744606 1 8.13329386122263 4.50534985070588 0.026570757486788 5.35894198836447 343.18631555924
0.00847457627118644 1.46593471491582 0.394308464784811 0.65534054329694 0.68417393951107 1.70210088837275 1 8.01644165322172 4.47020920055397 0.0288330652147012 5.22372850955696 324.114251891987
0.00847457627118644 1.43956445149608 0.288439416560653 0.828842508179945 0.573393985052437 1.45052955373611 1 7.85098001209637 4.16083430349093 0.0249683636717609 4.83826406815547 395.804763332784
0.00847457627118644 1.39366435445714 0.34066000642084 0.737540693832714 0.506890606274829 1.10688863534609 1 7.87502425562092 4.13516655674236 0.0237574836073363 4.95934199970871 386.494801794622
0.00847457627118644 1.39113547328177 0.306205805461733 0.765780562641966 0.400022398262462 1.25957255744606 1 8.13329386122263 4.50534985070588 0.026570757486788 5.35894198836447 343.18631555924
0.00847457627118644 1.40188692075104 0.309804640075981 0.715568320185315 0.432386542773593 1.32553250454906 1 7.6383186609275 4.26091776204792 0.0341360626128838 4.60141313711038 329.694210640658
0.00847457627118644 1.40882423999384 0.263902802206094 0.854547170095139 0.522946717162939 2.07336711559395 1 7.7479206204668 4.44705331789095 0.036851192403151 4.754667197134 314.117597751051
0.00847457627118644 1.43956445149608 0.288439416560653 0.828842508179945 0.573393985052437 1.45052955373611 1 7.85098001209637 4.16083430349093 0.0249683636717609 4.83826406815547 395.804763332784
0.00847457627118644 1.31076421146648 0.140737055355475 0.757300814420701 0.783093237543431 1.81968167462007 1 7.98799142244454 4.42484663185681 0.0283495310444341 5.13579843705026 321.523655002453
0.00847457627118644 1.3442586306081 0.234986204744478 0.673477785040461 0.589209004420003 1.28993923309024 1 7.99644348645255 4.50810847314496 0.030551698017927 4.86657244941939 312.269325290663
0.00847457627118644 1.39366435445714 0.34066000642084 0.737540693832714 0.506890606274829 1.10688863534609 1 7.87502425562092 4.13516655674236 0.0237574836073363 4.95934199970871 386.494801794622
0.00847457627118644 1.39113547328177 0.306205805461733 0.765780562641966 0.400022398262462 1.25957255744606 1 8.13329386122263 4.50534985070588 0.026570757486788 5.35894198836447 343.18631555924
0.00847457627118644 1.39113547328177 0.306205805461733 0.765780562641966 0.400022398262462 1.25957255744606 1 8.13329386122263 4.50534985070588 0.026570757486788 5.35894198836447 343.18631555924
0.00847457627118644 1.39366435445714 0.34066000642084 0.737540693832714 0.506890606274829 1.10688863534609 1 7.87502425562092 4.13516655674236 0.0237574836073363 4.95934199970871 386.494801794622
0.00847457627118644 1.39366435445714 0.34066000642084 0.737540693832714 0.506890606274829 1.10688863534609 1 7.87502425562092 4.13516655674236 0.0237574836073363 4.95934199970871 386.494801794622
0.00847457627118644 1.39366435445714 0.34066000642084 0.737540693832714 0.506890606274829 1.10688863534609 1 7.87502425562092 4.13516655674236 0.0237574836073363 4.95934199970871 386.494801794622
0.00847457627118644 1.37590235301005 0.238877123570521 0.72422737598163 0.383120974778119 1.27914614042473 1 8.19194769840949 4.68559743510071 0.0300062296670589 5.35067259688196 354.637905389752
0.00847457627118644 1.39113547328177 0.306205805461733 0.765780562641966 0.400022398262462 1.25957255744606 1 8.13329386122263 4.50534985070588 0.026570757486788 5.35894198836447 343.18631555924
0.00847457627118644 1.39113547328177 0.306205805461733 0.765780562641966 0.400022398262462 1.25957255744606 1 8.13329386122263 4.50534985070588 0.026570757486788 5.35894198836447 343.18631555924
0.00847457627118644 1.38739513810673 0.25826729448181 0.677043618707837 0.628971147993201 1.65041037212799 1 7.93973797285236 4.55781648960462 0.0339820959337282 4.83330127881334 395.669814238737
0.00847457627118644 1.39366435445714 0.34066000642084 0.737540693832714 0.506890606274829 1.10688863534609 1 7.87502425562092 4.13516655674236 0.0237574836073363 4.95934199970871 386.494801794622
0.00847457627118644 1.3442586306081 0.234986204744478 0.673477785040461 0.589209004420003 1.28993923309024 1 7.99644348645255 4.50810847314496 0.030551698017927 4.86657244941939 312.269325290663
0.00847457627118644 1.39113547328177 0.306205805461733 0.765780562641966 0.400022398262462 1.25957255744606 1 8.13329386122263 4.50534985070588 0.026570757486788 5.35894198836447 343.18631555924
0.00847457627118644 1.39366435445714 0.34066000642084 0.737540693832714 0.506890606274829 1.10688863534609 1 7.87502425562092 4.13516655674236 0.0237574836073363 4.95934199970871 386.494801794622
0.00847457627118644 1.39113547328177 0.306205805461733 0.765780562641966 0.400022398262462 1.25957255744606 1 8.13329386122263 4.50534985070588 0.026570757486788 5.35894198836447 343.18631555924
0.00847457627118644 1.32078412061849 0.158846326060203 0.819793840318453 0.643251226179868 1.81843704015765 1 8.12862207285104 4.7361984483945 0.0336270786475425 4.98275009060672 378.993144606103
0.00847457627118644 1.39113547328177 0.306205805461733 0.765780562641966 0.400022398262462 1.25957255744606 1 8.13329386122263 4.50534985070588 0.026570757486788 5.35894198836447 343.18631555924
0.00847457627118644 1.3442586306081 0.234986204744478 0.673477785040461 0.589209004420003 1.28993923309024 1 7.99644348645255 4.50810847314496 0.030551698017927 4.86657244941939 312.269325290663
0.00847457627118644 1.39113547328177 0.306205805461733 0.765780562641966 0.400022398262462 1.25957255744606 1 8.13329386122263 4.50534985070588 0.026570757486788 5.35894198836447 343.18631555924
0.00847457627118644 1.39113547328177 0.306205805461733 0.765780562641966 0.400022398262462 1.25957255744606 1 8.13329386122263 4.50534985070588 0.026570757486788 5.35894198836447 343.18631555924
0.00847457627118644 1.31076421146648 0.140737055355475 0.757300814420701 0.783093237543431 1.81968167462007 1 7.98799142244454 4.42484663185681 0.0283495310444341 5.13579843705026 321.523655002453
0.00847457627118644 1.37590235301005 0.238877123570521 0.72422737598163 0.383120974778119 1.27914614042473 1 8.19194769840949 4.68559743510071 0.0300062296670589 5.35067259688196 354.637905389752
0.00847457627118644 1.39113547328177 0.306205805461733 0.765780562641966 0.400022398262462 1.25957255744606 1 8.13329386122263 4.50534985070588 0.026570757486788 5.35894198836447 343.18631555924
0.00847457627118644 1.31076421146648 0.140737055355475 0.757300814420701 0.783093237543431 1.81968167462007 1 7.98799142244454 4.42484663185681 0.0283495310444341 5.13579843705026 321.523655002453
0.00847457627118644 1.39366435445714 0.34066000642084 0.737540693832714 0.506890606274829 1.10688863534609 1 7.87502425562092 4.13516655674236 0.0237574836073363 4.95934199970871 386.494801794622
0.00847457627118644 1.32078412061849 0.158846326060203 0.819793840318453 0.643251226179868 1.81843704015765 1 8.12862207285104 4.7361984483945 0.0336270786475425 4.98275009060672 378.993144606103
0.00847457627118644 1.38739513810673 0.25826729448181 0.677043618707837 0.628971147993201 1.65041037212799 1 7.93973797285236 4.55781648960462 0.0339820959337282 4.83330127881334 395.669814238737
0.00847457627118644 1.3442586306081 0.234986204744478 0.673477785040461 0.589209004420003 1.28993923309024 1 7.99644348645255 4.50810847314496 0.030551698017927 4.86657244941939 312.269325290663
0.00847457627118644 1.39113547328177 0.306205805461733 0.765780562641966 0.400022398262462 1.25957255744606 1 8.13329386122263 4.50534985070588 0.026570757486788 5.35894198836447 343.18631555924
0.00847457627118644 1.39113547328177 0.306205805461733 0.765780562641966 0.400022398262462 1.25957255744606 1 8.13329386122263 4.50534985070588 0.026570757486788 5.35894198836447 343.18631555924
0.00847457627118644 1.39113547328177 0.306205805461733 0.765780562641966 0.400022398262462 1.25957255744606 1 8.13329386122263 4.50534985070588 0.026570757486788 5.35894198836447 343.18631555924
0.00847457627118644 1.39113547328177 0.306205805461733 0.765780562641966 0.400022398262462 1.25957255744606 1 8.13329386122263 4.50534985070588 0.026570757486788 5.35894198836447 343.18631555924
0.00847457627118644 1.31076421146648 0.140737055355475 0.757300814420701 0.783093237543431 1.81968167462007 1 7.98799142244454 4.42484663185681 0.0283495310444341 5.13579843705026 321.523655002453
0.00847457627118644 1.39113547328177 0.306205805461733 0.765780562641966 0.400022398262462 1.25957255744606 1 8.13329386122263 4.50534985070588 0.026570757486788 5.35894198836447 343.18631555924
0.00847457627118644 1.35896431431924 0.231104941022454 0.796476615506016 0.365325459624021 1.20666172777733 1 7.73603413353308 4.13115853534482 0.0271908271908272 4.65396035015752 408.167449675595
0.00847457627118644 1.37590235301005 0.238877123570521 0.72422737598163 0.383120974778119 1.27914614042473 1 8.19194769840949 4.68559743510071 0.0300062296670589 5.35067259688196 354.637905389752
0.00847457627118644 1.35896431431924 0.231104941022454 0.796476615506016 0.365325459624021 1.20666172777733 1 7.73603413353308 4.13115853534482 0.0271908271908272 4.65396035015752 408.167449675595
0.00847457627118644 1.37590235301005 0.238877123570521 0.72422737598163 0.383120974778119 1.27914614042473 1 8.19194769840949 4.68559743510071 0.0300062296670589 5.35067259688196 354.637905389752
0.00847457627118644 1.39113547328177 0.306205805461733 0.765780562641966 0.400022398262462 1.25957255744606 1 8.13329386122263 4.50534985070588 0.026570757486788 5.35894198836447 343.18631555924
0.00847457627118644 1.39113547328177 0.306205805461733 0.765780562641966 0.400022398262462 1.25957255744606 1 8.13329386122263 4.50534985070588 0.026570757486788 5.35894198836447 343.18631555924
0.00847457627118644 1.39113547328177 0.306205805461733 0.765780562641966 0.400022398262462 1.25957255744606 1 8.13329386122263 4.50534985070588 0.026570757486788 5.35894198836447 343.18631555924
0.00847457627118644 1.3442586306081 0.234986204744478 0.673477785040461 0.589209004420003 1.28993923309024 1 7.99644348645255 4.50810847314496 0.030551698017927 4.86657244941939 312.269325290663
0.00847457627118644 1.39113547328177 0.306205805461733 0.765780562641966 0.400022398262462 1.25957255744606 1 8.13329386122263 4.50534985070588 0.026570757486788 5.35894198836447 343.18631555924
0.00847457627118644 1.39113547328177 0.306205805461733 0.765780562641966 0.400022398262462 1.25957255744606 1 8.13329386122263 4.50534985070588 0.026570757486788 5.35894198836447 343.18631555924
0.00847457627118644 1.3442586306081 0.234986204744478 0.673477785040461 0.589209004420003 1.28993923309024 1 7.99644348645255 4.50810847314496 0.030551698017927 4.86657244941939 312.269325290663
0.00847457627118644 1.39113547328177 0.306205805461733 0.765780562641966 0.400022398262462 1.25957255744606 1 8.13329386122263 4.50534985070588 0.026570757486788 5.35894198836447 343.18631555924
0.00847457627118644 1.39366435445714 0.34066000642084 0.737540693832714 0.506890606274829 1.10688863534609 1 7.87502425562092 4.13516655674236 0.0237574836073363 4.95934199970871 386.494801794622
0.00847457627118644 1.3442586306081 0.234986204744478 0.673477785040461 0.589209004420003 1.28993923309024 1 7.99644348645255 4.50810847314496 0.030551698017927 4.86657244941939 312.269325290663
0.00847457627118644 1.3442586306081 0.234986204744478 0.673477785040461 0.589209004420003 1.28993923309024 1 7.99644348645255 4.50810847314496 0.030551698017927 4.86657244941939 312.269325290663
