0.00847457627118644 1.43505464154296 0.216378797218204 0.813485160900746 0.745270114531741 2.94778360100463 0.875 8.33926198292358 5.23187226713988 0.0447175285884963 5.60842467467043 357.411397039643
0.00847457627118644 1.33131223949604 0.263401960209012 0.875721752422396 0.751817092113197 2.89026890276 0.875 6.54226609329043 3.25258688221051 0.037265801935351 4.00992722040952 169.313245478491
0.00847457627118644 1.46210645323154 0.399629616970196 0.741081597434822 0.327448031678796 2.3337648389861 1 7.80756087459643 4.78226979880089 0.0485436893203883 4.87233062271908 331.034790078326
0.00847457627118644 1.43463910613209 0.189785133698024 0.8916732695885 0.723179313819855 2.53110100887716 0.875 8.22301386698528 4.96882074366325 0.038611963190184 5.50996653843651 252.468648598516
0.00847457627118644 1.58320914625656 0.246024849731475 0.674441117141396 0.889189172443003 1.55875578196719 1 8.67047206275746 4.97673374242057 0.0248788229743062 6.27523272023863 179.598490680921
0.00847457627118644 1.31565597429872 0.24648356041871 0.676584446022753 0.858660774445161 1.84352879971266 0.875 7.2958319860604 3.81928095372953 0.0309138482411086 4.36944785246702 249.931739828912
0.00847457627118644 1.16407883642241 0.308790395176038 0.602901798835956 0.683496918389574 2.7882520891726 0.875 5.5105444061209 2.47293045874128 0.047949162333911 3.05803615689015 125.333381834272
0.00847457627118644 1.42785599813797 0.1835156010231 0.694799447210971 0.785358285997063 2.65537600079551 1 8.21138109209199 5.14822095704882 0.0467397576457011 5.39816270151775 307.997763562894
0.00847457627118644 1.25863638692535 0.262178744096309 0.741569911618717 0.789517356455326 1.12713817832991 1 6.77579408152713 2.76474554477876 0.0181143916702325 4.00960333376701 176.353815382286
0.00847457627118644 1.64333984497935 0.136938961222768 0.75083809888456 0.581204698886722 1.74214190803468 1 8.63435381118981 5.32483757635743 0.0365338432802633 6.5167476559629 99.927941841485
0.00847457627118644 1.34698028685525 0.267088550329208 0.903102210734505 0.379549433570355 1.65083687845618 1 7.41592738528256 3.86597906692674 0.0287261242292074 4.66343909411207 281.503056045753
0.00847457627118644 1.30315825934522 0.325962941395119 0.703627435432281 0.766401209263131 2.60437804600224 1 6.81783057145415 3.62766872306904 0.0411652078774617 4.00505787139534 233.95566642318
0.00847457627118644 1.61632921043783 0.146934035560116 0.893091699597426 0.540801604650915 1.25163554260507 1 8.65893144047976 4.85787253954385 0.0223470959623354 6.50765077711607 131.235249464142
0.00847457627118644 1.3384609820554 0.282931760791689 0.691575470473617 0.432642065361142 1.56137330876663 0.75 6.1779441140506 2.55204595262563 0.0266251728907331 3.82136863716002 132.430356495468
0.00847457627118644 1.20882020026911 0.208325383276679 0.656238250085153 0.366233403375372 1.51409556576982 0.75 6.30261897574491 2.76211742237249 0.028998778998779 3.73766961828337 164.546550956725
0.00847457627118644 1.47292505691294 0.239957315963693 0.902029979485087 0.532002311618999 2.40103388205171 1 8.2471873039774 4.91906810057077 0.0358604879646308 5.30826769740121 253.931028028116
0.00847457627118644 1.37174251277465 0.384618293284439 0.751679890824016 0.795712126744911 2.51230396609753 0.875 6.70790963989275 3.2470467018349 0.0314026517794836 3.99162605602711 225.719291156736
0.00847457627118644 1.55681228879839 0.282828599051572 0.913069834688213 0.437977485358715 1.49098716629669 1 8.56942979075175 4.87995697045414 0.0249851702455807 6.0759205786483 248.340608214717
0.00847457627118644 1.41215912937187 0.17169579048641 0.943582200945821 0.530823073396459 2.86409828346223 0.875 7.95030099451004 4.76095218754743 0.0411986905061697 5.22189903526113 210.849698337502
0.00847457627118644 1.5788569468772 0.276188158779405 0.789486106205732 0.406859775306657 1.24857147783041 1 8.66935618281335 5.05783689558055 0.0270107785459699 6.24125002936861 185.359020016459
0.00847457627118644 1.40307196297217 0.173515734472312 0.691429003933445 0.856815135246143 1.26090228790417 0.875 8.0406309586161 4.26468992796934 0.0229155162893429 5.38841920124522 281.330990830436
0.00847457627118644 1.3330246046884 0.276092363614589 0.736573411780409 0.498948387941346 2.72105706157163 1 6.94565300198515 3.86859344750081 0.0460945962209652 4.14709512760763 241.279113381324
0.00847457627118644 1.5534380975645 0.218286044592969 0.905268912785687 0.822385397739708 1.93712013587356 1 8.5830511542077 4.9567069520707 0.0266132996278351 6.17117854049486 219.123428142128
0.00847457627118644 1.55102675242815 0.16112760163378 0.609169284335803 0.352192048821598 2.13384135812521 0.875 8.6686136168765 5.8047045837151 0.0570453317617013 6.46725497193688 169.42905142233
0.00847457627118644 1.48413557708263 0.29880730304867 0.760213286569342 0.616845703683794 1.10385820129886 1 8.5248140785476 4.67516255780813 0.0212871532774277 5.91147392141149 339.922505547558
0.00847457627118644 1.2156212590402 0.30030345027335 0.704012348479591 0.561240128148347 1.62834452884272 0.875 5.79909265446053 2.21297293430436 0.0277056277056277 3.43858491373378 152.417396807761
0.00847457627118644 1.22014193269424 0.315256839990616 0.632245425030123 0.499124494800344 1.855232717935 0.75 6.43961657634591 3.27714473299218 0.0423210007985095 3.9576335166802 175.08355763956
0.00847457627118644 1.51819251696579 0.334516776399687 0.746678198559675 0.397620048886165 1.11867898283526 1 8.32533631763894 4.47306634535475 0.0212314868098252 5.83955094648541 241.503908678512
0.00847457627118644 1.61303798863664 0.180194848147221 0.723919549235143 0.33250043601729 1.50024174666032 1 8.62530741214568 5.49048611356282 0.0435075279915633 6.19949446061214 117.859481565724
0.00847457627118644 1.21951989606023 0.188850598782301 0.798565258132294 0.454226708924398 1.45959639362991 1 6.56191429235682 2.93783829513509 0.0266737325560855 3.97499780458953 144.491557838141
0.00847457627118644 1.18768981469329 0.205253826756962 0.671325863129459 0.373233034322038 1.4664488597773 0.875 6.57527506363046 3.19575340744735 0.0340637450199203 3.7744016275521 227.023422459726
0.00847457627118644 1.56697943292093 0.278363378462382 0.756944557244424 0.721939941449091 1.54986907262355 1 8.56058787373543 4.90156419904189 0.0257576482979844 6.24780106577796 196.918267289788
0.00847457627118644 1.4715992016485 0.326626560627483 0.74960830132477 0.731611834466458 2.065618599765 1 8.56235774337061 5.0775148229358 0.0306585738864462 5.84354441703136 301.444755097228
0.00847457627118644 1.42715998073108 0.102316943835467 0.878273065760732 0.817112402245402 2.9597621941939 1 8.27193183484841 5.10897119481712 0.0423003194888179 5.75929601791945 198.751887074185
0.00847457627118644 1.31916383442003 0.163500424893573 0.617461783799808 0.635474626393989 2.54508690908551 0.875 8.00259856912833 5.11112683264258 0.0554944792313943 5.12226185133273 259.338251829248
0.00847457627118644 1.35346353028435 0.312022601626813 0.798168225947302 0.778932276181877 2.97451609792188 0.875 6.9868304858106 3.86523084392139 0.0440865892291447 4.48057830840238 156.005823125472
0.00847457627118644 1.1723406041041 0.23947811787948 0.878928725793958 0.657642122078687 2.06891916785389 0.875 5.38449506278909 1.88273124743378 0.0301441677588467 3.14168618617707 100.834340974019
0.00847457627118644 1.60235569542274 0.364516523713246 0.627830922987778 0.3775022582151 2.77362021291628 1 8.68308891312832 5.76910194077684 0.0542589690372316 6.33549741569765 219.74190906943
0.00847457627118644 1.23890383213293 0.126468887645751 0.619102183461655 0.87606806633994 1.83222076343372 0.75 7.00684618162637 3.59273559356103 0.0329056603773585 4.04888218814534 234.889807797515
0.00847457627118644 1.28767545879818 0.273169901454821 0.920734927849844 0.79009048724547 2.491794237867 0.875 6.4281052726846 2.79028829933918 0.0263097161320102 4.01251454397447 150.577214962322
0.00847457627118644 1.57273945966735 0.273542725923471 0.648986569151748 0.831268549058586 1.82654598122463 1 8.69441845078544 5.12767731452792 0.0282477594438395 6.35393516364329 191.31961983793
0.00847457627118644 1.50073621186893 0.378769848495722 0.885713877051603 0.852160638710484 2.26319027831778 0.875 8.15009678525121 4.41539232851768 0.0238802276664192 5.23568179555655 351.933437651449
0.00847457627118644 1.26556176422164 0.308929010480642 0.745647685835138 0.699054791964591 1.45466432534158 0.875 6.24666032209686 2.39789527279837 0.021306032097399 3.67810735713203 146.21411338728
0.00847457627118644 1.40363027781714 0.247214320092462 0.930583188834134 0.781493664951995 1.77777787065133 1 7.85209882529833 4.06902675423781 0.0227526860809957 4.99974285292983 270.972582574566
0.00847457627118644 1.23693766151555 0.388023687386885 0.878333116765134 0.32734245294705 1.15614991867915 0.75 5.53273051012048 1.46633706879343 0.017139090309822 3.24519313318557 136.78375884055
0.00847457627118644 1.57457076255232 0.307449595071375 0.892430342058651 0.517053662845865 1.23836397798732 1 8.5657452319984 4.68328796525204 0.0206001428911646 6.20354715106277 237.484076145951
0.00847457627118644 1.39542068911251 0.348913888749667 0.890178264456335 0.891728848032654 2.12928991019726 1 7.31297035583509 3.46182200347859 0.0212553138284571 4.71849887129509 205.231390946458
0.00847457627118644 1.51261952505447 0.316249667620286 0.849684630497359 0.591212304728106 1.06454414362088 1 8.6804381073221 4.69820505195528 0.0186439598241777 6.29064278469819 248.753128397092
0.00847457627118644 1.29966060454026 0.116355274547823 0.665392569138203 0.500327875558287 1.42441291315481 0.75 8.4744248595653 5.10392322851981 0.0343723907598107 5.75995274612326 267.114550486907
0.00847457627118644 1.59499191176146 0.203874547081068 0.881845110247377 0.58321133768186 2.14861638750881 1 8.66544076787644 5.30640953644537 0.0347689256768408 6.22009302865276 167.156850047469
0.00847457627118644 1.344836749346 0.397164756502025 0.846848324942402 0.791028972482309 2.50943195167929 1 6.4831073514572 2.81839825827108 0.025611620795107 3.9982007016692 143.550505646623
0.00847457627118644 1.45884728813544 0.280937747866847 0.734740974009037 0.411231212876737 1.45786620583385 0.875 8.67578298338154 5.1383162730426 0.0290869194197245 6.24194529464031 272.667542252007
0.00847457627118644 1.62501182230189 0.192059608735144 0.821807439927943 0.511517255986109 1.31377349095419 0.875 8.65124944627648 5.09812274821937 0.0286349666425127 6.2833342676806 140.784967377107
0.00847457627118644 1.48278008038178 0.311956873047166 0.748321994266007 0.60689612464048 1.85672731790692 1 8.41850481191536 5.06021879428508 0.0347948456168428 5.57642247593622 340.134881916425
0.00847457627118644 1.45885280855 0.144067180273123 0.911050212883856 0.716229134844616 2.97877630032599 1 8.25877861664502 5.10367016006345 0.0426337768282024 5.4701676234747 361.040419663849
0.00847457627118644 1.16338413951453 0.291236881469376 0.706144625833258 0.585883802874014 1.22391854971647 0.75 6.04263283368238 2.31911439494526 0.0241488519398258 3.46573590279973 187.742722612562
0.00847457627118644 1.53049757073168 0.396514741936699 0.697994053305592 0.612131936755031 1.92802831111476 1 8.57588653775545 5.14312447714233 0.0322976095053987 5.8964668184857 351.828745169064
0.00847457627118644 1.41312615699135 0.280559112364426 0.649868447845802 0.892477633617818 1.35402245027944 1 8.43258800812835 4.58751525074937 0.0213848455992382 5.81971194166326 275.103002338493
0.00847457627118644 1.58870691768825 0.215513799129985 0.663347106787842 0.625929681491107 1.3353311419487 1 8.51486548440706 5.04584154983088 0.0311474177462601 5.99177699829003 140.132264169174
0.00847457627118644 1.16265970780514 0.189534563338384 0.644323303061537 0.875493476400152 2.24699600972235 0.625 6.32400047519339 3.03495298670727 0.0372893510218716 3.75185425327532 156.760626906895
0.00847457627118644 1.31168101911899 0.139061929378659 0.653949403541628 0.514311480056495 2.51561460504308 1 7.13658264676464 4.25561270981822 0.0560803420503132 4.55781648960462 135.738860426459
0.00847457627118644 1.39651706730947 0.200120741990395 0.929757052403875 0.550250106118619 2.3534237826243 1 7.80000943302805 4.44117958587886 0.0347759282970551 5.14894690989377 234.016972497202
0.00847457627118644 1.27867233366705 0.197219329164363 0.790384627587628 0.314875333523378 1.10009309416637 1 6.6652058966377 2.83321334405622 0.0216664011470448 3.91451988562673 217.925794601155
0.00847457627118644 1.56251194046345 0.314385786885396 0.629778693686239 0.678665942838416 2.73389435792342 1 8.58704569331507 5.55923828219628 0.0484216906793491 6.02314488371095 271.990205221759
0.00847457627118644 1.62653420513961 0.386947466945276 0.864420126355253 0.885046552447602 1.45073669310659 1 8.68412611489353 4.61759270598665 0.0171366915607083 6.20379989970559 213.679180452209
0.00847457627118644 1.57467871843837 0.35198585074395 0.734377388306893 0.835555213317275 2.13530423957855 1 8.39109127461859 4.82731323696872 0.0283315844700944 5.91956567156412 337.662412975195
0.00847457627118644 1.53388539187144 0.17588942553848 0.808000162465032 0.543898101942614 2.72804798930883 0.75 8.67299964255444 5.67332326717149 0.0498031832962519 6.43748494750786 210.992068104
0.00847457627118644 1.18448101319373 0.16940411333926 0.661758141790051 0.542301640799269 2.98522777343169 1 5.6280706529205 2.71634900391691 0.0543820224719101 3.20376218705815 152.028500455617
0.00847457627118644 1.35127512363251 0.348563634720631 0.902881866169628 0.782819969533011 1.2256805440411 1 6.50690450842472 2.4091948280523 0.0166106756252333 3.95124371858143 152.719299063813
0.00847457627118644 1.46615056539886 0.214953061053529 0.689244832552504 0.642831998504698 1.00999400345609 0.875 8.53738789870176 4.66478589566245 0.0208041664333315 6.05141667394278 191.933163720401
0.00847457627118644 1.49480076329783 0.164022400369868 0.946426307526417 0.835925826290622 1.53866869816557 1 8.24990180861219 4.30911986386579 0.0194330132601738 5.89577929697357 177.030616321655
0.00847457627118644 1.63275567777455 0.367353327502497 0.883672397641931 0.439543628320098 1.14895092509687 1 8.68898028845362 4.74275584894065 0.019327536475988 6.44512440406581 212.064191715834
0.00847457627118644 1.17537692990154 0.374248076393269 0.920297417591792 0.784715898614377 2.63444103812799 1 5.57878598448152 1.96360972615471 0.0269121813031161 3.26289271028498 116.393841370012
0.00847457627118644 1.64119863030501 0.356897481787019 0.606030627491418 0.355429252842441 2.76143454620615 1 8.68175378529815 5.89577929697357 0.0616689640547132 6.1298668699671 229.146078231034
0.00847457627118644 1.24905657276977 0.183221778296866 0.946225271048024 0.312234341679141 2.39391028648242 1 5.87493073085203 2.39789527279837 0.0308988764044944 3.38439026334577 125.35709613544
0.00847457627118644 1.36306337905116 0.378753159497865 0.687631406157743 0.791888200119138 2.54854035750031 0.875 6.41416128658871 3.09104245335832 0.0360402527498245 4.15888308335967 128.233863006627
0.00847457627118644 1.26145622667391 0.30394579442218 0.925777217000723 0.600158989196643 1.81083611957729 0.625 5.55373447841254 1.52605630349505 0.0178156467854376 3.25809653802148 105.792252961076
0.00847457627118644 1.22242026622407 0.143916444736533 0.712109957903158 0.460578066576272 1.86016709543765 1 6.14176855224523 2.95751106073379 0.0414089809088465 3.73766961828337 136.758646911492
0.00847457627118644 1.16179605675861 0.263181726890616 0.873303330002818 0.45336406971328 2.47908540349454 0.75 5.78228553614414 2.51230562397611 0.0380071905495634 3.51650822817315 111.972961715549
0.00847457627118644 1.6469478007406 0.326463542249985 0.7251032100874 0.700153144681826 1.40708065638319 1 8.67982211486446 4.98617182191788 0.0248810130885603 6.23441072571837 173.492338182773
0.00847457627118644 1.61510405675508 0.229695947933942 0.627789208048489 0.524401686619967 2.74927337327972 0.875 8.66272726283191 5.88927360621144 0.0624459649729516 6.22144183800076 165.470298836618
0.00847457627118644 1.51578201130033 0.161128580220975 0.756801023962907 0.466556549957022 2.94259914336726 1 8.65743328033068 5.89336924244157 0.0630350701838251 6.09554299126325 196.261019659061
0.00847457627118644 1.51443747812882 0.231785188848153 0.75774510941701 0.383206488098949 1.03953235410154 1 8.37772995442418 4.72849340202009 0.026010979219958 5.79301360838414 179.620256409514
0.00847457627118644 1.52367962836288 0.38618426581379 0.617625288013369 0.8830629367847 1.03264492982998 1 8.56350409427949 4.43230378796489 0.016063586022532 6.18001665365257 260.919361148641
0.00847457627118644 1.45165205197409 0.149655761406757 0.912137792340945 0.321513423509896 1.16014298330992 1 8.55060378926047 4.73400305783106 0.0220024662104983 6.15538873876222 209.337812566165
0.00847457627118644 1.52221538531594 0.158444995316677 0.915786349284463 0.737039807997644 2.94884630991146 1 8.53488575094716 5.25619244024737 0.0376774573856659 6.11091286208343 158.576475563895
0.00847457627118644 1.2271882062545 0.224469269579276 0.872371593001299 0.39080244214274 2.7407754464075 1 5.8937138917643 2.80336038090653 0.0454858718125431 3.50028828430639 147.591266336759
0.00847457627118644 1.28592639262788 0.240701212733984 0.664910447841976 0.507541455561295 2.83413663739339 0.875 6.05141667394278 3.03082359336526 0.0487722838883283 3.48781185449893 146.694764205339
0.00847457627118644 1.63177485947963 0.325904995622113 0.628797661315184 0.553380770143121 2.09803401073441 1 8.6795671104005 5.51292458683996 0.0421448610048457 6.23269356596858 229.644458407979
0.00847457627118644 1.58772414058913 0.193871733732522 0.683656671748031 0.480698353098705 2.28160927724093 1 8.63350848379759 5.74939298590825 0.055904215070993 6.31739029306522 115.8915149703
0.00847457627118644 1.64843639577739 0.244143458432518 0.750878314801957 0.523109494289383 1.23211218090728 1 8.65366712551611 5.05145728861651 0.0272634081441253 6.37736449972131 127.226642442478
0.00847457627118644 1.31865148826037 0.327307501831092 0.778883969143499 0.720588199188933 2.67313518607989 1 6.39400872678848 3.07961375753469 0.0363560384454659 3.80109144472086 181.67868917756
0.00847457627118644 1.24642596519552 0.278170768264681 0.721479330328293 0.881652538664639 1.26941429404542 0.75 6.65886647791607 2.57768838323897 0.0168875587858059 3.97968165390196 180.662427021129
0.00847457627118644 1.3390778420493 0.215677935723215 0.864926199568436 0.598619953589514 2.44269398087636 1 6.46711625836631 3.05045717324324 0.0328219071664401 3.87639582778499 174.599787911575
0.00847457627118644 1.47796428829897 0.357426101109013 0.762174729863182 0.855468705436215 1.47047005407512 1 7.93692816791296 4.14906946191135 0.0226440375167485 5.28952886051496 307.236022933783
0.00847457627118644 1.35079507213086 0.308269504806958 0.889663400838617 0.593721338314936 2.29383243760094 1 6.79584558642855 3.46963454321538 0.035928980847197 4.2870289060516 152.202953898722
0.00847457627118644 1.55801591577474 0.269255730859004 0.611241536110174 0.885381665965542 1.43543386086822 1 8.44926225587566 4.74493212836325 0.0246167018970915 5.97476335538457 294.343942374253
0.00847457627118644 1.17425732649863 0.146659091464244 0.7143040674855 0.828409974882379 1.45102727226913 0.875 6.03889324067909 2.33075596996074 0.0245231607629428 3.68887945411394 143.869786223393
0.00847457627118644 1.23522720495239 0.381517545110546 0.645783588581253 0.815244869654998 1.53470485797152 0.75 6.14418563412565 2.41293315016291 0.0239628040057225 3.5881378843124 150.181306244989
0.00847457627118644 1.31788288066164 0.367564894421957 0.667168706515804 0.798960577184334 2.79937794385478 1 5.97476335538457 2.63905732961526 0.0355894502700985 3.38439026334577 152.861134590417
0.00847457627118644 1.23220542164054 0.115030845277943 0.702799267601222 0.419677258562297 1.32248008437455 0.875 7.40592978519457 4.06780500698749 0.0355034722222222 4.41366371961706 253.139997968852
0.00847457627118644 1.4675324422773 0.383166606118903 0.681281477306038 0.703260396514088 2.84876932343468 1 7.12014117364339 3.9982007016692 0.0440715657535631 4.57728498249856 168.308835038506
0.00847457627118644 1.56247587034013 0.298406728822738 0.626941643224563 0.370446298923343 2.72412205068395 1 8.66712068039919 5.91417845314791 0.0637400473423714 6.10199915403954 239.869922790386
0.00847457627118644 1.50304848989472 0.307066456531174 0.601723074610345 0.862016127398238 2.15671862568706 1 8.46957733747457 5.06021879428508 0.0330624016780283 5.83955094648541 362.149660947584
0.00847457627118644 1.51043231165968 0.342368587269448 0.644258999382146 0.671739369397983 1.86339328810573 1 8.35670161720893 4.96109484853612 0.0335202089876427 5.76440709647264 294.420544819156
0.00847457627118644 1.40337664270774 0.226802363106981 0.617968314583413 0.675960546126589 2.27924405969679 1 8.40158591208449 5.32483757635743 0.0461089439564449 5.69541422498568 288.344678502119
0.00847457627118644 1.23472131099552 0.346383296488784 0.883889962965622 0.719710983289406 2.39107927447185 0.875 6.40191719672719 2.79902197930794 0.027244728737266 3.8859723282282 179.273837894519
0.00847457627118644 1.28459168979898 0.114889054140076 0.878109464410227 0.383314317511395 2.50797806400806 0.875 6.95368421087054 3.9863350383927 0.0514394869695729 4.01509519056796 187.421604697753
0.00847457627118644 1.2469272145303 0.327738347230479 0.727585539733991 0.366881352709606 2.52449495811015 1 6.45775033624309 3.49650756146648 0.0517545579298177 3.9244455254267 208.298620341168
0.00847457627118644 1.45863027530722 0.216687039472163 0.875019591418095 0.501800043694675 1.11314770905301 1 7.98620737643571 4.0364505838032 0.0192593852302198 5.62175863917761 225.453741644136
0.00847457627118644 1.36659992472269 0.315638103079982 0.887847610481549 0.811627985537052 2.78354925988242 0.875 5.74483301448656 2.51999796959927 0.0397623400365631 3.30636327899132 124.565464292285
0.00847457627118644 1.39738295027055 0.198555001290515 0.864243635861203 0.719689719658345 2.6646951069124 1 8.13259631911237 4.91449143354335 0.0400308494619707 5.56738984975065 252.988007867478
0.00847457627118644 1.43713181428611 0.200344356708229 0.818753308767918 0.399839831795543 1.01680941693485 1 8.28975919930981 4.48441398485229 0.0222515142955779 5.6450051039537 304.785780509355
0.00847457627118644 1.64042392906267 0.341558192111552 0.807134553801734 0.570979588944465 2.67683452088386 1 8.61771702918254 5.49768038919684 0.0441555505313136 6.02314488371095 304.969203949993
0.00847457627118644 1.21525566417258 0.29812242584303 0.94052699720487 0.583393143676221 2.23524707881734 0.875 5.92578251526833 2.316769727986 0.0270785659801678 3.42006586596654 182.779681400348
0.00847457627118644 1.56315192822367 0.19177696921397 0.818367913947441 0.515470962552354 2.4368681460619 1 8.55014429155592 5.37354078778562 0.0417271407837446 6.21385781703149 208.780819567219
0.00847457627118644 1.41070991333108 0.140216887672432 0.892883827595506 0.606595779955387 2.8538366779685 0.75 8.31772547578731 5.19110328224089 0.0438657171922686 5.60702680619189 290.271827962753
0.00847457627118644 1.23519217092544 0.169703019689769 0.614661989919841 0.845493655325845 2.187004822772 1 6.65913365043095 3.28185062402959 0.0341400865523321 3.59731226058845 221.079420914293
