0.0166666666666667 1.30762728863408 0.167365363813219 0.718080300421994 0.482340370613849 1.3554355496037 1 8.07336400313996 4.70840344062974 0.0345633791840393 4.99552165628621 262.972262440791
0.0166666666666667 1.35507294801492 0.266368333043462 0.752049169775205 0.585440090122037 1.40257665545723 1 8.14725206812703 4.57083750690759 0.0279758242553654 5.21629353106945 466.832309963633
0 1.50422957523422 0.336927158203091 0.910359385543027 0.884908996616733 2.15093191198906 1 8.38583087321941 4.64559210048701 0.0237484319762801 5.65642877827273 286.314116128619
0.0166666666666667 1.44839383887319 0.342382487360672 0.78802792780288 0.875286099712583 1.73948520494126 1 7.88037908419645 4.08387326235481 0.0224490760432913 5.12619363473053 273.002052374129
0.0166666666666667 1.44847495490849 0.236206361704609 0.817467870053697 0.300845394869012 2.5695996758298 1 8.24941178067079 5.27683833487091 0.0511714537790413 5.34948565312244 353.466264011089
0 1.43463910613209 0.189785133698024 0.8916732695885 0.723179313819855 2.53110100887716 0.875 8.22301386698528 4.96882074366325 0.038611963190184 5.50996653843651 252.468648598516
0 1.34618125207385 0.22092529828867 0.840658883777665 0.619967192014626 2.50462496847287 0.875 7.59603348243058 4.42056029867612 0.0417743324720069 4.91580119142542 269.20417228748
0 1.52654019769214 0.371764750993297 0.727307086404084 0.702658938409648 1.76384891463759 1 8.2081853322497 4.54595082632812 0.0256750774679062 5.56020074617818 234.049653427654
0.0166666666666667 1.35853924461693 0.249962983406239 0.720985200211189 0.635640253331442 1.67506538174354 1 7.57539232537199 4.0943445622221 0.0307751490671283 4.69706545069235 291.235272778395
0.0166666666666667 1.41950555667041 0.243439237828097 0.729056268003776 0.634892685326627 2.31615036785084 1 8.17371648064214 5.0164516794177 0.0425419427604681 5.50482327670922 316.548470597421
0.0166666666666667 1.47371056023613 0.379053653774739 0.835370658267109 0.401946723799289 1.80473029031962 1 7.74716496652033 4.28186093589316 0.0312634989200864 4.99382817577987 298.02194916182
0 1.41312615699135 0.280559112364426 0.649868447845802 0.892477633617818 1.35402245027944 1 8.43258800812835 4.58751525074937 0.0213848455992382 5.81971194166326 275.103002338493
0.0166666666666667 1.37612466707166 0.234629283268835 0.916061321808748 0.582700382098591 1.28493652898082 1 8.10220790992391 4.26794766797617 0.0216173241462861 5.42219291620358 321.157046465494
0 1.37821671670431 0.293826430068461 0.865312663545849 0.735336709801552 1.49112722508203 1 7.4004678473212 3.57655026914002 0.0218420650679701 4.66343909411207 235.05722843615
0.0166666666666667 1.37506618663995 0.20030384611465 0.753830533711984 0.719278004107101 2.44434500572952 1 8.15948199646912 4.96807567967746 0.041114010939902 5.51090540392273 297.927618231996
0 1.3330246046884 0.276092363614589 0.736573411780409 0.498948387941346 2.72105706157163 1 6.94565300198515 3.86859344750081 0.0460945962209652 4.14709512760763 241.279113381324
0 1.28541214867508 0.168220888786531 0.769609460800817 0.783601525759156 1.07222556347529 1 7.96654333908484 4.09850257237076 0.0208992758964575 5.23909800688807 251.101509006915
0 1.40307196297217 0.173515734472312 0.691429003933445 0.856815135246143 1.26090228790417 0.875 8.0406309586161 4.26468992796934 0.0229155162893429 5.38841920124522 281.330990830436
0 1.23220542164054 0.115030845277943 0.702799267601222 0.419677258562297 1.32248008437455 0.875 7.40592978519457 4.06780500698749 0.0355034722222222 4.41366371961706 253.139997968852
0 1.37821671670431 0.293826430068461 0.865312663545849 0.735336709801552 1.49112722508203 1 7.4004678473212 3.57655026914002 0.0218420650679701 4.66343909411207 235.05722843615
0 1.37821671670431 0.293826430068461 0.865312663545849 0.735336709801552 1.49112722508203 1 7.4004678473212 3.57655026914002 0.0218420650679701 4.66343909411207 235.05722843615
0.0166666666666667 1.32078412061849 0.158846326060203 0.819793840318453 0.643251226179868 1.81843704015765 1 8.12862207285104 4.7361984483945 0.0336270786475425 4.98275009060672 378.993144606103
0.0166666666666667 1.43266157652251 0.373936189187252 0.834700230983416 0.461552104180366 1.33904059610938 1 7.19011068992819 3.54095932403731 0.0260131950989632 4.35349855105934 303.53658598098
0.0166666666666667 1.39113547328177 0.306205805461733 0.765780562641966 0.400022398262462 1.25957255744606 1 8.13329386122263 4.50534985070588 0.026570757486788 5.35894198836447 343.18631555924
0.0166666666666667 1.44361945828252 0.394407679548561 0.736848582194407 0.314301213386723 2.15072114352107 1 8.11958463958585 5.03938470738224 0.0459500688320869 5.18458860121969 344.231647359813
0.0166666666666667 1.36197569946332 0.223552399195791 0.772446984608304 0.399001288463554 1.35126541115372 1 7.9025798885104 4.36786432086138 0.0291670518628085 4.87233062271908 265.297173727981
0 1.39651706730947 0.200120741990395 0.929757052403875 0.550250106118619 2.3534237826243 1 7.80000943302805 4.44117958587886 0.0347759282970551 5.14894690989377 234.016972497202
0 1.44826415822702 0.282011651467391 0.770826789047895 0.365505892325215 2.26326677161966 0.875 8.33230835221912 5.33616350903815 0.0499793757734085 5.22266974820872 392.382421383164
0 1.36706484475431 0.266936786894571 0.651463304099068 0.781095689956538 2.84993361523803 1 7.19640563249847 4.16860133282859 0.0484218413412007 4.34542748222555 247.821062558543
0.0166666666666667 1.27390194718334 0.214882507950485 0.804248673312595 0.585957930355136 2.05210422993393 1 7.13707968937143 3.83406146395843 0.0367720135161996 4.15496918403854 277.040829780063
0 1.36391940340864 0.354917800829203 0.627430356942056 0.640808052090868 2.01734146320476 1 7.20079795767601 3.95124371858143 0.0387914957105558 4.39135796210277 250.963465373545
0.0166666666666667 1.46484166672788 0.232909385769372 0.941293535345615 0.525937733337002 1.58777406216524 1 8.17121087701625 4.52855908361625 0.026182820395039 5.44349937639254 343.340878998486
0 1.40849290306513 0.170732076541242 0.797689395066491 0.478989373950951 2.32806248868704 1 8.25851960799916 5.12023680401134 0.0433571868018003 5.79605775076537 272.311083594115
0 1.53836443953314 0.329942627500451 0.882018551804557 0.479037620842751 1.8110614690746 1 8.48185094726895 4.96284463025991 0.0296288622413302 6.07073772800249 277.658061012927
0 1.49697235664573 0.211603608154514 0.849310827706572 0.461490174846688 2.01317119017316 1 8.40051891585814 5.1328529268205 0.0380952380952381 5.82673729871498 290.232937028581
0 1.41172625145951 0.200949808425029 0.615567895283501 0.518813175556166 1.33833977697513 1 8.53897914473809 5.1328529268205 0.0331694430175387 5.82747394699875 262.103397939708
0.0166666666666667 1.51932624899539 0.39296082444608 0.715254633865034 0.774934627711857 1.86512675570638 1 7.90792749483699 4.32743844438948 0.0278620689655172 5.03288590303108 304.194522967397
0.0166666666666667 1.39113547328177 0.306205805461733 0.765780562641966 0.400022398262462 1.25957255744606 1 8.13329386122263 4.50534985070588 0.026570757486788 5.35894198836447 343.18631555924
0.0166666666666667 1.3442586306081 0.234986204744478 0.673477785040461 0.589209004420003 1.28993923309024 1 7.99644348645255 4.50810847314496 0.030551698017927 4.86657244941939 312.269325290663
0 1.39651706730947 0.200120741990395 0.929757052403875 0.550250106118619 2.3534237826243 1 7.80000943302805 4.44117958587886 0.0347759282970551 5.14894690989377 234.016972497202
0.0166666666666667 1.39366435445714 0.34066000642084 0.737540693832714 0.506890606274829 1.10688863534609 1 7.87502425562092 4.13516655674236 0.0237574836073363 4.95934199970871 386.494801794622
0 1.39299856231929 0.154393965690957 0.889142610201958 0.577752319856593 2.56819098548796 1 8.19598880571362 5.06811772950962 0.0438109682534211 5.48063892334199 266.661543031155
0 1.55286210738821 0.385444268517917 0.785182814534644 0.518236925457439 1.96308037183579 1 8.55130472104501 5.1662135259147 0.0338745530105345 5.85757594783562 283.309261833095
0 1.31565597429872 0.24648356041871 0.676584446022753 0.858660774445161 1.84352879971266 0.875 7.2958319860604 3.81928095372953 0.0309138482411086 4.36944785246702 249.931739828912
0 1.49788905340478 0.345641966112352 0.872704436543553 0.482676766170378 2.60198509895645 0.875 8.05733223661781 4.7523579050601 0.0367001538600778 5.61521144047492 249.583346183547
0 1.52654019769214 0.371764750993297 0.727307086404084 0.702658938409648 1.76384891463759 1 8.2081853322497 4.54595082632812 0.0256750774679062 5.56020074617818 234.049653427654
0 1.33988832377922 0.287071332438577 0.916574955208574 0.876231961411603 1.60273903991565 1 7.05886562739652 3.07385005281794 0.0185921547555078 4.32578691635101 269.305875164577
0.0166666666666667 1.35256399737923 0.259961103544188 0.7212764267068 0.470583961755661 1.4029470180949 1 7.64963309813038 4.1647253589839 0.0306565867015894 4.69478234467778 270.779919507507
0.0166666666666667 1.42785599813797 0.1835156010231 0.694799447210971 0.785358285997063 2.65537600079551 1 8.21138109209199 5.14822095704882 0.0467397576457011 5.39816270151775 307.997763562894
0 1.28541214867508 0.168220888786531 0.769609460800817 0.783601525759156 1.07222556347529 1 7.96654333908484 4.09850257237076 0.0208992758964575 5.23909800688807 251.101509006915
0 1.53363004359044 0.308335162197599 0.922988535520792 0.534660518600646 2.13598383118396 1 8.41991106860968 4.88846766012205 0.0292626474154084 5.83298157979387 239.638727375169
0.0166666666666667 1.337672414829 0.235565195298632 0.621435447995926 0.407509084878002 1.66569512085104 0.875 7.92526080200427 4.72231809936209 0.0406424292501549 5.12905304891073 309.223636391775
0 1.31565597429872 0.24648356041871 0.676584446022753 0.858660774445161 1.84352879971266 0.875 7.2958319860604 3.81928095372953 0.0309138482411086 4.36944785246702 249.931739828912
0 1.52654019769214 0.371764750993297 0.727307086404084 0.702658938409648 1.76384891463759 1 8.2081853322497 4.54595082632812 0.0256750774679062 5.56020074617818 234.049653427654
0.0166666666666667 1.39113547328177 0.306205805461733 0.765780562641966 0.400022398262462 1.25957255744606 1 8.13329386122263 4.50534985070588 0.026570757486788 5.35894198836447 343.18631555924
0.0166666666666667 1.46210645323154 0.399629616970196 0.741081597434822 0.327448031678796 2.3337648389861 1 7.80756087459643 4.78226979880089 0.0485436893203883 4.87233062271908 331.034790078326
0 1.33288797839713 0.150519140686071 0.809231818036863 0.552478314900356 2.63586385867585 1 7.3486679652731 4.32908724937966 0.0488216842274592 4.25561270981822 245.153614236133
0.0166666666666667 1.44773742882282 0.334734036199353 0.846491472820919 0.725538016567048 1.68762172984906 1 7.79949713793488 4.11700258611469 0.0251601332308481 4.87519732320115 310.56185729552
0 1.43463910613209 0.189785133698024 0.8916732695885 0.723179313819855 2.53110100887716 0.875 8.22301386698528 4.96882074366325 0.038611963190184 5.50996653843651 252.468648598516
0 1.45242691984746 0.183646084970689 0.929129501715736 0.819674749762522 2.64674289404454 1 8.25900519419216 4.80094254050617 0.0314907113729044 5.59098698051086 237.496233017281
0 1.40953329021644 0.278089740488383 0.904131974039233 0.860041047462753 2.16025549391455 0.875 7.49363536561367 3.87417278129705 0.0267970737913486 4.50613880538191 279.889052161876
0 1.52610090418363 0.362367811724199 0.908516335381161 0.577385838108761 2.02694167786473 0.875 8.4719567054461 4.83514747688087 0.026336242975009 5.90341366898525 313.475350785684
0.0166666666666667 1.3676065917148 0.166148673602074 0.705098772402661 0.693996447727529 2.23480313849068 1 7.92135419332329 4.76750159790554 0.0426873525675921 5.27299955856375 287.154593666089
0 1.31565597429872 0.24648356041871 0.676584446022753 0.858660774445161 1.84352879971266 0.875 7.2958319860604 3.81928095372953 0.0309138482411086 4.36944785246702 249.931739828912
0 1.52174415439534 0.321639395273255 0.907636556998252 0.407094157630555 1.92473451077238 1 8.50845512547295 4.9452074887738 0.0283466155553314 6.14766669266831 264.931973343234
0 1.31565597429872 0.24648356041871 0.676584446022753 0.858660774445161 1.84352879971266 0.875 7.2958319860604 3.81928095372953 0.0309138482411086 4.36944785246702 249.931739828912
0 1.23220542164054 0.115030845277943 0.702799267601222 0.419677258562297 1.32248008437455 0.875 7.40592978519457 4.06780500698749 0.0355034722222222 4.41366371961706 253.139997968852
0.0166666666666667 1.36794995754505 0.244860630336013 0.71193489304397 0.768070996012808 1.28363798101494 0.875 7.5688219089356 3.79066214842388 0.0228647293111078 4.26869794936688 358.628657301059
0.0166666666666667 1.46620530212474 0.32026927476296 0.866584934266802 0.570982373773888 2.08853244130394 1 8.12492807877202 4.69478234467778 0.0323822212353355 5.2257466737132 314.282612104117
0.0166666666666667 1.44847495490849 0.236206361704609 0.817467870053697 0.300845394869012 2.5695996758298 1 8.24941178067079 5.27683833487091 0.0511714537790413 5.34948565312244 353.466264011089
0 1.57560009350412 0.354920298951538 0.723820883911429 0.881945517376937 2.07652786774645 1 8.54266598738927 4.96109484853612 0.0278319360499123 5.91519076975199 255.806579921681
0 1.45417043853665 0.378559067661913 0.732367351533572 0.815519444390807 2.27261399714716 1 7.39733172970895 3.88413780193861 0.029801578181261 4.62374657156103 221.190318372957
0.0166666666666667 1.42785599813797 0.1835156010231 0.694799447210971 0.785358285997063 2.65537600079551 1 8.21138109209199 5.14822095704882 0.0467397576457011 5.39816270151775 307.997763562894
0.0166666666666667 1.36910044108795 0.248778085172674 0.830721666808845 0.840185248621299 1.64122294355911 1 7.81030199306403 4.04085587727111 0.0230648349977189 5.16550000465717 274.879416629129
0.0166666666666667 1.46593471491582 0.394308464784811 0.65534054329694 0.68417393951107 1.70210088837275 1 8.01644165322172 4.47020920055397 0.0288330652147012 5.22372850955696 324.114251891987
0.0166666666666667 1.43713181428611 0.200344356708229 0.818753308767918 0.399839831795543 1.01680941693485 1 8.28975919930981 4.48441398485229 0.0222515142955779 5.6450051039537 304.785780509355
0.0166666666666667 1.38437579903925 0.228953467159391 0.831408450785251 0.646868654684462 2.37055968207061 1 8.1236319503109 4.89597238577612 0.0396501889868821 5.37180014330784 273.328130357247
0.0166666666666667 1.36197569946332 0.223552399195791 0.772446984608304 0.399001288463554 1.35126541115372 1 7.9025798885104 4.36786432086138 0.0291670518628085 4.87233062271908 265.297173727981
0.0166666666666667 1.42785599813797 0.1835156010231 0.694799447210971 0.785358285997063 2.65537600079551 1 8.21138109209199 5.14822095704882 0.0467397576457011 5.39816270151775 307.997763562894
0 1.39651706730947 0.200120741990395 0.929757052403875 0.550250106118619 2.3534237826243 1 7.80000943302805 4.44117958587886 0.0347759282970551 5.14894690989377 234.016972497202
0.0166666666666667 1.45529598336009 0.334665354866103 0.689162590043854 0.69982104533647 2.7801545667257 1 7.68587530179763 4.52585637926837 0.0424249382857799 5.07047529445227 281.756400648665
0.0166666666666667 1.37336813267173 0.292840328137863 0.725693437212424 0.555160063763203 1.99619690600316 1 7.90903033476129 4.70953020131233 0.0407825847340865 5.00310702767546 291.007722542902
0.0166666666666667 1.39016930393466 0.219430449930811 0.938749749571202 0.587631127631235 2.77415756720364 0.875 7.59041912952724 4.33261127511053 0.0384726432799192 4.74617359345131 286.836360047584
0.0166666666666667 1.42751939601478 0.261541374005562 0.801459711669791 0.790341375624256 2.15436370534968 1 8.36573056220827 4.90897164031976 0.0315317935889231 5.50685476547288 311.071681317241
0.0166666666666667 1.337672414829 0.235565195298632 0.621435447995926 0.407509084878002 1.66569512085104 0.875 7.92526080200427 4.72231809936209 0.0406424292501549 5.12905304891073 309.223636391775
0 1.3330246046884 0.276092363614589 0.736573411780409 0.498948387941346 2.72105706157163 1 6.94565300198515 3.86859344750081 0.0460945962209652 4.14709512760763 241.279113381324
0 1.40894110353695 0.13218158089449 0.797245776176565 0.794001391330597 1.53241907177288 1 8.64148831068784 4.98275009060672 0.0257650019870181 6.04678098777869 296.310167786801
0 1.47649087851522 0.381813261110976 0.65150530427162 0.724126065100017 2.09692482113125 0.875 8.11581970121133 4.72865124275911 0.0338042596781766 5.34642702711856 286.871010388982
0 1.31565597429872 0.24648356041871 0.676584446022753 0.858660774445161 1.84352879971266 0.875 7.2958319860604 3.81928095372953 0.0309138482411086 4.36944785246702 249.931739828912
0 1.53836443953314 0.329942627500451 0.882018551804557 0.479037620842751 1.8110614690746 1 8.48185094726895 4.96284463025991 0.0296288622413302 6.07073772800249 277.658061012927
0 1.23220542164054 0.115030845277943 0.702799267601222 0.419677258562297 1.32248008437455 0.875 7.40592978519457 4.06780500698749 0.0355034722222222 4.41366371961706 253.139997968852
0 1.37593698318149 0.228443256724445 0.863573707511751 0.778364977992809 1.64072746843701 0.875 7.6433459957955 3.83174217416734 0.0221126856986376 4.62076228074793 279.840102318271
0 1.37881458119139 0.275412554084976 0.658781213011935 0.614300842929724 1.66599439580611 1 6.92939445408562 3.54095932403731 0.0337614678899083 4.08597631255158 227.930218733375
0.0166666666666667 1.33574546697824 0.280538247699029 0.658191191360202 0.470605575746972 1.64656213769792 0.875 7.76931825402011 4.4188406077966 0.0350676001931434 4.65531996967356 306.168182596435
0.0166666666666667 1.45018443854549 0.251914666276494 0.89813259568571 0.613913233887759 2.97711739545444 1 8.04946696691454 4.91081495881404 0.0433411821048011 5.01479330424492 321.214847755436
0.0166666666666667 1.337672414829 0.235565195298632 0.621435447995926 0.407509084878002 1.66569512085104 0.875 7.92526080200427 4.72231809936209 0.0406424292501549 5.12905304891073 309.223636391775
0.0166666666666667 1.36570104314344 0.234513253905311 0.70534570555108 0.495292572015934 1.77959944303413 1 8.10004763165868 4.89877220095086 0.0407102477520203 5.13726794502962 291.87800955782
0 1.56742109699542 0.281265564233969 0.822167637855418 0.354991515209445 1.39043714397624 1 8.68105372056661 5.04825215766756 0.0264420016128348 6.26814886535022 279.478717753446
0.0166666666666667 1.40607714882026 0.214850674294471 0.818982397108337 0.871261123152308 2.37549898075202 1 8.03053158527436 4.55912624748668 0.0310733314353113 5.22440168359787 303.848488824983
0.0166666666666667 1.42751939601478 0.261541374005562 0.801459711669791 0.790341375624256 2.15436370534968 1 8.36573056220827 4.90897164031976 0.0315317935889231 5.50685476547288 311.071681317241
0.0166666666666667 1.38450280398847 0.301316325294204 0.710017595507374 0.805905104809478 2.59799965197445 0.875 7.58694841020811 4.36763789722178 0.0399826162538027 4.57618264911484 315.601947532122
0 1.40581941342348 0.287192913790107 0.738945484125787 0.726702329919831 2.67975085074361 1 7.74694896047133 4.57856950419091 0.0420717217541586 4.96459135559485 246.604940429163
0.0166666666666667 1.40688571625957 0.215085606924871 0.910980265314875 0.42529422133159 1.28758849654817 1 8.31492399681259 4.54595082632812 0.0230757459831676 5.82857790295263 338.738343352373
0.0166666666666667 1.37336813267173 0.292840328137863 0.725693437212424 0.555160063763203 1.99619690600316 1 7.90903033476129 4.70953020131233 0.0407825847340865 5.00310702767546 291.007722542902
0.0166666666666667 1.41642045897458 0.203248066939964 0.817334121144971 0.750261697817032 2.06492584092755 1 8.21720234249686 4.7999142627806 0.0328012688556677 5.28826703069454 295.210188418699
0.0166666666666667 1.43713181428611 0.200344356708229 0.818753308767918 0.399839831795543 1.01680941693485 1 8.28975919930981 4.48441398485229 0.0222515142955779 5.6450051039537 304.785780509355
0 1.53419323144701 0.320973083067809 0.779273280789082 0.740562219764711 1.49130029674445 1 8.68147806072404 4.89128853646369 0.022591319842179 6.20177611960681 349.66594082353
0 1.51030783006255 0.318497219353031 0.847473367484749 0.688144058406724 1.09284017905946 1 8.55299460387962 4.54329478227 0.0181388393072507 5.95486539465965 292.249264723995
0.0166666666666667 1.44915617229944 0.345976278206383 0.698912648953901 0.481954707996476 2.30571092903463 1 8.19007704971905 5.09221528108868 0.0451456310679612 5.35185813347607 285.508134737847
0.0166666666666667 1.40607714882026 0.214850674294471 0.818982397108337 0.871261123152308 2.37549898075202 1 8.03053158527436 4.55912624748668 0.0310733314353113 5.22440168359787 303.848488824983
0.0166666666666667 1.42785599813797 0.1835156010231 0.694799447210971 0.785358285997063 2.65537600079551 1 8.21138109209199 5.14822095704882 0.0467397576457011 5.39816270151775 307.997763562894
0.0166666666666667 1.41569015844813 0.31368830520147 0.69963042497458 0.756215068075356 1.71094666641314 1 8.25534129566547 4.77385755150624 0.0307617346110119 5.56404136539736 270.256674556941
0 1.53836443953314 0.329942627500451 0.882018551804557 0.479037620842751 1.8110614690746 1 8.48185094726895 4.96284463025991 0.0296288622413302 6.07073772800249 277.658061012927
0 1.52654019769214 0.371764750993297 0.727307086404084 0.702658938409648 1.76384891463759 1 8.2081853322497 4.54595082632812 0.0256750774679062 5.56020074617818 234.049653427654
0 1.42423553693738 0.168406049840396 0.636458713391551 0.625257849792896 2.23154546456518 1 8.44652928166507 5.40155062118969 0.0475973276810389 5.89681040206579 327.293326045494
0.0166666666666667 1.47046009418254 0.309001705215407 0.916971010602421 0.535804588941587 1.66394257973938 1 8.39632414893525 4.78853286729046 0.0271116628110365 5.5834963087817 326.113064212765
0.0166666666666667 1.34698028685525 0.267088550329208 0.903102210734505 0.379549433570355 1.65083687845618 1 7.41592738528256 3.86597906692674 0.0287261242292074 4.66343909411207 281.503056045753
0.0166666666666667 1.44915617229944 0.345976278206383 0.698912648953901 0.481954707996476 2.30571092903463 1 8.19007704971905 5.09221528108868 0.0451456310679612 5.35185813347607 285.508134737847
