0.00847457627118644 1.46210645323154 0.399629616970196 0.741081597434822 0.327448031678796 2.3337648389861 1 7.80756087459643 4.78226979880089 0.0485436893203883 4.87233062271908 331.034790078326
0.00847457627118644 1.45989678424252 0.295078346331092 0.812716549225352 0.812153209667276 2.33947858565793 1 8.22841051352042 4.74493212836325 0.0307004371475289 5.44565920444596 295.658581087596
0.00847457627118644 1.35853924461693 0.249962983406239 0.720985200211189 0.635640253331442 1.67506538174354 1 7.57539232537199 4.0943445622221 0.0307751490671283 4.69706545069235 291.235272778395
0.00847457627118644 1.39113547328177 0.306205805461733 0.765780562641966 0.400022398262462 1.25957255744606 1 8.13329386122263 4.50534985070588 0.026570757486788 5.35894198836447 343.18631555924
0.00847457627118644 1.39113547328177 0.306205805461733 0.765780562641966 0.400022398262462 1.25957255744606 1 8.13329386122263 4.50534985070588 0.026570757486788 5.35894198836447 343.18631555924
0.00847457627118644 1.32078412061849 0.158846326060203 0.819793840318453 0.643251226179868 1.81843704015765 1 8.12862207285104 4.7361984483945 0.0336270786475425 4.98275009060672 378.993144606103
0.00847457627118644 1.36570104314344 0.234513253905311 0.70534570555108 0.495292572015934 1.77959944303413 1 8.10004763165868 4.89877220095086 0.0407102477520203 5.13726794502962 291.87800955782
0.00847457627118644 1.46620530212474 0.32026927476296 0.866584934266802 0.570982373773888 2.08853244130394 1 8.12492807877202 4.69478234467778 0.0323822212353355 5.2257466737132 314.282612104117
0.00847457627118644 1.39113547328177 0.306205805461733 0.765780562641966 0.400022398262462 1.25957255744606 1 8.13329386122263 4.50534985070588 0.026570757486788 5.35894198836447 343.18631555924
0.00847457627118644 1.36570104314344 0.234513253905311 0.70534570555108 0.495292572015934 1.77959944303413 1 8.10004763165868 4.89877220095086 0.0407102477520203 5.13726794502962 291.87800955782
0.00847457627118644 1.41642045897458 0.203248066939964 0.817334121144971 0.750261697817032 2.06492584092755 1 8.21720234249686 4.7999142627806 0.0328012688556677 5.28826703069454 295.210188418699
0.00847457627118644 1.47046009418254 0.309001705215407 0.916971010602421 0.535804588941587 1.66394257973938 1 8.39632414893525 4.78853286729046 0.0271116628110365 5.5834963087817 326.113064212765
0.00847457627118644 1.35507294801492 0.266368333043462 0.752049169775205 0.585440090122037 1.40257665545723 1 8.14725206812703 4.57083750690759 0.0279758242553654 5.21629353106945 466.832309963633
0.00847457627118644 1.35256399737923 0.259961103544188 0.7212764267068 0.470583961755661 1.4029470180949 1 7.64963309813038 4.1647253589839 0.0306565867015894 4.69478234467778 270.779919507507
0.00847457627118644 1.43266157652251 0.373936189187252 0.834700230983416 0.461552104180366 1.33904059610938 1 7.19011068992819 3.54095932403731 0.0260131950989632 4.35349855105934 303.53658598098
0.00847457627118644 1.39113547328177 0.306205805461733 0.765780562641966 0.400022398262462 1.25957255744606 1 8.13329386122263 4.50534985070588 0.026570757486788 5.35894198836447 343.18631555924
0.00847457627118644 1.39366435445714 0.34066000642084 0.737540693832714 0.506890606274829 1.10688863534609 1 7.87502425562092 4.13516655674236 0.0237574836073363 4.95934199970871 386.494801794622
0.00847457627118644 1.37336813267173 0.292840328137863 0.725693437212424 0.555160063763203 1.99619690600316 1 7.90903033476129 4.70953020131233 0.0407825847340865 5.00310702767546 291.007722542902
0.00847457627118644 1.35256399737923 0.259961103544188 0.7212764267068 0.470583961755661 1.4029470180949 1 7.64963309813038 4.1647253589839 0.0306565867015894 4.69478234467778 270.779919507507
0.00847457627118644 1.3442586306081 0.234986204744478 0.673477785040461 0.589209004420003 1.28993923309024 1 7.99644348645255 4.50810847314496 0.030551698017927 4.86657244941939 312.269325290663
0.00847457627118644 1.37336813267173 0.292840328137863 0.725693437212424 0.555160063763203 1.99619690600316 1 7.90903033476129 4.70953020131233 0.0407825847340865 5.00310702767546 291.007722542902
0.00847457627118644 1.35312306948512 0.21135390297436 0.679216229094028 0.584191812286085 1.43956239342156 1 7.90852501743423 4.41582401425717 0.0304186003767863 5.14531186408813 277.15562239445
0.00847457627118644 1.40607714882026 0.214850674294471 0.818982397108337 0.871261123152308 2.37549898075202 1 8.03053158527436 4.55912624748668 0.0310733314353113 5.22440168359787 303.848488824983
0.00847457627118644 1.47046009418254 0.309001705215407 0.916971010602421 0.535804588941587 1.66394257973938 1 8.39632414893525 4.78853286729046 0.0271116628110365 5.5834963087817 326.113064212765
0.00847457627118644 1.39113547328177 0.306205805461733 0.765780562641966 0.400022398262462 1.25957255744606 1 8.13329386122263 4.50534985070588 0.026570757486788 5.35894198836447 343.18631555924
0.00847457627118644 1.42751939601478 0.261541374005562 0.801459711669791 0.790341375624256 2.15436370534968 1 8.36573056220827 4.90897164031976 0.0315317935889231 5.50685476547288 311.071681317241
0.00847457627118644 1.37336813267173 0.292840328137863 0.725693437212424 0.555160063763203 1.99619690600316 1 7.90903033476129 4.70953020131233 0.0407825847340865 5.00310702767546 291.007722542902
0.00847457627118644 1.39113547328177 0.306205805461733 0.765780562641966 0.400022398262462 1.25957255744606 1 8.13329386122263 4.50534985070588 0.026570757486788 5.35894198836447 343.18631555924
0.00847457627118644 1.42751939601478 0.261541374005562 0.801459711669791 0.790341375624256 2.15436370534968 1 8.36573056220827 4.90897164031976 0.0315317935889231 5.50685476547288 311.071681317241
0.00847457627118644 1.47046009418254 0.309001705215407 0.916971010602421 0.535804588941587 1.66394257973938 1 8.39632414893525 4.78853286729046 0.0271116628110365 5.5834963087817 326.113064212765
0.00847457627118644 1.39570123819799 0.260273116040881 0.809778689203617 0.435466244365764 1.04683031060234 1 8.14035198264464 4.33565541749176 0.0222659524069823 5.31320597904179 360.722107758775
0.00847457627118644 1.39113547328177 0.306205805461733 0.765780562641966 0.400022398262462 1.25957255744606 1 8.13329386122263 4.50534985070588 0.026570757486788 5.35894198836447 343.18631555924
0.00847457627118644 1.43266157652251 0.373936189187252 0.834700230983416 0.461552104180366 1.33904059610938 1 7.19011068992819 3.54095932403731 0.0260131950989632 4.35349855105934 303.53658598098
0.00847457627118644 1.48794342376706 0.38150769746758 0.666983977714409 0.497656860692324 2.21905009124774 1 7.90456552791509 4.8182634014488 0.0456705263643493 4.71065569383407 446.887018078833
0.00847457627118644 1.34698028685525 0.267088550329208 0.903102210734505 0.379549433570355 1.65083687845618 1 7.41592738528256 3.86597906692674 0.0287261242292074 4.66343909411207 281.503056045753
0.00847457627118644 1.45018443854549 0.251914666276494 0.89813259568571 0.613913233887759 2.97711739545444 1 8.04946696691454 4.91081495881404 0.0433411821048011 5.01479330424492 321.214847755436
0.00847457627118644 1.34698028685525 0.267088550329208 0.903102210734505 0.379549433570355 1.65083687845618 1 7.41592738528256 3.86597906692674 0.0287261242292074 4.66343909411207 281.503056045753
0.00847457627118644 1.32078412061849 0.158846326060203 0.819793840318453 0.643251226179868 1.81843704015765 1 8.12862207285104 4.7361984483945 0.0336270786475425 4.98275009060672 378.993144606103
0.00847457627118644 1.37336813267173 0.292840328137863 0.725693437212424 0.555160063763203 1.99619690600316 1 7.90903033476129 4.70953020131233 0.0407825847340865 5.00310702767546 291.007722542902
0.00847457627118644 1.42751939601478 0.261541374005562 0.801459711669791 0.790341375624256 2.15436370534968 1 8.36573056220827 4.90897164031976 0.0315317935889231 5.50685476547288 311.071681317241
0.00847457627118644 1.3442586306081 0.234986204744478 0.673477785040461 0.589209004420003 1.28993923309024 1 7.99644348645255 4.50810847314496 0.030551698017927 4.86657244941939 312.269325290663
0.00847457627118644 1.44361945828252 0.394407679548561 0.736848582194407 0.314301213386723 2.15072114352107 1 8.11958463958585 5.03938470738224 0.0459500688320869 5.18458860121969 344.231647359813
0.00847457627118644 1.39113547328177 0.306205805461733 0.765780562641966 0.400022398262462 1.25957255744606 1 8.13329386122263 4.50534985070588 0.026570757486788 5.35894198836447 343.18631555924
0.00847457627118644 1.39113547328177 0.306205805461733 0.765780562641966 0.400022398262462 1.25957255744606 1 8.13329386122263 4.50534985070588 0.026570757486788 5.35894198836447 343.18631555924
0.00847457627118644 1.31076421146648 0.140737055355475 0.757300814420701 0.783093237543431 1.81968167462007 1 7.98799142244454 4.42484663185681 0.0283495310444341 5.13579843705026 321.523655002453
0.00847457627118644 1.43266157652251 0.373936189187252 0.834700230983416 0.461552104180366 1.33904059610938 1 7.19011068992819 3.54095932403731 0.0260131950989632 4.35349855105934 303.53658598098
0.00847457627118644 1.39366435445714 0.34066000642084 0.737540693832714 0.506890606274829 1.10688863534609 1 7.87502425562092 4.13516655674236 0.0237574836073363 4.95934199970871 386.494801794622
0.00847457627118644 1.51932624899539 0.39296082444608 0.715254633865034 0.774934627711857 1.86512675570638 1 7.90792749483699 4.32743844438948 0.0278620689655172 5.03288590303108 304.194522967397
0.00847457627118644 1.41432910895701 0.353789164258484 0.775631101509336 0.501433970753053 1.64654553258678 1 7.81556010720599 4.30406509320417 0.0298522515253895 5.04423124352477 299.256857718308
0.00847457627118644 1.37336813267173 0.292840328137863 0.725693437212424 0.555160063763203 1.99619690600316 1 7.90903033476129 4.70953020131233 0.0407825847340865 5.00310702767546 291.007722542902
0.00847457627118644 1.39113547328177 0.306205805461733 0.765780562641966 0.400022398262462 1.25957255744606 1 8.13329386122263 4.50534985070588 0.026570757486788 5.35894198836447 343.18631555924
0.00847457627118644 1.42751939601478 0.261541374005562 0.801459711669791 0.790341375624256 2.15436370534968 1 8.36573056220827 4.90897164031976 0.0315317935889231 5.50685476547288 311.071681317241
0.00847457627118644 1.39366435445714 0.34066000642084 0.737540693832714 0.506890606274829 1.10688863534609 1 7.87502425562092 4.13516655674236 0.0237574836073363 4.95934199970871 386.494801794622
0.00847457627118644 1.37336813267173 0.292840328137863 0.725693437212424 0.555160063763203 1.99619690600316 1 7.90903033476129 4.70953020131233 0.0407825847340865 5.00310702767546 291.007722542902
0.00847457627118644 1.43266157652251 0.373936189187252 0.834700230983416 0.461552104180366 1.33904059610938 1 7.19011068992819 3.54095932403731 0.0260131950989632 4.35349855105934 303.53658598098
0.00847457627118644 1.47046009418254 0.309001705215407 0.916971010602421 0.535804588941587 1.66394257973938 1 8.39632414893525 4.78853286729046 0.0271116628110365 5.5834963087817 326.113064212765
0.00847457627118644 1.51932624899539 0.39296082444608 0.715254633865034 0.774934627711857 1.86512675570638 1 7.90792749483699 4.32743844438948 0.0278620689655172 5.03288590303108 304.194522967397
0.00847457627118644 1.45559342826805 0.244244263696124 0.746897762208257 0.887374385326763 2.57065824054779 1 8.32989929299572 5.00478488041808 0.0359684032802701 5.54273305313779 369.020254453009
0.00847457627118644 1.44773742882282 0.334734036199353 0.846491472820919 0.725538016567048 1.68762172984906 1 7.79949713793488 4.11700258611469 0.0251601332308481 4.87519732320115 310.56185729552
0.00847457627118644 1.43266157652251 0.373936189187252 0.834700230983416 0.461552104180366 1.33904059610938 1 7.19011068992819 3.54095932403731 0.0260131950989632 4.35349855105934 303.53658598098
0.00847457627118644 1.3442586306081 0.234986204744478 0.673477785040461 0.589209004420003 1.28993923309024 1 7.99644348645255 4.50810847314496 0.030551698017927 4.86657244941939 312.269325290663
0.00847457627118644 1.39113547328177 0.306205805461733 0.765780562641966 0.400022398262462 1.25957255744606 1 8.13329386122263 4.50534985070588 0.026570757486788 5.35894198836447 343.18631555924
0.00847457627118644 1.41950555667041 0.243439237828097 0.729056268003776 0.634892685326627 2.31615036785084 1 8.17371648064214 5.0164516794177 0.0425419427604681 5.50482327670922 316.548470597421
0.00847457627118644 1.35896431431924 0.231104941022454 0.796476615506016 0.365325459624021 1.20666172777733 1 7.73603413353308 4.13115853534482 0.0271908271908272 4.65396035015752 408.167449675595
0.00847457627118644 1.39566061152611 0.21134426816431 0.922199381838282 0.632024684199091 2.48744860483423 1 7.76445522944265 4.43081679884331 0.0356631109695908 4.64077861345546 300.119765295099
0.00847457627118644 1.45018443854549 0.251914666276494 0.89813259568571 0.613913233887759 2.97711739545444 1 8.04946696691454 4.91081495881404 0.0433411821048011 5.01479330424492 321.214847755436
0.00847457627118644 1.32078412061849 0.158846326060203 0.819793840318453 0.643251226179868 1.81843704015765 1 8.12862207285104 4.7361984483945 0.0336270786475425 4.98275009060672 378.993144606103
0.00847457627118644 1.44361945828252 0.394407679548561 0.736848582194407 0.314301213386723 2.15072114352107 1 8.11958463958585 5.03938470738224 0.0459500688320869 5.18458860121969 344.231647359813
0.00847457627118644 1.43266157652251 0.373936189187252 0.834700230983416 0.461552104180366 1.33904059610938 1 7.19011068992819 3.54095932403731 0.0260131950989632 4.35349855105934 303.53658598098
0.00847457627118644 1.35256399737923 0.259961103544188 0.7212764267068 0.470583961755661 1.4029470180949 1 7.64963309813038 4.1647253589839 0.0306565867015894 4.69478234467778 270.779919507507
0.00847457627118644 1.42751939601478 0.261541374005562 0.801459711669791 0.790341375624256 2.15436370534968 1 8.36573056220827 4.90897164031976 0.0315317935889231 5.50685476547288 311.071681317241
0.00847457627118644 1.46620530212474 0.32026927476296 0.866584934266802 0.570982373773888 2.08853244130394 1 8.12492807877202 4.69478234467778 0.0323822212353355 5.2257466737132 314.282612104117
0.00847457627118644 1.44773742882282 0.334734036199353 0.846491472820919 0.725538016567048 1.68762172984906 1 7.79949713793488 4.11700258611469 0.0251601332308481 4.87519732320115 310.56185729552
0.00847457627118644 1.39324206643818 0.344157341238116 0.635844594634498 0.509474789018688 1.86118440002376 1 7.47250074473756 4.15300647487069 0.0361711199545196 4.6936388339757 286.893385061288
0.00847457627118644 1.40607714882026 0.214850674294471 0.818982397108337 0.871261123152308 2.37549898075202 1 8.03053158527436 4.55912624748668 0.0310733314353113 5.22440168359787 303.848488824983
0.00847457627118644 1.35853924461693 0.249962983406239 0.720985200211189 0.635640253331442 1.67506538174354 1 7.57539232537199 4.0943445622221 0.0307751490671283 4.69706545069235 291.235272778395
0.00847457627118644 1.39113547328177 0.306205805461733 0.765780562641966 0.400022398262462 1.25957255744606 1 8.13329386122263 4.50534985070588 0.026570757486788 5.35894198836447 343.18631555924
0.00847457627118644 1.40607714882026 0.214850674294471 0.818982397108337 0.871261123152308 2.37549898075202 1 8.03053158527436 4.55912624748668 0.0310733314353113 5.22440168359787 303.848488824983
0.00847457627118644 1.36570104314344 0.234513253905311 0.70534570555108 0.495292572015934 1.77959944303413 1 8.10004763165868 4.89877220095086 0.0407102477520203 5.13726794502962 291.87800955782
0.00847457627118644 1.4355690283103 0.256395372802729 0.847605416628415 0.794818556467096 1.68631196525323 1 8.11679024890034 4.46447030388496 0.0259309006790538 5.2736403788356 303.269567893742
0.00847457627118644 1.3442586306081 0.234986204744478 0.673477785040461 0.589209004420003 1.28993923309024 1 7.99644348645255 4.50810847314496 0.030551698017927 4.86657244941939 312.269325290663
0.00847457627118644 1.37336813267173 0.292840328137863 0.725693437212424 0.555160063763203 1.99619690600316 1 7.90903033476129 4.70953020131233 0.0407825847340865 5.00310702767546 291.007722542902
0.00847457627118644 1.42751939601478 0.261541374005562 0.801459711669791 0.790341375624256 2.15436370534968 1 8.36573056220827 4.90897164031976 0.0315317935889231 5.50685476547288 311.071681317241
0.00847457627118644 1.46620530212474 0.32026927476296 0.866584934266802 0.570982373773888 2.08853244130394 1 8.12492807877202 4.69478234467778 0.0323822212353355 5.2257466737132 314.282612104117
0.00847457627118644 1.35507294801492 0.266368333043462 0.752049169775205 0.585440090122037 1.40257665545723 1 8.14725206812703 4.57083750690759 0.0279758242553654 5.21629353106945 466.832309963633
0.00847457627118644 1.45018443854549 0.251914666276494 0.89813259568571 0.613913233887759 2.97711739545444 1 8.04946696691454 4.91081495881404 0.0433411821048011 5.01479330424492 321.214847755436
0.00847457627118644 1.39113547328177 0.306205805461733 0.765780562641966 0.400022398262462 1.25957255744606 1 8.13329386122263 4.50534985070588 0.026570757486788 5.35894198836447 343.18631555924
0.00847457627118644 1.37336813267173 0.292840328137863 0.725693437212424 0.555160063763203 1.99619690600316 1 7.90903033476129 4.70953020131233 0.0407825847340865 5.00310702767546 291.007722542902
0.00847457627118644 1.45018443854549 0.251914666276494 0.89813259568571 0.613913233887759 2.97711739545444 1 8.04946696691454 4.91081495881404 0.0433411821048011 5.01479330424492 321.214847755436
0.00847457627118644 1.35853924461693 0.249962983406239 0.720985200211189 0.635640253331442 1.67506538174354 1 7.57539232537199 4.0943445622221 0.0307751490671283 4.69706545069235 291.235272778395
0.00847457627118644 1.51932624899539 0.39296082444608 0.715254633865034 0.774934627711857 1.86512675570638 1 7.90792749483699 4.32743844438948 0.0278620689655172 5.03288590303108 304.194522967397
0.00847457627118644 1.37336813267173 0.292840328137863 0.725693437212424 0.555160063763203 1.99619690600316 1 7.90903033476129 4.70953020131233 0.0407825847340865 5.00310702767546 291.007722542902
0.00847457627118644 1.42751939601478 0.261541374005562 0.801459711669791 0.790341375624256 2.15436370534968 1 8.36573056220827 4.90897164031976 0.0315317935889231 5.50685476547288 311.071681317241
0.00847457627118644 1.52394090174545 0.386364108367687 0.82328533641625 0.340190102076093 2.22671176229066 1 7.49859284071751 4.36150499895308 0.0434090279700914 4.45143608604605 300.683035794303
0.00847457627118644 1.36570104314344 0.234513253905311 0.70534570555108 0.495292572015934 1.77959944303413 1 8.10004763165868 4.89877220095086 0.0407102477520203 5.13726794502962 291.87800955782
0.00847457627118644 1.39113547328177 0.306205805461733 0.765780562641966 0.400022398262462 1.25957255744606 1 8.13329386122263 4.50534985070588 0.026570757486788 5.35894198836447 343.18631555924
0.00847457627118644 1.43266157652251 0.373936189187252 0.834700230983416 0.461552104180366 1.33904059610938 1 7.19011068992819 3.54095932403731 0.0260131950989632 4.35349855105934 303.53658598098
0.00847457627118644 1.45018443854549 0.251914666276494 0.89813259568571 0.613913233887759 2.97711739545444 1 8.04946696691454 4.91081495881404 0.0433411821048011 5.01479330424492 321.214847755436
0.00847457627118644 1.43956445149608 0.288439416560653 0.828842508179945 0.573393985052437 1.45052955373611 1 7.85098001209637 4.16083430349093 0.0249683636717609 4.83826406815547 395.804763332784
0.00847457627118644 1.42751939601478 0.261541374005562 0.801459711669791 0.790341375624256 2.15436370534968 1 8.36573056220827 4.90897164031976 0.0315317935889231 5.50685476547288 311.071681317241
0.00847457627118644 1.35256399737923 0.259961103544188 0.7212764267068 0.470583961755661 1.4029470180949 1 7.64963309813038 4.1647253589839 0.0306565867015894 4.69478234467778 270.779919507507
0.00847457627118644 1.46593471491582 0.394308464784811 0.65534054329694 0.68417393951107 1.70210088837275 1 8.01644165322172 4.47020920055397 0.0288330652147012 5.22372850955696 324.114251891987
0.00847457627118644 1.34698028685525 0.267088550329208 0.903102210734505 0.379549433570355 1.65083687845618 1 7.41592738528256 3.86597906692674 0.0287261242292074 4.66343909411207 281.503056045753
0.00847457627118644 1.37336813267173 0.292840328137863 0.725693437212424 0.555160063763203 1.99619690600316 1 7.90903033476129 4.70953020131233 0.0407825847340865 5.00310702767546 291.007722542902
0.00847457627118644 1.41361351436183 0.243136496296606 0.842441418867714 0.838635155326665 2.03318677296866 1 8.12044002391009 4.52178857704904 0.027360594795539 5.37469953646684 304.052062819002
0.00847457627118644 1.51932624899539 0.39296082444608 0.715254633865034 0.774934627711857 1.86512675570638 1 7.90792749483699 4.32743844438948 0.0278620689655172 5.03288590303108 304.194522967397
0.00847457627118644 1.39366435445714 0.34066000642084 0.737540693832714 0.506890606274829 1.10688863534609 1 7.87502425562092 4.13516655674236 0.0237574836073363 4.95934199970871 386.494801794622
0.00847457627118644 1.47371056023613 0.379053653774739 0.835370658267109 0.401946723799289 1.80473029031962 1 7.74716496652033 4.28186093589316 0.0312634989200864 4.99382817577987 298.02194916182
0.00847457627118644 1.40607714882026 0.214850674294471 0.818982397108337 0.871261123152308 2.37549898075202 1 8.03053158527436 4.55912624748668 0.0310733314353113 5.22440168359787 303.848488824983
0.00847457627118644 1.35507294801492 0.266368333043462 0.752049169775205 0.585440090122037 1.40257665545723 1 8.14725206812703 4.57083750690759 0.0279758242553654 5.21629353106945 466.832309963633
0.00847457627118644 1.37612466707166 0.234629283268835 0.916061321808748 0.582700382098591 1.28493652898082 1 8.10220790992391 4.26794766797617 0.0216173241462861 5.42219291620358 321.157046465494
0.00847457627118644 1.39366435445714 0.34066000642084 0.737540693832714 0.506890606274829 1.10688863534609 1 7.87502425562092 4.13516655674236 0.0237574836073363 4.95934199970871 386.494801794622
0.00847457627118644 1.42751939601478 0.261541374005562 0.801459711669791 0.790341375624256 2.15436370534968 1 8.36573056220827 4.90897164031976 0.0315317935889231 5.50685476547288 311.071681317241
0.00847457627118644 1.40607714882026 0.214850674294471 0.818982397108337 0.871261123152308 2.37549898075202 1 8.03053158527436 4.55912624748668 0.0310733314353113 5.22440168359787 303.848488824983
0.00847457627118644 1.46593471491582 0.394308464784811 0.65534054329694 0.68417393951107 1.70210088837275 1 8.01644165322172 4.47020920055397 0.0288330652147012 5.22372850955696 324.114251891987
0.00847457627118644 1.3442586306081 0.234986204744478 0.673477785040461 0.589209004420003 1.28993923309024 1 7.99644348645255 4.50810847314496 0.030551698017927 4.86657244941939 312.269325290663
0.00847457627118644 1.34698028685525 0.267088550329208 0.903102210734505 0.379549433570355 1.65083687845618 1 7.41592738528256 3.86597906692674 0.0287261242292074 4.66343909411207 281.503056045753
0.00847457627118644 1.51932624899539 0.39296082444608 0.715254633865034 0.774934627711857 1.86512675570638 1 7.90792749483699 4.32743844438948 0.0278620689655172 5.03288590303108 304.194522967397
