0.00847457627118644 1.39366435445714 0.34066000642084 0.737540693832714 0.506890606274829 1.10688863534609 1 7.87502425562092 4.13516655674236 0.0237574836073363 4.95934199970871 386.494801794622
0.00847457627118644 1.32078412061849 0.158846326060203 0.819793840318453 0.643251226179868 1.81843704015765 1 8.12862207285104 4.7361984483945 0.0336270786475425 4.98275009060672 378.993144606103
0.00847457627118644 1.39366435445714 0.34066000642084 0.737540693832714 0.506890606274829 1.10688863534609 1 7.87502425562092 4.13516655674236 0.0237574836073363 4.95934199970871 386.494801794622
0.00847457627118644 1.32078412061849 0.158846326060203 0.819793840318453 0.643251226179868 1.81843704015765 1 8.12862207285104 4.7361984483945 0.0336270786475425 4.98275009060672 378.993144606103
0.00847457627118644 1.39366435445714 0.34066000642084 0.737540693832714 0.506890606274829 1.10688863534609 1 7.87502425562092 4.13516655674236 0.0237574836073363 4.95934199970871 386.494801794622
0.00847457627118644 1.39366435445714 0.34066000642084 0.737540693832714 0.506890606274829 1.10688863534609 1 7.87502425562092 4.13516655674236 0.0237574836073363 4.95934199970871 386.494801794622
0.00847457627118644 1.39366435445714 0.34066000642084 0.737540693832714 0.506890606274829 1.10688863534609 1 7.87502425562092 4.13516655674236 0.0237574836073363 4.95934199970871 386.494801794622
0.00847457627118644 1.38739513810673 0.25826729448181 0.677043618707837 0.628971147993201 1.65041037212799 1 7.93973797285236 4.55781648960462 0.0339820959337282 4.83330127881334 395.669814238737
0.00847457627118644 1.39366435445714 0.34066000642084 0.737540693832714 0.506890606274829 1.10688863534609 1 7.87502425562092 4.13516655674236 0.0237574836073363 4.95934199970871 386.494801794622
0.00847457627118644 1.43956445149608 0.288439416560653 0.828842508179945 0.573393985052437 1.45052955373611 1 7.85098001209637 4.16083430349093 0.0249683636717609 4.83826406815547 395.804763332784
0.00847457627118644 1.39366435445714 0.34066000642084 0.737540693832714 0.506890606274829 1.10688863534609 1 7.87502425562092 4.13516655674236 0.0237574836073363 4.95934199970871 386.494801794622
0.00847457627118644 1.32078412061849 0.158846326060203 0.819793840318453 0.643251226179868 1.81843704015765 1 8.12862207285104 4.7361984483945 0.0336270786475425 4.98275009060672 378.993144606103
0.00847457627118644 1.43956445149608 0.288439416560653 0.828842508179945 0.573393985052437 1.45052955373611 1 7.85098001209637 4.16083430349093 0.0249683636717609 4.83826406815547 395.804763332784
0.00847457627118644 1.43956445149608 0.288439416560653 0.828842508179945 0.573393985052437 1.45052955373611 1 7.85098001209637 4.16083430349093 0.0249683636717609 4.83826406815547 395.804763332784
0.00847457627118644 1.35896431431924 0.231104941022454 0.796476615506016 0.365325459624021 1.20666172777733 1 7.73603413353308 4.13115853534482 0.0271908271908272 4.65396035015752 408.167449675595
0.00847457627118644 1.39366435445714 0.34066000642084 0.737540693832714 0.506890606274829 1.10688863534609 1 7.87502425562092 4.13516655674236 0.0237574836073363 4.95934199970871 386.494801794622
0.00847457627118644 1.39366435445714 0.34066000642084 0.737540693832714 0.506890606274829 1.10688863534609 1 7.87502425562092 4.13516655674236 0.0237574836073363 4.95934199970871 386.494801794622
0.00847457627118644 1.39366435445714 0.34066000642084 0.737540693832714 0.506890606274829 1.10688863534609 1 7.87502425562092 4.13516655674236 0.0237574836073363 4.95934199970871 386.494801794622
0.00847457627118644 1.40882423999384 0.263902802206094 0.854547170095139 0.522946717162939 2.07336711559395 1 7.7479206204668 4.44705331789095 0.036851192403151 4.754667197134 314.117597751051
0.00847457627118644 1.32078412061849 0.158846326060203 0.819793840318453 0.643251226179868 1.81843704015765 1 8.12862207285104 4.7361984483945 0.0336270786475425 4.98275009060672 378.993144606103
0.00847457627118644 1.39366435445714 0.34066000642084 0.737540693832714 0.506890606274829 1.10688863534609 1 7.87502425562092 4.13516655674236 0.0237574836073363 4.95934199970871 386.494801794622
0.00847457627118644 1.38739513810673 0.25826729448181 0.677043618707837 0.628971147993201 1.65041037212799 1 7.93973797285236 4.55781648960462 0.0339820959337282 4.83330127881334 395.669814238737
0.00847457627118644 1.39366435445714 0.34066000642084 0.737540693832714 0.506890606274829 1.10688863534609 1 7.87502425562092 4.13516655674236 0.0237574836073363 4.95934199970871 386.494801794622
0.00847457627118644 1.43956445149608 0.288439416560653 0.828842508179945 0.573393985052437 1.45052955373611 1 7.85098001209637 4.16083430349093 0.0249683636717609 4.83826406815547 395.804763332784
0.00847457627118644 1.30988380705585 0.159096384516575 0.712308848238868 0.784394159793771 1.3402765873555 1 7.76752856802112 4.10057511197274 0.0255542034812973 4.62374657156103 349.786781900538
0.00847457627118644 1.40882423999384 0.263902802206094 0.854547170095139 0.522946717162939 2.07336711559395 1 7.7479206204668 4.44705331789095 0.036851192403151 4.754667197134 314.117597751051
0.00847457627118644 1.36159432505571 0.2994993019739 0.724500614331179 0.332207513987672 1.12160363651103 1 8.13911219252084 4.56434819146784 0.0280220381654322 5.10518761103748 413.369244690861
0.00847457627118644 1.35896431431924 0.231104941022454 0.796476615506016 0.365325459624021 1.20666172777733 1 7.73603413353308 4.13115853534482 0.0271908271908272 4.65396035015752 408.167449675595
0.00847457627118644 1.35896431431924 0.231104941022454 0.796476615506016 0.365325459624021 1.20666172777733 1 7.73603413353308 4.13115853534482 0.0271908271908272 4.65396035015752 408.167449675595
0.00847457627118644 1.35896431431924 0.231104941022454 0.796476615506016 0.365325459624021 1.20666172777733 1 7.73603413353308 4.13115853534482 0.0271908271908272 4.65396035015752 408.167449675595
0.00847457627118644 1.39366435445714 0.34066000642084 0.737540693832714 0.506890606274829 1.10688863534609 1 7.87502425562092 4.13516655674236 0.0237574836073363 4.95934199970871 386.494801794622
0.00847457627118644 1.35896431431924 0.231104941022454 0.796476615506016 0.365325459624021 1.20666172777733 1 7.73603413353308 4.13115853534482 0.0271908271908272 4.65396035015752 408.167449675595
0.00847457627118644 1.46618449626561 0.302227290058045 0.941382900975616 0.439819528224347 2.02890303796723 1 8.23926341040714 4.7307009084353 0.0299399220967848 5.3548158404533 378.875628446421
0.00847457627118644 1.39366435445714 0.34066000642084 0.737540693832714 0.506890606274829 1.10688863534609 1 7.87502425562092 4.13516655674236 0.0237574836073363 4.95934199970871 386.494801794622
0.00847457627118644 1.35896431431924 0.231104941022454 0.796476615506016 0.365325459624021 1.20666172777733 1 7.73603413353308 4.13115853534482 0.0271908271908272 4.65396035015752 408.167449675595
0.00847457627118644 1.39366435445714 0.34066000642084 0.737540693832714 0.506890606274829 1.10688863534609 1 7.87502425562092 4.13516655674236 0.0237574836073363 4.95934199970871 386.494801794622
0.00847457627118644 1.39366435445714 0.34066000642084 0.737540693832714 0.506890606274829 1.10688863534609 1 7.87502425562092 4.13516655674236 0.0237574836073363 4.95934199970871 386.494801794622
0.00847457627118644 1.35896431431924 0.231104941022454 0.796476615506016 0.365325459624021 1.20666172777733 1 7.73603413353308 4.13115853534482 0.0271908271908272 4.65396035015752 408.167449675595
0.00847457627118644 1.35896431431924 0.231104941022454 0.796476615506016 0.365325459624021 1.20666172777733 1 7.73603413353308 4.13115853534482 0.0271908271908272 4.65396035015752 408.167449675595
0.00847457627118644 1.39366435445714 0.34066000642084 0.737540693832714 0.506890606274829 1.10688863534609 1 7.87502425562092 4.13516655674236 0.0237574836073363 4.95934199970871 386.494801794622
0.00847457627118644 1.39366435445714 0.34066000642084 0.737540693832714 0.506890606274829 1.10688863534609 1 7.87502425562092 4.13516655674236 0.0237574836073363 4.95934199970871 386.494801794622
0.00847457627118644 1.38739513810673 0.25826729448181 0.677043618707837 0.628971147993201 1.65041037212799 1 7.93973797285236 4.55781648960462 0.0339820959337282 4.83330127881334 395.669814238737
0.00847457627118644 1.38739513810673 0.25826729448181 0.677043618707837 0.628971147993201 1.65041037212799 1 7.93973797285236 4.55781648960462 0.0339820959337282 4.83330127881334 395.669814238737
0.00847457627118644 1.32078412061849 0.158846326060203 0.819793840318453 0.643251226179868 1.81843704015765 1 8.12862207285104 4.7361984483945 0.0336270786475425 4.98275009060672 378.993144606103
0.00847457627118644 1.39366435445714 0.34066000642084 0.737540693832714 0.506890606274829 1.10688863534609 1 7.87502425562092 4.13516655674236 0.0237574836073363 4.95934199970871 386.494801794622
0.00847457627118644 1.32078412061849 0.158846326060203 0.819793840318453 0.643251226179868 1.81843704015765 1 8.12862207285104 4.7361984483945 0.0336270786475425 4.98275009060672 378.993144606103
0.00847457627118644 1.39366435445714 0.34066000642084 0.737540693832714 0.506890606274829 1.10688863534609 1 7.87502425562092 4.13516655674236 0.0237574836073363 4.95934199970871 386.494801794622
0.00847457627118644 1.39366435445714 0.34066000642084 0.737540693832714 0.506890606274829 1.10688863534609 1 7.87502425562092 4.13516655674236 0.0237574836073363 4.95934199970871 386.494801794622
0.00847457627118644 1.34143099789261 0.20742627037745 0.652422732319272 0.510180863024083 1.76592094573517 1 7.98858539785445 4.83429580897985 0.0426687025490945 4.90527477843843 360.273248296867
0.00847457627118644 1.39366435445714 0.34066000642084 0.737540693832714 0.506890606274829 1.10688863534609 1 7.87502425562092 4.13516655674236 0.0237574836073363 4.95934199970871 386.494801794622
0.00847457627118644 1.36159432505571 0.2994993019739 0.724500614331179 0.332207513987672 1.12160363651103 1 8.13911219252084 4.56434819146784 0.0280220381654322 5.10518761103748 413.369244690861
0.00847457627118644 1.35896431431924 0.231104941022454 0.796476615506016 0.365325459624021 1.20666172777733 1 7.73603413353308 4.13115853534482 0.0271908271908272 4.65396035015752 408.167449675595
0.00847457627118644 1.35896431431924 0.231104941022454 0.796476615506016 0.365325459624021 1.20666172777733 1 7.73603413353308 4.13115853534482 0.0271908271908272 4.65396035015752 408.167449675595
0.00847457627118644 1.36159432505571 0.2994993019739 0.724500614331179 0.332207513987672 1.12160363651103 1 8.13911219252084 4.56434819146784 0.0280220381654322 5.10518761103748 413.369244690861
0.00847457627118644 1.35896431431924 0.231104941022454 0.796476615506016 0.365325459624021 1.20666172777733 1 7.73603413353308 4.13115853534482 0.0271908271908272 4.65396035015752 408.167449675595
0.00847457627118644 1.32078412061849 0.158846326060203 0.819793840318453 0.643251226179868 1.81843704015765 1 8.12862207285104 4.7361984483945 0.0336270786475425 4.98275009060672 378.993144606103
0.00847457627118644 1.43956445149608 0.288439416560653 0.828842508179945 0.573393985052437 1.45052955373611 1 7.85098001209637 4.16083430349093 0.0249683636717609 4.83826406815547 395.804763332784
0.00847457627118644 1.38739513810673 0.25826729448181 0.677043618707837 0.628971147993201 1.65041037212799 1 7.93973797285236 4.55781648960462 0.0339820959337282 4.83330127881334 395.669814238737
0.00847457627118644 1.39366435445714 0.34066000642084 0.737540693832714 0.506890606274829 1.10688863534609 1 7.87502425562092 4.13516655674236 0.0237574836073363 4.95934199970871 386.494801794622
0.00847457627118644 1.39366435445714 0.34066000642084 0.737540693832714 0.506890606274829 1.10688863534609 1 7.87502425562092 4.13516655674236 0.0237574836073363 4.95934199970871 386.494801794622
0.00847457627118644 1.40882423999384 0.263902802206094 0.854547170095139 0.522946717162939 2.07336711559395 1 7.7479206204668 4.44705331789095 0.036851192403151 4.754667197134 314.117597751051
0.00847457627118644 1.38739513810673 0.25826729448181 0.677043618707837 0.628971147993201 1.65041037212799 1 7.93973797285236 4.55781648960462 0.0339820959337282 4.83330127881334 395.669814238737
0.00847457627118644 1.39366435445714 0.34066000642084 0.737540693832714 0.506890606274829 1.10688863534609 1 7.87502425562092 4.13516655674236 0.0237574836073363 4.95934199970871 386.494801794622
0.00847457627118644 1.39366435445714 0.34066000642084 0.737540693832714 0.506890606274829 1.10688863534609 1 7.87502425562092 4.13516655674236 0.0237574836073363 4.95934199970871 386.494801794622
0.00847457627118644 1.35896431431924 0.231104941022454 0.796476615506016 0.365325459624021 1.20666172777733 1 7.73603413353308 4.13115853534482 0.0271908271908272 4.65396035015752 408.167449675595
0.00847457627118644 1.33484670321443 0.229130691235759 0.747841269708878 0.569277382369559 1.45914515180855 1 7.65106073503932 4.12511622088885 0.0294240028532366 4.59385642608782 356.317223281615
0.00847457627118644 1.39366435445714 0.34066000642084 0.737540693832714 0.506890606274829 1.10688863534609 1 7.87502425562092 4.13516655674236 0.0237574836073363 4.95934199970871 386.494801794622
0.00847457627118644 1.39366435445714 0.34066000642084 0.737540693832714 0.506890606274829 1.10688863534609 1 7.87502425562092 4.13516655674236 0.0237574836073363 4.95934199970871 386.494801794622
0.00847457627118644 1.35896431431924 0.231104941022454 0.796476615506016 0.365325459624021 1.20666172777733 1 7.73603413353308 4.13115853534482 0.0271908271908272 4.65396035015752 408.167449675595
0.00847457627118644 1.30988380705585 0.159096384516575 0.712308848238868 0.784394159793771 1.3402765873555 1 7.76752856802112 4.10057511197274 0.0255542034812973 4.62374657156103 349.786781900538
0.00847457627118644 1.39366435445714 0.34066000642084 0.737540693832714 0.506890606274829 1.10688863534609 1 7.87502425562092 4.13516655674236 0.0237574836073363 4.95934199970871 386.494801794622
0.00847457627118644 1.46618449626561 0.302227290058045 0.941382900975616 0.439819528224347 2.02890303796723 1 8.23926341040714 4.7307009084353 0.0299399220967848 5.3548158404533 378.875628446421
0.00847457627118644 1.38739513810673 0.25826729448181 0.677043618707837 0.628971147993201 1.65041037212799 1 7.93973797285236 4.55781648960462 0.0339820959337282 4.83330127881334 395.669814238737
0.00847457627118644 1.39366435445714 0.34066000642084 0.737540693832714 0.506890606274829 1.10688863534609 1 7.87502425562092 4.13516655674236 0.0237574836073363 4.95934199970871 386.494801794622
0.00847457627118644 1.35896431431924 0.231104941022454 0.796476615506016 0.365325459624021 1.20666172777733 1 7.73603413353308 4.13115853534482 0.0271908271908272 4.65396035015752 408.167449675595
0.00847457627118644 1.39366435445714 0.34066000642084 0.737540693832714 0.506890606274829 1.10688863534609 1 7.87502425562092 4.13516655674236 0.0237574836073363 4.95934199970871 386.494801794622
0.00847457627118644 1.35896431431924 0.231104941022454 0.796476615506016 0.365325459624021 1.20666172777733 1 7.73603413353308 4.13115853534482 0.0271908271908272 4.65396035015752 408.167449675595
0.00847457627118644 1.32078412061849 0.158846326060203 0.819793840318453 0.643251226179868 1.81843704015765 1 8.12862207285104 4.7361984483945 0.0336270786475425 4.98275009060672 378.993144606103
0.00847457627118644 1.39366435445714 0.34066000642084 0.737540693832714 0.506890606274829 1.10688863534609 1 7.87502425562092 4.13516655674236 0.0237574836073363 4.95934199970871 386.494801794622
0.00847457627118644 1.39366435445714 0.34066000642084 0.737540693832714 0.506890606274829 1.10688863534609 1 7.87502425562092 4.13516655674236 0.0237574836073363 4.95934199970871 386.494801794622
0.00847457627118644 1.40188692075104 0.309804640075981 0.715568320185315 0.432386542773593 1.32553250454906 1 7.6383186609275 4.26091776204792 0.0341360626128838 4.60141313711038 329.694210640658
0.00847457627118644 1.35896431431924 0.231104941022454 0.796476615506016 0.365325459624021 1.20666172777733 1 7.73603413353308 4.13115853534482 0.0271908271908272 4.65396035015752 408.167449675595
0.00847457627118644 1.39366435445714 0.34066000642084 0.737540693832714 0.506890606274829 1.10688863534609 1 7.87502425562092 4.13516655674236 0.0237574836073363 4.95934199970871 386.494801794622
0.00847457627118644 1.36159432505571 0.2994993019739 0.724500614331179 0.332207513987672 1.12160363651103 1 8.13911219252084 4.56434819146784 0.0280220381654322 5.10518761103748 413.369244690861
0.00847457627118644 1.38739513810673 0.25826729448181 0.677043618707837 0.628971147993201 1.65041037212799 1 7.93973797285236 4.55781648960462 0.0339820959337282 4.83330127881334 395.669814238737
0.00847457627118644 1.39366435445714 0.34066000642084 0.737540693832714 0.506890606274829 1.10688863534609 1 7.87502425562092 4.13516655674236 0.0237574836073363 4.95934199970871 386.494801794622
0.00847457627118644 1.34143099789261 0.20742627037745 0.652422732319272 0.510180863024083 1.76592094573517 1 7.98858539785445 4.83429580897985 0.0426687025490945 4.90527477843843 360.273248296867
0.00847457627118644 1.35896431431924 0.231104941022454 0.796476615506016 0.365325459624021 1.20666172777733 1 7.73603413353308 4.13115853534482 0.0271908271908272 4.65396035015752 408.167449675595
0.00847457627118644 1.35896431431924 0.231104941022454 0.796476615506016 0.365325459624021 1.20666172777733 1 7.73603413353308 4.13115853534482 0.0271908271908272 4.65396035015752 408.167449675595
0.00847457627118644 1.39366435445714 0.34066000642084 0.737540693832714 0.506890606274829 1.10688863534609 1 7.87502425562092 4.13516655674236 0.0237574836073363 4.95934199970871 386.494801794622
0.00847457627118644 1.39366435445714 0.34066000642084 0.737540693832714 0.506890606274829 1.10688863534609 1 7.87502425562092 4.13516655674236 0.0237574836073363 4.95934199970871 386.494801794622
0.00847457627118644 1.38739513810673 0.25826729448181 0.677043618707837 0.628971147993201 1.65041037212799 1 7.93973797285236 4.55781648960462 0.0339820959337282 4.83330127881334 395.669814238737
0.00847457627118644 1.40188692075104 0.309804640075981 0.715568320185315 0.432386542773593 1.32553250454906 1 7.6383186609275 4.26091776204792 0.0341360626128838 4.60141313711038 329.694210640658
0.00847457627118644 1.38739513810673 0.25826729448181 0.677043618707837 0.628971147993201 1.65041037212799 1 7.93973797285236 4.55781648960462 0.0339820959337282 4.83330127881334 395.669814238737
0.00847457627118644 1.40882423999384 0.263902802206094 0.854547170095139 0.522946717162939 2.07336711559395 1 7.7479206204668 4.44705331789095 0.036851192403151 4.754667197134 314.117597751051
0.00847457627118644 1.38739513810673 0.25826729448181 0.677043618707837 0.628971147993201 1.65041037212799 1 7.93973797285236 4.55781648960462 0.0339820959337282 4.83330127881334 395.669814238737
0.00847457627118644 1.34143099789261 0.20742627037745 0.652422732319272 0.510180863024083 1.76592094573517 1 7.98858539785445 4.83429580897985 0.0426687025490945 4.90527477843843 360.273248296867
0.00847457627118644 1.32078412061849 0.158846326060203 0.819793840318453 0.643251226179868 1.81843704015765 1 8.12862207285104 4.7361984483945 0.0336270786475425 4.98275009060672 378.993144606103
0.00847457627118644 1.39366435445714 0.34066000642084 0.737540693832714 0.506890606274829 1.10688863534609 1 7.87502425562092 4.13516655674236 0.0237574836073363 4.95934199970871 386.494801794622
0.00847457627118644 1.39366435445714 0.34066000642084 0.737540693832714 0.506890606274829 1.10688863534609 1 7.87502425562092 4.13516655674236 0.0237574836073363 4.95934199970871 386.494801794622
0.00847457627118644 1.39366435445714 0.34066000642084 0.737540693832714 0.506890606274829 1.10688863534609 1 7.87502425562092 4.13516655674236 0.0237574836073363 4.95934199970871 386.494801794622
0.00847457627118644 1.38739513810673 0.25826729448181 0.677043618707837 0.628971147993201 1.65041037212799 1 7.93973797285236 4.55781648960462 0.0339820959337282 4.83330127881334 395.669814238737
0.00847457627118644 1.35896431431924 0.231104941022454 0.796476615506016 0.365325459624021 1.20666172777733 1 7.73603413353308 4.13115853534482 0.0271908271908272 4.65396035015752 408.167449675595
0.00847457627118644 1.39366435445714 0.34066000642084 0.737540693832714 0.506890606274829 1.10688863534609 1 7.87502425562092 4.13516655674236 0.0237574836073363 4.95934199970871 386.494801794622
0.00847457627118644 1.39366435445714 0.34066000642084 0.737540693832714 0.506890606274829 1.10688863534609 1 7.87502425562092 4.13516655674236 0.0237574836073363 4.95934199970871 386.494801794622
0.00847457627118644 1.40882423999384 0.263902802206094 0.854547170095139 0.522946717162939 2.07336711559395 1 7.7479206204668 4.44705331789095 0.036851192403151 4.754667197134 314.117597751051
0.00847457627118644 1.43956445149608 0.288439416560653 0.828842508179945 0.573393985052437 1.45052955373611 1 7.85098001209637 4.16083430349093 0.0249683636717609 4.83826406815547 395.804763332784
0.00847457627118644 1.39366435445714 0.34066000642084 0.737540693832714 0.506890606274829 1.10688863534609 1 7.87502425562092 4.13516655674236 0.0237574836073363 4.95934199970871 386.494801794622
0.00847457627118644 1.43956445149608 0.288439416560653 0.828842508179945 0.573393985052437 1.45052955373611 1 7.85098001209637 4.16083430349093 0.0249683636717609 4.83826406815547 395.804763332784
0.00847457627118644 1.38739513810673 0.25826729448181 0.677043618707837 0.628971147993201 1.65041037212799 1 7.93973797285236 4.55781648960462 0.0339820959337282 4.83330127881334 395.669814238737
0.00847457627118644 1.39366435445714 0.34066000642084 0.737540693832714 0.506890606274829 1.10688863534609 1 7.87502425562092 4.13516655674236 0.0237574836073363 4.95934199970871 386.494801794622
0.00847457627118644 1.39366435445714 0.34066000642084 0.737540693832714 0.506890606274829 1.10688863534609 1 7.87502425562092 4.13516655674236 0.0237574836073363 4.95934199970871 386.494801794622
0.00847457627118644 1.32078412061849 0.158846326060203 0.819793840318453 0.643251226179868 1.81843704015765 1 8.12862207285104 4.7361984483945 0.0336270786475425 4.98275009060672 378.993144606103
0.00847457627118644 1.39366435445714 0.34066000642084 0.737540693832714 0.506890606274829 1.10688863534609 1 7.87502425562092 4.13516655674236 0.0237574836073363 4.95934199970871 386.494801794622
0.00847457627118644 1.44629486742994 0.329285914174778 0.849368357565288 0.364300550449494 1.75954862972062 1 7.87957532064877 4.5419641100843 0.0355217103396084 4.67516255780813 406.597361923046
0.00847457627118644 1.35896431431924 0.231104941022454 0.796476615506016 0.365325459624021 1.20666172777733 1 7.73603413353308 4.13115853534482 0.0271908271908272 4.65396035015752 408.167449675595
0.00847457627118644 1.39366435445714 0.34066000642084 0.737540693832714 0.506890606274829 1.10688863534609 1 7.87502425562092 4.13516655674236 0.0237574836073363 4.95934199970871 386.494801794622
0.00847457627118644 1.39366435445714 0.34066000642084 0.737540693832714 0.506890606274829 1.10688863534609 1 7.87502425562092 4.13516655674236 0.0237574836073363 4.95934199970871 386.494801794622
