0.00169491525423729 1.43505464154296 0.216378797218204 0.219915205147117 1.59369348604232 4495.9381443299 118.824742268041 387.384767211209 338.010309278351 245.649484536082
0.00169491525423729 1.63694590025116 0.208787343697622 0.0893464013934135 1.63022114839405 5535.49494949495 173.282828282828 228.588523016746 526.242424242424 173.79797979798
0.00169491525423729 1.52651424342766 0.383540335414 0.248425812926143 1.79901231192052 3412.11224489796 87.7755102040816 434.657269061234 230.80612244898 211.714285714286
0.00169491525423729 1.3515451391926 0.113724015839398 0.333764838986099 1.45542256981134 4102.52631578947 103.336842105263 351.650426585385 291.347368421053 235.347368421053
0.00169491525423729 1.29964188949671 0.350005659647286 0.410597712732852 1.61244040355086 526.301075268817 11.247311827957 238.376550189053 39.7204301075269 83.6236559139785
0.00169491525423729 1.58320914625656 0.246024849731475 -0.574622187763453 1.78558556325734 5529.77551020408 237.479591836735 269.499255087734 507.469387755102 211.5
0.00169491525423729 1.2896889454918 0.199393584579229 -0.0234429305419326 1.17505016233772 1427.02127659574 33.9148936170213 327.766726586494 74.8829787234042 129.648936170213
0.00169491525423729 1.61555064537097 0.226529319956899 -0.943684654310346 1.5567743871361 5702.9797979798 273.707070707071 238.115765133446 542.989898989899 185.252525252525
0.00169491525423729 1.15414542690851 0.291748459194787 0.788252089172602 1.44456959702075 267.630136986301 4.26027397260274 163.711804985932 27.5753424657534 56.4794520547945
0.00169491525423729 1.28919266837183 0.181256669037975 0.617860953323543 1.66215040031821 1351.43956043956 31.7912087912088 306.893703091221 81.0659340659341 113.923076923077
0.00169491525423729 1.25863638692535 0.262178744096309 -0.191029076464474 1.6526898086071 651.739130434783 20.0217391304348 245.632875088333 45.6847826086956 89.25
0.00169491525423729 1.18178454458248 0.396003906987608 -0.753740258514881 1.34477279745042 317.886363636364 8.15909090909091 189.625429610937 29.9204545454545 62.0454545454545
0.00169491525423729 1.38433724907227 0.211321286205202 -0.212078852578998 1.44556946754456 3509.48979591837 103.479591836735 379.258947524176 229.765306122449 213.642857142857
0.00169491525423729 1.58300315819215 0.139774716785178 -0.349163121543825 1.24505321495235 5571.92929292929 174.525252525253 215.412471827438 603 165.878787878788
0.00169491525423729 1.5266049023252 0.188823516084813 0.55467069754377 1.6417512184009 5520.34408602151 138.215053763441 300.740537878945 504.52688172043 241.161290322581
0.00169491525423729 1.61632921043783 0.146934035560116 0.67480971198529 1.32106880620122 5558.57575757576 110.585858585859 222.82795834495 610.10101010101 170.121212121212
0.00169491525423729 1.21290888565127 0.213076589233242 0.219545071944594 1.20931536108255 545.582417582418 11.0769230769231 217.094744547928 41.8681318681319 82.5384615384615
0.00169491525423729 1.26053505446762 0.184205996314995 -0.764719198923558 1.28886768873781 1600.76923076923 54.9010989010989 333.003341590956 82.3186813186813 135.846153846154
0.00169491525423729 1.2303403572645 0.133116701687686 -0.485904434230179 1.5166800910607 1057.20689655172 37.8965517241379 269.327978873212 62.6896551724138 108.942528735632
0.00169491525423729 1.38326219327282 0.358882839558646 -0.226658961270005 1.56041355282068 1369.5376344086 39.7204301075269 354.119947748815 80.4408602150538 128.10752688172
0.00169491525423729 1.37174251277465 0.384618293284439 -0.133257766719908 1.66094950232655 958.072916666667 26.28125 303.253812578017 68.3333333333333 116.302083333333
0.00169491525423729 1.52807599152438 0.344087373279035 0.218857327010483 1.71558819357306 4595.44444444444 120.454545454545 404.711500748232 360.69696969697 249.808080808081
0.00169491525423729 1.26498123779893 0.173648074944504 0.0486365174874663 1.19118877463043 1081.45454545455 24.7613636363636 293.254705616875 65.2840909090909 116.852272727273
0.00169491525423729 1.64083171563689 0.21541153669823 0.864098283462226 1.68617111500353 5622.49494949495 117.848484848485 245.599592593448 520.545454545455 184.262626262626
0.00169491525423729 1.44364693129901 0.262416662462056 -0.64380074897781 1.09942859113216 4492.37373737374 115.505050505051 348.89197823837 390.151515151515 246.626262626263
0.00169491525423729 1.40307196297217 0.173515734472312 -0.477548548951745 1.74242018032819 4544.21212121212 174.080808080808 330.833311048425 365.505050505051 232.69696969697
0.00169491525423729 1.21522557197604 0.209814762813039 0.173949090763927 1.31216779835522 629.081395348837 14.1046511627907 225.160797128923 49.0581395348837 88.0697674418605
0.00169491525423729 1.31579032328445 0.358158559235744 0.613752390258014 1.31542945224792 539.602150537634 9.37634408602151 238.719922069882 41.9247311827957 84.9032258064516
0.00169491525423729 1.58609844683669 0.361192698869854 -0.0628798641264439 1.64164280388504 5444.42857142857 146.755102040816 399.025992128164 491.724489795918 265.571428571429
0.00169491525423729 1.2518793360563 0.107859386573546 -0.826026503928006 1.45353654325008 2018.23076923077 86.1208791208791 364.33441144796 102.824175824176 164.307692307692
0.00169491525423729 1.48413557708263 0.29880730304867 -0.0844955053180456 1.42246093824506 4847.51 124.9 402.240149637891 384.95 256.55
0.00169491525423729 1.17596455032472 0.13937275542412 0.335356335155666 1.23774251081049 575.294117647059 12.0352941176471 213.99596331316 43.6470588235294 74.4470588235294
0.00169491525423729 1.36770010679029 0.194251679326408 -0.719432269223034 1.57401823997498 4170.70212765957 168.13829787234 374.545836575644 272.521276595745 241.276595744681
0.00169491525423729 1.19606489290018 0.199562247400172 -0.144767282065004 1.58910802714527 520.435294117647 15.8352941176471 213.61065178098 44.3764705882353 73.2117647058824
0.00169491525423729 1.54086129399948 0.225724170194007 -0.674599837046117 1.04747159313411 5598.0618556701 161.845360824742 264.387466730081 488.226804123711 206.752577319588
0.00169491525423729 1.61303798863664 0.180194848147221 -0.291888290084898 1.04333391468972 5555.9693877551 143.295918367347 216.725819568147 609.316326530612 166.357142857143
0.00169491525423729 1.27506043666508 0.141711937636137 -0.40766267478466 1.45386344715953 2050.54255319149 71.6702127659574 326.774790219037 111.053191489362 150.723404255319
0.00169491525423729 1.278522257437 0.168939459044486 -0.849240741226822 1.2806768713519 1763.16853932584 63.4831460674157 361.168998779883 91.1348314606742 148.887640449438
0.00169491525423729 1.25189409018494 0.136616517161019 -0.533551140222698 1.66716709267348 1411.83529411765 58.4705882352941 310.145929608669 74.8117647058824 130.117647058824
0.00169491525423729 1.4472722974373 0.234523906209506 0.406466471496969 1.21994762904942 4705.32989690722 92.9484536082474 382.895060139189 406.134020618557 250.19587628866
0.00169491525423729 1.4715992016485 0.326626560627483 -0.145095421001315 1.57548244595528 4074.35051546392 119.288659793814 420.11773269252 277.587628865979 239.948453608247
0.00169491525423729 1.41640464994125 0.266295988438651 -0.984553707763553 1.63605272173882 3855.54736842105 164.431578947368 358.359909884714 281.6 219.284210526316
0.00169491525423729 1.58092700187117 0.393964329129085 -0.323344662319869 1.16933446638286 5163.86734693878 111.683673469388 370.500106698169 448.826530612245 264.785714285714
0.00169491525423729 1.1749454054283 0.267737313196994 0.545086909085512 1.32554164845496 350.506024096386 6.87951807228916 189.946459745644 33.9879518072289 64.9397590361446
0.00169491525423729 1.50337100271136 0.269858479383402 0.596440920606256 1.78980643916875 4798.77083333333 114.572916666667 390.447325592003 395.541666666667 250.979166666667
0.00169491525423729 1.1723406041041 0.23947811787948 0.59387843310833 1.47685616277158 350.623376623377 6.55844155844156 185.763166301701 32.3116883116883 61.8181818181818
0.00169491525423729 1.41722979196347 0.371413417253643 0.76344349142164 1.06361353825778 1623.75 22.1041666666667 384.261965663796 96.9375 149.333333333333
0.00169491525423729 1.21458521517925 0.366043031937443 -0.644384671468288 1.07058370038867 331.341176470588 6.69411764705882 198.913914844551 30.8941176470588 77.9882352941176
0.00169491525423729 1.17728883351665 0.38803403316997 -0.167779236566275 1.2202807340771 292.367816091954 5.82758620689655 170.343009638766 28.9770114942529 66.9425287356322
0.00169491525423729 1.4386165024247 0.374915652442724 0.633634957484901 1.5967176951468 1826.57575757576 37.1818181818182 396.282235116021 111.939393939394 157.676767676768
0.00169491525423729 1.57273945966735 0.273542725923471 -0.720076747704297 1.70835806541145 5625.62626262626 233.939393939394 288.4325485668 490.929292929293 223.363636363636
0.00169491525423729 1.35663649530616 0.310441727121361 0.858465656638145 1.65306029040366 1057.44329896907 19.8556701030928 287.430477472335 70.8556701030928 101.175257731959
0.00169491525423729 1.61013386559207 0.289478541747667 -0.537752943113446 1.55714402794838 5680.26 198.08 280.903710389895 530.66 225.05
0.00169491525423729 1.35806812262163 0.299527395982295 -0.545335674658418 1.40580844450742 2107.71578947368 67.6421052631579 398.860645270733 112 162.178947368421
0.00169491525423729 1.3953572001541 0.383357019000687 0.604978883173317 1.31111114826053 1141.95604395604 19.6153846153846 324.769747697125 74.8131868131868 118.307692307692
0.00169491525423729 1.23693766151555 0.388023687386885 0.590474952943623 1.0364566039294 410.010989010989 5.16483516483517 201.386637657505 37.9120879120879 81.6153846153846
0.00169491525423729 1.18903747966979 0.354742457531393 0.382997300475836 1.66841221041977 275.712643678161 5.66666666666667 172.150441803462 27.5632183908046 55.0344827586207
0.00169491525423729 1.33087805237155 0.135754596698098 -0.0183172435499728 1.66377036999911 3061.37755102041 100.775510204082 367.879525920162 190.224489795918 198.571428571429
0.00169491525423729 1.56454037779476 0.395864424016327 0.129289910197258 1.58019124008715 4821.41237113402 110.092783505155 380.048941084232 421.381443298969 260.443298969072
0.00169491525423729 1.51041611270048 0.314015397569165 -0.0292923175729811 1.02581765744835 4808.60606060606 95.3838383838384 378.060325943355 378.59595959596 256.59595959596
0.00169491525423729 1.29966060454026 0.116355274547823 -0.626328176353127 1.26710383407772 3719.63736263736 124.021978021978 398.109709512418 223.67032967033 230.615384615385
0.00169491525423729 1.2561032282887 0.366995147056878 -0.307503019459546 1.64421739485115 410.369565217391 11.9673913043478 213.317767464329 35.2065217391304 79.4347826086957
0.00169491525423729 1.38600944806822 0.272292458126321 -0.220653002616018 1.79243935067207 2429.18947368421 88.178947368421 429.975900391052 135.042105263158 177.431578947368
0.00169491525423729 1.50264046420343 0.345514486241154 0.509431951679289 1.4941556610167 3770.86 76.65 409.877720295328 279.21 233.38
0.00169491525423729 1.45156291311141 0.215492263436317 -0.629229290410876 1.18314648233354 5601.10309278351 164.329896907216 346.656182219462 478.082474226804 277.40206185567
0.00169491525423729 1.62501182230189 0.192059608735144 0.267471085302532 1.28202300798148 5672.73737373737 132.444444444444 224.186466218922 557.424242424242 172.10101010101
0.00169491525423729 1.22844337273855 0.299668048229069 0.413045820314437 1.33902170117944 402.741573033708 7.48314606741573 188.222815166791 37.3595505617978 69.7640449438202
0.00169491525423729 1.40574677053373 0.228509097686037 0.235411234200001 1.11751248072833 3709.26315789474 73.1894736842105 369.763553413628 281.947368421053 222.821052631579
0.00169491525423729 1.59435744697694 0.308114567422308 0.97877630032599 1.02141462322325 5530.38 74.19 324.398352969039 505.89 242.97
0.00169491525423729 1.46872813578229 0.190981107857078 -0.0470539904199541 1.08956741988659 5696.54545454545 129.040404040404 313.763588330734 503.979797979798 254.474747474747
0.00169491525423729 1.53049757073168 0.396514741936699 -0.440033981110901 1.41617591567338 4405.12 123.71 415.369317684357 332.01 246.54
0.00169491525423729 1.38200707777869 0.257875694194809 0.203727415762842 1.11398502364755 2955.25510204082 60.6530612244898 423.166751565949 182.367346938776 216.285714285714
0.00169491525423729 1.64373136134818 0.153103367541917 0.754827670753002 1.30803679767996 5597.12121212121 104.151515151515 199.91027901579 625.484848484848 150.959595959596
0.00169491525423729 1.24049586683977 0.262964840745553 -0.6646688580513 1.02025553248823 637.534090909091 16.1136363636364 258.586961642357 43.2613636363636 93.625
0.00169491525423729 1.29922427223064 0.137991402624175 0.918311588000506 1.49879840388894 1857.48351648352 35.8791208791209 326.604575688272 114.824175824176 145.076923076923
0.00169491525423729 1.31168101911899 0.139061929378659 -0.691717694047838 1.28574864007533 3981.80208333333 141.09375 399.030986998201 226 242.229166666667
0.00169491525423729 1.52890365126077 0.247910240385681 -0.332528386730701 1.75373040549457 5549.74226804124 196.082474226804 322.34058283862 509.247422680412 254.237113402062
0.00169491525423729 1.35854175509885 0.303013567393646 -0.485310665331781 1.2592515444383 1835.40625 53.6041666666667 382.457007025535 100.260416666667 144.229166666667
0.00169491525423729 1.4219780394109 0.107437666761689 -0.899906905833632 1.66001910474151 5398.57291666667 257.010416666667 286.952540241161 486.833333333333 230.927083333333
0.00169491525423729 1.50730964480899 0.125524594588205 0.262219809461385 1.69355774316937 5683.27659574468 171.808510638298 264.742731716871 528.808510638298 204.787234042553
0.00169491525423729 1.62653420513961 0.386947466945276 0.510972150601447 1.78006206993014 5165.88775510204 117.091836734694 366.357308742731 469.142857142857 248.5
0.00169491525423729 1.26268417327665 0.354807231063023 0.679905671626329 1.30714831613004 416.088888888889 6.95555555555556 216.002999306429 35.1333333333333 81.7444444444444
0.00169491525423729 1.59629601109773 0.270295635936782 0.53554156748578 1.20237180143595 5773.12244897959 107.051020408163 302.971475818326 533.928571428571 234.714285714286
0.00169491525423729 1.44714308923576 0.221949050971307 0.728047989308834 1.05516962110996 4351.15463917526 69.360824742268 367.736182437046 355.422680412371 250.917525773196
0.00169491525423729 1.2656735222321 0.152935550105758 -0.192327864002436 1.79409110937268 1182.09473684211 43.6526315789474 283.680022007631 73.2 107.357894736842
0.00169491525423729 1.35127512363251 0.348563634720631 0.730753520969301 1.64375995937735 714.021505376344 14.2258064516129 261.368062964592 54.4731182795699 91.6021505376344
0.00169491525423729 1.20642013601027 0.289690339239314 -0.233646259643137 1.20398818869144 402.566666666667 9.24444444444444 213.806733472464 34.0444444444444 71.9444444444444
0.00169491525423729 1.43569333208725 0.101499100518413 0.379203053191304 1.17072640098631 5321.34065934066 113.879120879121 297.660421265907 477.714285714286 237.384615384615
0.00169491525423729 1.64489472503774 0.367962913145311 -0.461331301834434 1.77240908443928 5588.29591836735 188.397959183673 310.120072077437 530.102040816327 244.214285714286
0.00169491525423729 1.59558887917083 0.343147769407369 -0.53485457226634 1.05958037003875 5804.89 137.52 293.903296452877 509.23 233.03
0.00169491525423729 1.17537692990154 0.374248076393269 0.830270957667381 1.64628786481917 250.853658536585 4.31707317073171 162.594849446818 26.219512195122 56.0853658536585
0.00169491525423729 1.558610259532 0.394719178183004 0.712649878580123 1.01378429140896 4350.34 60.31 398.413407985594 364.51 248.78
0.00169491525423729 1.19619104403537 0.364215181930922 -0.603773708920926 1.22192474212497 294.829545454545 6.92045454545455 195.911780431599 26.9318181818182 63
0.00169491525423729 1.64460753006861 0.10611717083957 0.393910286482424 1.34090140648186 5551.55102040816 128.448979591837 179.024196965194 727.591836734694 131.5
0.00169491525423729 1.61458859916311 0.175112633849494 0.639627333730459 1.61941614300013 5583.9387755102 130.357142857143 231.801574386739 572.040816326531 178.571428571429
0.00169491525423729 1.26145622667391 0.30394579442218 0.861584097146988 1.40021198559552 486.913043478261 7.35869565217391 218.483702867765 41.6413043478261 82.9347826086957
0.00169491525423729 1.35270902989432 0.143452159734443 -0.707223701756448 1.25625133235008 4595.21875 152.239583333333 352.504335882443 338.104166666667 251.125
0.00169491525423729 1.28381505548023 0.229025064315647 -0.95281577296555 1.43515127170831 1467.22727272727 58.4545454545455 361.03862381017 76.4545454545455 134.75
0.00169491525423729 1.54043332857545 0.17668203485664 0.479085403494537 1.79511648118496 5607.71428571429 156.969387755102 283.486728782909 527.755102040816 221.142857142857
0.00169491525423729 1.52743923708331 0.207231322932057 0.333843815606087 1.16283226255327 5461.80412371134 110.711340206186 294.610651703786 531.381443298969 232.515463917526
0.00169491525423729 1.61510405675508 0.229695947933942 -0.841204525437206 1.29920224882662 5524.58 219.11 231.39270207208 524.05 174.79
0.00169491525423729 1.58731834331993 0.319469206780195 -0.592476131860167 1.35840234048665 5609.03 168.26 295.725469994476 511.74 228.2
0.00169491525423729 1.28879712496418 0.391389871505089 0.457749912515283 1.35142717026174 420.736263736264 7.08791208791209 215.28224557336 37.4505494505495 69.4615384615385
0.00169491525423729 1.37535015631001 0.141603244049475 -0.960467645898461 1.59788740538061 4768.9696969697 205.484848484848 328.441691764112 415.949494949495 254.262626262626
0.00169491525423729 1.62697377635632 0.115107389725745 0.943543122615665 1.01305797193199 5668.0306122449 80.0102040816327 199.613335867378 689.34693877551 149.571428571429
0.00169491525423729 1.45165205197409 0.149655761406757 0.783644527662545 1.02868456467986 5223.9793814433 82.2577319587629 320.876134681439 433.762886597938 237.927835051546
0.00169491525423729 1.19003574582748 0.323329231189564 -0.610366697888821 1.72179736979306 337.629213483146 10.4044943820225 185.905089868177 31.1123595505618 71.9662921348315
0.00169491525423729 1.51419983999804 0.392326946486719 -0.691247174981982 1.3319180522114 4514.22222222222 133 478.257862446926 304.989898989899 264.232323232323
0.00169491525423729 1.53910227571614 0.14540122107137 0.740775446407497 1.21748222820461 5740 107 262.67536126194 558.212121212121 207.808080808081
0.00169491525423729 1.38450202122331 0.155637526721694 -0.308195148129016 1.73365465495735 4467.08421052632 171.031578947368 398.390041567685 321.610526315789 260.621052631579
0.00169491525423729 1.63177485947963 0.325904995622113 -0.835441935341805 1.3378410268575 5720.04 191.4 279.341070697038 534.26 219.52
0.00169491525423729 1.4245085026836 0.362634484353475 -0.37418844178319 1.19121524970978 2526.08 62.72 442.913638604528 150.76 205.1
0.00169491525423729 1.30058196091559 0.29224139158614 0.993745583109558 1.38438255582005 760.602150537634 12.3118279569892 261.134506589443 55.6236559139785 92.9569892473118
0.00169491525423729 1.36554044971708 0.211554747144692 -0.767887819092721 1.26984238121659 3515.79166666667 117.520833333333 363.428930743774 222.416666666667 213.427083333333
0.00169491525423729 1.52884583638515 0.253329116408713 0.401960663963109 1.66925407443196 5209.78350515464 131.690721649485 324.553531854277 483.515463917526 249.329896907216
0.00169491525423729 1.24642596519552 0.278170768264681 -0.305832398124039 1.77553671821952 608.838709677419 19.9139784946237 249.875123783927 43.8602150537634 92.505376344086
0.00169491525423729 1.21735357351135 0.21344670522958 -0.228813761845231 1.60554559901357 488.712643678161 14.264367816092 207.337728154218 39.5862068965517 71.2068965517241
0.00169491525423729 1.39884996132459 0.316404097131453 0.311857153195888 1.68646960295737 1801.79381443299 46.5257731958763 386.368967128029 105.020618556701 158.185567010309
0.00169491525423729 1.38167818551883 0.377734352718107 -0.529529945924878 1.32127211540937 1252.72916666667 34.40625 352.179486545003 75.3854166666667 141.385416666667
0.00169491525423729 1.49711584134493 0.348282915004529 -0.0209288722835481 1.51753297504038 3836.59595959596 99.020202020202 389.45606042553 283.525252525253 229.585858585859
0.00169491525423729 1.55801591577474 0.269255730859004 -0.935762650799006 1.78050888795406 5726.98 267.57 294.59777107903 500.15 236.6
0.00169491525423729 1.25885846521705 0.114554395899177 -0.688939390238374 1.26126643996686 2649.37362637363 93.7582417582418 396.307019948195 137.384615384615 191
0.00169491525423729 1.59034164573532 0.167654090840369 -0.659091180190444 1.75071345362812 5447.11340206186 270.113402061856 220.38937021073 562.329896907216 167.350515463918
0.00169491525423729 1.21540512654465 0.357622434827499 -0.465295142028481 1.26861260905862 348.662921348315 7.41573033707865 197.287357213581 30.8202247191011 68.1910112359551
0.00169491525423729 1.59594149070326 0.157573177013546 0.663201923947781 1.71975117754191 5564.11340206186 134.773195876289 226.412202639416 549.505154639175 171.536082474227
0.00169491525423729 1.23220542164054 0.115030845277943 -0.412575613707304 1.15956967808306 1481.29411764706 43.7058823529412 321.991971345724 83.1058823529412 135.305882352941
0.00169491525423729 1.23062002109364 0.290519465366378 0.887777374126017 1.18578623384237 462.417582417582 6.57142857142857 214.267471432112 41.7142857142857 79.4615384615385
0.00169491525423729 1.48605033042841 0.377315398515202 0.649903481360525 1.52908461019397 2808.1030927835 53.6701030927835 437.140554169098 186.051546391753 187.989690721649
0.00169491525423729 1.18848806174938 0.135223149461672 0.724122050683945 1.56487758383155 485.329268292683 9.74390243902439 207.009079597427 39.109756097561 81.1829268292683
0.00169491525423729 1.49511076088529 0.101476921094581 0.873387091327459 1.46268745027483 5584.30208333333 112.614583333333 266.937625614634 537.677083333333 208.6875
0.00169491525423729 1.51043231165968 0.342368587269448 -0.747091432102025 1.49565249253064 5302.62626262626 170.030303030303 377.834488937783 472.474747474747 277.878787878788
0.00169491525423729 1.36584832202643 0.252025985624641 -0.154650912620127 1.04107043333352 3010.55319148936 64.6063829787234 413.310011615249 180.563829787234 206.425531914894
0.00169491525423729 1.46330045510549 0.291886608954519 -0.661114756017923 1.65702212397009 4149.62626262626 151.747474747475 393.046020297195 330.959595959596 245.636363636364
0.00169491525423729 1.55555708995089 0.309855491644703 0.391079274471849 1.21534670367837 5403.36363636364 100.252525252525 339.763815836153 491.484848484848 254.40404040404
0.00169491525423729 1.17481509023346 0.338379540923052 -0.722285608295351 1.60319122560322 307.717647058824 9.74117647058823 190.579147679546 27.7764705882353 63.3294117647059
0.00169491525423729 1.2469272145303 0.327738347230479 -0.270939772948623 1.08917513694614 422.408602150538 8.35483870967742 206.789441409907 36.3118279569892 77.6021505376344
0.00169491525423729 1.53112373952754 0.285178165184334 -0.222086403518915 1.62861620895565 5392.9693877551 163.785714285714 314.930836515845 491.367346938775 240.5
0.00169491525423729 1.3181667030789 0.116972156357951 -0.133600301109254 1.57503494154662 3119.05681818182 106.431818181818 390.853526186185 178.034090909091 201.488636363636
0.00169491525423729 1.5612108721165 0.355813992768526 0.78354925988242 1.39581272043288 4676.47 80.54 376.968666474183 383.03 241.29
0.00169491525423729 1.31425833548419 0.326494545023888 0.398965732194483 1.66587804276496 651.333333333333 15.4479166666667 236.967260694168 51.2708333333333 83.7083333333333
0.00169491525423729 1.43713181428611 0.200344356708229 0.250018907245249 1.13311977572739 5257.31182795699 108.225806451613 350.487296849752 446.537634408602 260.956989247312
0.00169491525423729 1.15420235423371 0.394254357437603 0.610387947410345 1.47345040868968 258.536585365854 4.04878048780488 158.667393744957 27.6829268292683 59.5853658536585
0.00169491525423729 1.37581632412039 0.351525178132579 -0.738977343309671 1.52832646891475 1452.59375 49.78125 377.146448728782 76.09375 141.75
0.00169491525423729 1.6364671388641 0.241696571838111 0.235247078817338 1.66104308515787 5790.05102040816 164.867346938776 251.616843435221 555.173469387755 194.642857142857
0.00169491525423729 1.30296161535662 0.287172497669235 -0.281763458158821 1.57474725842476 801.821052631579 25.7263157894737 282.881465062509 53.4631578947368 110.305263157895
0.00169491525423729 1.41070991333108 0.140216887672432 0.673621871974319 1.40879437327385 4456.82978723404 95.3191489361702 342.145685581061 338.606382978723 224.670212765957
0.00169491525423729 1.61345916949213 0.151115302555263 -0.53531320206821 1.03351311981678 5620.79 165.16 201.725175211748 666.44 153.93
0.00169491525423729 1.60457804610487 0.2780507234158 -0.042300830129534 1.56486537829041 5598.06060606061 161.555555555556 278.479492245866 492.767676767677 212.121212121212
0.00169491525423729 1.39971588887274 0.327732598572038 -0.388277099002153 1.76925430055708 2089.69791666667 75.6145833333333 410.75373245543 116.166666666667 161.583333333333
0.00169491525423729 1.44322191595566 0.384574154182337 -0.766382917296141 1.6552704276517 2651.32653061224 100.255102040816 440.353136686517 160.112244897959 198.5
0.00169491525423729 1.57053076555021 0.242952212016098 0.868462026584893 1.15877214446664 5641.86868686869 89.4545454545455 286.917604185077 508.79797979798 224.636363636364
0.00169491525423729 1.36136012207717 0.151762770139612 -0.123221194371581 1.23801518436521 4222.72826086957 110.978260869565 384.998968666493 295.760869565217 243.554347826087
0.00169491525423729 1.61709552232642 0.138517189421691 0.772204842884094 1.61765026915818 5655.37373737374 124.848484848485 205.818209201793 635.69696969697 156.969696969697
0.00169491525423729 1.20226400704123 0.109236061642878 -0.871369337663054 1.06085728481412 1589.90361445783 51.3855421686747 373.231103205551 70.9638554216867 144.638554216867
0.00169491525423729 1.22210045377724 0.356678422214463 0.520268482156098 1.33459404241294 353.988372093023 5.81395348837209 187.318398300693 32.7790697674419 67.4767441860465
0.00169491525423729 1.34476776430383 0.192795473476872 0.30927204573527 1.57972419932485 2712.45161290323 71.3440860215054 389.404887182783 168.032258064516 180.494623655914
0.00169491525423729 1.49537146391813 0.390597512037493 0.371100748423487 1.59886593595147 3375.13131313131 75.7373737373737 420.591993116326 225.939393939394 213.888888888889
0.00169491525423729 1.30166360500734 0.141147330054082 0.807036909740418 1.64121521580964 1585.87096774194 34.258064516129 320.608443051604 92.4838709677419 121.333333333333
0.00169491525423729 1.22476930308621 0.134981676121242 0.343399335164577 1.38279666006565 867.766666666667 19.7444444444444 255.560503586442 54.6777777777778 95.5888888888889
0.00169491525423729 1.63024888662621 0.121479157241993 0.029404304921627 1.16914691645652 5606.50505050505 141.89898989899 191.685110156979 695.343434343434 144.171717171717
0.00169491525423729 1.265706396522 0.256748870317824 0.763871987815946 1.36174850650132 588.869565217391 10.195652173913 215.606786870529 48.9021739130435 88.0326086956522
0.00169491525423729 1.64857840652112 0.142537087039091 0.245253692381084 1.76443651076406 5628.79 178.78 192.253841920097 646.01 143.99
0.00169491525423729 1.5933623754885 0.26760184885934 -0.861192240379751 1.25807054974139 5636.04 201.77 249.820202988897 481.6 189.84
0.00169491525423729 1.34082395918667 0.160283732367679 0.245200783014297 1.54178810082376 3005.42857142857 82.3846153846154 397.327580932973 178.835164835165 193.538461538462
0.00169491525423729 1.60183847239241 0.186433036765084 0.0929996031336486 1.17520636450499 5689.64646464646 136.50505050505 221.934548584408 568.69696969697 168.919191919192
0.00169491525423729 1.34124000018928 0.365679745795205 0.436360048130155 1.5247506627813 723.463157894737 15.0736842105263 263.721682498524 52.2736842105263 99.3263157894737
0.00169491525423729 1.31568738070782 0.330685310880654 -0.308768298476934 1.48709585443139 704.425531914894 20.5106382978723 272.398107225398 47.2234042553191 99.1170212765958
0.00169491525423729 1.59629325438291 0.240509882662445 0.299495878163725 1.17437645960599 5799.41414141414 117.333333333333 269.490242453398 532.323232323232 211.343434343434
0.00169491525423729 1.32692689807154 0.370318008749746 -0.259337211493403 1.09579760879278 748.103092783505 14.7216494845361 293.132383363861 51.9072164948454 98.7216494845361
0.00169491525423729 1.46464498722926 0.308694761921652 0.294700162950903 1.03525085486472 3414.7 59.04 383.674306462156 233.52 213.71
0.00169491525423729 1.52899088300765 0.223258785577491 0.561098745558411 1.54442553892732 5566 124.75 307.917548371088 517.09 238.49
0.00169491525423729 1.53736493210308 0.250749759213068 0.672784490976483 1.47927415631711 5434.94791666667 113.9375 333.454824596959 463.15625 259.072916666667
0.00169491525423729 1.27748312321492 0.264270695159212 -0.935824635904282 1.09329551011324 1021.58762886598 30.1546391752577 297.60530132828 62.7113402061856 120.082474226804
0.00169491525423729 1.26711258406285 0.129166572028771 0.590362816117704 1.45362566262484 1126.8 24.1666666666667 269.538454811103 72.4555555555555 104.377777777778
0.00169491525423729 1.33368036265019 0.320197228435427 0.950221570208669 1.08136264644563 694.797872340426 9.06382978723404 262.449468033871 50.8723404255319 99.4148936170213
0.00169491525423729 1.32287446907721 0.330260222801007 -0.513335753697902 1.36795512810349 938.771739130435 27.9891304347826 319.073987531409 57.1086956521739 112
0.00169491525423729 1.35175103226211 0.37558674023021 -0.566544122993946 1.31713029183447 1054.70212765957 29.563829787234 318.792368152842 63.9787234042553 119.372340425532
0.00169491525423729 1.51658627050929 0.210570674273185 0.158773182425648 1.38764889817685 5505.80412371134 135.505154639175 293.64313878626 546.876288659794 234.175257731959
0.00169491525423729 1.22470192585606 0.172040610807016 0.383276319596916 1.51316164731979 744.962025316456 17.7974683544304 264.46354551431 52.8607594936709 100.835443037975
0.00169491525423729 1.35915672625415 0.233347748336382 0.820883681997657 1.31006530430168 1996.6170212766 34.6170212765957 355.283382466543 123.457446808511 165.393617021277
0.00169491525423729 1.47306456379592 0.219404142070562 -0.324138461612165 1.27224551141262 5300.25510204082 141.438775510204 324.749931004516 506.938775510204 263.928571428571
0.00169491525423729 1.37237989772111 0.18887930274941 -0.943520630244166 1.75067106857896 3931.12631578947 187.042105263158 392.85587130292 280.347368421053 232.842105263158
0.00169491525423729 1.52297607748769 0.211620096024126 -0.943540234584361 1.47245708014816 5590.82828282828 232.585858585859 278.607638573022 510.212121212121 223.151515151515
0.00169491525423729 1.36648815774824 0.160170251177624 -0.0357771655544639 1.22409439794719 4182.31914893617 104.148936170213 370.258028359515 290.808510638298 228.021276595745
0.00169491525423729 1.28456623442471 0.229276172514074 0.0296828807331622 1.02453946825117 1159.12903225806 22.5913978494624 316.822956911244 72.4193548387097 120.881720430108
0.00169491525423729 1.55808361885138 0.384017973067239 -0.767034532036632 1.52528249267489 5202.25 165.74 364.078692513232 448.98 264.95
0.00169491525423729 1.61596061426681 0.215520344488323 0.689239232800901 1.78999027460814 5615.73 137.93 254.918126797573 518.91 197.26
0.00169491525423729 1.23713064866606 0.105409708875231 -0.56747022876516 1.22429890930653 1708.94252873563 56.0114942528736 321.527236522841 92.3908045977011 143.862068965517
0.00169491525423729 1.5364459162578 0.301432337774895 -0.00248870812356472 1.65684682503343 5348.51515151515 151.49494949495 362.79347350178 447.646464646465 277.949494949495
0.00169491525423729 1.28329447666183 0.11525756304618 0.611087995581329 1.47387121245265 1846.54347826087 41.3369565217391 337.379090244212 108.521739130435 136.728260869565
0.00169491525423729 1.15043021212332 0.197120603057556 0.497824991121888 1.49867541547865 418.736842105263 8.3421052631579 197.68087776354 35.5263157894737 75.7105263157895
0.00169491525423729 1.18482733480632 0.388340211100876 0.788018830120564 1.75119345858693 284.767441860465 4.93023255813953 160.328985861859 29.9651162790698 58.6860465116279
0.00169491525423729 1.21215762253851 0.235953553230502 -0.981652696616948 1.68962652310729 548.870588235294 23.4941176470588 242.973263816268 38.2352941176471 83.5058823529412
0.00169491525423729 1.3911995283328 0.300412196456455 0.825275533366948 1.00007149390876 1726.82291666667 23.1979166666667 348.118448727132 114.583333333333 135.989583333333
0.00169491525423729 1.27655385606922 0.396874926495366 0.0993156502954662 1.17143994104117 441.274725274725 7.63736263736264 223.904446996244 36.967032967033 76.0769230769231
0.00169491525423729 1.36781042299699 0.37533541249577 -0.476676166523248 1.23066971544176 1528.66666666667 38.9583333333333 370.947906603734 89.4895833333333 140
0.00169491525423729 1.3528308333829 0.299582634330727 0.0943265170790255 1.34149297457188 1329.90217391304 31.25 349.304951793633 78.2282608695652 131.782608695652
0.00169491525423729 1.43034436737653 0.377778918948025 -0.596359395422041 1.3882857196033 2687.39795918367 84.0714285714286 471.058355904436 141.540816326531 210.142857142857
0.00169491525423729 1.37841330990195 0.154684254899621 -0.0031091058626771 1.66221607010812 4343.26041666667 139.583333333333 372.512179614985 316.270833333333 244.270833333333
0.00169491525423729 1.38614188912325 0.357931847544387 -0.13003938505426 1.15059381593019 1527.47422680412 32.7731958762887 348.014970809602 93.979381443299 152.051546391753
0.00169491525423729 1.54192139997613 0.148571906029247 0.85638131108135 1.7758818436414 5581.11224489796 130.377551020408 277.198248492116 508.275510204082 214.357142857143
0.00169491525423729 1.62703478171024 0.184827150520869 0.277998318430036 1.356246531941 5687.9898989899 139.181818181818 228.321147575429 581.121212121212 173.868686868687
0.00169491525423729 1.58551255681086 0.359353525191546 0.76048767613247 1.2875463757664 5423.40404040404 89.7474747474748 377.783700042097 481.30303030303 280.919191919192
0.00169491525423729 1.53898882258218 0.355919228121638 -0.333297756034881 1.47485303301364 5185.54 142.72 385.6181973282 447.57 272.09
0.00169491525423729 1.56613207652699 0.12788416033145 -0.312791079748422 1.25577272288501 5532.65656565657 178.20202020202 216.569669946653 586.20202020202 167.080808080808
0.00169491525423729 1.43970847651362 0.198958395048976 0.288357983808964 1.79379353132099 4402.5 126.214285714286 378.748080672003 363.173469387755 238.357142857143
0.00169491525423729 1.57448529915418 0.31300985829439 -0.738977414090186 1.74594710487872 5701.76 218.54 331.858614591299 521.75 260.05
0.00169491525423729 1.16639108581003 0.369500139728189 -0.65682642813772 1.66363658607006 279.275862068966 7.98850574712644 175.734149759131 26.367816091954 58.735632183908
0.00169491525423729 1.29301508956123 0.399989294004627 0.386564164422452 1.51806228440255 415.597826086957 7.35869565217391 203.84007701953 36.695652173913 78.2173913043478
0.00169491525423729 1.55034058841411 0.351712456461974 -0.499919791705906 1.01020792555064 5502.37373737374 117.565656565657 364.12587511536 488.676767676768 279.787878787879
0.00169491525423729 1.34833414058667 0.337017839564942 -0.998347079847008 1.33864713124931 1561.48936170213 56.3191489361702 358.568194594157 76.968085106383 150.574468085106
0.00169491525423729 1.44900301224552 0.1423408186296 0.529370976611972 1.69232319369912 5061.91666666667 134.09375 343.065641358902 431.21875 258.635416666667
0.00169491525423729 1.38770054953638 0.251276165992022 0.423745893873274 1.23446317985654 2994.95789473684 59.821052631579 397.330006502285 195.473684210526 191.873684210526
0.00169491525423729 1.28204514957033 0.196815964882262 -0.717713313642889 1.12108342088759 1780.81052631579 54.4421052631579 352.775730241882 93.8315789473684 153.042105263158
0.00169491525423729 1.34126437359955 0.269799977890216 -0.0044859298504889 1.05364367049187 1576.45833333333 32.5104166666667 342.673814979255 90.4479166666667 132.5625
0.00169491525423729 1.545052541513 0.122343682590872 -0.439437245484442 1.42502023931593 5534.18 208.97 220.196971674859 557.33 168.84
0.00169491525423729 1.46027546641417 0.305374944047071 0.492427936289459 1.78682063110173 3230.71134020619 80.7216494845361 415.082662161065 209.876288659794 192.175257731959
0.00169491525423729 1.63048032924999 0.385059635690413 0.441916248761117 1.77920514717698 5571.05 128.72 360.665522767558 528.68 267.96
0.00169491525423729 1.39341969273519 0.214292603824288 0.174186861142516 1.76198054514825 3200.63636363636 98.6363636363636 381.997246800435 202.676767676768 196.636363636364
0.00169491525423729 1.34206298294011 0.298320393403992 0.0135092842392623 1.16372857242823 1254.30526315789 28 316.256271513745 76.2736842105263 117.526315789474
0.00169491525423729 1.32151128058322 0.252872537518852 -0.881553714163601 1.6200521286577 1738.41935483871 75.9784946236559 385.294809782101 90.1827956989247 160.698924731183
0.00169491525423729 1.59115765776951 0.358715795562603 -0.881074242293835 1.10853166207671 5753.86868686869 148.555555555556 317.291697694792 570 260.767676767677
0.00169491525423729 1.47620782172307 0.116163886571303 0.714336135890335 1.69504281356931 5436.16494845361 134.896907216495 292.951833266345 508.432989690722 235.329896907216
0.00169491525423729 1.57903543449938 0.369965084805153 -0.600082830525935 1.11219161134213 5481.78 126.75 342.832014318262 505.33 266.14
0.00169491525423729 1.27965144624468 0.318704708688892 0.774260922335088 1.37583538424224 497.795698924731 8.16129032258065 227.040984369184 41.3440860215054 87.3870967741936
0.00169491525423729 1.48593062940054 0.140819152072072 -0.042312968056649 1.17276810184121 5528.32989690722 141.288659793814 268.628348311605 473.587628865979 211.082474226804
0.00169491525423729 1.21910729000811 0.390296253864653 -0.852009974885732 1.48373012151569 335.8 9.7 198.139906760828 29.9444444444444 66.7333333333333
0.00169491525423729 1.22028119475581 0.383601428661495 -0.247017493471503 1.40765770319849 339.232558139535 7.3953488372093 186.46937608594 32.3023255813954 74.8023255813954
0.00169491525423729 1.21610417843331 0.267018116638064 0.367573342751712 1.01341414283961 450.125 7.09090909090909 208.54195505286 38.5795454545455 70.2386363636364
0.00169491525423729 1.46499871122651 0.133441008767113 0.00230379588901997 1.28173488900065 5442.20618556701 145.216494845361 295.009054089128 466.20618556701 230.639175257732
0.00169491525423729 1.18285024256911 0.140968603710644 -0.97618520213291 1.59871339257807 759.156626506024 34.6385542168675 279.296792754088 43.2409638554217 102.89156626506
0.00169491525423729 1.61641455066856 0.324263020604849 -0.836912079248577 1.20699709076434 5791.23 173.35 285.526481942577 535.61 229.95
0.00169491525423729 1.43288985055406 0.123940475098789 0.00213786168023944 1.17387534119189 5338.86021505376 127.720430107527 300.025478483985 503.763440860215 234.913978494624
0.00169491525423729 1.50090444993693 0.102656607539393 -0.617691661696881 1.70045564379543 5526.18085106383 264 232.711568327805 543.617021276596 180.36170212766
0.00169491525423729 1.21474049773533 0.396634000632912 0.319434366654605 1.20980962496251 264.385542168675 4.33734939759036 171.111142408597 26.6265060240964 59.0361445783133
0.00169491525423729 1.42792427386157 0.368751450814307 -0.657765890471637 1.73172920159996 2332.64948453608 88.8350515463918 449.176695197838 130.432989690722 171.103092783505
0.00169491525423729 1.60514531573281 0.330624864366837 0.977528947871178 1.46201340500265 5593.63 95.05 325.605650063387 499.65 234.15
0.00169491525423729 1.45721306847408 0.106634801346809 -0.556817249394953 1.05209614932537 5396.55789473684 158.073684210526 249.685585640482 502.789473684211 194.305263157895
0.00169491525423729 1.21745855405461 0.341798006882891 0.709282140713185 1.01653218548745 393.647727272727 5.36363636363636 195.030951904598 34.125 78.1931818181818
0.00169491525423729 1.5152139401529 0.204381564212963 0.365898750722408 1.38995343018323 5448.24489795918 124.989795918367 295.816706494151 505.142857142857 234.857142857143
0.00169491525423729 1.51670871439856 0.153884221380577 0.323185960296541 1.39024209976196 5578.30927835052 134.577319587629 264.486497734806 513.20618556701 204.659793814433
0.00169491525423729 1.35957075513434 0.104053393937647 0.354514953680336 1.50602082442492 3983.48888888889 105.344444444444 364.514658530641 286.022222222222 222.755555555556
0.00169491525423729 1.15702271866612 0.39954041542951 -0.128673557192087 1.72372803706676 251.375 5.6 181.807163731424 24.6 63.9625
0.00169491525423729 1.47086900947615 0.100854545366019 -0.622941378969699 1.2839114850387 5593.69 208.29 241.994221226622 526.94 189.42
0.00169491525423729 1.27846464721952 0.311572841415182 -0.123202855233103 1.48804721049964 604.81914893617 15.3723404255319 256.945085336842 45.5 93.3085106382979
0.00169491525423729 1.30792166581377 0.342026172345504 0.613540700636804 1.77365012094378 570.989361702128 13.2021276595745 238.574958622655 44.7127659574468 86.1595744680851
0.00169491525423729 1.1504334008554 0.351409853482619 -0.786125866696239 1.31374830808491 277.379746835443 6.40506329113924 171.903143538035 26.1139240506329 62.8227848101266
0.00169491525423729 1.31778694477398 0.235773929883726 0.352179834153503 1.37158970013261 966.70652173913 21.7826086956522 288.554255306523 61.0434782608696 110.782608695652
0.00169491525423729 1.58972597399261 0.236526130605489 0.398566335905343 1.1178237112239 5828.04081632653 108.622448979592 277.551898157254 549.948979591837 218.071428571429
0.00169491525423729 1.18695667907596 0.395610688510351 0.261534738820046 1.34069377444685 269.075949367089 4.58227848101266 173.900529587184 27.2278481012658 62.1139240506329
0.00169491525423729 1.49143241797574 0.278958133445121 0.207761459052563 1.5654911916703 4458.67346938776 115.15306122449 368.380863164381 357.561224489796 245.285714285714
0.00169491525423729 1.62660954506136 0.355961848981678 0.784920968580991 1.31563739497215 5733.75757575758 96.2424242424242 316.857405227183 529.161616161616 253.909090909091
0.00169491525423729 1.47144428906031 0.34497536055278 -0.892391629517078 1.40571749899536 4360.29292929293 145.121212121212 398.487761407443 329.737373737374 247.686868686869
0.00169491525423729 1.33483086209744 0.110376512259245 -0.880934114567935 1.19411035068333 4843.27472527472 166.516483516484 364.787537981278 355.626373626374 287.461538461538
0.00169491525423729 1.25926009202376 0.214656436257064 0.645922848023474 1.1961072832346 747.096774193548 13.3333333333333 248.764219138916 52.2043010752688 105.677419354839
0.00169491525423729 1.5910441381624 0.306569191603921 -0.260415813419968 1.01441892907023 5755.54 118.12 289.900878393257 562.98 229.74
0.00169491525423729 1.16090004562866 0.202837717602961 -0.158047346863896 1.2845301354304 415.04 9.65333333333333 191.504067579738 34.72 73.7333333333333
0.00169491525423729 1.49161989507265 0.296349459281191 0.52199140843004 1.5022790428251 4740.18181818182 98.8787878787879 394.785522356484 347.313131313131 253.484848484848
0.00169491525423729 1.36049878571648 0.116357923438773 -0.999562229495496 1.68659515082836 4703.72631578947 230.2 342.714025921412 367.621052631579 263.126315789474
0.00169491525423729 1.39108348262962 0.326826184871607 0.412151257507503 1.24075979646295 1463.54255319149 27.1489361702128 333.335694018808 94.468085106383 132.776595744681
0.00169491525423729 1.62863923525438 0.360097112250514 -0.0692172818817198 1.36096325963736 5695.14 133.71 319.856282949297 519.58 250.67
0.00169491525423729 1.42893327828497 0.366751999361441 -0.358428282663226 1.2076756099239 2730.04210526316 66.1473684210526 412.143705933591 173.757894736842 201.084210526316
0.00169491525423729 1.37736827726476 0.109266744367778 0.159067912958562 1.22563743256032 4833.62765957447 115.86170212766 354.160526228109 396.648936170213 272.106382978723
0.00169491525423729 1.2891219322104 0.191231518471614 -0.957593459170312 1.60762516651303 1818.96842105263 83.9894736842105 383.526071494893 98.9157894736842 150.315789473684
0.00169491525423729 1.6295045730425 0.174924605549313 0.40791849931702 1.22048061769456 5575.21428571429 117.469387755102 222.388788707023 593.80612244898 171.285714285714
0.00169491525423729 1.42911376010161 0.230129362456501 -0.674542852677405 1.38514263778925 4986.74489795918 161.051020408163 366.933911471337 415.30612244898 264.142857142857
0.00169491525423729 1.29029612520244 0.337403877614997 -0.903468806762248 1.75768643468618 605.271739130435 23.8695652173913 244.764746339659 43.5326086956522 91.7608695652174
0.00169491525423729 1.24598533471581 0.305636083008721 -0.0619379146955907 1.32525633592159 461.260869565217 10.0760869565217 222.321508870829 38.8913043478261 77.6847826086957
0.00169491525423729 1.63373060615268 0.23969326519873 0.906688071321696 1.05122438613325 5591.14 80.02 241.265261139662 532.54 180.6
0.00169491525423729 1.57407969594933 0.170674318610691 -0.547295476775616 1.65578008685261 5651.47916666667 245.302083333333 230.725663704008 556.989583333333 179.447916666667
0.00169491525423729 1.41512006332632 0.152896238281392 -0.505759383086115 1.71233171075583 5372.03260869565 214.70652173913 347.316880735752 432.978260869565 259
0.00169491525423729 1.26843089235481 0.35807682715822 -0.976900475565344 1.57472633011639 470.170454545455 16.75 235.081175846474 36.3181818181818 78.0340909090909
0.00169491525423729 1.49223807160743 0.185784323769622 0.221367573365569 1.5885114448145 5567.45833333333 153.375 308.805419848675 496.0625 240.697916666667
0.00169491525423729 1.26290565214586 0.257879762491211 -0.272886685561389 1.60220898408443 621.307692307692 18.967032967033 232.055935800716 45.021978021978 91.1538461538462
0.00169491525423729 1.3998971845489 0.238826234010048 -0.509295476600528 1.75963296573609 3971.65263157895 156.473684210526 399.917534533625 263.210526315789 234.978947368421
0.00169491525423729 1.3372830450302 0.363986705360003 0.922189762350172 1.57860469259322 725.040816326531 11.6224489795918 257.048911341547 53.2040816326531 93
0.00169491525423729 1.41651071279775 0.209489709045738 0.098836172837764 1.31206727530807 4800.80612244898 115.877551020408 387.754140385156 365.020408163265 262.357142857143
0.00169491525423729 1.5048452075338 0.303249659831636 -0.748171200044453 1.68004091698676 5286.64285714286 198.989795918367 378.580291018018 451.744897959184 271.928571428571
0.00169491525423729 1.41164840045385 0.194220084580593 -0.403260048944503 1.59735577944666 4748.39583333333 166.083333333333 371.952682342768 383.427083333333 250.395833333333
0.00169491525423729 1.2236632066546 0.303974547702819 0.668760193511844 1.48616129960865 371.66265060241 7.12048192771084 188.338254729238 34.8072289156626 65.7831325301205
0.00169491525423729 1.20620726861525 0.155750292236917 0.477716117165983 1.26452540401369 690.885057471264 13.3448275862069 247.532134453146 49.5632183908046 83.5172413793103
0.00169491525423729 1.50160919616465 0.160014070058242 0.885911758523434 1.58550090733916 5508.32989690722 119.175257731959 302.227664515875 500.412371134021 235.40206185567
0.00169491525423729 1.64701684224419 0.395540514308959 0.850047311745584 1.15928266067058 5781.56565656566 84.0505050505051 335.798192424368 553.89898989899 267.626262626263
0.00169491525423729 1.55962240588851 0.283078478882089 -0.370440045837313 1.10524982176721 5731.1 135.77 301.863729477034 541.93 244.65
0.00169491525423729 1.33380016169976 0.365301169524901 -0.0155369462445378 1.26710233986378 1005.36956521739 21.8152173913043 305.734688115187 67.25 125.695652173913
0.00169491525423729 1.42611835882999 0.390244055842049 0.169993979390711 1.11624136790633 1874.5625 33.9270833333333 406.289632028514 105.229166666667 177.84375
0.00169491525423729 1.58342258583289 0.237416766141541 0.0561187043786049 1.3007373444736 5727.89 141.67 257.402189847705 513.78 197.19
0.00169491525423729 1.17304572449066 0.335914049227722 -0.708537040278316 1.08513768967241 332.619047619048 7.05952380952381 196.499662240734 30.1785714285714 60.4166666666667
0.00169491525423729 1.25014489048626 0.281447232631035 0.882770728319883 1.15966181214899 428.348314606742 5.9438202247191 206.370109061974 37.3820224719101 72.123595505618
0.00169491525423729 1.47100268045906 0.386416702414863 0.239693249575794 1.50973351337016 2713.36458333333 62.1770833333333 428.629402848415 159.583333333333 199.71875
0.00169491525423729 1.50576700815 0.196180806821212 0.494330834131688 1.11669999714941 5391.0202020202 99.7878787878788 296.506932212965 460.252525252525 223.080808080808
0.00169491525423729 1.54151905558538 0.218879604735412 0.792886486276984 1.30997866690159 5560.09183673469 103.448979591837 311.610037066961 515.632653061224 239.642857142857
0.00169491525423729 1.37693493706174 0.312172574340366 -0.373536492232233 1.25898029375821 2160.0306122449 58.6530612244898 387.216294931091 115.316326530612 173.071428571429
0.00169491525423729 1.60276554918382 0.308719188673422 0.570567761547863 1.38201475702226 5772.9595959596 113.575757575758 331.216627355275 525.393939393939 267.555555555556
0.00169491525423729 1.2436692164978 0.270089713879861 0.425057581160218 1.1788197401911 524.422222222222 9.11111111111111 219.124064593831 39.4 86.1
0.00169491525423729 1.51503646301571 0.212170368945226 -0.313491903245449 1.10546963308007 5697.8 140.37 288.535490515218 549 230.86
0.00169491525423729 1.52987657170743 0.146406810218468 -0.389568382874131 1.62642978280783 5454.29591836735 214.948979591837 243.235296506812 537.989795918367 187.714285714286
0.00169491525423729 1.57216849210672 0.288549748016521 -0.33986564911902 1.36789676528424 5774.67346938776 162.571428571429 307.379461842867 547.989795918367 252.5
0.00169491525423729 1.16257139048539 0.169136587087996 -0.672948927618563 1.07567875720561 506.810126582278 12.6582278481013 219.285759991697 38.5569620253165 75.4936708860759
0.00169491525423729 1.3873528231401 0.228511526272632 0.809218598995358 1.78509299848229 2318.85106382979 51 343.487173284671 154.904255319149 168.521276595745
0.00169491525423729 1.6293924537953 0.251738502969965 -0.512560289353132 1.22460754718632 5700.67 180.85 234.639706320328 518 180.6
0.00169491525423729 1.30210251894314 0.127215393981896 0.194956453051418 1.16753259524703 2750.90217391304 61.7065217391304 393.728277967957 145.5 187.554347826087
0.00169491525423729 1.2497811993584 0.14098696440924 0.806622237432748 1.09193394742906 1004.44318181818 16.2045454545455 278.171339788805 62.1363636363636 99.2727272727273
0.00169491525423729 1.23975148922764 0.113797077746131 -0.284598702099174 1.04362920317799 1433.89156626506 35.7469879518072 298.42093652721 78.421686746988 133.33734939759
0.00169491525423729 1.27952917453367 0.178559078043327 -0.699954419396818 1.61382114719599 1582.18888888889 65.4888888888889 372.831634568763 75.8888888888889 149.8
0.00169491525423729 1.30112080133986 0.337240103259683 0.993779121432453 1.53898407686502 514.053191489362 8.40425531914894 217.241815825115 44.6063829787234 73.8723404255319
0.00169491525423729 1.47794470107183 0.17799857549835 -0.130966360680759 1.42152172122151 5271.90721649485 156.79381443299 298.670923283463 442.041237113402 222.051546391753
0.00169491525423729 1.5722093266435 0.24758886822965 -0.938367900438607 1.69546160195023 5821.02 263.15 275.095685628405 560.44 223.16
0.00169491525423729 1.26236403381918 0.352122556301765 -0.188795620575547 1.52041979227215 405.284210526316 10.0105263157895 203.781719116705 36 77.4421052631579
0.00169491525423729 1.30119036426768 0.314163333270699 -0.716835758648813 1.25451889373362 906.115789473684 26.0315789473684 288.786541059045 56.2 99.2526315789474
0.00169491525423729 1.45718682019506 0.158917388273403 0.945044734049588 1.74776393603533 4821.44791666667 109.354166666667 336.700440011793 422.583333333333 242.302083333333
0.00169491525423729 1.5160684650531 0.251036853226833 0.18517582770437 1.63931328766048 5495.58585858586 148.949494949495 316.989056964668 483.20202020202 251.151515151515
0.00169491525423729 1.60425512164365 0.36239115819335 -0.571964171249419 1.7162035247311 5706.18367346939 190.836734693878 332.436127395824 530.989795918367 267.642857142857
0.00169491525423729 1.47275418925565 0.378238999308087 -0.482778750360012 1.20774129945785 3560.79591836735 90.1530612244898 437.073270978917 232.795918367347 234.785714285714
0.00169491525423729 1.32544597492088 0.216757507319562 -0.836870458908379 1.19226810093969 2815.96808510638 92.8829787234042 396.779092194551 164.031914893617 197.563829787234
0.00169491525423729 1.28731316605117 0.293944524950348 0.567249331157655 1.3058676186949 608.608695652174 11.0869565217391 257.640882908484 45.4565217391304 98.3804347826087
0.00169491525423729 1.47552132185083 0.255851305183023 -0.761115826200694 1.02075177244842 5375.18556701031 134.329896907216 337.033291747893 475.79381443299 261.742268041237
0.00169491525423729 1.45537921981886 0.296778472745791 0.729319313541055 1.68003695402294 3026.07070707071 63.3939393939394 428.361183468519 193.707070707071 197.060606060606
0.00169491525423729 1.30085641515907 0.134088447364047 -0.0547813675366342 1.03030932676047 3144.03191489362 68.4148936170213 385.28700561578 177.63829787234 207.765957446808
0.00169491525423729 1.50261669033207 0.219443527725525 -0.975536913145334 1.26468028072268 5593.65656565657 205.535353535354 282.203878464102 497.191919191919 222.868686868687
0.00169491525423729 1.55122494776733 0.179552519228309 -0.986651564016938 1.31747992727906 5643.47 242.95 235.989068539631 538.79 186.13
0.00169491525423729 1.48185684285127 0.199106439156458 0.669895393773913 1.24484086818993 5428.30303030303 99.2121212121212 338.514620705949 442.969696969697 251.010101010101
0.00169491525423729 1.58006122636143 0.244693905557506 0.215528299100697 1.16273306440562 5754.13265306122 123.897959183673 275.803392641121 507.295918367347 215.5
0.00169491525423729 1.36957702189684 0.359313787706196 0.889647855889052 1.17100290637463 974.842105263158 13.5684210526316 315.455939742602 65.3263157894737 115.684210526316
0.00169491525423729 1.32644205864053 0.267556481459178 0.604211203753948 1.26974199041724 1139.86956521739 20.0652173913043 297.920886179194 68.695652173913 126.836956521739
0.00169491525423729 1.31295371938031 0.307667434378527 0.379036652389914 1.07784490752965 844.915789473684 14.3368421052632 279.813098967765 57.821052631579 100.063157894737
0.00169491525423729 1.17027245610952 0.155229155160487 0.390013514086604 1.56655416470021 392.666666666667 9.22666666666667 194.04173127405 34.88 68.4133333333333
0.00169491525423729 1.26562504956964 0.272318933065981 -0.520309094339609 1.27787790391594 696.702127659574 19.4042553191489 273.704963049459 45.3404255319149 106.787234042553
0.00169491525423729 1.29093072537798 0.135106766037643 0.537402643356472 1.56087586469948 1900.49462365591 45.1505376344086 337.975932109351 113.161290322581 145.645161290323
0.00169491525423729 1.36877261891495 0.271673963358626 0.954161188099533 1.43325002379715 1330.54736842105 21.6947368421053 293.014348070204 90.5684210526316 119
0.00169491525423729 1.15673420762178 0.319082501460798 -0.753435924183577 1.38381294161081 278.782051282051 7.03846153846154 170.110960083456 28.0384615384615 53.8461538461538
0.00169491525423729 1.54634013664909 0.34015271787066 0.407352863810956 1.42907165829092 5102.68367346939 103.551020408163 388.471611803695 450.510204081633 267.5
0.00169491525423729 1.46923538353294 0.313678693794645 0.36736105568707 1.649447084032 3240.47 78.6 431.783953099855 212.93 213.64
0.00169491525423729 1.19788538825233 0.189088927931152 -0.242737043183297 1.34357019104064 513.770114942529 13.3563218390805 211.938505851284 40.6551724137931 76.8390804597701
0.00169491525423729 1.61339402347803 0.373410538677126 -0.635161509271711 1.75048911441118 5707.23232323232 197.454545454545 330.76904168804 528.111111111111 260.767676767677
0.00169491525423729 1.63279329924844 0.29316297408659 0.438041844870895 1.23689604047686 5827.52525252525 111.393939393939 276.319857465167 518.939393939394 211.979797979798
0.00169491525423729 1.47277073943987 0.1588158441009 -0.715153947472572 1.23385769464076 5776.32291666667 189.5 288.666256484204 537.947916666667 236.614583333333
0.00169491525423729 1.64027189332992 0.365106981643476 0.316805765964091 1.77547338996083 5772.33673469388 144.418367346939 320.671222309148 538.357142857143 249.142857142857
0.00169491525423729 1.2981952163158 0.151502996799536 0.315362731460482 1.24314260259271 1929.38541666667 44.4166666666667 350.413038953876 109.760416666667 152.90625
0.00169491525423729 1.40811816600617 0.10403761556372 0.480315716937184 1.10257365182042 5215.66326530612 103.326530612245 314.546029473645 447.836734693878 243.071428571429
0.00169491525423729 1.35547046116553 0.281851906655356 -0.712583226617426 1.21457373965532 2186.76288659794 67.9690721649485 390.182731846105 118.773195876289 174.134020618557
0.00169491525423729 1.61654053207021 0.218286134907976 0.925031271763146 1.53379381224513 5680.74226804124 108.309278350515 259.474150318223 545.505154639175 200.762886597938
0.00169491525423729 1.51203289276455 0.35642216403503 0.470645827241242 1.12004850562662 4083.40816326531 68.1326530612245 396.359150562451 327.336734693878 236.5
0.00169491525423729 1.60287537924014 0.222511587315239 0.39675509557128 1.62791082039475 5713.51546391753 149.185567010309 270.382852887949 517.40206185567 205.237113402062
0.00169491525423729 1.5123127033934 0.364813696895726 -0.955384699627757 1.15175563767552 5275 138.755102040816 377.535477404897 467.948979591837 276.642857142857
0.00169491525423729 1.43504943719599 0.194786987476982 0.972030761651695 1.36857635863125 3941.18181818182 68.9494949494949 377.407474047246 302.878787878788 224.707070707071
0.00169491525423729 1.50367489862256 0.299321026331745 0.153936323709786 1.46225644685328 4798.42 113.71 389.922535149502 392.54 258.3
0.00169491525423729 1.58130900792312 0.252645427337848 -0.0161129916086793 1.27841296065599 5734.72448979592 142.959183673469 272.830346394406 536.755102040816 214.571428571429
0.00169491525423729 1.63856763239019 0.287948443763889 0.720000414177775 1.70392945092171 5714.22222222222 126.444444444444 273.570008221557 505.575757575758 205.050505050505
0.00169491525423729 1.37186720999889 0.192465673107654 0.364808690268546 1.5898040888831 2804.39583333333 73.3541666666667 360.341583105283 169.322916666667 184.770833333333
0.00169491525423729 1.42278731204569 0.166224817442708 0.175684186629951 1.74347936622798 4271.79569892473 132.52688172043 325.600747026266 331.139784946237 232.505376344086
0.00169491525423729 1.26238457763102 0.341654803184792 -0.57436926336959 1.34983515404165 574.2 16.8 250.341888052436 42.8105263157895 90.9263157894737
0.00169491525423729 1.20782937351614 0.283881717920303 -0.518709553405643 1.29402100946754 492.301204819277 13.2289156626506 237.471955916523 37.2409638554217 94.0361445783133
0.00169491525423729 1.57474612558726 0.336052959575318 -0.238647141493857 1.15732006076723 5485.59375 121.583333333333 315.971865488039 512.8125 244.78125
0.00169491525423729 1.51321686615702 0.184604165353812 0.202356097754091 1.1620983639732 5592.66666666667 121.79797979798 277.772978438812 503.191919191919 216.787878787879
0.00169491525423729 1.37743437392637 0.157242678641342 0.85206961678341 1.0291290268302 3842.74489795918 58.8469387755102 386.512422723284 271.19387755102 223.285714285714
0.00169491525423729 1.43633806842845 0.189632435538806 0.251179519109428 1.30783655010164 5166.26804123711 119.432989690722 363.536686019112 420.979381443299 274.371134020619
0.00169491525423729 1.34265541655477 0.257480920595117 0.537303976714611 1.77747895736247 1222.14285714286 30.5384615384615 334.541409286181 71.7252747252747 132.615384615385
0.00169491525423729 1.25384805337526 0.150853847246617 0.455930659547448 1.19293470531702 972.122222222222 18.8111111111111 273.386694304603 63.0888888888889 103.988888888889
0.00169491525423729 1.55108232980128 0.374134688801132 0.181391391437501 1.4965020596981 4815.4 106.14 365.687217564545 434.98 252.56
0.00169491525423729 1.47081045769155 0.101762728206813 -0.0225119781680405 1.54632806517184 5391.92631578947 174.421052631579 276.465354374152 514.789473684211 218.989473684211
0.00169491525423729 1.47352531584911 0.345154507528059 -0.299813927151263 1.11760411076248 3963.70408163265 89.7448979591837 436.699986107299 273.520408163265 233.928571428571
0.00169491525423729 1.41381763245445 0.326173533988185 -0.343048715498298 1.11298822518438 3104.28865979381 74.1237113402062 452.523700630489 178.474226804124 209.350515463918
0.00169491525423729 1.30277744701598 0.138465273729526 0.349076638463885 1.28883941601962 2341.88636363636 52.0454545454545 360.412564400154 148.75 164.022727272727
0.00169491525423729 1.27905642681289 0.190790304797702 0.0367085435427725 1.08045971430838 1419 30.0229885057471 318.31653097271 86.0229885057471 134.287356321839
0.00169491525423729 1.48078087633476 0.298770154733211 0.182907386682928 1.18642294276506 4366.55102040816 89.030612244898 398.296773880768 313.234693877551 256.357142857143
0.00169491525423729 1.51379053944256 0.209949665563181 -0.65267967293039 1.03802389558405 5760.47959183673 157.734693877551 283.840097648447 515.714285714286 228.714285714286
0.00169491525423729 1.21553428759798 0.38771958167199 0.128492050804198 1.17091499958187 323.775280898876 5.64044943820225 183.555579622531 30.8202247191011 64.2584269662921
0.00169491525423729 1.57732843209524 0.365503908134997 0.837021261453629 1.02920170444995 5023.05 68.55 375.566501926719 438.59 264.46
0.00169491525423729 1.61137548529077 0.374376944242977 -0.755736173130572 1.38633753340691 5628.61616161616 169.141414141414 338.405262038339 493.181818181818 268.121212121212
0.00169491525423729 1.30243449481204 0.331056527839974 -0.59849794767797 1.06859440095723 1017.79569892473 25.4193548387097 297.390408732069 61.2795698924731 118.698924731183
0.00169491525423729 1.45097042710986 0.179211254790425 -0.117418175097555 1.09400440510362 5174.84375 120.447916666667 311.939110140425 466.8125 241.0625
0.00169491525423729 1.61397207025439 0.210435453499667 0.27744698850438 1.16123211514205 5623.28282828283 117.616161616162 232.401396025376 551.616161616162 172.666666666667
0.00169491525423729 1.5287612527376 0.393144440278411 0.0529833901673555 1.22771667148918 4473.9797979798 90.4848484848485 441.98617715955 318.414141414141 247.686868686869
0.00169491525423729 1.48520875801332 0.259020313690417 0.445436368696392 1.04140598587692 5261.61855670103 88.1340206185567 363.506356523134 436.762886597938 272.639175257732
0.00169491525423729 1.60641804568004 0.234324248577468 0.399459243752062 1.73335975203663 5639.09 150.97 269.589711637434 502.59 206.22
0.00169491525423729 1.56293583449442 0.278756973915733 0.266995716840029 1.52001786585897 5682.50505050505 136.565656565657 316.00933684249 517.181818181818 249.171717171717
0.00169491525423729 1.51895938112866 0.270343810576014 -0.951574751641601 1.59365106336772 5561.18 217.6 312.190177883405 514.86 248.43
0.00169491525423729 1.48777440851554 0.277661600406282 -0.736662630457431 1.34135302044451 5205.75757575758 162.656565656566 342.265595584543 440.333333333333 264.939393939394
0.00169491525423729 1.54777836669236 0.382411525025964 0.114217749796808 1.55533989109099 4879.11 118.86 412.32379117917 392.42 262.01
0.00169491525423729 1.25050776286516 0.136625961749814 -0.364496318157762 1.47996374107897 1400.42857142857 48.1868131868132 312.889951134674 77.6593406593407 121.846153846154
0.00169491525423729 1.18462974459399 0.220331935840659 -0.694000106304884 1.6307036569342 356.451219512195 12.4024390243902 197.566762652626 30.2926829268293 69.7439024390244
0.00169491525423729 1.19444564692676 0.359090777183883 -0.816248599905521 1.18495507929474 355.180722891566 8.6144578313253 201.780086658779 30.8915662650602 59.7951807228916
0.00169491525423729 1.43453603805974 0.332496708258986 0.210747097618878 1.74563008993864 2567.82474226804 70.1855670103093 391.770085484528 158.412371134021 181.134020618557
0.00169491525423729 1.46024919648189 0.242182970815338 0.162355060689151 1.26338815279305 4722.35353535354 104.171717171717 381.184493988524 385.919191919192 250.656565656566
0.00169491525423729 1.39722258758266 0.343294683424756 0.725282063242048 1.37674092538655 1420.0618556701 24.0515463917526 360.034521019232 94.0618556701031 137.835051546392
0.00169491525423729 1.40605272746179 0.273170570260845 0.738329887855798 1.25168148353696 2495.54166666667 41.9375 394.879976464889 151.927083333333 186.302083333333
0.00169491525423729 1.59473128253594 0.186777817062102 -0.597221549600363 1.76138553824276 5523.48484848485 256.30303030303 224.696189526445 551.020202020202 170.121212121212
0.00169491525423729 1.34083059672266 0.296213705418631 -0.486085074488074 1.53517722040415 1191.03191489362 42.2127659574468 332.209236897375 67.2553191489362 127.414893617021
0.00169491525423729 1.5592180429725 0.370218941080384 0.684887869283557 1.70187288429588 4778.14285714286 97.8979591836735 395.047575091639 406.714285714286 250.642857142857
0.00169491525423729 1.30639802196529 0.300312051572837 0.512438625097275 1.69322763495147 753.347826086957 17.4130434782609 276.09290225495 51.054347826087 93.5869565217391
0.00169491525423729 1.31462079645134 0.292543129553087 -0.554779647383839 1.38879483155906 1096.39361702128 34.2978723404255 310.853881922359 62.8085106382979 114.308510638298
0.00169491525423729 1.25368020227179 0.335830959491432 0.233312348369509 1.09415093194693 502.528735632184 9.04597701149425 220.493661467846 39.0344827586207 77
0.00169491525423729 1.46657893722877 0.103740094602108 0.761115141678602 1.24479217939079 5505.10101010101 104.838383838384 282.828932764076 517.020202020202 225.484848484848
0.00169491525423729 1.26021447798703 0.216897522122599 0.914515682030469 1.60514812022448 708.046511627907 12.9651162790698 255.320240698279 51.6046511627907 86.5232558139535
0.00169491525423729 1.55346848126501 0.220904747419991 -0.259333077352494 1.40177768059075 5342.29 167.21 265.486255683938 446.28 202.51
0.00169491525423729 1.35126993919257 0.250632428005338 0.254300109576434 1.44130541905761 2089.48913043478 49.5326086956522 354.774144740102 141.326086956522 152.630434782609
0.00169491525423729 1.55368339139968 0.275974016729742 0.393989219330251 1.2069837776944 5325.14141414141 101.232323232323 329.313465049313 502.878787878788 249.878787878788
0.00169491525423729 1.23737616741564 0.322103737783618 -0.234213880263269 1.3219136307016 477.376344086022 11.0215053763441 224.883971265421 38.2365591397849 84.6774193548387
0.00169491525423729 1.59604108121712 0.308468895335682 -0.787175168748945 1.26166301313788 5742.17346938776 178.887755102041 279.257989572282 523.224489795918 223.928571428571
0.00169491525423729 1.23560836070683 0.355254458612762 0.00723379570990801 1.01724919322878 375.775280898876 6.0561797752809 198.824380417678 33.0898876404494 72.8314606741573
0.00169491525423729 1.37745160630438 0.373592523136176 -0.512840466108173 1.72851958516985 1077.52222222222 37.8111111111111 332.83800603266 64.6222222222222 133.855555555556
0.00169491525423729 1.23606410492212 0.258731587720104 -0.939838546328247 1.09236764255911 686.967032967033 19.967032967033 262.433567507648 47.3076923076923 93.6153846153846
0.00169491525423729 1.63490602290258 0.253353172680363 -0.258202536962926 1.2740138694644 5654.46391752577 162.701030927835 238.441976067209 529.783505154639 186.041237113402
0.00169491525423729 1.29086143067107 0.221225240314379 -0.173801860772073 1.08439543452114 1608.67368421053 37.8 365.021284482885 87.4631578947368 151.052631578947
0.00169491525423729 1.30703847887926 0.266077393572778 -0.0256198989227414 1.70368902180344 923.715789473684 27.1578947368421 302.684818623933 61.5157894736842 110.747368421053
0.00169491525423729 1.54148974674754 0.310870832158253 0.704636380076408 1.4133489433676 4938.54 92.01 368.743656927513 422.75 245.63
0.00169491525423729 1.36285389910918 0.101179823139682 -0.571511390153319 1.61153827644885 4256.5 172.440476190476 311.089705286683 335.333333333333 216.333333333333
0.00169491525423729 1.17595358202234 0.321033644792624 -0.623398129362613 1.07595949862152 333.939024390244 6.97560975609756 196.299975926186 29.9512195121951 67.2682926829268
0.00169491525423729 1.25904062690679 0.206168955122121 0.832032572943717 1.20036274064332 882.195402298851 14 274.101329635833 59.9770114942529 103.229885057471
0.00169491525423729 1.38079069540836 0.145834336988628 0.0910875550471246 1.45240886677057 4018 110.175257731959 327.415499911269 299.546391752577 217.288659793814
0.00169491525423729 1.50679790412541 0.343275683815591 -0.453193470835686 1.56088370941579 4877.06 156.41 409.289369297184 344.82 272.02
0.00169491525423729 1.52126304465346 0.31464455195237 0.766201998107135 1.15406978633255 4849.23232323232 74.1818181818182 373.881723050224 419.171717171717 249.030303030303
0.00169491525423729 1.43833039244637 0.132260740129277 0.322592230513692 1.50899400170892 5402.44210526316 144.284210526316 324.657410406607 457.557894736842 260.842105263158
0.00169491525423729 1.29225447236095 0.29634659239091 0.829789035022259 1.78813986498863 612.923913043478 11.9347826086957 249.491283834752 49.4239130434783 79.5869565217391
0.00169491525423729 1.35001403638162 0.281592886499129 -0.827967018354684 1.13086774814874 2200.02197802198 66.7032967032967 401.236592772528 115.989010989011 168.846153846154
0.00169491525423729 1.43991477948148 0.362389737949707 -0.484263779129833 1.67079726569355 2773.12371134021 98.319587628866 445.7232394955 162.360824742268 200.257731958763
0.00169491525423729 1.60421575231012 0.340629390417598 0.5350640732795 1.59417813420296 5428.36 117.08 318.518796258847 492.02 232.4
0.00169491525423729 1.31718174167909 0.165267373318784 0.42823196714744 1.54078746326268 1915.89247311828 45.8709677419355 343.972734933314 106.698924731183 146.924731182796
0.00169491525423729 1.5216981933685 0.203052114672028 0.160159598570317 1.51480934303254 5455.79591836735 148.520408163265 295.457988991131 492.040816326531 232.5
0.00169491525423729 1.22521866972093 0.353512080479413 0.836501992307603 1.01747233625501 380.758241758242 5 195.6849705398 34.8791208791209 69.1538461538462
0.00169491525423729 1.22427092862781 0.226390785258263 -0.0875522810965776 1.49478702396154 538.232558139535 14.3255813953488 220.85074094378 42.8720930232558 85.6279069767442
0.00169491525423729 1.39171891703736 0.217024414078333 0.476682846900076 1.69581192806363 3109.35416666667 80.9791666666667 391.982903419878 215.458333333333 200.447916666667
0.00169491525423729 1.22226436492056 0.277421676879749 0.310488543007523 1.30775900185108 405.735632183908 7.45977011494253 208.102217747843 34.448275862069 74.5057471264368
0.00169491525423729 1.47542933849618 0.308904784615152 0.223392045591027 1.78353521991521 3681.54166666667 102.947916666667 409.82764887506 261.916666666667 225.822916666667
0.00169491525423729 1.51109275487252 0.329578962246887 0.670064139645547 1.06700792983174 4396.82828282828 66.1515151515152 389.408629565167 361.141414141414 238.212121212121
0.00169491525423729 1.64351134395692 0.358637270750478 -0.844885653350502 1.79112980812788 5671.18 225.01 295.732762971237 527.93 232.68
0.00169491525423729 1.42345022605732 0.306749608716927 0.493588304612786 1.14545194897801 3133.3125 54.8333333333333 439.34665558441 188.166666666667 204.166666666667
0.00169491525423729 1.57310533940326 0.351153920171782 -0.693620288744569 1.48698245957494 5608.2 173.39 326.391806951462 518.05 260.33
0.00169491525423729 1.52355809193104 0.116638646088541 0.526025777217001 1.13847832083702 5526.60204081633 107.091836734694 237.759362871129 547.061224489796 181.428571428571
0.00169491525423729 1.35954945206176 0.292185015254654 0.332081727683544 1.67204753104597 1569.32291666667 40.6666666666667 355.687572628377 97.1875 136.135416666667
0.00169491525423729 1.32929196963087 0.353329502861015 -0.00524556962773204 1.21218188107014 766.925531914894 15.6063829787234 278.632295415156 50.2234042553191 100.234042553191
0.00169491525423729 1.24553422534373 0.149109616503119 -0.614385397173464 1.52732757776976 1533.38461538462 59.8681318681319 349.293545764838 81.1318681318681 142.923076923077
0.00169491525423729 1.33787515570875 0.338537333253771 -0.301174050197005 1.7592223264277 794.142857142857 26.2087912087912 284.797893012119 54.8351648351648 96.9230769230769
0.00169491525423729 1.38508327733725 0.318394827353768 -0.231415722519159 1.59349725749344 1863.63917525773 58.298969072165 370.456995271076 104.268041237113 148.226804123711
0.00169491525423729 1.1700242428109 0.378394091827795 0.617308048065752 1.71087016910315 270.825581395349 5.16279069767442 169.208666683725 27.5 63.5697674418605
0.00169491525423729 1.26374262941536 0.395269781770185 0.249412092380226 1.51040483899415 387.045454545455 7.35227272727273 197.228638396616 36.2727272727273 71.75
0.00169491525423729 1.62796470392495 0.112983251176775 -0.930448270402849 1.28478143848479 5572.17171717172 244.969696969697 178.743394886966 740.444444444444 132.858585858586
0.00169491525423729 1.1783973114565 0.38992384346202 0.999097768217325 1.08317717406899 244.675 2.95 160.593559712614 26 61.5125
0.00169491525423729 1.48737447333988 0.194541465817019 0.123302995692939 1.36756085772067 5217.78350515464 131.412371134021 302.337497029963 478.577319587629 235.40206185567
0.00169491525423729 1.26517569737043 0.140558121236973 0.530762007459998 1.0979732055217 1213.29885057471 22.1264367816092 298.660773955373 69.2298850574713 116.586206896552
0.00169491525423729 1.3279519955162 0.215810872218572 -0.607124823145568 1.44684574473649 2648.36082474227 97.4948453608247 418.439558483999 136.103092783505 190.659793814433
0.00169491525423729 1.56761989588849 0.382653369056061 0.413055132608861 1.18555825389922 5058.7 86.25 388.681088777923 449.04 261.24
0.00169491525423729 1.47930113910697 0.197835167218 0.953933678101748 1.10574891865253 5374.92857142857 82.7551020408163 336.719348271345 514.336734693878 265.285714285714
0.00169491525423729 1.62755379020236 0.377963510807604 -0.0628006998449564 1.01069316752255 5739.32 102.66 331.60600727602 566.92 269.5
0.00169491525423729 1.16663512689993 0.110008520935662 0.151302685961127 1.63521298058331 561.225 15.6375 210.820772798726 44.85 77.7
0.00169491525423729 1.1721141729271 0.223447535070591 0.48198735434562 1.33682056535035 393.291139240506 7.67088607594937 189.967345393166 34.2911392405063 67.6075949367089
0.00169491525423729 1.26269269953482 0.269642089656554 -0.649988566059619 1.2159449795261 788.483146067416 22.1573033707865 292.320423211874 49.5955056179775 106.494382022472
0.00169491525423729 1.16310862763785 0.224204917205498 0.814850833732635 1.27891052961349 345.963414634146 5.95121951219512 178.269217549054 33.4878048780488 65.1341463414634
0.00169491525423729 1.3737617081264 0.322457249788567 0.0558608951978385 1.54547393787652 1677.1875 43.0416666666667 351.204295265798 102.125 140.291666666667
0.00169491525423729 1.39483180535026 0.351636402355507 0.0263544148765504 1.64570619091392 1491.85858585859 41.7171717171717 362.257048121179 90.3232323232323 138.444444444444
0.00169491525423729 1.5874106117757 0.177464069915004 -0.762615664396435 1.00595874413848 5662.39 174.69 210.874841549625 618.01 161.91
0.00169491525423729 1.57529859254137 0.258109430619516 0.243101366795599 1.31214172709733 5654.92929292929 124.737373737374 292.970223208478 531.838383838384 233.40404040404
0.00169491525423729 1.34947298918851 0.206543749617413 -0.15718862041831 1.21945064943284 2772.17204301075 71.2903225806452 391.856362872792 174.569892473118 190.806451612903
0.00169491525423729 1.42522059390321 0.110144066088833 -0.738552751485258 1.05039156079292 5469.12244897959 161.591836734694 277.795745005908 521.316326530612 223.5
0.00169491525423729 1.33259996792767 0.261513924994506 0.816041781101376 1.50168284401298 1222.29032258065 22.8279569892473 319.539226899624 74.247311827957 129.763440860215
0.00169491525423729 1.50917905357201 0.373063920577988 0.983755785506219 1.70799645632505 3033.0505050505 52.8383838383838 427.684698875346 205.969696969697 209.787878787879
0.00169491525423729 1.34653637206648 0.273866602033377 -0.468474233988672 1.32167134359479 1804.23157894737 54.7789473684211 397.957228080929 92.7368421052632 163.284210526316
0.00169491525423729 1.23703829010483 0.365431755385362 0.474166483618319 1.11414710972458 380.967032967033 5.52747252747253 191.595421963403 34.0989010989011 73.7692307692308
0.00169491525423729 1.59881926767994 0.184128941968083 -0.919176397379488 1.14785194750875 5638.75757575758 215.858585858586 221.437462657836 587.666666666667 172.242424242424
0.00169491525423729 1.60018080645241 0.124249987350777 0.598214760888368 1.24108066447079 5385.86 104.44 206.358567851042 588.56 153.93
0.00169491525423729 1.44550124960951 0.325498218159191 -0.696484167594463 1.56863021720201 3962.09090909091 140.787878787879 449.38026995455 278.141414141414 236.868686868687
0.00169491525423729 1.6251018830575 0.178153520007618 0.367086600046605 1.3924506649375 5668.9 135.11 218.317250433334 567.65 167.58
0.00169491525423729 1.56842493321747 0.251388348825276 0.533532441593707 1.78154863193631 5658.24 146.42 296.561552147968 521.42 228.48
0.00169491525423729 1.42976184990257 0.361394392466173 0.489504388999194 1.69903527516872 1714.9595959596 39.3333333333333 367.066233023473 102.818181818182 151.454545454545
0.00169491525423729 1.25909177456051 0.157010754733346 -0.284138180315495 1.69469139128923 1147.11827956989 41.7204301075269 297.094429484261 70.4516129032258 113.05376344086
0.00169491525423729 1.47908516877796 0.170618135412224 -0.901288798078895 1.52857679724693 5543.04 231.49 282.997708287314 524.53 226.1
0.00169491525423729 1.58720754992682 0.156428020447493 0.9137306753546 1.65188061427325 5497.88 117.54 243.505476401215 548.49 187.11
0.00169491525423729 1.18617631481029 0.103705858858302 0.822704256977886 1.17469688598067 457.024691358025 7.2962962962963 194.095790376497 39.1358024691358 75.0123456790123
0.00169491525423729 1.60924930658657 0.311706882645376 -0.0452710487879813 1.31334411110729 5845.68 139.07 298.31684832855 558.26 240.8
0.00169491525423729 1.60391673862468 0.261439072713256 0.217033588793129 1.2074529433623 5695.45918367347 120.112244897959 281.813694964124 550.765306122449 223.857142857143
0.00169491525423729 1.56490594041534 0.318356540496461 -0.487785895820707 1.52407593857497 5460.47959183673 177.15306122449 329.704257787296 456.704081632653 258.285714285714
0.00169491525423729 1.51212791956495 0.312686566403136 -0.449518299195915 1.72398353070021 5350.39583333333 179.677083333333 366.094826787792 462.84375 278.25
0.00169491525423729 1.5019309485564 0.388604405685328 0.231507088523358 1.17354274187237 3707.73469387755 68.1326530612245 443.792845824812 260.959183673469 232.928571428571
0.00169491525423729 1.34371998892166 0.294873206783086 -0.0536409891210496 1.23108457345515 1286.55434782609 29.9891304347826 318.13391553697 80.7065217391304 121.282608695652
0.00169491525423729 1.23298354642466 0.23429059649352 -0.201111830770969 1.12007174193859 673.126436781609 15.3218390804598 267.593162818994 47.6896551724138 95.9885057471264
0.00169491525423729 1.44608163901139 0.211816036491655 0.429585948120803 1.34330014884472 4942.87755102041 106.336734693878 371.800674623488 413.19387755102 251.785714285714
0.00169491525423729 1.44970866197254 0.273629297572188 -0.890532433521003 1.38501950781792 4662.41414141414 163.757575757576 372.02076430279 363.858585858586 271.727272727273
0.00169491525423729 1.39816418508999 0.177842343249358 0.321431512013078 1.79430433064699 3896.19587628866 113.917525773196 363.670914940765 293.845360824742 230.639175257732
0.00169491525423729 1.59110059610102 0.123161496641114 0.666717951186001 1.45191710665822 5405.98969072165 114.567010309278 210.077213009329 537 157.319587628866
0.00169491525423729 1.57305621493142 0.392411220516078 0.928245722781867 1.29733206797391 4522.80808080808 66.3939393939394 417.197964559414 374.444444444444 251.010101010101
0.00169491525423729 1.62023864102084 0.213641668227501 -0.288867776282132 1.25090708825737 5539.76 165.71 218.570934114073 537 164.64
0.00169491525423729 1.30017492533661 0.335300874453969 0.0460929083637893 1.7394802864641 627.553191489362 15.5744680851064 240.630200327901 46.8085106382979 96.5106382978723
0.00169491525423729 1.55914367965888 0.231121127470396 -0.869578584562987 1.09333986174315 5725.23711340206 184.814432989691 257.258019854841 541.474226804124 204.298969072165
0.00169491525423729 1.21479726987891 0.132435523555614 0.469928658101708 1.28721763920039 822.61797752809 17.7415730337079 245.656526545893 55.6067415730337 94.9325842696629
0.00169491525423729 1.57241332028061 0.291763696586713 -0.199582205619663 1.47063895612955 5739.05 160.81 310.828273407342 531.49 254.24
0.00169491525423729 1.45692160560284 0.10758726305794 -0.366704519372433 1.61897785831243 5462.87878787879 208.535353535354 278.776749769431 516.434343434343 222.30303030303
0.00169491525423729 1.57583809362259 0.316561575420201 -0.700065861921757 1.51179369166493 5495.30612244898 186.15306122449 313.78603751678 485.683673469388 250.928571428571
0.00169491525423729 1.61283398696687 0.195435310923494 -0.273871281184256 1.5755656844005 5605.56565656566 207.424242424242 225.172103423027 529.646464646465 169.979797979798
0.00169491525423729 1.51413618980441 0.23921019746922 0.672394974157214 1.74446100592613 5154.39583333333 120.916666666667 354.647747884115 431.020833333333 248.354166666667
0.00169491525423729 1.53053670397494 0.217313116439618 -0.174279855098575 1.52388778757304 5603.21428571429 172.836734693878 293.104367471714 528.15306122449 234.428571428571
0.00169491525423729 1.34116379297338 0.115268162591383 0.131384749896824 1.00562927424908 4132.02150537634 85.3548387096774 365.510012170505 281.870967741935 243.41935483871
0.00169491525423729 1.43977613209281 0.252554666483775 -0.684941529762 1.74074533041567 4493.42553191489 181.340425531915 380.867718817669 339.734042553192 249.765957446808
0.00169491525423729 1.42317304792814 0.155922675714828 0.412118129897863 1.07540181092918 4852.16129032258 92.989247311828 325.088988108468 400.440860215054 237.096774193548
0.00169491525423729 1.32199436889496 0.138846677495167 0.931074873544276 1.65973594039679 2050.90697674419 43.046511627907 352.374595065486 126.441860465116 158.558139534884
0.00169491525423729 1.637855944084 0.390865723299794 -0.693026293069124 1.30730217862874 5853.23 160.78 320.672784716885 538.11 253.54
0.00169491525423729 1.41599485939369 0.397995854821056 0.46245573926717 1.73761101868004 1147.17171717172 25.4242424242424 320.998622908356 72.959595959596 124.020202020202
0.00169491525423729 1.22353434967808 0.279351029009558 0.844838052988052 1.44336568042636 391.654761904762 6.57142857142857 194.92267800736 35.6309523809524 73.6666666666667
0.00169491525423729 1.41946626103017 0.270344935078174 -0.279154593590647 1.34397418107837 3714.58 103.72 406.57996005221 252.12 225.61
0.00169491525423729 1.60955505466554 0.276208290853538 0.154994782060385 1.05607180316001 5746.9898989899 111.717171717172 271.6711078948 540.616161616162 211.838383838384
0.00169491525423729 1.41468354393728 0.393551114224829 0.761295002885163 1.44506058990955 1276.94897959184 21.6530612244898 319.289837507384 80.1224489795918 121.928571428571
0.00169491525423729 1.53779658847488 0.347763847839087 0.241468500811607 1.50127326510847 4659.27 104.43 390.783292084606 398.36 260.12
0.00169491525423729 1.33268464854918 0.201327256392688 -0.378155637066811 1.39357181098312 2563.72826086957 83.054347826087 393.714400157542 138.315217391304 171.576086956522
0.00169491525423729 1.34718903698958 0.163316335389391 0.322551674209535 1.75284938346595 2623.72631578947 76.2315789473684 366.91498201931 144.326315789474 182
0.00169491525423729 1.3329541240586 0.300654743798077 -0.141181122977287 1.43060961663723 1132.33333333333 30.78125 313.981322332917 67.6041666666667 116.59375
0.00169491525423729 1.31446143691428 0.296513471473008 -0.986582608893514 1.10652132928371 1607.58695652174 48.7934782608696 379.452829195609 78.9239130434783 151.032608695652
0.00169491525423729 1.33083802785259 0.341645128582604 0.3771529966034 1.10048390943557 659.70652173913 11.5108695652174 260.264598384654 50.304347826087 94.4239130434783
0.00169491525423729 1.34483415898867 0.199335628817789 0.352141842246056 1.4686840036884 2811.15053763441 67.8387096774194 413.453562658765 150.741935483871 183.731182795699
0.00169491525423729 1.36793557517231 0.194886604859494 0.00396645069122314 1.47367253154516 3431.25 98.0833333333333 387.252642307599 221.21875 210.65625
0.00169491525423729 1.26074817623012 0.289559580851346 -0.320717770606279 1.08769422732294 578.021052631579 12.8 237.390245266491 41.0105263157895 89.3789473684211
0.00169491525423729 1.39520355230197 0.139037744724192 0.40767423575744 1.37278658375144 4578.5 104.854166666667 339.039145907683 396.979166666667 240.260416666667
0.00169491525423729 1.39422964442056 0.260921219247393 -0.948068068362772 1.16763313096017 4007.16494845361 122.587628865979 368.45249666036 301.103092783505 232.659793814433
0.00169491525423729 1.4084523987025 0.277188918134198 -0.671268241479993 1.79828939903528 3668.375 151.177083333333 407.983270152016 247.260416666667 226.697916666667
0.00169491525423729 1.21419073161669 0.23597782694269 0.414455190766603 1.50014713611454 445.988888888889 9.83333333333333 205.087361946106 39.2 76.9222222222222
0.00169491525423729 1.60459349558223 0.326516866520979 0.737628261558712 1.23039670642465 5561.82828282828 90.6565656565657 318.302355288787 507.171717171717 248.747474747475
0.00169491525423729 1.48931234164629 0.104052902688272 0.472347704693675 1.76980804931372 5264.66326530612 152.69387755102 255.616239364571 487.34693877551 193.357142857143
0.00169491525423729 1.61610573376529 0.231805919460021 0.812092613428831 1.14509360194206 5714.52525252525 91.2929292929293 249.970125609071 524.131313131313 188.010101010101
0.00169491525423729 1.44236931540072 0.196671848674305 -0.710595042444766 1.59404332768172 5082.24210526316 202.768421052632 318.850676250919 409.336842105263 236.231578947368
0.00169491525423729 1.319922394678 0.223415648634546 -0.517872834112495 1.61442166995257 1727.81318681319 65.6043956043956 343.723603552513 93.5384615384615 147.846153846154
0.00169491525423729 1.18214807691984 0.30895501030609 0.298327815253288 1.16604909766465 281.488095238095 3.98809523809524 178.168803045743 26.7142857142857 55.75
0.00169491525423729 1.40681445817463 0.163401721627451 -0.543243657331914 1.01180291678756 5007.66 127.15 334.738423128398 437.04 265.51
0.00169491525423729 1.58884763040114 0.206702991109341 0.538490279577672 1.26418947726488 5663.3 111.53 263.62749301149 505.19 201.39
0.00169491525423729 1.19115987103432 0.284558936092071 0.518245765473694 1.3793907141313 364.568181818182 6.81818181818182 194.757986746748 33.8977272727273 70.7159090909091
0.00169491525423729 1.19465014731977 0.224552722531371 0.447317334357649 1.43673313837498 437.926829268293 8.5 206.022269025381 38.6707317073171 69.9146341463415
0.00169491525423729 1.38820610565599 0.399957056716085 0.534276553429663 1.31332584042102 897.175257731959 15.2474226804124 292.692448153959 61.1855670103093 116.113402061856
0.00169491525423729 1.54863608137239 0.139328249823302 0.140257344581187 1.79636377971619 5712.07142857143 192.132653061224 239.634050854605 566.469387755102 188
0.00169491525423729 1.26937906465027 0.218543318868615 0.721367252990603 1.28521658200771 977.067415730337 16.9550561797753 286.645678226122 63.2247191011236 103.662921348315
0.00169491525423729 1.60236238243524 0.238033424294554 0.474310942925513 1.47597206793725 5453.83 124.53 265.821314277117 463.08 202.37
0.00169491525423729 1.63832510714419 0.143639961164445 0.46394029352814 1.77503999769688 5637.81632653061 160.530612244898 207.204380377022 640.15306122449 157.571428571429
0.00169491525423729 1.46113202997949 0.166052464907989 0.443819976877421 1.58471459727734 5248.73684210526 136.726315789474 320.39265146529 452.115789473684 251.263157894737
0.00169491525423729 1.23729029248934 0.354162536910735 0.0993996881879866 1.53364749383181 382.833333333333 8.14285714285714 205.012321195401 34.5833333333333 67.9166666666667
0.00169491525423729 1.28252625090536 0.307776479935274 -0.755714337341487 1.39265877883881 737.851063829787 25.5 280.554404621751 47.5 98.8936170212766
0.00169491525423729 1.32365246196277 0.393003816530109 0.84081069054082 1.36549387052655 634.325842696629 10.0674157303371 262.547557830061 49.6516853932584 98.6292134831461
0.00169491525423729 1.52609647249337 0.293214095453732 -0.950645958073437 1.32575025856495 5487.29 178.32 328.641180135504 503.96 258.16
0.00169491525423729 1.5867541342508 0.271359799080528 -0.803033150266856 1.54230883233249 5778.91 224.45 275.190841297908 550.24 218.19
0.00169491525423729 1.54138342801016 0.214632868929766 -0.100971217732877 1.59173673577607 5302.34693877551 169.316326530612 270.854169648671 457.438775510204 208.142857142857
0.00169491525423729 1.18092730743811 0.165856543020345 0.603423229418695 1.53023471552879 457.227272727273 9.42045454545454 213.030338409757 39.6363636363636 77.3181818181818
0.00169491525423729 1.44526792489924 0.391464962181635 -0.847409145906568 1.25531684104353 2930.81818181818 88.1111111111111 431.137029711507 177.141414141414 198.262626262626
0.00169491525423729 1.43981230431236 0.379729050025344 0.406457230914384 1.66985401250422 1487.34375 33.90625 369.681530493203 88.34375 131.614583333333
0.00169491525423729 1.40966495426837 0.381471877987497 0.336678750347346 1.52465557958931 1301.91 28.4 355.491542161748 80.33 132.09
0.00169491525423729 1.46935906631406 0.104033228335902 0.335879975464195 1.60566406175494 5589.64948453608 156.412371134021 274.586153295859 537.752577319588 220.103092783505
0.00169491525423729 1.18390954632778 0.335753944399767 0.227659520227462 1.29084035698324 304.7625 5.2625 181.538152447294 29.175 60.9
0.00169491525423729 1.3400682724081 0.339801635290496 0.79013012163341 1.30894270800054 780.115789473684 12.0210526315789 261.73708411462 58.4 92.3263157894737
0.00169491525423729 1.38566982510965 0.381868255254813 -0.706209349445999 1.05463827233762 1564.73469387755 39.3979591836735 384.1100412795 88.4183673469388 143.285714285714
0.00169491525423729 1.64758437031414 0.203491098480299 0.517843400593847 1.5088001979515 5702.05 132.73 222.025102052772 588.98 166.81
0.00169491525423729 1.34153988594189 0.371846451726742 -0.453599608037621 1.46729337498546 818.726315789474 23.6105263157895 292.324478823643 55.0315789473684 115.168421052632
0.00169491525423729 1.52707438354846 0.228155465889722 0.199236265849322 1.59359317347407 5539.77551020408 148.612244897959 311.180749077387 491.979591836735 250.428571428571
0.00169491525423729 1.52718856846914 0.371169829298742 0.0135908415541053 1.48848461322486 4616.39795918367 113.112244897959 428.645770559683 359.040816326531 252.071428571429
0.00169491525423729 1.5470582310576 0.143187189474702 -0.342964129988104 1.30091843549162 5591.83838383838 182.959595959596 238.032980803863 556.171717171717 186.242424242424
0.00169491525423729 1.50063156136312 0.201504397508688 0.623443541117013 1.78032937981188 5347.96907216495 137.701030927835 331.702114792484 463.185567010309 249.257731958763
0.00169491525423729 1.37874817287084 0.237205123435706 0.89402780495584 1.2539899494499 2064.95698924731 32.9247311827957 370.030014197618 121.236559139785 161.225806451613
0.00169491525423729 1.45407786916476 0.108385980967432 0.942251096945256 1.25816282499582 5226.01020408163 92.3775510204082 296.19090306069 470.183673469388 219.5
0.00169491525423729 1.39623172171414 0.207885209028609 -0.246098747942597 1.75634859986603 3928.11458333333 144.239583333333 376.803672215542 252.885416666667 230.489583333333
0.00169491525423729 1.15906669488177 0.321704720775597 0.165442467667162 1.51224396359175 272.409638554217 5.87951807228916 168.85890866148 28 58.8674698795181
0.00169491525423729 1.57200840520672 0.303208095021546 -0.384751764126122 1.60813075825572 5595.31313131313 175.515151515152 313.283404915155 523.474747474747 241.535353535354
0.00169491525423729 1.59726005650591 0.206184932217002 0.192820155993104 1.10080596525222 5432.10101010101 113.363636363636 234.319400695687 506.919191919192 176.414141414141
0.00169491525423729 1.58285821878817 0.206813965900801 -0.49972941307351 1.48438843004406 5680.41 210.06 246.825612994064 528.57 189.98
0.00169491525423729 1.37784742945805 0.143543358892202 -0.875237395055592 1.15523047968745 5187.14130434783 161.891304347826 328.316810661783 447.489130434783 258.391304347826
0.00169491525423729 1.43333505871706 0.119305689935572 0.148127734195441 1.18006829116493 5151.04081632653 120.714285714286 299.822963121102 465.704081632653 231.642857142857
0.00169491525423729 1.53772329804488 0.306842810171656 -0.923495346680284 1.35958198271692 5572.25252525253 187.656565656566 337.664540090962 487.313131313131 267.909090909091
0.00169491525423729 1.30604538167827 0.288996374583803 -0.553841055370867 1.73257732093334 845.13829787234 31.3829787234043 293.300786332597 51.5957446808511 104.553191489362
0.00169491525423729 1.21091569061391 0.329735209443606 0.0468849074095488 1.1886584052816 385.574712643678 7.41379310344828 206.581513293567 33.9655172413793 76.1149425287356
0.00169491525423729 1.35809244923294 0.333357274206355 -0.652500129304826 1.48389547411352 1663.24731182796 56.4193548387097 367.807125351575 96.9677419354839 146.774193548387
0.00169491525423729 1.38880019097123 0.139323356188834 -0.999342026654631 1.0085127081722 5025.62105263158 150.178947368421 329.065553610015 423.505263157895 259.368421052632
0.00169491525423729 1.418911701045 0.333626651251689 -0.896638588048518 1.68841630723327 2177.79166666667 94.8125 416.875964448748 117.552083333333 187.104166666667
0.00169491525423729 1.51843945621513 0.117457068315707 0.202663123141974 1.07411466576159 5535.10416666667 121.21875 244.295517681787 514.052083333333 188.5625
0.00169491525423729 1.27623193417676 0.125274922209792 -0.653893711976707 1.36687576826662 2343.42391304348 84.9130434782609 352.173162866302 135.304347826087 175.684782608696
0.00169491525423729 1.34328764430247 0.383678761636838 -0.348840020596981 1.40887442845851 801.714285714286 21.4175824175824 292.828472076872 55.5164835164835 112.076923076923
0.00169491525423729 1.59389301899355 0.343745839782059 0.255850480869412 1.76287956684828 5127.27 132.38 333.456795864091 449.27 249.2
0.00169491525423729 1.61878383518197 0.296866964898072 -0.426514632534236 1.33452850263566 5768.54 167.1 280.165696070138 540.6 223.79
0.00169491525423729 1.4045963213779 0.333975064055994 -0.916606223210692 1.68994569610804 2739.9494949495 117.050505050505 426.725303892744 158.606060606061 194.090909090909
0.00169491525423729 1.41987963798456 0.259481252776459 -0.985417752061039 1.14171772897243 4813.25773195876 145.731958762887 385.9134758826 384.649484536082 271.051546391753
0.00169491525423729 1.47706094090827 0.217621937463991 -0.220578944310546 1.57632400020957 5473.41414141414 168.373737373737 325.664307310509 500.575757575758 258.575757575758
0.00169491525423729 1.19669097613078 0.316295631392859 -0.692075612023473 1.17130986507982 398.541176470588 10.0470588235294 204.893702701284 33.4352941176471 68.0235294117647
0.00169491525423729 1.32021340853535 0.324476777086966 0.547036486212164 1.12964191716164 856.120879120879 13.6813186813187 282.078787115054 58.4285714285714 106.230769230769
0.00169491525423729 1.31351803194266 0.278898903424852 -0.548477097414434 1.78201903756708 1198.54255319149 47.6808510638298 306.577674901326 70.5851063829787 115.872340425532
0.00169491525423729 1.3370210703928 0.265019345236942 0.267218555789441 1.66913855038583 1177.97752808989 31.2247191011236 322.345055590051 70.8202247191011 124.977528089888
0.00169491525423729 1.4958499899134 0.16427107041236 0.0062740663997829 1.55689734555781 5469.01020408163 166.418367346939 295.72671445321 513.65306122449 231.5
0.00169491525423729 1.26997347034048 0.154094782681204 -0.287268760614097 1.47419620454311 1320.74712643678 43.2528735632184 308.07066137667 72.6896551724138 125.597701149425
0.00169491525423729 1.29303998230025 0.268564205267467 -0.909810834098607 1.293561341241 1413.71111111111 48.7 378.538459825113 79.2222222222222 161.933333333333
0.00169491525423729 1.48004172390793 0.270324111706577 -0.0681230663321912 1.38995053265244 4679.0306122449 117.867346938776 362.914490088218 392.428571428571 255.142857142857
0.00169491525423729 1.29151460642461 0.323711282946169 0.522871638648212 1.20971092991531 539.365591397849 9.13978494623656 228.872879404286 44.0752688172043 84.8279569892473
0.00169491525423729 1.53306266290601 0.305690884380601 0.240023354068398 1.21459114905447 5434.69 109.26 387.680661270618 468.87 277.41
0.00169491525423729 1.60771421864629 0.113108179531991 -0.648558316752315 1.21911852862686 5542.90721649485 203.773195876289 184.520760820489 710.546391752577 137.618556701031
0.00169491525423729 1.25172744048759 0.211366609390825 0.700299716088921 1.36618783250451 674.674418604651 12.6744186046512 234.656125562095 52.4883720930233 82.5348837209302
0.00169491525423729 1.31129651432857 0.334984904434532 -0.112919449340552 1.62477215081453 691.430107526882 19.1505376344086 260.0408516602 50.6666666666667 91
0.00169491525423729 1.49297379292548 0.271760648861528 -0.320608905516565 1.60386228244752 5173.9797979798 159.010101010101 340.471889433438 456.444444444444 260.626262626263
0.00169491525423729 1.47750598376151 0.249475862202235 -0.928999949712306 1.75983192566782 5219.73737373737 236.767676767677 359.503041057604 425.919191919192 278.656565656566
0.00169491525423729 1.61247363905422 0.254635505029 0.392241261899471 1.68514098245651 5567.75 143.88 269.975626448562 521.25 205.24
0.00169491525423729 1.63266592342407 0.262442094623111 -0.779881303198636 1.224836849235 5662.27 195 239.767551569502 528.62 186.2
