0.00337837837837838 1.43505464154296 0.216378797218204 0.219915205147117 1.59369348604232 4495.9381443299 118.824742268041 387.384767211209 338.010309278351 245.649484536082
0 1.63694590025116 0.208787343697622 0.0893464013934135 1.63022114839405 5535.49494949495 173.282828282828 228.588523016746 526.242424242424 173.79797979798
0.00337837837837838 1.52651424342766 0.383540335414 0.248425812926143 1.79901231192052 3412.11224489796 87.7755102040816 434.657269061234 230.80612244898 211.714285714286
0.00337837837837838 1.3515451391926 0.113724015839398 0.333764838986099 1.45542256981134 4102.52631578947 103.336842105263 351.650426585385 291.347368421053 235.347368421053
0 1.29964188949671 0.350005659647286 0.410597712732852 1.61244040355086 526.301075268817 11.247311827957 238.376550189053 39.7204301075269 83.6236559139785
0 1.58320914625656 0.246024849731475 -0.574622187763453 1.78558556325734 5529.77551020408 237.479591836735 269.499255087734 507.469387755102 211.5
0.00337837837837838 1.2896889454918 0.199393584579229 -0.0234429305419326 1.17505016233772 1427.02127659574 33.9148936170213 327.766726586494 74.8829787234042 129.648936170213
0 1.61555064537097 0.226529319956899 -0.943684654310346 1.5567743871361 5702.9797979798 273.707070707071 238.115765133446 542.989898989899 185.252525252525
0 1.15414542690851 0.291748459194787 0.788252089172602 1.44456959702075 267.630136986301 4.26027397260274 163.711804985932 27.5753424657534 56.4794520547945
0.00337837837837838 1.40589674701932 0.165006259284816 0.617002640764322 1.43688881302731 4385.28125 94.03125 365.667090105305 319.916666666667 235.520833333333
0 1.25863638692535 0.262178744096309 -0.191029076464474 1.6526898086071 651.739130434783 20.0217391304348 245.632875088333 45.6847826086956 89.25
0 1.18178454458248 0.396003906987608 -0.753740258514881 1.34477279745042 317.886363636364 8.15909090909091 189.625429610937 29.9204545454545 62.0454545454545
0.00337837837837838 1.41681644030875 0.103327265698746 0.788210658178932 1.28396089079255 5056.73469387755 97.1530612244898 308.109157764497 427.622448979592 236.785714285714
0 1.58300315819215 0.139774716785178 -0.349163121543825 1.24505321495235 5571.92929292929 174.525252525253 215.412471827438 603 165.878787878788
0 1.5266049023252 0.188823516084813 0.55467069754377 1.6417512184009 5520.34408602151 138.215053763441 300.740537878945 504.52688172043 241.161290322581
0 1.61632921043783 0.146934035560116 0.67480971198529 1.32106880620122 5558.57575757576 110.585858585859 222.82795834495 610.10101010101 170.121212121212
0 1.21290888565127 0.213076589233242 0.219545071944594 1.20931536108255 545.582417582418 11.0769230769231 217.094744547928 41.8681318681319 82.5384615384615
0.00337837837837838 1.25947598430008 0.107199754821985 -0.220305380813718 1.03156816303322 2174.12941176471 54.8117647058824 330.323865871914 125.011764705882 161.741176470588
0 1.2303403572645 0.133116701687686 -0.485904434230179 1.5166800910607 1057.20689655172 37.8965517241379 269.327978873212 62.6896551724138 108.942528735632
0.00337837837837838 1.38326219327282 0.358882839558646 -0.226658961270005 1.56041355282068 1369.5376344086 39.7204301075269 354.119947748815 80.4408602150538 128.10752688172
0.00337837837837838 1.37174251277465 0.384618293284439 -0.133257766719908 1.66094950232655 958.072916666667 26.28125 303.253812578017 68.3333333333333 116.302083333333
0.00337837837837838 1.38625690247392 0.268893666614747 0.129053363298879 1.77042445670858 2487.95918367347 73.9081632653061 391.033032620246 149.704081632653 176.857142857143
0 1.26498123779893 0.173648074944504 0.0486365174874663 1.19118877463043 1081.45454545455 24.7613636363636 293.254705616875 65.2840909090909 116.852272727273
0 1.64083171563689 0.21541153669823 0.864098283462226 1.68617111500353 5622.49494949495 117.848484848485 245.599592593448 520.545454545455 184.262626262626
0.00337837837837838 1.41959278757886 0.283197218033973 0.184542245334355 1.61410392893949 2816.53125 75.4895833333333 391.918970595836 188.90625 200.739583333333
0.00337837837837838 1.31406381941584 0.257640281824516 -0.0427037942898983 1.6875935351587 1179.92307692308 35.2857142857143 306.921049984531 76.8461538461538 121.769230769231
0 1.21522557197604 0.209814762813039 0.173949090763927 1.31216779835522 629.081395348837 14.1046511627907 225.160797128923 49.0581395348837 88.0697674418605
0 1.31579032328445 0.358158559235744 0.613752390258014 1.31542945224792 539.602150537634 9.37634408602151 238.719922069882 41.9247311827957 84.9032258064516
0.00337837837837838 1.43945313282332 0.387682468949466 -0.664831094631617 1.44394324535546 2053.27272727273 66.020202020202 419.644157926311 114.989898989899 178.818181818182
0.00337837837837838 1.44584187315018 0.215699536384632 -0.873988943270067 1.5767248789573 5197.22680412371 206.298969072165 336.59488326549 459.103092783505 260.082474226804
0.00337837837837838 1.39123714310759 0.273256978968328 -0.20733761012907 1.58715134652057 2692.81052631579 86.8631578947368 447.661805585078 144.663157894737 191.505263157895
0 1.17596455032472 0.13937275542412 0.335356335155666 1.23774251081049 575.294117647059 12.0352941176471 213.99596331316 43.6470588235294 74.4470588235294
0.00337837837837838 1.36770010679029 0.194251679326408 -0.719432269223034 1.57401823997498 4170.70212765957 168.13829787234 374.545836575644 272.521276595745 241.276595744681
0 1.19606489290018 0.199562247400172 -0.144767282065004 1.58910802714527 520.435294117647 15.8352941176471 213.61065178098 44.3764705882353 73.2117647058824
0 1.54086129399948 0.225724170194007 -0.674599837046117 1.04747159313411 5598.0618556701 161.845360824742 264.387466730081 488.226804123711 206.752577319588
0 1.61303798863664 0.180194848147221 -0.291888290084898 1.04333391468972 5555.9693877551 143.295918367347 216.725819568147 609.316326530612 166.357142857143
0.00337837837837838 1.28215685389345 0.10656459894703 -0.248164777767825 1.52789472515609 2200.65168539326 75.7752808988764 335.892216459477 126.011235955056 161.629213483146
0.00337837837837838 1.48319507307326 0.34536767558755 -0.199890260189114 1.10520744321135 3882.56565656566 82.8181818181818 416.971849593613 288.313131313131 226.616161616162
0.00337837837837838 1.30677737578985 0.187147642827598 -0.841216377458172 1.56271198873734 2099.41304347826 93.8260869565217 358.997907972001 110.576086956522 170.130434782609
0.00337837837837838 1.37643960727073 0.396994105301297 0.160762617262594 1.24474590679977 886.489583333333 16.8333333333333 311.078696672039 56.375 122.572916666667
0.00337837837837838 1.24770606086684 0.102436685316659 0.0603749157009209 1.53293151528347 1421.12941176471 42.8235294117647 315.239340120993 84.3882352941176 121.552941176471
0.00337837837837838 1.4289414107051 0.257951626987679 0.0104829964093966 1.38175054570935 4324.46 111.06 422.101351023199 292.2 258.02
0.00337837837837838 1.5470400091505 0.371157895604145 -0.808282672004404 1.42901192354094 5493.0202020202 167.474747474747 377.808482683183 487.616161616162 281.767676767677
0 1.1749454054283 0.267737313196994 0.545086909085512 1.32554164845496 350.506024096386 6.87951807228916 189.946459745644 33.9879518072289 64.9397590361446
0.00337837837837838 1.47479057558303 0.294655152813282 0.879672654971308 1.72865538899009 3721.86597938144 74.8350515463918 382.152245034999 283.824742268041 213.824742268041
0 1.1723406041041 0.23947811787948 0.59387843310833 1.47685616277158 350.623376623377 6.55844155844156 185.763166301701 32.3116883116883 61.8181818181818
0.00337837837837838 1.49518081598128 0.306481320897727 0.47022713233166 1.28826429765802 4686.0412371134 90.8865979381443 383.51797375371 385.082474226804 248.030927835052
0 1.21458521517925 0.366043031937443 -0.644384671468288 1.07058370038867 331.341176470588 6.69411764705882 198.913914844551 30.8941176470588 77.9882352941176
0 1.17728883351665 0.38803403316997 -0.167779236566275 1.2202807340771 292.367816091954 5.82758620689655 170.343009638766 28.9770114942529 66.9425287356322
0.00337837837837838 1.4386165024247 0.374915652442724 0.633634957484901 1.5967176951468 1826.57575757576 37.1818181818182 396.282235116021 111.939393939394 157.676767676768
0 1.57273945966735 0.273542725923471 -0.720076747704297 1.70835806541145 5625.62626262626 233.939393939394 288.4325485668 490.929292929293 223.363636363636
0 1.35663649530616 0.310441727121361 0.858465656638145 1.65306029040366 1057.44329896907 19.8556701030928 287.430477472335 70.8556701030928 101.175257731959
0 1.61013386559207 0.289478541747667 -0.537752943113446 1.55714402794838 5680.26 198.08 280.903710389895 530.66 225.05
0.00337837837837838 1.35806812262163 0.299527395982295 -0.545335674658418 1.40580844450742 2107.71578947368 67.6421052631579 398.860645270733 112 162.178947368421
0.00337837837837838 1.3953572001541 0.383357019000687 0.604978883173317 1.31111114826053 1141.95604395604 19.6153846153846 324.769747697125 74.8131868131868 118.307692307692
0 1.23693766151555 0.388023687386885 0.590474952943623 1.0364566039294 410.010989010989 5.16483516483517 201.386637657505 37.9120879120879 81.6153846153846
0 1.18903747966979 0.354742457531393 0.382997300475836 1.66841221041977 275.712643678161 5.66666666666667 172.150441803462 27.5632183908046 55.0344827586207
0.00337837837837838 1.33087805237155 0.135754596698098 -0.0183172435499728 1.66377036999911 3061.37755102041 100.775510204082 367.879525920162 190.224489795918 198.571428571429
0.00337837837837838 1.56454037779476 0.395864424016327 0.129289910197258 1.58019124008715 4821.41237113402 110.092783505155 380.048941084232 421.381443298969 260.443298969072
0.00337837837837838 1.46377566109416 0.394901677980005 0.48299775155374 1.4492434027942 2325.22 45.2 445.697914927128 130.55 185.29
0.00337837837837838 1.48339640898803 0.224348440692957 0.220916320601135 1.19486683837721 5103.64646464646 108.141414141414 317.420824940557 450.878787878788 235.030303030303
0 1.2561032282887 0.366995147056878 -0.307503019459546 1.64421739485115 410.369565217391 11.9673913043478 213.317767464329 35.2065217391304 79.4347826086957
0.00337837837837838 1.38600944806822 0.272292458126321 -0.220653002616018 1.79243935067207 2429.18947368421 88.178947368421 429.975900391052 135.042105263158 177.431578947368
0.00337837837837838 1.47534110598884 0.221179664183986 0.736535011561844 1.52081109332832 5319.45918367347 110.34693877551 373.634177064414 437.183673469388 280
0.00337837837837838 1.45156291311141 0.215492263436317 -0.629229290410876 1.18314648233354 5601.10309278351 164.329896907216 346.656182219462 478.082474226804 277.40206185567
0 1.62501182230189 0.192059608735144 0.267471085302532 1.28202300798148 5672.73737373737 132.444444444444 224.186466218922 557.424242424242 172.10101010101
0 1.22844337273855 0.299668048229069 0.413045820314437 1.33902170117944 402.741573033708 7.48314606741573 188.222815166791 37.3595505617978 69.7640449438202
0.00337837837837838 1.58947156824042 0.315723762873384 0.068491627949051 1.00118986103878 5556.0303030303 103 303.194282471863 504.666666666667 240.474747474747
0.00337837837837838 1.29456767135515 0.181365948297099 0.0374082727852518 1.05032586869202 1785.3829787234 37.2021276595745 344.596328726351 96.1489361702128 145.13829787234
0.00337837837837838 1.46872813578229 0.190981107857078 -0.0470539904199541 1.08956741988659 5696.54545454545 129.040404040404 313.763588330734 503.979797979798 254.474747474747
0.00337837837837838 1.4777142112569 0.240676096403056 -0.139597004918042 1.17413244122031 5261.02 123.22 352.143116303148 460.31 272.37
0.00337837837837838 1.38200707777869 0.257875694194809 0.203727415762842 1.11398502364755 2955.25510204082 60.6530612244898 423.166751565949 182.367346938776 216.285714285714
0 1.64373136134818 0.153103367541917 0.754827670753002 1.30803679767996 5597.12121212121 104.151515151515 199.91027901579 625.484848484848 150.959595959596
0 1.24049586683977 0.262964840745553 -0.6646688580513 1.02025553248823 637.534090909091 16.1136363636364 258.586961642357 43.2613636363636 93.625
0.00337837837837838 1.29922427223064 0.137991402624175 0.918311588000506 1.49879840388894 1857.48351648352 35.8791208791209 326.604575688272 114.824175824176 145.076923076923
0.00337837837837838 1.31168101911899 0.139061929378659 -0.691717694047838 1.28574864007533 3981.80208333333 141.09375 399.030986998201 226 242.229166666667
0 1.52890365126077 0.247910240385681 -0.332528386730701 1.75373040549457 5549.74226804124 196.082474226804 322.34058283862 509.247422680412 254.237113402062
0.00337837837837838 1.35854175509885 0.303013567393646 -0.485310665331781 1.2592515444383 1835.40625 53.6041666666667 382.457007025535 100.260416666667 144.229166666667
0 1.4219780394109 0.107437666761689 -0.899906905833632 1.66001910474151 5398.57291666667 257.010416666667 286.952540241161 486.833333333333 230.927083333333
0 1.50730964480899 0.125524594588205 0.262219809461385 1.69355774316937 5683.27659574468 171.808510638298 264.742731716871 528.808510638298 204.787234042553
0.00337837837837838 1.54155968189507 0.386334378101414 0.359823486850902 1.35255355252362 4697.17 91.66 419.577000979072 361.12 266.56
0 1.26268417327665 0.354807231063023 0.679905671626329 1.30714831613004 416.088888888889 6.95555555555556 216.002999306429 35.1333333333333 81.7444444444444
0 1.59629601109773 0.270295635936782 0.53554156748578 1.20237180143595 5773.12244897959 107.051020408163 302.971475818326 533.928571428571 234.714285714286
0.00337837837837838 1.44714308923576 0.221949050971307 0.728047989308834 1.05516962110996 4351.15463917526 69.360824742268 367.736182437046 355.422680412371 250.917525773196
0 1.2656735222321 0.152935550105758 -0.192327864002436 1.79409110937268 1182.09473684211 43.6526315789474 283.680022007631 73.2 107.357894736842
0 1.35127512363251 0.348563634720631 0.730753520969301 1.64375995937735 714.021505376344 14.2258064516129 261.368062964592 54.4731182795699 91.6021505376344
0 1.20642013601027 0.289690339239314 -0.233646259643137 1.20398818869144 402.566666666667 9.24444444444444 213.806733472464 34.0444444444444 71.9444444444444
0.00337837837837838 1.21267347980306 0.106712466823624 -0.364125426301071 1.12878495512499 1104.92405063291 29.8354430379747 299.386758360915 58.1645569620253 116.518987341772
0 1.64489472503774 0.367962913145311 -0.461331301834434 1.77240908443928 5588.29591836735 188.397959183673 310.120072077437 530.102040816327 244.214285714286
0 1.59558887917083 0.343147769407369 -0.53485457226634 1.05958037003875 5804.89 137.52 293.903296452877 509.23 233.03
0 1.17537692990154 0.374248076393269 0.830270957667381 1.64628786481917 250.853658536585 4.31707317073171 162.594849446818 26.219512195122 56.0853658536585
0.00337837837837838 1.5045862153887 0.217706670806201 0.560764604338103 1.2100786551974 5301.6875 100.083333333333 321.201468822339 451.15625 246.604166666667
0 1.19619104403537 0.364215181930922 -0.603773708920926 1.22192474212497 294.829545454545 6.92045454545455 195.911780431599 26.9318181818182 63
0 1.64460753006861 0.10611717083957 0.393910286482424 1.34090140648186 5551.55102040816 128.448979591837 179.024196965194 727.591836734694 131.5
0 1.61458859916311 0.175112633849494 0.639627333730459 1.61941614300013 5583.9387755102 130.357142857143 231.801574386739 572.040816326531 178.571428571429
0 1.26145622667391 0.30394579442218 0.861584097146988 1.40021198559552 486.913043478261 7.35869565217391 218.483702867765 41.6413043478261 82.9347826086957
0.00337837837837838 1.35270902989432 0.143452159734443 -0.707223701756448 1.25625133235008 4595.21875 152.239583333333 352.504335882443 338.104166666667 251.125
0.00337837837837838 1.28381505548023 0.229025064315647 -0.95281577296555 1.43515127170831 1467.22727272727 58.4545454545455 361.03862381017 76.4545454545455 134.75
0 1.54043332857545 0.17668203485664 0.479085403494537 1.79511648118496 5607.71428571429 156.969387755102 283.486728782909 527.755102040816 221.142857142857
0 1.52743923708331 0.207231322932057 0.333843815606087 1.16283226255327 5461.80412371134 110.711340206186 294.610651703786 531.381443298969 232.515463917526
0 1.61510405675508 0.229695947933942 -0.841204525437206 1.29920224882662 5524.58 219.11 231.39270207208 524.05 174.79
0 1.58731834331993 0.319469206780195 -0.592476131860167 1.35840234048665 5609.03 168.26 295.725469994476 511.74 228.2
0 1.28879712496418 0.391389871505089 0.457749912515283 1.35142717026174 420.736263736264 7.08791208791209 215.28224557336 37.4505494505495 69.4615384615385
0.00337837837837838 1.35748779713967 0.226309793179567 -0.971497585048343 1.20457681648671 3631.38947368421 121.063157894737 399.836254773398 261.631578947368 223.115789473684
0 1.62697377635632 0.115107389725745 0.943543122615665 1.01305797193199 5668.0306122449 80.0102040816327 199.613335867378 689.34693877551 149.571428571429
0.00337837837837838 1.34532417759223 0.124127855919296 0.400216037556492 1.74367589264818 3308.54166666667 94.5520833333333 351.669857072957 216.177083333333 186.958333333333
0 1.19003574582748 0.323329231189564 -0.610366697888821 1.72179736979306 337.629213483146 10.4044943820225 185.905089868177 31.1123595505618 71.9662921348315
0.00337837837837838 1.38722883006301 0.155159073851173 -0.325893306296439 1.46001191178621 5082.46808510638 162.734042553192 383.856140450531 397.851063829787 290.574468085106
0 1.53910227571614 0.14540122107137 0.740775446407497 1.21748222820461 5740 107 262.67536126194 558.212121212121 207.808080808081
0.00337837837837838 1.35846015916873 0.117231791750109 -0.539109218538805 1.19135058577856 5042.50515463918 149.309278350515 331.228919003499 430.556701030928 259.79381443299
0 1.63177485947963 0.325904995622113 -0.835441935341805 1.3378410268575 5720.04 191.4 279.341070697038 534.26 219.52
0.00337837837837838 1.36998233138343 0.30328312588101 -0.490807048521418 1.17702388607617 2232.06593406593 59.7472527472527 406.995987705665 126.318681318681 185
0 1.30058196091559 0.29224139158614 0.993745583109558 1.38438255582005 760.602150537634 12.3118279569892 261.134506589443 55.6236559139785 92.9569892473118
0.00337837837837838 1.38986466980792 0.293810322055663 -0.100687356436018 1.79911101995926 2230.59139784946 74.8494623655914 421.145767490904 120.795698924731 172.516129032258
0.00337837837837838 1.52884583638515 0.253329116408713 0.401960663963109 1.66925407443196 5209.78350515464 131.690721649485 324.553531854277 483.515463917526 249.329896907216
0 1.24642596519552 0.278170768264681 -0.305832398124039 1.77553671821952 608.838709677419 19.9139784946237 249.875123783927 43.8602150537634 92.505376344086
0 1.21735357351135 0.21344670522958 -0.228813761845231 1.60554559901357 488.712643678161 14.264367816092 207.337728154218 39.5862068965517 71.2068965517241
0.00337837837837838 1.53075142229727 0.340224603644635 0.0126595428667233 1.6561250591215 4733.71717171717 127.727272727273 370.821791387417 398.989898989899 246.20202020202
0.00337837837837838 1.45432536521683 0.370486139291946 0.506034426403501 1.67674238492274 2113.83505154639 46.5154639175258 405.590555967445 133.175257731959 179.474226804124
0.00337837837837838 1.36939270864374 0.22748058994423 -0.23905699066673 1.70492551088181 2872.89795918367 100.826530612245 385.331165410257 167.234693877551 186.5
0 1.55801591577474 0.269255730859004 -0.935762650799006 1.78050888795406 5726.98 267.57 294.59777107903 500.15 236.6
0.00337837837837838 1.36205764322508 0.272414977676393 -0.0648709230147535 1.22733696069349 1694.36956521739 40.7282608695652 381.557241900065 83.945652173913 157.119565217391
0 1.59034164573532 0.167654090840369 -0.659091180190444 1.75071345362812 5447.11340206186 270.113402061856 220.38937021073 562.329896907216 167.350515463918
0 1.21540512654465 0.357622434827499 -0.465295142028481 1.26861260905862 348.662921348315 7.41573033707865 197.287357213581 30.8202247191011 68.1910112359551
0 1.59594149070326 0.157573177013546 0.663201923947781 1.71975117754191 5564.11340206186 134.773195876289 226.412202639416 549.505154639175 171.536082474227
0.00337837837837838 1.39816374786427 0.180788437321052 -0.28424752343795 1.36561248992786 4781.8947368421 140.610526315789 369.297423065729 378.863157894737 272.410526315789
0 1.23062002109364 0.290519465366378 0.887777374126017 1.18578623384237 462.417582417582 6.57142857142857 214.267471432112 41.7142857142857 79.4615384615385
0.00337837837837838 1.42967421251256 0.341357268747813 0.503183799295401 1.16232764347323 2117.23232323232 35.3838383838384 410.670164841414 120.717171717172 182.424242424242
0 1.18848806174938 0.135223149461672 0.724122050683945 1.56487758383155 485.329268292683 9.74390243902439 207.009079597427 39.109756097561 81.1829268292683
0 1.49511076088529 0.101476921094581 0.873387091327459 1.46268745027483 5584.30208333333 112.614583333333 266.937625614634 537.677083333333 208.6875
0.00337837837837838 1.51043231165968 0.342368587269448 -0.747091432102025 1.49565249253064 5302.62626262626 170.030303030303 377.834488937783 472.474747474747 277.878787878788
0.00337837837837838 1.36584832202643 0.252025985624641 -0.154650912620127 1.04107043333352 3010.55319148936 64.6063829787234 413.310011615249 180.563829787234 206.425531914894
0.00337837837837838 1.42215783208264 0.322332062114039 -0.189283438985073 1.71832030285043 3000.58947368421 98.6 433.914526117753 168.494736842105 203.884210526316
0.00337837837837838 1.54494295672512 0.317096179567353 0.203386274057106 1.0557371007359 5408.79797979798 96.0606060606061 340.387211748565 524.59595959596 265.080808080808
0 1.17481509023346 0.338379540923052 -0.722285608295351 1.60319122560322 307.717647058824 9.74117647058823 190.579147679546 27.7764705882353 63.3294117647059
0 1.2469272145303 0.327738347230479 -0.270939772948623 1.08917513694614 422.408602150538 8.35483870967742 206.789441409907 36.3118279569892 77.6021505376344
0.00337837837837838 1.53605869051007 0.345494872199321 0.288811095056735 1.45645414274036 4969.33333333333 106.777777777778 389.405694340555 405.494949494949 260.767676767677
0.00337837837837838 1.3181667030789 0.116972156357951 -0.133600301109254 1.57503494154662 3119.05681818182 106.431818181818 390.853526186185 178.034090909091 201.488636363636
0.00337837837837838 1.5612108721165 0.355813992768526 0.78354925988242 1.39581272043288 4676.47 80.54 376.968666474183 383.03 241.29
0 1.31425833548419 0.326494545023888 0.398965732194483 1.66587804276496 651.333333333333 15.4479166666667 236.967260694168 51.2708333333333 83.7083333333333
0.00337837837837838 1.43713181428611 0.200344356708229 0.250018907245249 1.13311977572739 5257.31182795699 108.225806451613 350.487296849752 446.537634408602 260.956989247312
0 1.15420235423371 0.394254357437603 0.610387947410345 1.47345040868968 258.536585365854 4.04878048780488 158.667393744957 27.6829268292683 59.5853658536585
0.00337837837837838 1.3624596864664 0.321144403811937 0.33222715452782 1.244338564691 1375.02083333333 27.0520833333333 329.708347965603 84.9166666666667 136.354166666667
0 1.6364671388641 0.241696571838111 0.235247078817338 1.66104308515787 5790.05102040816 164.867346938776 251.616843435221 555.173469387755 194.642857142857
0 1.30296161535662 0.287172497669235 -0.281763458158821 1.57474725842476 801.821052631579 25.7263157894737 282.881465062509 53.4631578947368 110.305263157895
0.00337837837837838 1.41070991333108 0.140216887672432 0.673621871974319 1.40879437327385 4456.82978723404 95.3191489361702 342.145685581061 338.606382978723 224.670212765957
0 1.61345916949213 0.151115302555263 -0.53531320206821 1.03351311981678 5620.79 165.16 201.725175211748 666.44 153.93
0 1.60457804610487 0.2780507234158 -0.042300830129534 1.56486537829041 5598.06060606061 161.555555555556 278.479492245866 492.767676767677 212.121212121212
0.00337837837837838 1.4339278895777 0.165217101779249 0.200827769290908 1.66406066988558 5097.41 145.63 327.718179875795 425.56 241.71
0.00337837837837838 1.44322191595566 0.384574154182337 -0.766382917296141 1.6552704276517 2651.32653061224 100.255102040816 440.353136686517 160.112244897959 198.5
0 1.57053076555021 0.242952212016098 0.868462026584893 1.15877214446664 5641.86868686869 89.4545454545455 286.917604185077 508.79797979798 224.636363636364
0.00337837837837838 1.36136012207717 0.151762770139612 -0.123221194371581 1.23801518436521 4222.72826086957 110.978260869565 384.998968666493 295.760869565217 243.554347826087
0 1.61709552232642 0.138517189421691 0.772204842884094 1.61765026915818 5655.37373737374 124.848484848485 205.818209201793 635.69696969697 156.969696969697
0.00337837837837838 1.31223524228203 0.187720817302785 -0.44526927390366 1.38049486527883 2386.20212765957 77.8510638297872 383.479679881477 128.5 177.531914893617
0 1.22210045377724 0.356678422214463 0.520268482156098 1.33459404241294 353.988372093023 5.81395348837209 187.318398300693 32.7790697674419 67.4767441860465
0.00337837837837838 1.40929260799318 0.111867003808352 0.59861037198342 1.79022848794765 4605.17391304348 123.79347826087 314.109297810488 393.141304347826 231.152173913043
0.00337837837837838 1.60350423891808 0.364595935835136 0.775976600058613 1.56453446188216 5393.35 100.88 379.908594411366 488.89 262.22
0.00337837837837838 1.51033503014958 0.259119831179207 0.283008456135455 1.73440024212143 5076.45918367347 137.969387755102 341.072380081159 469.19387755102 258.071428571429
0 1.22476930308621 0.134981676121242 0.343399335164577 1.38279666006565 867.766666666667 19.7444444444444 255.560503586442 54.6777777777778 95.5888888888889
0 1.63024888662621 0.121479157241993 0.029404304921627 1.16914691645652 5606.50505050505 141.89898989899 191.685110156979 695.343434343434 144.171717171717
0 1.265706396522 0.256748870317824 0.763871987815946 1.36174850650132 588.869565217391 10.195652173913 215.606786870529 48.9021739130435 88.0326086956522
0 1.64857840652112 0.142537087039091 0.245253692381084 1.76443651076406 5628.79 178.78 192.253841920097 646.01 143.99
0 1.5933623754885 0.26760184885934 -0.861192240379751 1.25807054974139 5636.04 201.77 249.820202988897 481.6 189.84
0.00337837837837838 1.43132854280604 0.234776588642194 -0.172093715615168 1.60356033323585 4516.35051546392 145.381443298969 439.248628030846 315.247422680412 267.876288659794
0 1.60183847239241 0.186433036765084 0.0929996031336486 1.17520636450499 5689.64646464646 136.50505050505 221.934548584408 568.69696969697 168.919191919192
0 1.34124000018928 0.365679745795205 0.436360048130155 1.5247506627813 723.463157894737 15.0736842105263 263.721682498524 52.2736842105263 99.3263157894737
0 1.31568738070782 0.330685310880654 -0.308768298476934 1.48709585443139 704.425531914894 20.5106382978723 272.398107225398 47.2234042553191 99.1170212765958
0 1.59629325438291 0.240509882662445 0.299495878163725 1.17437645960599 5799.41414141414 117.333333333333 269.490242453398 532.323232323232 211.343434343434
0 1.32692689807154 0.370318008749746 -0.259337211493403 1.09579760879278 748.103092783505 14.7216494845361 293.132383363861 51.9072164948454 98.7216494845361
0.00337837837837838 1.3841261068182 0.263225347884213 0.912275244362056 1.57664181882085 1801.35416666667 32.9166666666667 339.685833811734 112.302083333333 141.239583333333
0.00337837837837838 1.52899088300765 0.223258785577491 0.561098745558411 1.54442553892732 5566 124.75 307.917548371088 517.09 238.49
0.00337837837837838 1.53736493210308 0.250749759213068 0.672784490976483 1.47927415631711 5434.94791666667 113.9375 333.454824596959 463.15625 259.072916666667
0.00337837837837838 1.27748312321492 0.264270695159212 -0.935824635904282 1.09329551011324 1021.58762886598 30.1546391752577 297.60530132828 62.7113402061856 120.082474226804
0 1.26711258406285 0.129166572028771 0.590362816117704 1.45362566262484 1126.8 24.1666666666667 269.538454811103 72.4555555555555 104.377777777778
0 1.33368036265019 0.320197228435427 0.950221570208669 1.08136264644563 694.797872340426 9.06382978723404 262.449468033871 50.8723404255319 99.4148936170213
0.00337837837837838 1.40182145292734 0.311468219047235 -0.609416132491996 1.73206400623167 2607.58585858586 104.050505050505 446.360886569483 143.50505050505 183.909090909091
0.00337837837837838 1.35175103226211 0.37558674023021 -0.566544122993946 1.31713029183447 1054.70212765957 29.563829787234 318.792368152842 63.9787234042553 119.372340425532
0 1.51658627050929 0.210570674273185 0.158773182425648 1.38764889817685 5505.80412371134 135.505154639175 293.64313878626 546.876288659794 234.175257731959
0 1.22470192585606 0.172040610807016 0.383276319596916 1.51316164731979 744.962025316456 17.7974683544304 264.46354551431 52.8607594936709 100.835443037975
0.00337837837837838 1.31136514593342 0.15292784641586 -0.0206575960251175 1.58853477921328 2375.18947368421 73.7157894736842 357.874956906645 141.2 166.747368421053
0.00337837837837838 1.47229369511314 0.26150021836037 -0.544525866577725 1.53136979951704 4912.19587628866 166.876288659794 353.631298857613 390.422680412371 265.783505154639
0.00337837837837838 1.40082738512787 0.364562508685961 -0.719614494831619 1.05275205919353 2322.28571428571 58.6938775510204 422.399142023519 134.15306122449 172.428571428571
0 1.52297607748769 0.211620096024126 -0.943540234584361 1.47245708014816 5590.82828282828 232.585858585859 278.607638573022 510.212121212121 223.151515151515
0.00337837837837838 1.27638179630417 0.207302287038311 -0.355031169649617 1.23911750002958 1156.8023255814 30.9302325581395 287.941505062076 74.7209302325581 123.883720930233
0.00337837837837838 1.35400768849766 0.114577127865644 -0.775088683385493 1.1472285847813 4784.58333333333 147.4375 345.93155094718 390.395833333333 264.760416666667
0.00337837837837838 1.46051202383663 0.376565303322783 -0.627210589439615 1.75676004910959 2525.55 97.38 434.948961116729 151.35 179.97
0 1.61596061426681 0.215520344488323 0.689239232800901 1.78999027460814 5615.73 137.93 254.918126797573 518.91 197.26
0.00337837837837838 1.23713064866606 0.105409708875231 -0.56747022876516 1.22429890930653 1708.94252873563 56.0114942528736 321.527236522841 92.3908045977011 143.862068965517
0.00337837837837838 1.5694634974527 0.312560000950185 0.491615198692193 1.55168842155111 5481.70707070707 120.40404040404 333.71879201204 497.919191919192 256.10101010101
0.00337837837837838 1.29140320662949 0.122448122801314 -0.334221040354316 1.57857585470965 2648.24731182796 96.8924731182796 398.461973601262 142.322580645161 185.086021505376
0 1.15043021212332 0.197120603057556 0.497824991121888 1.49867541547865 418.736842105263 8.3421052631579 197.68087776354 35.5263157894737 75.7105263157895
0 1.18482733480632 0.388340211100876 0.788018830120564 1.75119345858693 284.767441860465 4.93023255813953 160.328985861859 29.9651162790698 58.6860465116279
0 1.21215762253851 0.235953553230502 -0.981652696616948 1.68962652310729 548.870588235294 23.4941176470588 242.973263816268 38.2352941176471 83.5058823529412
0.00337837837837838 1.44800124440713 0.278376839250166 -0.267571065071518 1.25221493206918 4844.61224489796 122.948979591837 397.463388987721 385.265306122449 274.571428571429
0 1.27655385606922 0.396874926495366 0.0993156502954662 1.17143994104117 441.274725274725 7.63736263736264 223.904446996244 36.967032967033 76.0769230769231
0.00337837837837838 1.36781042299699 0.37533541249577 -0.476676166523248 1.23066971544176 1528.66666666667 38.9583333333333 370.947906603734 89.4895833333333 140
0.00337837837837838 1.3528308333829 0.299582634330727 0.0943265170790255 1.34149297457188 1329.90217391304 31.25 349.304951793633 78.2282608695652 131.782608695652
0.00337837837837838 1.41889773067967 0.228191550735671 -0.826515735056667 1.38657175019415 5312.06382978723 187.829787234043 380.136303122272 445.574468085106 280.744680851064
0.00337837837837838 1.30321672962655 0.208414204387384 -0.148336041420694 1.68489385965551 1415.39175257732 49.2577319587629 346.492812404221 74.8762886597938 134.298969072165
0.00337837837837838 1.373386572902 0.23038024012051 -0.0128536594054964 1.42696354985269 3036.73033707865 80.8988764044944 399.960772619953 191.280898876405 192.224719101124
0 1.54192139997613 0.148571906029247 0.85638131108135 1.7758818436414 5581.11224489796 130.377551020408 277.198248492116 508.275510204082 214.357142857143
0 1.62703478171024 0.184827150520869 0.277998318430036 1.356246531941 5687.9898989899 139.181818181818 228.321147575429 581.121212121212 173.868686868687
0.00337837837837838 1.5505862313925 0.356156413468214 -0.242498904616578 1.17868722453875 5339.62244897959 117.744897959184 371.696958178735 449.408163265306 286.142857142857
0.00337837837837838 1.59504863436187 0.392351837889753 -0.638545921646275 1.594766341406 5657.61616161616 174.373737373737 353.375927087344 513.858585858586 273.707070707071
0 1.56613207652699 0.12788416033145 -0.312791079748422 1.25577272288501 5532.65656565657 178.20202020202 216.569669946653 586.20202020202 167.080808080808
0.00337837837837838 1.43970847651362 0.198958395048976 0.288357983808964 1.79379353132099 4402.5 126.214285714286 378.748080672003 363.173469387755 238.357142857143
0 1.57448529915418 0.31300985829439 -0.738977414090186 1.74594710487872 5701.76 218.54 331.858614591299 521.75 260.05
0 1.16639108581003 0.369500139728189 -0.65682642813772 1.66363658607006 279.275862068966 7.98850574712644 175.734149759131 26.367816091954 58.735632183908
0 1.29301508956123 0.399989294004627 0.386564164422452 1.51806228440255 415.597826086957 7.35869565217391 203.84007701953 36.695652173913 78.2173913043478
0.00337837837837838 1.55034058841411 0.351712456461974 -0.499919791705906 1.01020792555064 5502.37373737374 117.565656565657 364.12587511536 488.676767676768 279.787878787879
0.00337837837837838 1.49952158819729 0.388539312219749 0.471160021395465 1.3012847735341 3197.73737373737 58.7777777777778 461.562543747447 195.858585858586 211.69696969697
0.00337837837837838 1.42696112512875 0.231300934126882 0.539583669421414 1.06687776973361 4463.36458333333 76.6041666666667 418.273622371752 326.427083333333 256.302083333333
0.00337837837837838 1.347669278278 0.297171606357284 0.185793535543435 1.01959460091126 1544.64893617021 27.9468085106383 352.996079775706 93.1914893617021 128.382978723404
0.00337837837837838 1.36942506243923 0.284363267655317 0.214634847538873 1.37166633321549 1815.86458333333 41.46875 367.316332625341 100.947916666667 137.15625
0.00337837837837838 1.34126437359955 0.269799977890216 -0.0044859298504889 1.05364367049187 1576.45833333333 32.5104166666667 342.673814979255 90.4479166666667 132.5625
0 1.545052541513 0.122343682590872 -0.439437245484442 1.42502023931593 5534.18 208.97 220.196971674859 557.33 168.84
0.00337837837837838 1.46027546641417 0.305374944047071 0.492427936289459 1.78682063110173 3230.71134020619 80.7216494845361 415.082662161065 209.876288659794 192.175257731959
0.00337837837837838 1.63048032924999 0.385059635690413 0.441916248761117 1.77920514717698 5571.05 128.72 360.665522767558 528.68 267.96
0.00337837837837838 1.31378711603988 0.208332980862466 0.309482448563342 1.56280034307275 1359.20652173913 34.0978260869565 318.492964137759 85.1739130434783 131.782608695652
0.00337837837837838 1.41774931531959 0.320644642276348 -0.0291053713619535 1.36329227275489 2565.39175257732 63.0721649484536 400.604723997656 159.701030927835 189
0.00337837837837838 1.43482993974776 0.342811389995345 -0.213037552945629 1.57776037111979 2831.70526315789 86.1894736842105 429.069449053624 161.136842105263 198.578947368421
0 1.59115765776951 0.358715795562603 -0.881074242293835 1.10853166207671 5753.86868686869 148.555555555556 317.291697694792 570 260.767676767677
0 1.47620782172307 0.116163886571303 0.714336135890335 1.69504281356931 5436.16494845361 134.896907216495 292.951833266345 508.432989690722 235.329896907216
0.00337837837837838 1.57903543449938 0.369965084805153 -0.600082830525935 1.11219161134213 5481.78 126.75 342.832014318262 505.33 266.14
0 1.27965144624468 0.318704708688892 0.774260922335088 1.37583538424224 497.795698924731 8.16129032258065 227.040984369184 41.3440860215054 87.3870967741936
0 1.48593062940054 0.140819152072072 -0.042312968056649 1.17276810184121 5528.32989690722 141.288659793814 268.628348311605 473.587628865979 211.082474226804
0 1.21910729000811 0.390296253864653 -0.852009974885732 1.48373012151569 335.8 9.7 198.139906760828 29.9444444444444 66.7333333333333
0 1.22028119475581 0.383601428661495 -0.247017493471503 1.40765770319849 339.232558139535 7.3953488372093 186.46937608594 32.3023255813954 74.8023255813954
0 1.21610417843331 0.267018116638064 0.367573342751712 1.01341414283961 450.125 7.09090909090909 208.54195505286 38.5795454545455 70.2386363636364
0 1.46499871122651 0.133441008767113 0.00230379588901997 1.28173488900065 5442.20618556701 145.216494845361 295.009054089128 466.20618556701 230.639175257732
0 1.18285024256911 0.140968603710644 -0.97618520213291 1.59871339257807 759.156626506024 34.6385542168675 279.296792754088 43.2409638554217 102.89156626506
0 1.61641455066856 0.324263020604849 -0.836912079248577 1.20699709076434 5791.23 173.35 285.526481942577 535.61 229.95
0.00337837837837838 1.30478024426718 0.146884029107963 0.126399985789974 1.1184142047747 2614.82222222222 60.0222222222222 396.482324958157 135.7 198.022222222222
0 1.50090444993693 0.102656607539393 -0.617691661696881 1.70045564379543 5526.18085106383 264 232.711568327805 543.617021276596 180.36170212766
0 1.21474049773533 0.396634000632912 0.319434366654605 1.20980962496251 264.385542168675 4.33734939759036 171.111142408597 26.6265060240964 59.0361445783133
0.00337837837837838 1.55257394141181 0.341523201054037 -0.603101892232566 1.36383787103661 5645.69 157.91 336.513972875452 522.11 264.88
0.00337837837837838 1.48473384243812 0.385259680218857 0.401477423498682 1.27085662296094 3028.19191919192 54.4343434343434 482.221547002716 183.454545454545 204.060606060606
0 1.45721306847408 0.106634801346809 -0.556817249394953 1.05209614932537 5396.55789473684 158.073684210526 249.685585640482 502.789473684211 194.305263157895
0 1.21745855405461 0.341798006882891 0.709282140713185 1.01653218548745 393.647727272727 5.36363636363636 195.030951904598 34.125 78.1931818181818
0 1.5152139401529 0.204381564212963 0.365898750722408 1.38995343018323 5448.24489795918 124.989795918367 295.816706494151 505.142857142857 234.857142857143
0 1.51670871439856 0.153884221380577 0.323185960296541 1.39024209976196 5578.30927835052 134.577319587629 264.486497734806 513.20618556701 204.659793814433
0.00337837837837838 1.35957075513434 0.104053393937647 0.354514953680336 1.50602082442492 3983.48888888889 105.344444444444 364.514658530641 286.022222222222 222.755555555556
0 1.15702271866612 0.39954041542951 -0.128673557192087 1.72372803706676 251.375 5.6 181.807163731424 24.6 63.9625
0 1.47086900947615 0.100854545366019 -0.622941378969699 1.2839114850387 5593.69 208.29 241.994221226622 526.94 189.42
0 1.27846464721952 0.311572841415182 -0.123202855233103 1.48804721049964 604.81914893617 15.3723404255319 256.945085336842 45.5 93.3085106382979
0 1.30792166581377 0.342026172345504 0.613540700636804 1.77365012094378 570.989361702128 13.2021276595745 238.574958622655 44.7127659574468 86.1595744680851
0 1.1504334008554 0.351409853482619 -0.786125866696239 1.31374830808491 277.379746835443 6.40506329113924 171.903143538035 26.1139240506329 62.8227848101266
0 1.31778694477398 0.235773929883726 0.352179834153503 1.37158970013261 966.70652173913 21.7826086956522 288.554255306523 61.0434782608696 110.782608695652
0 1.58972597399261 0.236526130605489 0.398566335905343 1.1178237112239 5828.04081632653 108.622448979592 277.551898157254 549.948979591837 218.071428571429
0 1.18695667907596 0.395610688510351 0.261534738820046 1.34069377444685 269.075949367089 4.58227848101266 173.900529587184 27.2278481012658 62.1139240506329
0.00337837837837838 1.49143241797574 0.278958133445121 0.207761459052563 1.5654911916703 4458.67346938776 115.15306122449 368.380863164381 357.561224489796 245.285714285714
0.00337837837837838 1.62660954506136 0.355961848981678 0.784920968580991 1.31563739497215 5733.75757575758 96.2424242424242 316.857405227183 529.161616161616 253.909090909091
0.00337837837837838 1.37223936568684 0.32207755645112 -0.778174264123933 1.79468274296737 2014.53125 86.9583333333333 425.058574658215 107.177083333333 182.4375
0.00337837837837838 1.33483086209744 0.110376512259245 -0.880934114567935 1.19411035068333 4843.27472527472 166.516483516484 364.787537981278 355.626373626374 287.461538461538
0 1.25926009202376 0.214656436257064 0.645922848023474 1.1961072832346 747.096774193548 13.3333333333333 248.764219138916 52.2043010752688 105.677419354839
0 1.5910441381624 0.306569191603921 -0.260415813419968 1.01441892907023 5755.54 118.12 289.900878393257 562.98 229.74
0 1.16090004562866 0.202837717602961 -0.158047346863896 1.2845301354304 415.04 9.65333333333333 191.504067579738 34.72 73.7333333333333
0.00337837837837838 1.49161989507265 0.296349459281191 0.52199140843004 1.5022790428251 4740.18181818182 98.8787878787879 394.785522356484 347.313131313131 253.484848484848
0.00337837837837838 1.36049878571648 0.116357923438773 -0.999562229495496 1.68659515082836 4703.72631578947 230.2 342.714025921412 367.621052631579 263.126315789474
0.00337837837837838 1.42373231891278 0.153968247844754 -0.447857766079117 1.45368725966961 5167 177.765957446808 313.850024601525 436.542553191489 242.021276595745
0.00337837837837838 1.62863923525438 0.360097112250514 -0.0692172818817198 1.36096325963736 5695.14 133.71 319.856282949297 519.58 250.67
0.00337837837837838 1.42893327828497 0.366751999361441 -0.358428282663226 1.2076756099239 2730.04210526316 66.1473684210526 412.143705933591 173.757894736842 201.084210526316
0.00337837837837838 1.4490069281093 0.302631113082327 -0.274326280614127 1.06984410365878 4380.77319587629 96.4123711340206 406.535909109579 322.494845360825 251.278350515464
0.00337837837837838 1.37520338325822 0.250110653128595 -0.47762935562769 1.1562080593034 3223.73195876289 89.2577319587629 421.147575564334 186.649484536082 196.649484536082
0 1.6295045730425 0.174924605549313 0.40791849931702 1.22048061769456 5575.21428571429 117.469387755102 222.388788707023 593.80612244898 171.285714285714
0.00337837837837838 1.36925430573567 0.229972490847774 -0.196680774558645 1.13536103581764 3722.64893617021 91.2340425531915 443.655791224763 212.159574468085 228.095744680851
0 1.29029612520244 0.337403877614997 -0.903468806762248 1.75768643468618 605.271739130435 23.8695652173913 244.764746339659 43.5326086956522 91.7608695652174
0 1.24598533471581 0.305636083008721 -0.0619379146955907 1.32525633592159 461.260869565217 10.0760869565217 222.321508870829 38.8913043478261 77.6847826086957
0 1.63373060615268 0.23969326519873 0.906688071321696 1.05122438613325 5591.14 80.02 241.265261139662 532.54 180.6
0 1.57407969594933 0.170674318610691 -0.547295476775616 1.65578008685261 5651.47916666667 245.302083333333 230.725663704008 556.989583333333 179.447916666667
0.00337837837837838 1.38581487868262 0.210366937461231 0.307412886546789 1.28011374090492 3459.2 76.6210526315789 379.637909501149 234.189473684211 215.452631578947
0 1.26843089235481 0.35807682715822 -0.976900475565344 1.57472633011639 470.170454545455 16.75 235.081175846474 36.3181818181818 78.0340909090909
0 1.49223807160743 0.185784323769622 0.221367573365569 1.5885114448145 5567.45833333333 153.375 308.805419848675 496.0625 240.697916666667
0 1.26290565214586 0.257879762491211 -0.272886685561389 1.60220898408443 621.307692307692 18.967032967033 232.055935800716 45.021978021978 91.1538461538462
0.00337837837837838 1.3998971845489 0.238826234010048 -0.509295476600528 1.75963296573609 3971.65263157895 156.473684210526 399.917534533625 263.210526315789 234.978947368421
0 1.3372830450302 0.363986705360003 0.922189762350172 1.57860469259322 725.040816326531 11.6224489795918 257.048911341547 53.2040816326531 93
0.00337837837837838 1.41651071279775 0.209489709045738 0.098836172837764 1.31206727530807 4800.80612244898 115.877551020408 387.754140385156 365.020408163265 262.357142857143
0.00337837837837838 1.33910271834267 0.289189837702885 -0.891584949969896 1.74332257184264 1534.85263157895 67.3368421052632 363.363783902934 90.8947368421053 137.273684210526
0.00337837837837838 1.33705576544161 0.144562454361997 0.0177687966359932 1.77067060131915 2926.24175824176 97.8241758241758 343.012648666469 200.131868131868 192.923076923077
0 1.2236632066546 0.303974547702819 0.668760193511844 1.48616129960865 371.66265060241 7.12048192771084 188.338254729238 34.8072289156626 65.7831325301205
0 1.20620726861525 0.155750292236917 0.477716117165983 1.26452540401369 690.885057471264 13.3448275862069 247.532134453146 49.5632183908046 83.5172413793103
0.00337837837837838 1.40507024453447 0.131508549319619 0.739834311573267 1.52975941776614 4244.54545454545 94.7878787878788 335.378538711638 336.808080808081 229.79797979798
0.00337837837837838 1.64701684224419 0.395540514308959 0.850047311745584 1.15928266067058 5781.56565656566 84.0505050505051 335.798192424368 553.89898989899 267.626262626263
0 1.55962240588851 0.283078478882089 -0.370440045837313 1.10524982176721 5731.1 135.77 301.863729477034 541.93 244.65
0.00337837837837838 1.33380016169976 0.365301169524901 -0.0155369462445378 1.26710233986378 1005.36956521739 21.8152173913043 305.734688115187 67.25 125.695652173913
0.00337837837837838 1.42611835882999 0.390244055842049 0.169993979390711 1.11624136790633 1874.5625 33.9270833333333 406.289632028514 105.229166666667 177.84375
0 1.58342258583289 0.237416766141541 0.0561187043786049 1.3007373444736 5727.89 141.67 257.402189847705 513.78 197.19
0 1.17304572449066 0.335914049227722 -0.708537040278316 1.08513768967241 332.619047619048 7.05952380952381 196.499662240734 30.1785714285714 60.4166666666667
0 1.25014489048626 0.281447232631035 0.882770728319883 1.15966181214899 428.348314606742 5.9438202247191 206.370109061974 37.3820224719101 72.123595505618
0.00337837837837838 1.39391559001031 0.30171237770409 -0.80365663725225 1.45876446462379 2848.88659793814 106.371134020619 428.943527585639 163.680412371134 209.20618556701
0.00337837837837838 1.35797226232926 0.134628770249926 0.425660845833614 1.19427515697544 3609.44210526316 73.7684210526316 353.159915941037 261.021052631579 220.978947368421
0.00337837837837838 1.54151905558538 0.218879604735412 0.792886486276984 1.30997866690159 5560.09183673469 103.448979591837 311.610037066961 515.632653061224 239.642857142857
0.00337837837837838 1.54379078706417 0.29812298917226 0.113230307112158 1.0346435860866 5489.12244897959 100.234693877551 328.698980109496 511.561224489796 257.428571428571
0.00337837837837838 1.46687066305432 0.375162552437873 -0.481743446514753 1.34610170116415 3316.40206185567 92.1855670103093 419.817920653197 217.855670103093 213.463917525773
0 1.2436692164978 0.270089713879861 0.425057581160218 1.1788197401911 524.422222222222 9.11111111111111 219.124064593831 39.4 86.1
0 1.51503646301571 0.212170368945226 -0.313491903245449 1.10546963308007 5697.8 140.37 288.535490515218 549 230.86
0 1.52987657170743 0.146406810218468 -0.389568382874131 1.62642978280783 5454.29591836735 214.948979591837 243.235296506812 537.989795918367 187.714285714286
0 1.57216849210672 0.288549748016521 -0.33986564911902 1.36789676528424 5774.67346938776 162.571428571429 307.379461842867 547.989795918367 252.5
0 1.16257139048539 0.169136587087996 -0.672948927618563 1.07567875720561 506.810126582278 12.6582278481013 219.285759991697 38.5569620253165 75.4936708860759
0.00337837837837838 1.3873528231401 0.228511526272632 0.809218598995358 1.78509299848229 2318.85106382979 51 343.487173284671 154.904255319149 168.521276595745
0 1.6293924537953 0.251738502969965 -0.512560289353132 1.22460754718632 5700.67 180.85 234.639706320328 518 180.6
0.00337837837837838 1.3391888466109 0.107097450083281 0.181507190708645 1.07688878054034 4675.01075268817 97.2688172043011 355.622332117554 351.279569892473 260.204301075269
0 1.2497811993584 0.14098696440924 0.806622237432748 1.09193394742906 1004.44318181818 16.2045454545455 278.171339788805 62.1363636363636 99.2727272727273
0.00337837837837838 1.33267027206181 0.197863345844739 -0.424095165188559 1.19599241309758 3424.89583333333 94.4895833333333 433.653804265368 208.979166666667 219.1875
0.00337837837837838 1.27952917453367 0.178559078043327 -0.699954419396818 1.61382114719599 1582.18888888889 65.4888888888889 372.831634568763 75.8888888888889 149.8
0 1.30112080133986 0.337240103259683 0.993779121432453 1.53898407686502 514.053191489362 8.40425531914894 217.241815825115 44.6063829787234 73.8723404255319
0.00337837837837838 1.53382636917779 0.302136250234808 -0.590365074776945 1.41007930145599 5339.88775510204 161.561224489796 322.939969281579 487.65306122449 251.071428571429
0 1.5722093266435 0.24758886822965 -0.938367900438607 1.69546160195023 5821.02 263.15 275.095685628405 560.44 223.16
0 1.26236403381918 0.352122556301765 -0.188795620575547 1.52041979227215 405.284210526316 10.0105263157895 203.781719116705 36 77.4421052631579
0 1.30119036426768 0.314163333270699 -0.716835758648813 1.25451889373362 906.115789473684 26.0315789473684 288.786541059045 56.2 99.2526315789474
0.00337837837837838 1.52538416447247 0.25754816902657 0.901946597995044 1.30978671600509 4812 82.88 332.950916936352 412.43 240.38
0.00337837837837838 1.40296462007759 0.327845121602411 -0.20651957382846 1.01784740480981 2788.42553191489 58.4787234042553 446.634983836372 160.053191489362 200.393617021277
0 1.60425512164365 0.36239115819335 -0.571964171249419 1.7162035247311 5706.18367346939 190.836734693878 332.436127395824 530.989795918367 267.642857142857
0.00337837837837838 1.47275418925565 0.378238999308087 -0.482778750360012 1.20774129945785 3560.79591836735 90.1530612244898 437.073270978917 232.795918367347 234.785714285714
0.00337837837837838 1.32544597492088 0.216757507319562 -0.836870458908379 1.19226810093969 2815.96808510638 92.8829787234042 396.779092194551 164.031914893617 197.563829787234
0 1.28731316605117 0.293944524950348 0.567249331157655 1.3058676186949 608.608695652174 11.0869565217391 257.640882908484 45.4565217391304 98.3804347826087
0.00337837837837838 1.3999908686381 0.119968336588698 0.604149683985106 1.36954255003882 4712.79166666667 102.875 346.167057784246 399.114583333333 256.083333333333
0.00337837837837838 1.51988538527071 0.287734216066571 -0.565198774094205 1.67201727604551 5318.64646464646 189.474747474747 346.946900974803 466.020202020202 260.909090909091
0.00337837837837838 1.30085641515907 0.134088447364047 -0.0547813675366342 1.03030932676047 3144.03191489362 68.4148936170213 385.28700561578 177.63829787234 207.765957446808
0 1.50261669033207 0.219443527725525 -0.975536913145334 1.26468028072268 5593.65656565657 205.535353535354 282.203878464102 497.191919191919 222.868686868687
0 1.55122494776733 0.179552519228309 -0.986651564016938 1.31747992727906 5643.47 242.95 235.989068539631 538.79 186.13
0.00337837837837838 1.24590951050832 0.155287764809503 -0.441686187982864 1.46024326359504 1334.6 46.2352941176471 324.144195074733 68.1294117647059 135.058823529412
0 1.58006122636143 0.244693905557506 0.215528299100697 1.16273306440562 5754.13265306122 123.897959183673 275.803392641121 507.295918367347 215.5
0.00337837837837838 1.36957702189684 0.359313787706196 0.889647855889052 1.17100290637463 974.842105263158 13.5684210526316 315.455939742602 65.3263157894737 115.684210526316
0.00337837837837838 1.32644205864053 0.267556481459178 0.604211203753948 1.26974199041724 1139.86956521739 20.0652173913043 297.920886179194 68.695652173913 126.836956521739
0 1.31295371938031 0.307667434378527 0.379036652389914 1.07784490752965 844.915789473684 14.3368421052632 279.813098967765 57.821052631579 100.063157894737
0 1.17027245610952 0.155229155160487 0.390013514086604 1.56655416470021 392.666666666667 9.22666666666667 194.04173127405 34.88 68.4133333333333
0 1.26562504956964 0.272318933065981 -0.520309094339609 1.27787790391594 696.702127659574 19.4042553191489 273.704963049459 45.3404255319149 106.787234042553
0.00337837837837838 1.27390969369998 0.138706298688911 -0.0650320056167476 1.5858507474221 1515.05952380952 48.6904761904762 308.127267651916 90.4523809523809 143.75
0.00337837837837838 1.33917982295276 0.242609891627218 0.571821248490258 1.56255088347147 1256.93939393939 27.5050505050505 303.752004560184 75.959595959596 109.454545454545
0 1.15673420762178 0.319082501460798 -0.753435924183577 1.38381294161081 278.782051282051 7.03846153846154 170.110960083456 28.0384615384615 53.8461538461538
0.00337837837837838 1.54634013664909 0.34015271787066 0.407352863810956 1.42907165829092 5102.68367346939 103.551020408163 388.471611803695 450.510204081633 267.5
0.00337837837837838 1.38809695821846 0.189216292997042 0.979513987003441 1.55675719338118 3011.6875 57.4895833333333 388.015557693625 199.395833333333 190.895833333333
0 1.19788538825233 0.189088927931152 -0.242737043183297 1.34357019104064 513.770114942529 13.3563218390805 211.938505851284 40.6551724137931 76.8390804597701
0 1.61339402347803 0.373410538677126 -0.635161509271711 1.75048911441118 5707.23232323232 197.454545454545 330.76904168804 528.111111111111 260.767676767677
0 1.63279329924844 0.29316297408659 0.438041844870895 1.23689604047686 5827.52525252525 111.393939393939 276.319857465167 518.939393939394 211.979797979798
0 1.47277073943987 0.1588158441009 -0.715153947472572 1.23385769464076 5776.32291666667 189.5 288.666256484204 537.947916666667 236.614583333333
0 1.64027189332992 0.365106981643476 0.316805765964091 1.77547338996083 5772.33673469388 144.418367346939 320.671222309148 538.357142857143 249.142857142857
0.00337837837837838 1.2981952163158 0.151502996799536 0.315362731460482 1.24314260259271 1929.38541666667 44.4166666666667 350.413038953876 109.760416666667 152.90625
0.00337837837837838 1.37500019554879 0.109264894052695 0.804596419136333 1.50111420572777 3986.62105263158 83.5157894736842 373.011776682138 289.473684210526 221.273684210526
0.00337837837837838 1.3117869311838 0.301322448264251 -0.588024475154237 1.04718103413605 1153.125 29.0520833333333 352.580080614266 65.9270833333333 129.135416666667
0 1.61654053207021 0.218286134907976 0.925031271763146 1.53379381224513 5680.74226804124 108.309278350515 259.474150318223 545.505154639175 200.762886597938
0.00337837837837838 1.51203289276455 0.35642216403503 0.470645827241242 1.12004850562662 4083.40816326531 68.1326530612245 396.359150562451 327.336734693878 236.5
0 1.60287537924014 0.222511587315239 0.39675509557128 1.62791082039475 5713.51546391753 149.185567010309 270.382852887949 517.40206185567 205.237113402062
0.00337837837837838 1.5123127033934 0.364813696895726 -0.955384699627757 1.15175563767552 5275 138.755102040816 377.535477404897 467.948979591837 276.642857142857
0.00337837837837838 1.351781634406 0.106905118210332 0.619959757931318 1.12447916639128 4503.54444444444 81.6444444444444 374.310439535892 311.177777777778 232.866666666667
0.00337837837837838 1.469042894142 0.306484835894084 -0.139044598221905 1.2751065432598 4499.88659793814 108.79381443299 439.446515538619 322.041237113402 266.938144329897
0 1.58130900792312 0.252645427337848 -0.0161129916086793 1.27841296065599 5734.72448979592 142.959183673469 272.830346394406 536.755102040816 214.571428571429
0 1.63856763239019 0.287948443763889 0.720000414177775 1.70392945092171 5714.22222222222 126.444444444444 273.570008221557 505.575757575758 205.050505050505
0.00337837837837838 1.34235106689115 0.199167646288955 -0.374374229009384 1.57334635338973 2958.52525252525 105.848484848485 445.959918845915 171.848484848485 204.343434343434
0.00337837837837838 1.42278731204569 0.166224817442708 0.175684186629951 1.74347936622798 4271.79569892473 132.52688172043 325.600747026266 331.139784946237 232.505376344086
0 1.26238457763102 0.341654803184792 -0.57436926336959 1.34983515404165 574.2 16.8 250.341888052436 42.8105263157895 90.9263157894737
0 1.20782937351614 0.283881717920303 -0.518709553405643 1.29402100946754 492.301204819277 13.2289156626506 237.471955916523 37.2409638554217 94.0361445783133
0.00337837837837838 1.59368987121561 0.393579266776163 -0.140071702468007 1.25083319937723 5258.66 111.44 349.076331222082 488.13 261.24
0 1.51321686615702 0.184604165353812 0.202356097754091 1.1620983639732 5592.66666666667 121.79797979798 277.772978438812 503.191919191919 216.787878787879
0.00337837837837838 1.37743437392637 0.157242678641342 0.85206961678341 1.0291290268302 3842.74489795918 58.8469387755102 386.512422723284 271.19387755102 223.285714285714
0.00337837837837838 1.44384176555004 0.342128506599182 -0.948719579719901 1.72237908840003 3226.29292929293 138.565656565657 418.883288328067 210.484848484848 209.434343434343
0.00337837837837838 1.34265541655477 0.257480920595117 0.537303976714611 1.77747895736247 1222.14285714286 30.5384615384615 334.541409286181 71.7252747252747 132.615384615385
0 1.25384805337526 0.150853847246617 0.455930659547448 1.19293470531702 972.122222222222 18.8111111111111 273.386694304603 63.0888888888889 103.988888888889
0.00337837837837838 1.4542634905171 0.20311540698565 0.370912403582195 1.43399901057036 5120.3829787234 121.340425531915 346.185091923028 430.042553191489 262.351063829787
0 1.47081045769155 0.101762728206813 -0.0225119781680405 1.54632806517184 5391.92631578947 174.421052631579 276.465354374152 514.789473684211 218.989473684211
0.00337837837837838 1.42122204146057 0.284127307098944 -0.800696800430271 1.14205705563848 4778.55 140.57 410.777749480457 333.15 265.23
0.00337837837837838 1.36153489540231 0.374535575205019 -0.849515546226863 1.19105503390496 1307.81632653061 38.2448979591837 362.651755976133 75.3265306122449 133.214285714286
0.00337837837837838 1.35988332495783 0.11632658194282 0.180872926730632 1.44162297746663 3837.60638297872 103.5 339.047943741045 281.31914893617 217.595744680851
0.00337837837837838 1.34258490451008 0.242351118383884 0.66083947673762 1.30947899914576 1555.08333333333 29.15625 311.953002741387 100.854166666667 121.479166666667
0.00337837837837838 1.48078087633476 0.298770154733211 0.182907386682928 1.18642294276506 4366.55102040816 89.030612244898 398.296773880768 313.234693877551 256.357142857143
0 1.51379053944256 0.209949665563181 -0.65267967293039 1.03802389558405 5760.47959183673 157.734693877551 283.840097648447 515.714285714286 228.714285714286
0 1.21553428759798 0.38771958167199 0.128492050804198 1.17091499958187 323.775280898876 5.64044943820225 183.555579622531 30.8202247191011 64.2584269662921
0.00337837837837838 1.57732843209524 0.365503908134997 0.837021261453629 1.02920170444995 5023.05 68.55 375.566501926719 438.59 264.46
0.00337837837837838 1.47529607764339 0.322569958865289 -0.945469503078578 1.01430468140028 5107.37 131.13 378.530671727756 416.95 280.28
0.00337837837837838 1.30243449481204 0.331056527839974 -0.59849794767797 1.06859440095723 1017.79569892473 25.4193548387097 297.390408732069 61.2795698924731 118.698924731183
0.00337837837837838 1.43198177576 0.16968673661958 -0.487141364067272 1.40812090683852 5312.74489795918 169.204081632653 316.301226782246 482.887755102041 243.642857142857
0 1.61397207025439 0.210435453499667 0.27744698850438 1.16123211514205 5623.28282828283 117.616161616162 232.401396025376 551.616161616162 172.666666666667
0.00337837837837838 1.5287612527376 0.393144440278411 0.0529833901673555 1.22771667148918 4473.9797979798 90.4848484848485 441.98617715955 318.414141414141 247.686868686869
0.00337837837837838 1.48520875801332 0.259020313690417 0.445436368696392 1.04140598587692 5261.61855670103 88.1340206185567 363.506356523134 436.762886597938 272.639175257732
0 1.60641804568004 0.234324248577468 0.399459243752062 1.73335975203663 5639.09 150.97 269.589711637434 502.59 206.22
0.00337837837837838 1.52269728784668 0.368635391939066 0.860934743718416 1.60933036392945 3427.45918367347 61.6326530612245 435.256597411419 232.704081632653 214.785714285714
0 1.51895938112866 0.270343810576014 -0.951574751641601 1.59365106336772 5561.18 217.6 312.190177883405 514.86 248.43
0.00337837837837838 1.36310008903435 0.27474303497676 0.0711904956901048 1.20699417106887 2297.64285714286 51.265306122449 402.923280080423 142.448979591837 169.142857142857
0.00337837837837838 1.58368193394348 0.283755538182207 0.869994697455305 1.65321811397663 5277.65 107.65 322.755538426309 474.55 241.71
0.00337837837837838 1.25050776286516 0.136625961749814 -0.364496318157762 1.47996374107897 1400.42857142857 48.1868131868132 312.889951134674 77.6593406593407 121.846153846154
0 1.18462974459399 0.220331935840659 -0.694000106304884 1.6307036569342 356.451219512195 12.4024390243902 197.566762652626 30.2926829268293 69.7439024390244
0 1.19444564692676 0.359090777183883 -0.816248599905521 1.18495507929474 355.180722891566 8.6144578313253 201.780086658779 30.8915662650602 59.7951807228916
0.00337837837837838 1.56675056537952 0.301136173595351 0.302312528163517 1.46729812931287 5518.86734693878 124.755102040816 336.91122554446 488.091836734694 260.714285714286
0.00337837837837838 1.49261035859353 0.251603605444947 -0.572693253636129 1.20060535580131 5501.63265306122 149.326530612245 338.266259083747 507.969387755102 264.214285714286
0.00337837837837838 1.40244542387335 0.224361266639206 0.502761770673976 1.59210160846059 3479.79797979798 82.0707070707071 379.785111552507 245.969696969697 212.969696969697
0.00337837837837838 1.33899914889985 0.199474145165329 0.796891398928162 1.21220278099516 1970.76041666667 34 341.137168648192 116.333333333333 154.145833333333
0 1.59473128253594 0.186777817062102 -0.597221549600363 1.76138553824276 5523.48484848485 256.30303030303 224.696189526445 551.020202020202 170.121212121212
0.00337837837837838 1.35066099916894 0.26703477891227 -0.0957966164056551 1.52714485064224 1963.65591397849 57.8817204301075 361.016343294206 114.47311827957 144.516129032258
0.00337837837837838 1.6439618124441 0.349185310581966 0.876408778361642 1.48031218558074 5763.97 101.63 332.19315911466 519.49 256.69
0 1.30639802196529 0.300312051572837 0.512438625097275 1.69322763495147 753.347826086957 17.4130434782609 276.09290225495 51.054347826087 93.5869565217391
0.00337837837837838 1.45334279999699 0.344466477976274 0.735543842207169 1.15705383607974 2469.36734693878 38.4795918367347 414.396962033591 143.632653061224 195.214285714286
0 1.25368020227179 0.335830959491432 0.233312348369509 1.09415093194693 502.528735632184 9.04597701149425 220.493661467846 39.0344827586207 77
0 1.46657893722877 0.103740094602108 0.761115141678602 1.24479217939079 5505.10101010101 104.838383838384 282.828932764076 517.020202020202 225.484848484848
0 1.26021447798703 0.216897522122599 0.914515682030469 1.60514812022448 708.046511627907 12.9651162790698 255.320240698279 51.6046511627907 86.5232558139535
0 1.55346848126501 0.220904747419991 -0.259333077352494 1.40177768059075 5342.29 167.21 265.486255683938 446.28 202.51
0.00337837837837838 1.39500361822339 0.20187229899146 0.548993467930202 1.60960453405053 3428.59183673469 82.9387755102041 401.945688560197 205.765306122449 221.285714285714
0.00337837837837838 1.55368339139968 0.275974016729742 0.393989219330251 1.2069837776944 5325.14141414141 101.232323232323 329.313465049313 502.878787878788 249.878787878788
0 1.23737616741564 0.322103737783618 -0.234213880263269 1.3219136307016 477.376344086022 11.0215053763441 224.883971265421 38.2365591397849 84.6774193548387
0 1.59604108121712 0.308468895335682 -0.787175168748945 1.26166301313788 5742.17346938776 178.887755102041 279.257989572282 523.224489795918 223.928571428571
0 1.23560836070683 0.355254458612762 0.00723379570990801 1.01724919322878 375.775280898876 6.0561797752809 198.824380417678 33.0898876404494 72.8314606741573
0.00337837837837838 1.32180413086579 0.294024621830403 -0.0490413758922462 1.35127939627768 1150.88659793814 28.9587628865979 331.081046508694 70.2371134020619 115.60824742268
0 1.23606410492212 0.258731587720104 -0.939838546328247 1.09236764255911 686.967032967033 19.967032967033 262.433567507648 47.3076923076923 93.6153846153846
0 1.63490602290258 0.253353172680363 -0.258202536962926 1.2740138694644 5654.46391752577 162.701030927835 238.441976067209 529.783505154639 186.041237113402
0.00337837837837838 1.27697313256434 0.123916638942665 0.489285265575409 1.53807606421328 1661.0652173913 40.1847826086956 344.645605767625 89.2717391304348 139.391304347826
0 1.30703847887926 0.266077393572778 -0.0256198989227414 1.70368902180344 923.715789473684 27.1578947368421 302.684818623933 61.5157894736842 110.747368421053
0.00337837837837838 1.54148974674754 0.310870832158253 0.704636380076408 1.4133489433676 4938.54 92.01 368.743656927513 422.75 245.63
0.00337837837837838 1.35707686087241 0.314461999959275 0.300238689184651 1.5053023776833 1302.48387096774 30.1720430107527 312.887823575009 86.2903225806452 128.784946236559
0 1.17595358202234 0.321033644792624 -0.623398129362613 1.07595949862152 333.939024390244 6.97560975609756 196.299975926186 29.9512195121951 67.2682926829268
0 1.25904062690679 0.206168955122121 0.832032572943717 1.20036274064332 882.195402298851 14 274.101329635833 59.9770114942529 103.229885057471
0.00337837837837838 1.38079069540836 0.145834336988628 0.0910875550471246 1.45240886677057 4018 110.175257731959 327.415499911269 299.546391752577 217.288659793814
0.00337837837837838 1.46654488598851 0.292296552457591 -0.692321137993861 1.33600021730557 4871.17525773196 149.247422680412 386.027670132142 401 263.618556701031
0.00337837837837838 1.61302747334921 0.357264045823968 0.872731591029294 1.29903056649461 5448.88 87 333.722981071806 507.83 253.26
0.00337837837837838 1.28600097741609 0.107157198359375 -0.944316720120052 1.26460361197253 3601.75 133.586956521739 354.417310385103 247.119565217391 216.315217391304
0 1.29225447236095 0.29634659239091 0.829789035022259 1.78813986498863 612.923913043478 11.9347826086957 249.491283834752 49.4239130434783 79.5869565217391
0.00337837837837838 1.35001403638162 0.281592886499129 -0.827967018354684 1.13086774814874 2200.02197802198 66.7032967032967 401.236592772528 115.989010989011 168.846153846154
0.00337837837837838 1.45192561201706 0.259081083760033 -0.322449908511043 1.3302180319742 4304.30927835052 122.659793814433 367.642141443952 332.288659793814 253.80412371134
0.00337837837837838 1.43963079694839 0.367459162409608 -0.583171621085785 1.71930887442872 2907.51020408163 106.387755102041 423.275603624124 185.204081632653 200.071428571429
0.00337837837837838 1.48379390465619 0.332151410695276 0.811820829241457 1.04329246423309 3652.36363636364 53 426.559263979196 259.060606060606 217.141414141414
0 1.5216981933685 0.203052114672028 0.160159598570317 1.51480934303254 5455.79591836735 148.520408163265 295.457988991131 492.040816326531 232.5
0 1.22521866972093 0.353512080479413 0.836501992307603 1.01747233625501 380.758241758242 5 195.6849705398 34.8791208791209 69.1538461538462
0 1.22427092862781 0.226390785258263 -0.0875522810965776 1.49478702396154 538.232558139535 14.3255813953488 220.85074094378 42.8720930232558 85.6279069767442
0.00337837837837838 1.39171891703736 0.217024414078333 0.476682846900076 1.69581192806363 3109.35416666667 80.9791666666667 391.982903419878 215.458333333333 200.447916666667
0 1.22226436492056 0.277421676879749 0.310488543007523 1.30775900185108 405.735632183908 7.45977011494253 208.102217747843 34.448275862069 74.5057471264368
0.00337837837837838 1.47542933849618 0.308904784615152 0.223392045591027 1.78353521991521 3681.54166666667 102.947916666667 409.82764887506 261.916666666667 225.822916666667
0.00337837837837838 1.51109275487252 0.329578962246887 0.670064139645547 1.06700792983174 4396.82828282828 66.1515151515152 389.408629565167 361.141414141414 238.212121212121
0 1.64351134395692 0.358637270750478 -0.844885653350502 1.79112980812788 5671.18 225.01 295.732762971237 527.93 232.68
0.00337837837837838 1.42345022605732 0.306749608716927 0.493588304612786 1.14545194897801 3133.3125 54.8333333333333 439.34665558441 188.166666666667 204.166666666667
0 1.57310533940326 0.351153920171782 -0.693620288744569 1.48698245957494 5608.2 173.39 326.391806951462 518.05 260.33
0 1.52355809193104 0.116638646088541 0.526025777217001 1.13847832083702 5526.60204081633 107.091836734694 237.759362871129 547.061224489796 181.428571428571
0.00337837837837838 1.40184068209165 0.212155318072007 0.961141178540534 1.66132263072183 2927.34693877551 57.9081632653061 384.31426100405 202.969387755102 190.428571428571
0 1.32929196963087 0.353329502861015 -0.00524556962773204 1.21218188107014 766.925531914894 15.6063829787234 278.632295415156 50.2234042553191 100.234042553191
0.00337837837837838 1.33074135319777 0.133166033623106 0.0436422680771924 1.30367946016356 3281.40860215054 83.4301075268817 350.847380367342 236.752688172043 206.161290322581
0 1.33787515570875 0.338537333253771 -0.301174050197005 1.7592223264277 794.142857142857 26.2087912087912 284.797893012119 54.8351648351648 96.9230769230769
0.00337837837837838 1.29725592941777 0.24443391684995 0.28491542547352 1.70978126307182 1073.29787234043 28.1276595744681 307.872275613838 65.6170212765958 115.872340425532
0 1.1700242428109 0.378394091827795 0.617308048065752 1.71087016910315 270.825581395349 5.16279069767442 169.208666683725 27.5 63.5697674418605
0 1.26374262941536 0.395269781770185 0.249412092380226 1.51040483899415 387.045454545455 7.35227272727273 197.228638396616 36.2727272727273 71.75
0 1.62796470392495 0.112983251176775 -0.930448270402849 1.28478143848479 5572.17171717172 244.969696969697 178.743394886966 740.444444444444 132.858585858586
0 1.1783973114565 0.38992384346202 0.999097768217325 1.08317717406899 244.675 2.95 160.593559712614 26 61.5125
0.00337837837837838 1.48737447333988 0.194541465817019 0.123302995692939 1.36756085772067 5217.78350515464 131.412371134021 302.337497029963 478.577319587629 235.40206185567
0.00337837837837838 1.26517569737043 0.140558121236973 0.530762007459998 1.0979732055217 1213.29885057471 22.1264367816092 298.660773955373 69.2298850574713 116.586206896552
0.00337837837837838 1.39966131295089 0.17195008754169 0.341984302109699 1.17769145721917 4435.70967741936 88.5483870967742 333.270668432569 359.032258064516 237.47311827957
0.00337837837837838 1.56761989588849 0.382653369056061 0.413055132608861 1.18555825389922 5058.7 86.25 388.681088777923 449.04 261.24
0.00337837837837838 1.47930113910697 0.197835167218 0.953933678101748 1.10574891865253 5374.92857142857 82.7551020408163 336.719348271345 514.336734693878 265.285714285714
0.00337837837837838 1.62755379020236 0.377963510807604 -0.0628006998449564 1.01069316752255 5739.32 102.66 331.60600727602 566.92 269.5
0 1.16663512689993 0.110008520935662 0.151302685961127 1.63521298058331 561.225 15.6375 210.820772798726 44.85 77.7
0 1.1721141729271 0.223447535070591 0.48198735434562 1.33682056535035 393.291139240506 7.67088607594937 189.967345393166 34.2911392405063 67.6075949367089
0 1.26269269953482 0.269642089656554 -0.649988566059619 1.2159449795261 788.483146067416 22.1573033707865 292.320423211874 49.5955056179775 106.494382022472
0 1.16310862763785 0.224204917205498 0.814850833732635 1.27891052961349 345.963414634146 5.95121951219512 178.269217549054 33.4878048780488 65.1341463414634
0.00337837837837838 1.3737617081264 0.322457249788567 0.0558608951978385 1.54547393787652 1677.1875 43.0416666666667 351.204295265798 102.125 140.291666666667
0.00337837837837838 1.39483180535026 0.351636402355507 0.0263544148765504 1.64570619091392 1491.85858585859 41.7171717171717 362.257048121179 90.3232323232323 138.444444444444
0 1.5874106117757 0.177464069915004 -0.762615664396435 1.00595874413848 5662.39 174.69 210.874841549625 618.01 161.91
0 1.57529859254137 0.258109430619516 0.243101366795599 1.31214172709733 5654.92929292929 124.737373737374 292.970223208478 531.838383838384 233.40404040404
0.00337837837837838 1.37893553812606 0.128914124684636 0.247174743492957 1.48413668982396 4681.58510638298 125.159574468085 372.500834449772 343.063829787234 259
0 1.42522059390321 0.110144066088833 -0.738552751485258 1.05039156079292 5469.12244897959 161.591836734694 277.795745005908 521.316326530612 223.5
0.00337837837837838 1.38818084917394 0.247227543180679 0.576985381638262 1.61623124843022 2237.09375 50.8229166666667 338.816329731068 140.229166666667 156.552083333333
0.00337837837837838 1.5722320875441 0.352767185341373 0.895882345610192 1.70564732780764 4885.58585858586 93.8484848484848 398.888940742704 398.919191919192 255.888888888889
0.00337837837837838 1.47762652231666 0.256932234927916 0.540629943062851 1.43451769801843 5073.7 106.22 380.56234370642 405.16 268.45
0 1.23703829010483 0.365431755385362 0.474166483618319 1.11414710972458 380.967032967033 5.52747252747253 191.595421963403 34.0989010989011 73.7692307692308
0 1.59881926767994 0.184128941968083 -0.919176397379488 1.14785194750875 5638.75757575758 215.858585858586 221.437462657836 587.666666666667 172.242424242424
0 1.60018080645241 0.124249987350777 0.598214760888368 1.24108066447079 5385.86 104.44 206.358567851042 588.56 153.93
0.00337837837837838 1.43558024973048 0.30031125317015 -0.653039786963719 1.00719093946039 4337.90721649485 102.144329896907 437.699742030634 322.835051546392 257.628865979381
0 1.6251018830575 0.178153520007618 0.367086600046605 1.3924506649375 5668.9 135.11 218.317250433334 567.65 167.58
0 1.56842493321747 0.251388348825276 0.533532441593707 1.78154863193631 5658.24 146.42 296.561552147968 521.42 228.48
0.00337837837837838 1.39319796234784 0.268254973247728 0.284067529895375 1.58829544209256 2836.22448979592 72.2142857142857 416.896065365823 179.295918367347 194
0.00337837837837838 1.26415618154205 0.187877299934008 -0.199873224699339 1.50944554211392 1219.44444444444 38.5 328.243495358617 64.1 132.844444444444
0 1.47908516877796 0.170618135412224 -0.901288798078895 1.52857679724693 5543.04 231.49 282.997708287314 524.53 226.1
0 1.58720754992682 0.156428020447493 0.9137306753546 1.65188061427325 5497.88 117.54 243.505476401215 548.49 187.11
0 1.18617631481029 0.103705858858302 0.822704256977886 1.17469688598067 457.024691358025 7.2962962962963 194.095790376497 39.1358024691358 75.0123456790123
0 1.60924930658657 0.311706882645376 -0.0452710487879813 1.31334411110729 5845.68 139.07 298.31684832855 558.26 240.8
0 1.60391673862468 0.261439072713256 0.217033588793129 1.2074529433623 5695.45918367347 120.112244897959 281.813694964124 550.765306122449 223.857142857143
0.00337837837837838 1.45300961235145 0.275193962755442 -0.556340592907687 1.1045720038323 4964.0612244898 123.612244897959 368.409926299245 413.581632653061 265.857142857143
0.00337837837837838 1.34501686340291 0.252573185148619 -0.397264993011119 1.1602700201611 2959.62637362637 79.4725274725275 448.478937255189 159.054945054945 205.615384615385
0.00337837837837838 1.32378824480883 0.2945313722329 -0.0710791297024673 1.09146278224058 1233.76041666667 26.2083333333333 352.071647300739 71.75 137.739583333333
0.00337837837837838 1.34811663041535 0.231330818720767 -0.725938155049867 1.28521397191514 2839.32631578947 95.2 423.03394821428 162.378947368421 189.515789473684
0 1.23298354642466 0.23429059649352 -0.201111830770969 1.12007174193859 673.126436781609 15.3218390804598 267.593162818994 47.6896551724138 95.9885057471264
0.00337837837837838 1.50818032795014 0.330434457938383 0.315333466331808 1.45635019351379 4769.04081632653 104.540816326531 396.131578405755 377.540816326531 257.642857142857
0.00337837837837838 1.44970866197254 0.273629297572188 -0.890532433521003 1.38501950781792 4662.41414141414 163.757575757576 372.02076430279 363.858585858586 271.727272727273
0.00337837837837838 1.35902395734485 0.168064647846091 0.150173585533769 1.65774730859436 3094.38888888889 92.7444444444444 386.353472770105 202.755555555556 207.277777777778
0 1.59110059610102 0.123161496641114 0.666717951186001 1.45191710665822 5405.98969072165 114.567010309278 210.077213009329 537 157.319587628866
0.00337837837837838 1.57305621493142 0.392411220516078 0.928245722781867 1.29733206797391 4522.80808080808 66.3939393939394 417.197964559414 374.444444444444 251.010101010101
0 1.62023864102084 0.213641668227501 -0.288867776282132 1.25090708825737 5539.76 165.71 218.570934114073 537 164.64
0 1.30017492533661 0.335300874453969 0.0460929083637893 1.7394802864641 627.553191489362 15.5744680851064 240.630200327901 46.8085106382979 96.5106382978723
0 1.55914367965888 0.231121127470396 -0.869578584562987 1.09333986174315 5725.23711340206 184.814432989691 257.258019854841 541.474226804124 204.298969072165
0 1.21479726987891 0.132435523555614 0.469928658101708 1.28721763920039 822.61797752809 17.7415730337079 245.656526545893 55.6067415730337 94.9325842696629
0 1.57241332028061 0.291763696586713 -0.199582205619663 1.47063895612955 5739.05 160.81 310.828273407342 531.49 254.24
0 1.45692160560284 0.10758726305794 -0.366704519372433 1.61897785831243 5462.87878787879 208.535353535354 278.776749769431 516.434343434343 222.30303030303
0 1.57583809362259 0.316561575420201 -0.700065861921757 1.51179369166493 5495.30612244898 186.15306122449 313.78603751678 485.683673469388 250.928571428571
0 1.61283398696687 0.195435310923494 -0.273871281184256 1.5755656844005 5605.56565656566 207.424242424242 225.172103423027 529.646464646465 169.979797979798
0.00337837837837838 1.45190886971272 0.160649985072609 0.915507703047023 1.17144088891419 5243.56382978723 88.0851063829787 350.429915664623 473.925531914894 261.978723404255
0 1.53053670397494 0.217313116439618 -0.174279855098575 1.52388778757304 5603.21428571429 172.836734693878 293.104367471714 528.15306122449 234.428571428571
0.00337837837837838 1.3748723312763 0.235976053801173 -0.819497592849454 1.10990850950473 4071.63157894737 120.336842105263 413.757082263454 277.536842105263 256.642105263158
0.00337837837837838 1.43977613209281 0.252554666483775 -0.684941529762 1.74074533041567 4493.42553191489 181.340425531915 380.867718817669 339.734042553192 249.765957446808
0.00337837837837838 1.32977458028973 0.120255523427653 -0.343724444088792 1.14951316484916 3767.02247191011 102.921348314607 370.070418986184 249.786516853933 230.921348314607
0.00337837837837838 1.33118806433069 0.115923457812538 0.693149920565742 1.24990725719854 3090.59090909091 59.8863636363636 346.037611023604 192.329545454545 188.681818181818
0 1.637855944084 0.390865723299794 -0.693026293069124 1.30730217862874 5853.23 160.78 320.672784716885 538.11 253.54
0.00337837837837838 1.64554205940479 0.365141335047709 0.27397598290225 1.60802006448459 5667.67676767677 131.161616161616 311.960293814768 511.656565656566 245.989898989899
0 1.22353434967808 0.279351029009558 0.844838052988052 1.44336568042636 391.654761904762 6.57142857142857 194.92267800736 35.6309523809524 73.6666666666667
0.00337837837837838 1.42297534531947 0.111745441663492 -0.257976323084544 1.68689388395993 4956.6875 180.375 317.788039926192 449.041666666667 250.6875
0 1.60955505466554 0.276208290853538 0.154994782060385 1.05607180316001 5746.9898989899 111.717171717172 271.6711078948 540.616161616162 211.838383838384
0.00337837837837838 1.41468354393728 0.393551114224829 0.761295002885163 1.44506058990955 1276.94897959184 21.6530612244898 319.289837507384 80.1224489795918 121.928571428571
0.00337837837837838 1.53121089556505 0.358855653020631 -0.118467034239377 1.36133565855584 4681.10309278351 113.247422680412 400.025694248205 393.20618556701 255.824742268041
0.00337837837837838 1.28957018407529 0.155540462988412 -0.736816515365435 1.53934789850159 2441.37113402062 101.546391752577 365.355577306139 140.979381443299 186.113402061856
0.00337837837837838 1.34718903698958 0.163316335389391 0.322551674209535 1.75284938346595 2623.72631578947 76.2315789473684 366.91498201931 144.326315789474 182
0.00337837837837838 1.3329541240586 0.300654743798077 -0.141181122977287 1.43060961663723 1132.33333333333 30.78125 313.981322332917 67.6041666666667 116.59375
0.00337837837837838 1.36089552495112 0.136036437145794 -0.839706717431735 1.40055456460383 4709.0206185567 175.154639175258 317.493469212534 388.907216494845 239.443298969072
0 1.33083802785259 0.341645128582604 0.3771529966034 1.10048390943557 659.70652173913 11.5108695652174 260.264598384654 50.304347826087 94.4239130434783
0.00337837837837838 1.34483415898867 0.199335628817789 0.352141842246056 1.4686840036884 2811.15053763441 67.8387096774194 413.453562658765 150.741935483871 183.731182795699
0.00337837837837838 1.39916184147806 0.107505384333779 -0.146884420493581 1.79690111534971 4749.84210526316 178.031578947368 338.870991525925 392.810526315789 247.8
0 1.26074817623012 0.289559580851346 -0.320717770606279 1.08769422732294 578.021052631579 12.8 237.390245266491 41.0105263157895 89.3789473684211
0.00337837837837838 1.56440895635051 0.28442020903571 0.81468651403896 1.65385304120729 5480.32989690722 111.072164948454 341.294693337617 506.731958762887 258.061855670103
0.00337837837837838 1.39422964442056 0.260921219247393 -0.948068068362772 1.16763313096017 4007.16494845361 122.587628865979 368.45249666036 301.103092783505 232.659793814433
0.00337837837837838 1.4084523987025 0.277188918134198 -0.671268241479993 1.79828939903528 3668.375 151.177083333333 407.983270152016 247.260416666667 226.697916666667
0 1.21419073161669 0.23597782694269 0.414455190766603 1.50014713611454 445.988888888889 9.83333333333333 205.087361946106 39.2 76.9222222222222
0.00337837837837838 1.60459349558223 0.326516866520979 0.737628261558712 1.23039670642465 5561.82828282828 90.6565656565657 318.302355288787 507.171717171717 248.747474747475
0 1.48931234164629 0.104052902688272 0.472347704693675 1.76980804931372 5264.66326530612 152.69387755102 255.616239364571 487.34693877551 193.357142857143
0 1.61610573376529 0.231805919460021 0.812092613428831 1.14509360194206 5714.52525252525 91.2929292929293 249.970125609071 524.131313131313 188.010101010101
0.00337837837837838 1.43954135070986 0.292996642766899 0.0110040298722529 1.32953496930674 3830.73195876289 91.8969072164948 411.927304155507 260.319587628866 228.474226804124
0.00337837837837838 1.27456511955884 0.153354938671668 0.213775807101001 1.30959794245173 1827.57608695652 43.804347826087 349.850053844571 102.923913043478 155.29347826087
0 1.18214807691984 0.30895501030609 0.298327815253288 1.16604909766465 281.488095238095 3.98809523809524 178.168803045743 26.7142857142857 55.75
0.00337837837837838 1.34914347553646 0.294788399151753 -0.855410589566382 1.12978044854103 1939.71134020619 60.5979381443299 397.412361790981 100.742268041237 177.525773195876
0 1.58884763040114 0.206702991109341 0.538490279577672 1.26418947726488 5663.3 111.53 263.62749301149 505.19 201.39
0 1.19115987103432 0.284558936092071 0.518245765473694 1.3793907141313 364.568181818182 6.81818181818182 194.757986746748 33.8977272727273 70.7159090909091
0 1.19465014731977 0.224552722531371 0.447317334357649 1.43673313837498 437.926829268293 8.5 206.022269025381 38.6707317073171 69.9146341463415
0 1.38820610565599 0.399957056716085 0.534276553429663 1.31332584042102 897.175257731959 15.2474226804124 292.692448153959 61.1855670103093 116.113402061856
0 1.54863608137239 0.139328249823302 0.140257344581187 1.79636377971619 5712.07142857143 192.132653061224 239.634050854605 566.469387755102 188
0 1.26937906465027 0.218543318868615 0.721367252990603 1.28521658200771 977.067415730337 16.9550561797753 286.645678226122 63.2247191011236 103.662921348315
0 1.60236238243524 0.238033424294554 0.474310942925513 1.47597206793725 5453.83 124.53 265.821314277117 463.08 202.37
0 1.63832510714419 0.143639961164445 0.46394029352814 1.77503999769688 5637.81632653061 160.530612244898 207.204380377022 640.15306122449 157.571428571429
0.00337837837837838 1.5068272251187 0.285079864504946 -0.666346634808076 1.34303459329468 5465.88659793814 164.876288659794 335.771200790025 498.154639175258 269.103092783505
0 1.23729029248934 0.354162536910735 0.0993996881879866 1.53364749383181 382.833333333333 8.14285714285714 205.012321195401 34.5833333333333 67.9166666666667
0 1.28252625090536 0.307776479935274 -0.755714337341487 1.39265877883881 737.851063829787 25.5 280.554404621751 47.5 98.8936170212766
0 1.32365246196277 0.393003816530109 0.84081069054082 1.36549387052655 634.325842696629 10.0674157303371 262.547557830061 49.6516853932584 98.6292134831461
0 1.52609647249337 0.293214095453732 -0.950645958073437 1.32575025856495 5487.29 178.32 328.641180135504 503.96 258.16
0 1.5867541342508 0.271359799080528 -0.803033150266856 1.54230883233249 5778.91 224.45 275.190841297908 550.24 218.19
0 1.54138342801016 0.214632868929766 -0.100971217732877 1.59173673577607 5302.34693877551 169.316326530612 270.854169648671 457.438775510204 208.142857142857
0 1.18092730743811 0.165856543020345 0.603423229418695 1.53023471552879 457.227272727273 9.42045454545454 213.030338409757 39.6363636363636 77.3181818181818
0.00337837837837838 1.46517983382275 0.338233300146751 -0.877511881910807 1.68190988260432 3923.9696969697 155.666666666667 426.96513787128 286.616161616162 235.878787878788
0.00337837837837838 1.43981230431236 0.379729050025344 0.406457230914384 1.66985401250422 1487.34375 33.90625 369.681530493203 88.34375 131.614583333333
0.00337837837837838 1.40966495426837 0.381471877987497 0.336678750347346 1.52465557958931 1301.91 28.4 355.491542161748 80.33 132.09
0 1.46935906631406 0.104033228335902 0.335879975464195 1.60566406175494 5589.64948453608 156.412371134021 274.586153295859 537.752577319588 220.103092783505
0 1.18390954632778 0.335753944399767 0.227659520227462 1.29084035698324 304.7625 5.2625 181.538152447294 29.175 60.9
0 1.3400682724081 0.339801635290496 0.79013012163341 1.30894270800054 780.115789473684 12.0210526315789 261.73708411462 58.4 92.3263157894737
0.00337837837837838 1.34218126231945 0.205258450760672 -0.934595302218636 1.46710953629494 3431.89130434783 142.902173913043 407.313046053466 201.630434782609 230.54347826087
0 1.64758437031414 0.203491098480299 0.517843400593847 1.5088001979515 5702.05 132.73 222.025102052772 588.98 166.81
0 1.34153988594189 0.371846451726742 -0.453599608037621 1.46729337498546 818.726315789474 23.6105263157895 292.324478823643 55.0315789473684 115.168421052632
0.00337837837837838 1.46446405641859 0.274682291969486 0.214787119898854 1.05623130245688 4817.9381443299 88.3711340206186 388.415442825366 380.494845360825 265.134020618557
0.00337837837837838 1.47113122730878 0.281421051466863 0.185906107316399 1.76743075497189 4242.5376344086 120.236559139785 429.198760513815 304.602150537634 250.720430107527
0 1.5470582310576 0.143187189474702 -0.342964129988104 1.30091843549162 5591.83838383838 182.959595959596 238.032980803863 556.171717171717 186.242424242424
0.00337837837837838 1.50063156136312 0.201504397508688 0.623443541117013 1.78032937981188 5347.96907216495 137.701030927835 331.702114792484 463.185567010309 249.257731958763
0.00337837837837838 1.37874817287084 0.237205123435706 0.89402780495584 1.2539899494499 2064.95698924731 32.9247311827957 370.030014197618 121.236559139785 161.225806451613
0.00337837837837838 1.45407786916476 0.108385980967432 0.942251096945256 1.25816282499582 5226.01020408163 92.3775510204082 296.19090306069 470.183673469388 219.5
0.00337837837837838 1.39623172171414 0.207885209028609 -0.246098747942597 1.75634859986603 3928.11458333333 144.239583333333 376.803672215542 252.885416666667 230.489583333333
0 1.15906669488177 0.321704720775597 0.165442467667162 1.51224396359175 272.409638554217 5.87951807228916 168.85890866148 28 58.8674698795181
0 1.57200840520672 0.303208095021546 -0.384751764126122 1.60813075825572 5595.31313131313 175.515151515152 313.283404915155 523.474747474747 241.535353535354
0 1.59726005650591 0.206184932217002 0.192820155993104 1.10080596525222 5432.10101010101 113.363636363636 234.319400695687 506.919191919192 176.414141414141
0 1.58285821878817 0.206813965900801 -0.49972941307351 1.48438843004406 5680.41 210.06 246.825612994064 528.57 189.98
0.00337837837837838 1.34927043677926 0.23520354625572 -0.597300447115664 1.2145021566526 3061.12903225806 94.5268817204301 421.594407197042 157.365591397849 209.548387096774
0.00337837837837838 1.46228093616508 0.290397996036982 -0.714476244206785 1.68761977234937 4735.9898989899 184.717171717172 405.439943609031 353.434343434343 261.121212121212
0.00337837837837838 1.45241322830611 0.382753784805613 -0.248890588929935 1.7507701705327 2178.05154639175 69.6082474226804 416.245497350526 127.639175257732 166.123711340206
0 1.30604538167827 0.288996374583803 -0.553841055370867 1.73257732093334 845.13829787234 31.3829787234043 293.300786332597 51.5957446808511 104.553191489362
0 1.21091569061391 0.329735209443606 0.0468849074095488 1.1886584052816 385.574712643678 7.41379310344828 206.581513293567 33.9655172413793 76.1149425287356
0.00337837837837838 1.37165732980135 0.391513115790672 -0.849988602099166 1.72096092632 974.714285714286 37.4795918367347 327.166332222712 63.1734693877551 126.357142857143
0.00337837837837838 1.38880019097123 0.139323356188834 -0.999342026654631 1.0085127081722 5025.62105263158 150.178947368421 329.065553610015 423.505263157895 259.368421052632
0.00337837837837838 1.38528094237614 0.379247729353464 -0.225208103218334 1.26753846400309 1273.10526315789 30.7473684210526 324.965595874029 80.5789473684211 128.063157894737
0 1.51843945621513 0.117457068315707 0.202663123141974 1.07411466576159 5535.10416666667 121.21875 244.295517681787 514.052083333333 188.5625
0.00337837837837838 1.34551852743747 0.181569920363575 -0.400960442734755 1.44329697089872 3476.81914893617 115.021276595745 400.446346262643 211.563829787234 224.744680851064
0 1.34328764430247 0.383678761636838 -0.348840020596981 1.40887442845851 801.714285714286 21.4175824175824 292.828472076872 55.5164835164835 112.076923076923
0.00337837837837838 1.59389301899355 0.343745839782059 0.255850480869412 1.76287956684828 5127.27 132.38 333.456795864091 449.27 249.2
0 1.61878383518197 0.296866964898072 -0.426514632534236 1.33452850263566 5768.54 167.1 280.165696070138 540.6 223.79
0.00337837837837838 1.3408052621889 0.169295863898764 0.153754429358334 1.72350291846959 2660.9793814433 80.5360824742268 386.362731952418 160.412371134021 160.711340206186
0.00337837837837838 1.42674574894731 0.317360483243205 -0.673031239455237 1.24614980636103 3598.6875 109.166666666667 452.315830673729 218.395833333333 246.677083333333
0.00337837837837838 1.47706094090827 0.217621937463991 -0.220578944310546 1.57632400020957 5473.41414141414 168.373737373737 325.664307310509 500.575757575758 258.575757575758
0 1.19669097613078 0.316295631392859 -0.692075612023473 1.17130986507982 398.541176470588 10.0470588235294 204.893702701284 33.4352941176471 68.0235294117647
0 1.32021340853535 0.324476777086966 0.547036486212164 1.12964191716164 856.120879120879 13.6813186813187 282.078787115054 58.4285714285714 106.230769230769
0.00337837837837838 1.44498738537909 0.235684376923561 0.677417844009068 1.67882860796739 3980.59595959596 89.5858585858586 368.034072956106 301.040404040404 227.464646464646
0.00337837837837838 1.3370210703928 0.265019345236942 0.267218555789441 1.66913855038583 1177.97752808989 31.2247191011236 322.345055590051 70.8202247191011 124.977528089888
0 1.4958499899134 0.16427107041236 0.0062740663997829 1.55689734555781 5469.01020408163 166.418367346939 295.72671445321 513.65306122449 231.5
0.00337837837837838 1.34665993545678 0.272565313160203 -0.0260378110319182 1.614070387916 1675.01063829787 48.7553191489362 364.682410620531 103.297872340426 161.744680851064
0.00337837837837838 1.39219048853354 0.316991629843688 -0.455385397000156 1.0311510333988 2763.8 63.69 415.713642976006 172.76 195.23
0.00337837837837838 1.48004172390793 0.270324111706577 -0.0681230663321912 1.38995053265244 4679.0306122449 117.867346938776 362.914490088218 392.428571428571 255.142857142857
0 1.29151460642461 0.323711282946169 0.522871638648212 1.20971092991531 539.365591397849 9.13978494623656 228.872879404286 44.0752688172043 84.8279569892473
0.00337837837837838 1.37848990981436 0.185230237699038 0.0698332957698178 1.34611951681281 3544.26966292135 93.752808988764 376.611407397309 215.685393258427 221.089887640449
0 1.60771421864629 0.113108179531991 -0.648558316752315 1.21911852862686 5542.90721649485 203.773195876289 184.520760820489 710.546391752577 137.618556701031
0 1.25172744048759 0.211366609390825 0.700299716088921 1.36618783250451 674.674418604651 12.6744186046512 234.656125562095 52.4883720930233 82.5348837209302
0 1.31129651432857 0.334984904434532 -0.112919449340552 1.62477215081453 691.430107526882 19.1505376344086 260.0408516602 50.6666666666667 91
0.00337837837837838 1.49297379292548 0.271760648861528 -0.320608905516565 1.60386228244752 5173.9797979798 159.010101010101 340.471889433438 456.444444444444 260.626262626263
0 1.47750598376151 0.249475862202235 -0.928999949712306 1.75983192566782 5219.73737373737 236.767676767677 359.503041057604 425.919191919192 278.656565656566
0 1.61247363905422 0.254635505029 0.392241261899471 1.68514098245651 5567.75 143.88 269.975626448562 521.25 205.24
0 1.63266592342407 0.262442094623111 -0.779881303198636 1.224836849235 5662.27 195 239.767551569502 528.62 186.2
